-2.241147607564925870e-01
-3.092617355287075043e-02
1.302362829446792603e-01
2.171518467366695751e-02
-7.754325121641159058e-02
-8.743539452552795410e-02
1.481863260269165039e-01
1.629513949155807495e-01
6.726168096065521240e-02
-5.060565471649169922e-02
-1.232145577669143538e-01
-1.181718260049819946e-01
-7.567989174276590347e-03
3.506298735737800598e-02
9.923151135444639726e-02
3.462862595915794373e-02
-1.867029443383216858e-02
-6.341713666915893555e-02
-2.191914990544319153e-02
1.023240685462951660e-01
2.562384605407714844e-01
4.794756695628166199e-02
7.487516105175016923e-02
5.247665569186210632e-02
-7.540766894817352295e-02
2.298808656632899891e-02
4.207643866539002159e-02
4.192961156368256170e-01
3.799642026424407959e-01
-9.101048111915586991e-02
-6.082737445831298828e-02
-2.131805568933486938e-02
-2.524910569190979004e-01
-1.639977842569351196e-02
-4.864992946386336586e-02
6.811886280775070190e-02
8.441546559333801270e-02
1.925726421177387238e-02
-3.679256141185760498e-02
-1.174231711775064295e-02
-8.321266621351242065e-02
-2.548772394657135010e-01
-8.487865328788757324e-02
-1.200881302356719971e-01
-1.335925310850143433e-01
-1.025804504752159292e-02
6.054606288671493530e-03
-1.207371056079864502e-01
4.297094419598578539e-03
-4.433042556047440269e-02
-2.810005545616149902e-01
-2.290257625281811107e-02
1.519846618175506592e-01
-2.174227125942706715e-02
-1.890423148870467862e-01
1.326423883438110525e-02
5.136939138174057007e-02
-8.233752101659774780e-03
7.938851416110992432e-02
2.596489386633038521e-03
1.887924969196319927e-02
-4.734073008876293898e-04
-1.119807213544845581e-01
-1.727619618177413940e-01
-1.012173295021057268e-01
-6.136121973395347595e-02
2.515119612216948908e-01
1.552961915731430054e-01
1.279649436473846436e-01
-9.360991418361663818e-02
-4.527115821838378906e-02
-1.560066342353820801e-01
6.598354782909154892e-03
-2.118100523948669156e-01
-4.661599174141883850e-02
-6.751970201730728149e-02
-4.963616654276847839e-02
-6.721779704093933105e-02
-9.631338715553283691e-02
9.318563155829906464e-03
-1.070932671427726746e-01
4.607514142990111750e-01
1.679290533065795898e-01
-7.951743900775909424e-02
-2.029855921864509583e-02
1.379283610731363123e-02
7.118224352598190308e-02
1.927095949649810791e-01
2.600056231021881104e-01
3.721187710762023926e-01
1.838672757148742676e-01
1.042138934135437012e-01
8.397731930017471313e-02
1.735489666461944580e-01
1.282512098550796509e-01
-1.385629642754793167e-02
2.298604696989059448e-01
1.507753580808639526e-01
4.237110912799835205e-02
7.727109789848327637e-01
4.316132962703704834e-01
3.995171189308167198e-02
-4.778368026018143394e-02
-1.112446710467338562e-01
-1.661045998334884366e-01
-8.306675404310226440e-02
2.115843258798122406e-02
3.172531127929687500e-01
4.818040505051612854e-02
3.933706320822238922e-03
1.312760710716247559e-01
2.153869271278381348e-01
-2.367250388488173051e-03
-4.176419600844383240e-02
-4.518456757068634033e-02
-1.543219685554504395e-01
1.466954033821821213e-02
7.816174626350402832e-02
-3.561274707317351601e-02
-4.052376747131348350e-02
1.547982450574636286e-02
-2.658854797482490193e-02
1.464905142784118652e-01
1.183296889066696306e-01
8.428883552551269531e-02
4.108766093850136497e-02
-1.868262514472008098e-02
4.165073111653327942e-02
8.377413451671600342e-02
-2.524060010910034527e-02
2.242097444832324982e-02
-2.787888422608375549e-02
-5.094163864850997925e-02
1.809021979570388794e-01
-8.217614889144897461e-02
9.879634529352188110e-02
1.045725122094154358e-01
3.795855119824409485e-02
9.314178675413133102e-02
2.639544606208801270e-01
2.776093780994415283e-01
4.682815968990325928e-01
8.868298679590225220e-02
-4.180005285888910294e-03
-1.105028763413429260e-02
2.777612805366516113e-01
7.665719836950302124e-02
-1.054444387555122375e-01
-1.123759075999259949e-01
2.805472612380980890e-01
1.476485580205917636e-01
-4.014235734939575195e-02
-3.544898238033056259e-03
2.112062647938728333e-02
-1.223935782909393311e-01
5.127027258276939392e-02
-1.180445626378059526e-01
5.896580591797828674e-02
1.093449145555496216e-01
8.458291739225387573e-02
1.684101112186908722e-02
3.428795933723449707e-02
-1.285319924354553223e-01
-2.091956287622452060e-01
-1.283295601606369019e-01
3.370221555233001709e-01
-7.702978793531656265e-03
-1.080751717090606689e-01
4.551067948341369629e-02
6.832018494606018066e-02
8.540911972522735596e-02
1.462245825678109949e-02
6.496897432953118411e-03
1.176975853741168976e-02
-1.190169230103492737e-01
-2.884808778762816828e-01
-1.085522621870040755e-01
2.948473952710628163e-02
-2.534577250480651855e-02
-4.135958105325698853e-02
6.905235350131988525e-02
3.209260404109954834e-01
1.052038520574569563e-01
1.159046962857246399e-02
-2.078847773373126984e-02
-3.186357207596302032e-03
-1.889237575232982635e-02
-5.891123786568642530e-03
-6.414843350648880005e-02
-2.111524492502212524e-01
-2.041939496994018555e-01
-2.516291141510010321e-01
-5.621960852295160294e-03
-1.054047271609306335e-01
-1.917685866355895996e-01
-2.231778502464294434e-01
-2.393247745931148529e-02
8.961309492588041825e-02
-2.430891692638396939e-01
-8.904734998941422897e-02
2.076252922415732990e-02
5.308972205966711044e-03
-1.181318461894989014e-01
-1.182555928826331954e-01
6.926004588603972001e-02
8.905316144227982955e-02
3.122381567955017090e-01
3.332557678222656250e-01
1.403681635856628418e-01
6.988314539194107056e-02
-8.882407844066619873e-02
-7.445178925991056962e-02
-9.958218038082124191e-02
-1.453999429941177368e-01
-3.862329944968223572e-02
-1.319527029991150180e-01
-1.673297733068466187e-01
-1.608507931232452393e-01
1.539406925439834768e-02
-2.134536355733871460e-01
-1.663001626729965210e-01
4.402766525745391846e-01
1.992672979831696112e-01
6.100476160645484924e-02
-7.005529850721359253e-02
-2.584124207496643066e-01
-1.300532221794128418e-01
-2.272242493927478790e-02
-1.878871917724609375e-01
-2.610814273357391357e-01
-1.624502837657928467e-01
-2.213313877582550049e-01
5.918072909116744995e-02
-1.542325615882873535e-01
-8.075191825628280640e-02
-1.392759829759597778e-01
-1.928440183401108066e-01
-1.139633283019065996e-01
-3.869669139385224083e-02
-1.769043952226638794e-01
-1.924010217189788818e-01
-1.295508742332458496e-01
-1.148090437054633955e-01
-5.171643942594528198e-02
-2.397670596837996881e-01
-1.551744788885116577e-01
-8.984324336051940918e-02
-4.793967306613922119e-02
-4.292819648981094360e-02
-5.063024908304215171e-02
1.523897498846054077e-01
2.319059520959854126e-02
-8.699145913124083085e-02
2.620496600866317402e-02
1.851782500743865967e-01
1.872622221708297452e-01
4.350418150424957275e-01
3.017252683639526367e-01
4.551967605948448181e-02
1.796870976686477384e-01
2.527231872081757147e-01
1.342514753341674805e-01
5.724035575985908508e-02
6.992743164300918579e-02
3.313697576522827148e-01
4.307286143302917480e-01
4.767371714115142822e-01
6.583900749683380127e-02
7.395950704813003540e-02
2.348486334085464478e-01
1.380161941051483154e-01
7.095768116414546967e-03
-6.467711180448532104e-02
8.973085135221481323e-02
1.684953123331069946e-01
7.656487170606851578e-03
1.451019793748855591e-01
4.272308051586151123e-01
4.844995141029357910e-01
2.655842900276184082e-01
4.610211029648781517e-02
-1.175974495708942413e-02
1.666939556598663330e-01
2.071579396724700928e-01
-1.859927922487258911e-02
1.410776525735855103e-01
3.388265371322631836e-01
9.970305562019348145e-01
5.873119235038757324e-01
2.847074866294860840e-01
4.330952465534210205e-01
1.880849003791809082e-01
1.363225579261779785e-01
1.794113665819168091e-01
3.295800089836121161e-01
5.343930125236511230e-01
2.434762418270111084e-01
-4.596823826432228088e-02
-1.138591095805168291e-01
2.339948900043964386e-02
4.844587147235869806e-01
3.878526091575623114e-01
4.425427019596099854e-01
9.401077628135680042e-01
3.243345320224761963e-01
1.433193497359752829e-02
3.074463307857512873e-01
1.145958378911018510e-01
2.249297946691513062e-01
1.495428681373596191e-01
1.147215627133846456e-02
-1.392261981964111328e-01
-1.143754199147224565e-01
2.793590910732745777e-02
3.892770037055016258e-02
-1.971170455217361173e-01
-1.279172599315643311e-01
5.526484549045563438e-02
-4.236125096213072538e-04
-5.026715621352196434e-02
9.450032375752925873e-03
1.325774565339088440e-02
-3.457446023821831443e-02
-8.584660291671752930e-02
-6.559007614850997925e-02
-4.467214271426201561e-02
7.081604748964309692e-02
1.398438662290573120e-01
1.194436475634574751e-01
-5.971752107143402100e-03
5.238085519522428513e-03
1.479581296443939209e-01
2.640447318553925116e-01
1.873708069324493131e-01
2.271142303943634033e-01
9.801026433706283569e-02
-6.177647411823272705e-02
-5.322167277336120605e-02
-1.056235004216432571e-02
-1.699647121131420135e-02
-1.011922508478164812e-01
-1.324160546064376831e-01
-2.789869606494904120e-01
-2.407547682523727417e-01
-1.373693048954010010e-01
2.678048610687255859e-02
-5.489194393157958984e-02
1.624237559735774994e-02
-1.330327615141868591e-02
-4.969810694456100464e-02
-3.074433282017708172e-02
-8.416517823934555054e-02
-8.803031593561172485e-02
1.054746955633163591e-01
1.302558928728103638e-01
-1.585126668214797974e-02
-1.041727606207132339e-02
1.376278549432754517e-01
-2.180008031427860260e-02
1.826125895604491451e-03
-8.378084003925322099e-02
-2.295210212469100952e-02
1.087932661175727705e-01
8.530180901288986206e-02
-8.711080066859722137e-03
-1.268386542797088623e-01
-2.801813185214996338e-02
4.229661822319031456e-02
2.358405590057373047e-01
2.873078882694244385e-01
2.700936198234558105e-01
1.257515605539083654e-02
1.243798714131116867e-02
-9.284330904483796554e-02
3.363427519798278809e-02
3.670736849308013916e-01
2.983500957489013672e-01
7.004623115062713623e-02
7.863983511924743652e-01
1.314581632614135520e+00
2.384443879127502441e-01
-6.773365288972854614e-02
-3.854568600654602051e-01
3.848865330219268799e-01
7.765620350837707520e-01
4.253226220607757568e-01
2.838225662708282471e-01
5.488224700093268654e-02
4.896324127912521362e-03
-1.662165671586990634e-01
-8.124762773513793945e-02
1.694995611906051636e-01
2.980141639709473211e-01
2.057087868452071866e-01
1.398937869817018509e-02
6.096490193158388138e-03
9.280838817358015580e-02
5.207981914281845093e-02
8.413159847259521484e-02
4.205901622772216797e-01
1.698993295431137085e-01
1.027620136737823625e-01
-1.175934299826622009e-01
-1.302843838930130005e-01
-3.892847523093223572e-02
-5.783261731266976097e-02
-1.889864504337310791e-01
-6.883923709392547607e-02
1.724107190966605793e-02
-8.559859544038772583e-02
1.619439870119094849e-01
1.631698310375213623e-01
2.823306433856487621e-02
-1.275056321173906326e-02
9.642861038446426392e-02
1.169945579022169287e-02
1.231519803404808044e-01
-3.836006799247116393e-04
-1.945655234158039093e-02
-1.009771972894668579e-01
1.260916143655776978e-01
4.300597310066223145e-02
-1.101661175489425659e-01
-8.416561782360076904e-02
-2.915677614510059357e-02
7.392473518848418322e-03
1.860542893409729004e-01
5.596077814698218605e-02
-8.830712735652923584e-02
-5.163221061229706504e-02
1.381990462541580200e-01
3.933754861354827881e-01
8.560403436422348022e-02
-7.702836394309997559e-02
1.969065051525831223e-03
1.369461268186569214e-01
5.384680032730102539e-01
4.725256860256195068e-01
4.771598428487778404e-02
-8.196728676557540894e-02
-1.544644404202699661e-02
2.766922349110245271e-03
-1.024347022175788741e-01
-1.085272356867790222e-01
-5.735500901937484741e-02
-4.713664576411246560e-02
-1.022017970681190352e-01
4.484575986862183311e-02
-1.762792468070984234e-02
7.668451219797134399e-02
1.894644796848297119e-01
-1.158839673735201576e-03
-6.400734931230545044e-02
-5.748407915234566429e-02
-7.298757880926132202e-02
-7.514120638370513916e-02
-2.677434356883167787e-03
5.629177670925856504e-03
-9.559665806591509038e-03
4.239666461944580078e-02
-7.392916828393936157e-02
5.086671188473702171e-02
-1.287346035242080688e-01
-1.029867380857467651e-01
-6.355746090412139893e-02
2.086378931999206543e-01
1.888957619667052668e-01
1.528315097093582153e-01
-1.539825201034545898e-01
-4.533126950263977051e-01
-1.414866298437118530e-01
-2.070777676999568939e-02
1.092972904443740706e-01
8.307372033596038818e-02
-3.082284890115261078e-02
-6.372075527906417847e-02
-5.575103685259819031e-02
-5.305904895067214966e-02
-1.143437530845403671e-02
-8.994983881711959839e-02
-1.298922449350357056e-01
-3.081047534942626953e-02
-5.511058866977691650e-02
-5.594388395547866821e-02
-2.075806707143784124e-01
-1.335004158318042755e-02
6.987228989601135254e-02
-1.234821155667304993e-01
-1.674692183732986450e-01
-1.365580856800079346e-01
-1.887134909629821500e-01
-1.857656240463256836e-01
-1.745729595422744751e-01
1.308005005121231079e-01
3.841894492506981590e-02
4.178576543927193382e-02
6.944043934345245361e-02
-1.039388496428727930e-02
7.031371444463729858e-02
1.101802214980125427e-01
4.258510097861289978e-02
3.579918667674065330e-02
2.891561202704906117e-02
-1.697864085435867310e-01
-8.684784173965454102e-02
4.323272407054901123e-02
3.006559610366821289e-02
6.404988169670104980e-01
6.197044253349304199e-01
1.960866749286651889e-01
9.795695543289183183e-02
3.689426928758621216e-02
1.814395934343338013e-01
-1.189302001148462296e-02
-7.368474267423152924e-03
5.040744543075561523e-01
9.949198365211486816e-02
-8.456631749868392944e-02
1.894292235374451031e-02
9.959250688552856445e-02
4.003204405307770331e-01
1.139299049973487993e-01
-4.427349939942359924e-02
-2.092123264446854591e-03
2.622168362140655518e-01
1.908002793788910190e-01
-3.593931719660758972e-02
-1.051739081740379195e-01
3.163909167051315308e-02
7.827688753604888916e-02
-1.047244742512702942e-01
-5.797166377305985191e-02
-3.932218998670578003e-03
-4.321925342082976601e-02
4.185894969850778580e-03
3.256240189075469971e-01
1.050878316164016724e-01
-1.714693158864974976e-01
-2.050795219838619232e-02
4.160884022712708075e-01
4.149301946163177490e-01
1.080713391304015891e+00
1.081673264503479004e+00
4.126728177070617676e-01
1.512344777584075928e-01
7.100898772478103638e-02
5.598881747573614120e-03
-1.195308286696672440e-03
-7.357058674097061157e-02
2.506317384541034698e-02
9.280323982238769531e-02
8.504136465489864349e-03
1.336696296930313110e-01
-1.837548464536666870e-01
-1.883165724575519909e-02
2.360531687736510953e-01
1.391004920005798617e-01
1.995744928717612873e-02
8.312615565955638885e-03
-3.746993374079465432e-03
-8.893873542547225952e-02
-4.850343242287636497e-02
8.673760294914245605e-02
-3.340608626604080200e-02
-7.621056586503982544e-02
-1.338766813278198242e-01
-1.400503963232040405e-01
1.486390084028244019e-01
7.719417661428452926e-02
-6.194470450282096863e-03
-2.489694394171238293e-02
-5.101436376571655273e-02
-8.522173762321472168e-02
-2.171521782875061035e-01
6.712726503610610962e-02
1.597208082675933838e-01
2.394006587564944787e-03
-1.298644542694091797e-01
-1.211363971233368059e-01
-4.463876131922006607e-03
7.220123708248137040e-02
1.284376531839370728e-02
-1.894336938858031949e-01
-1.961078345775603970e-01
-1.005742326378822327e-02
2.097305469214915882e-02
9.731324762105943160e-02
2.576256394386291504e-01
3.018628060817718506e-01
2.975547313690184992e-01
-1.560838706791400909e-02
-2.212101817131042480e-01
-7.699458301067352295e-02
-2.996425144374370575e-02
1.690177470445632935e-01
1.173994839191436768e-01
6.309463828802108765e-02
1.342007964849472046e-01
6.090343743562697670e-02
-2.781373262405395508e-01
-1.887500584125518799e-01
3.012414574623107910e-01
6.527456045150756836e-01
3.391064107418060303e-01
8.952326327562332153e-02
-1.928409785032272616e-01
-1.116682216525077681e-01
-2.342340201139450073e-01
-2.590439915657043457e-01
-1.411696672439575195e-01
-5.785222165286540985e-03
1.754377484321594238e-01
4.335985868237912655e-04
-2.902667224407196045e-01
-1.954368688166141163e-02
5.439451932907104492e-01
4.663275480270385742e-01
3.067378103733062744e-01
3.599147871136665344e-02
-1.257368922233581543e-01
1.125565841794013977e-01
9.002250432968140759e-01
4.540436267852783203e-01
-9.673970751464368648e-03
2.020151168107986450e-01
3.037452101707458496e-01
1.121433973312378068e-01
-3.660813346505165100e-02
4.286653399467468262e-01
7.023352384567260742e-01
5.002810359001160778e-01
6.917888671159744263e-02
-1.025850232690572739e-02
1.279550492763519287e-01
2.840248495340347637e-02
-1.167440488934516768e-01
9.764472953975200653e-03
4.859395921230316162e-01
8.497660607099533081e-02
-3.989130631089210510e-02
1.705576926469802856e-01
3.284216523170471191e-01
1.404175311326980591e-01
3.464842960238456726e-02
7.703489065170288086e-01
3.828977048397064209e-01
1.692180484533309937e-01
1.997577697038650513e-01
-1.404646784067153931e-01
-2.795907258987426758e-01
1.766693294048309326e-01
4.919751882553101141e-01
2.100698798894882480e-01
3.761542588472366333e-02
-6.157603487372399070e-02
2.826561452820896669e-03
1.035246700048446794e-01
-7.697778195142745972e-02
-5.434019863605498574e-02
-2.488217875361442566e-02
-8.975275605916976929e-02
1.413598358631134033e-01
2.083988785743713379e-01
1.947627514600753507e-01
1.659878045320510864e-01
2.544074654579162598e-01
9.124259650707243485e-02
-3.794713690876961448e-02
-7.989077270030975342e-02
-6.469639390707015991e-02
-1.755998283624649048e-02
-1.129898205399513245e-01
-3.478009626269340515e-02
4.146523773670196533e-02
-4.562414810061454773e-02
-1.209632679820060730e-02
5.654884502291680076e-02
4.010597243905067444e-02
2.148490771651268005e-02
-3.333857655525207520e-02
-3.586621582508087158e-02
1.439624130725860596e-01
1.440895646810531616e-01
1.294704228639602661e-01
2.672704309225082397e-02
-1.171812880784273148e-02
-1.195591837167740007e-01
-9.602387994527816772e-02
3.238029778003692627e-02
8.971973508596420288e-02
-7.551581412553787231e-02
-1.028815433382987976e-01
-3.229618817567825317e-02
-1.013938859105110307e-01
-1.166741847991943498e-01
-7.565246522426605225e-02
-5.150039494037628174e-02
5.522178113460541465e-02
3.010506331920623779e-01
1.532689779996871948e-01
2.224527671933174133e-02
-8.174195140600203080e-02
-1.512466967105865479e-01
2.346078157424927035e-01
1.434389829635619895e+00
1.318217873573303223e+00
1.867902576923370361e-01
-9.108547121286392212e-02
2.057466357946395874e-01
1.313641667366027832e-01
1.072460878640413111e-02
-1.284142434597015381e-01
-2.100408524274826050e-01
-1.857886314392089566e-01
-2.642473578453063965e-02
-1.708283722400665283e-01
1.360602229833602905e-01
1.024492830038070817e-01
9.748629480600355668e-02
5.561465024948120117e-02
1.099819242954254289e-01
2.444696575403212946e-01
2.542734146118164062e-01
1.938903927803040106e-01
4.984975606203078530e-02
1.697701364755630493e-01
2.364856302738189420e-01
5.095995068550109863e-01
4.840450286865233820e-01
2.667189836502075195e-01
-8.155645802617073059e-03
-1.236704513430595537e-01
1.512016449123620987e-02
2.945555746555328369e-01
1.399175524711608887e-01
-2.637502551078796387e-02
-7.434444129467010498e-02
-4.754365608096123436e-02
5.459159985184669495e-02
4.481372833251953125e-01
3.260078132152556818e-01
1.834987699985503873e-01
5.736065283417702415e-02
1.517649292945861816e-01
4.020718391984701157e-03
-1.964363753795624057e-01
-1.684464812278747559e-01
-7.881803065538406372e-02
-2.526778914034366261e-02
6.097711250185967186e-02
2.211711853742599487e-01
1.913198679685592651e-01
1.552527546882629395e-01
7.518588751554489136e-02
-5.224270373582839966e-02
2.742136716842651367e-01
7.185515761375427246e-02
1.327027846127748489e-02
4.605714976787567139e-02
-4.953201115131378174e-02
8.206884562969207764e-02
2.225841730833053589e-01
1.559450924396514893e-01
1.487433612346649170e-01
4.337015375494956970e-02
2.403060048818588534e-01
3.747498989105225303e-02
-8.951997756958007812e-02
1.376014351844787598e-01
9.422104060649871826e-02
-9.712046384811399979e-02
-1.042467653751373291e-01
2.250117063522339214e-02
1.083072125911712646e-01
-1.632245443761348724e-02
1.067932471632957597e-01
1.115807890892028809e-01
-2.443493343889713287e-02
4.541714116930961609e-02
3.248588880524039268e-03
-8.825621008872985840e-02
-1.185832619667053223e-01
2.623251378536224365e-01
2.406392097473144531e-01
1.055359467864036560e-01
1.680278033018112183e-01
-3.834857419133186340e-02
-4.519352689385413430e-02
-1.029251590371132036e-01
6.973921507596969604e-02
1.036592647433280945e-01
5.622102320194245079e-02
2.644377946853637695e-01
1.374178975820541382e-01
-6.588522344827651978e-02
4.730079770088195801e-01
2.622084915637969971e-01
8.450406789779663086e-02
2.016272395849227905e-01
-4.993226379156113538e-03
3.590661659836768410e-02
-6.364566832780838013e-02
-2.267425693571567535e-02
-2.190165594220161091e-02
-3.669726848602294922e-02
-1.022965610027313232e-01
9.976763278245925903e-02
1.910287141799926758e-01
3.422571718692779541e-01
4.102804660797119141e-01
6.984682083129882812e-01
3.704361617565155029e-01
3.952573612332344055e-02
-4.486175999045372009e-02
-6.162401661276817322e-02
3.389121592044830322e-01
-1.651524566113948822e-02
-1.470595151185989380e-01
-6.590383499860763550e-02
8.183285593986511230e-02
-7.277278602123260498e-02
1.372615545988082886e-01
5.445015430450440563e-01
5.409121513366699219e-01
4.835582375526428223e-01
5.095922350883483887e-01
6.719546914100646973e-01
9.228836297988891602e-01
4.830901026725769043e-01
4.305071234703063965e-01
3.303730487823486328e-01
7.635433673858642578e-01
3.501018285751342773e-01
-5.804176256060599587e-02
-1.934760808944701871e-01
-7.082153111696241898e-02
6.497932225465774536e-02
8.305121213197708130e-02
-1.115409657359123230e-01
1.489610522985458374e-01
5.402644723653793335e-02
-3.772711381316184998e-02
7.373446226119995117e-02
-2.243824861943721424e-02
-3.834363445639610291e-02
-8.340216428041458130e-02
-5.077711120247841575e-02
-1.133126392960548540e-01
2.557243593037128448e-02
-9.743947535753250122e-02
-1.678726673126220703e-01
-2.135519236326217374e-01
1.178507227450609207e-02
-1.298956722021102905e-01
-4.381489381194114685e-02
-8.546983450651168823e-02
-1.009387746453285217e-01
-9.340152144432067871e-02
7.608040422201158004e-02
1.867944188416004181e-02
-2.916862629354000092e-02
9.293261915445327759e-02
8.204837143421173096e-02
-3.363874927163124084e-02
-1.459155380725860596e-01
-4.760457575321197510e-02
-1.972861215472221375e-02
-9.902510046958923340e-02
-1.181554272770881514e-01
-2.423062324523925504e-01
-1.947403103113174438e-01
-1.585476249456405362e-01
-1.139749214053153992e-02
9.692444582469760287e-04
-1.409635692834854126e-01
-7.512474060058593750e-02
1.290120650082826614e-02
6.534171290695667267e-03
-4.395451396703720093e-02
-8.009948581457138062e-02
-1.597917973995208740e-01
2.192205516621470451e-03
4.258067160844802856e-02
-1.640345305204391479e-01
-2.511454187333584179e-02
1.090637221932411194e-01
-1.608478091657161713e-02
1.309660673141479492e-01
5.475465953350067139e-02
-2.309335470199584961e-01
1.064535602927207947e-01
2.279272526502608975e-01
3.744768211618065834e-03
2.678776085376739502e-01
7.614190131425857544e-02
-2.686879038810729980e-01
-3.727325201034545898e-01
5.086269974708557129e-02
-1.136396303772926469e-01
-5.504741519689559937e-02
3.738093748688697815e-02
1.307794302701950073e-01
-8.754552341997623444e-03
-1.158994808793067932e-02
1.431297212839126587e-01
7.341933846473693848e-01
3.775880932807921253e-01
3.361518308520317078e-02
4.875474870204926092e-01
2.321117222309112549e-01
2.890511043369770050e-02
-2.285459637641906738e-02
-9.502469003200532394e-02
3.160256519913673401e-02
-4.049089550971984863e-02
1.245768070220947266e-01
1.232660263776779314e-01
6.890425831079483032e-02
7.573892921209335327e-02
2.130075395107269287e-01
1.461563259363174438e-01
9.317237883806227250e-02
-3.259668871760368347e-02
5.478011444211006165e-03
-1.519676744937896729e-01
-1.854435205459594727e-01
2.563296118751168251e-03
-2.913015522062778126e-02
-9.703639894723892212e-02
1.524624824523925781e-01
9.245207905769348145e-02
1.690759807825088501e-01
-1.516372561454772949e-01
-7.390825450420379639e-02
-1.672240048646926880e-01
2.394810691475868225e-02
-8.788911998271942139e-02
-1.783634573221206665e-01
-1.380738615989685059e-01
-3.375344350934028625e-02
8.221469819545745850e-02
4.033508896827698448e-02
2.969703078269958496e-01
4.344633817672729492e-01
1.366379708051681519e-01
-8.340868353843688965e-02
-1.943375766277312677e-01
-2.157296091318130493e-01
-2.763069607317448009e-02
-9.127352386713027954e-02
1.458619982004165372e-01
-1.810061186552048007e-01
-1.572264432907104492e-01
-6.673593819141387939e-02
6.739731132984161377e-02
-1.842272840440273285e-02
1.493557589128613472e-03
-2.720295786857604980e-01
-2.274297624826431552e-01
9.411979466676712036e-03
1.506793648004532138e-01
4.444249719381332397e-02
-1.106418743729591370e-01
-7.568903267383575439e-02
8.950061351060867310e-02
-6.671971082687377930e-02
-6.497742980718612671e-02
-1.178592219948768477e-01
-1.912330538034439087e-01
1.413142830133438110e-01
7.927459478378295898e-02
-2.204682491719722748e-02
-5.962318554520607689e-02
-7.866635918617248535e-02
-3.010866791009902954e-02
-3.779723122715950012e-02
4.985636845231056213e-02
-1.024659499526024004e-01
7.815840095281600952e-02
1.679987609386444092e-01
7.206423580646514893e-02
6.855860352516174316e-02
-6.109358742833137512e-02
-1.763562709093093872e-01
3.643680131062864824e-03
7.754811085760593414e-03
-4.073534533381462097e-02
9.442789107561112838e-02
-9.180706739425660567e-02
2.149471491575241089e-01
-2.211033701896667480e-01
-2.252570688724517545e-01
2.978002429008483887e-01
1.509050428867340088e-01
-6.703852862119674683e-02
-1.271329522132873535e-01
2.688689231872558594e-01
2.009007632732391635e-01
4.188541173934937079e-01
9.267075061798095703e-01
5.115914344787597656e-01
-5.309206247329711914e-02
-8.653281629085540771e-02
1.575445085763931274e-01
6.481729745864868164e-01
8.007369041442871094e-01
2.638796567916869562e-01
-8.401185274124146896e-02
-1.733834110200405121e-02
-4.292345046997070312e-01
-3.975373506546021063e-01
-2.443758696317673007e-01
-1.559691876173019409e-01
2.592317946255206715e-02
1.476467698812484741e-01
8.109766989946365356e-02
1.906185746192932129e-01
9.916734695434570312e-02
7.012441754341125488e-02
-1.857964247465133389e-01
-3.893977105617523193e-01
-4.393154680728911798e-01
-3.812592104077338478e-02
1.834253966808319092e-02
1.378346383571624756e-01
3.527213037014008123e-01
1.564897149801254550e-01
3.029988408088684082e-01
4.341655969619750977e-01
3.177185058593750000e-01
2.757836878299713135e-01
4.317424297332764227e-01
3.195890784263610840e-01
3.824600875377655029e-01
2.426855079829693188e-02
7.596969604492187500e-02
1.854011416435241422e-01
6.490762829780578613e-01
1.899897754192352572e-01
8.702225238084793091e-02
3.387190401554108360e-02
3.463784158229827881e-01
3.960588872432708740e-01
7.903695702552795410e-01
7.567167282104492188e-01
3.053720593452453613e-01
1.554717123508453369e-01
1.302352547645568848e-01
7.168864365667104721e-03
-9.496267884969712691e-02
2.775084674358367920e-01
1.476367097347974604e-02
-8.288185298442840576e-02
-1.507173478603363211e-02
-2.329477220773696899e-01
1.734827458858489990e-01
4.961631298065186102e-01
2.523494660854340155e-01
1.144264787435531477e-01
7.487258315086364746e-01
6.317949891090393066e-01
6.280652880668640137e-01
3.092743456363677979e-01
1.278426945209503174e-01
1.151155158877372742e-01
1.916644275188446045e-01
-4.865218419581652555e-03
8.977647125720977783e-02
4.822063818573951721e-02
-1.278164237737655362e-01
-5.674866586923598549e-02
-2.904505729675292969e-01
-1.700980663299560547e-01
1.151249408721923689e-01
-1.148033514618873457e-01
-1.917473375797272006e-01
-1.484471708536148071e-01
-8.064937591552734375e-02
-7.318247109651566940e-02
-1.574623435735702515e-01
-2.883345782756804865e-01
-1.144918501377105435e-01
-2.125613763928413044e-02
-2.479664282873272896e-03
9.781093336641786748e-03
1.163841485977172713e-01
4.009984433650970459e-02
-8.545391261577606201e-02
-7.014134526252747970e-02
-3.382758051156998375e-02
1.292681321501732046e-02
1.343626230955123901e-01
6.528363376855850220e-02
-2.058133855462074280e-02
-3.090138547122478138e-02
-6.254360824823379517e-02
-1.764603853225708008e-01
-1.139125600457191467e-01
-1.596644371747970581e-01
-1.125584244728088379e-01
2.160175293684005460e-01
1.476024091243743896e-01
3.754596784710884094e-02
3.504138812422752380e-02
1.246090680360794067e-01
5.060746520757675171e-02
1.216576322913170000e-01
1.154581457376479964e-01
2.182980179786682129e-01
4.279114902019500732e-01
3.857171535491943914e-01
8.445288538932800293e-01
4.201563894748687744e-01
5.935828760266304016e-02
5.651015788316727378e-02
5.277447775006293557e-02
3.429664671421051025e-01
8.692041784524917603e-02
2.961553633213043213e-01
4.479869008064270020e-01
2.837780117988586426e-01
7.526232004165649414e-01
5.713302493095397949e-01
2.211266160011291504e-01
2.653509080410004217e-01
5.953291058540344238e-01
4.650051295757294256e-01
2.336405664682388583e-01
1.092244386672973633e-01
-2.352289110422134399e-02
-1.171496510505676547e-01
-9.773422777652740479e-02
-1.009600702673196793e-02
-1.427183449268341064e-01
-1.449337452650070190e-01
-1.338386442512273788e-02
1.299377530813217163e-01
-3.281871229410172203e-02
-3.709753602743148804e-02
2.204068303108215610e-01
1.985344290733337125e-01
1.437581926584243774e-01
9.544204175472259521e-02
1.118884682655334334e-01
3.181350976228713989e-02
-2.498653717339039196e-02
-5.679846554994582436e-02
-1.271299719810485840e-01
-2.133845537900924683e-02
8.695093542337417603e-02
-1.322551518678665161e-01
-1.928658485412597379e-01
-6.027715280652046204e-02
-2.345198579132556915e-02
1.275969892740249634e-01
6.724257022142410278e-02
3.688688576221466064e-02
2.259239703416824618e-01
1.529824584722518921e-01
-1.225426606833934784e-02
-2.677964605391025196e-02
-1.675866246223449429e-01
-7.532639801502227783e-02
-2.585316076874732971e-02
-1.609078794717788696e-02
6.101564969867467880e-03
-4.965333640575408936e-02
3.650859370827674866e-02
-3.203090280294418335e-02
-2.228958532214164734e-02
1.194587163627147675e-02
-1.013208646327257156e-02
6.655286997556686401e-02
1.681499765254557133e-03
-4.313211515545845032e-02
4.401969537138938904e-02
1.749333739280700684e-01
-1.030152812600135803e-01
-1.243505105376243453e-01
1.279697418212890625e-01
9.647857397794723511e-02
-1.140502542257308960e-01
-9.623617678880692916e-02
3.864153474569321373e-02
1.705039292573928833e-01
-2.609098330140114178e-02
-3.819029778242111206e-02
-3.338653221726417542e-02
-6.354511529207229614e-02
1.040646061301231384e-01
1.896059960126876831e-01
-9.541364014148712158e-02
-5.622948333621025085e-02
6.621882319450377030e-02
5.238390713930130005e-02
-5.356172472238540649e-02
-1.152553632855415205e-01
-7.329171895980834961e-02
-1.722506247460841786e-02
3.821221739053726196e-02
-5.453137308359146118e-02
3.731550276279449463e-01
4.697308540344237726e-01
5.266809463500976562e-01
2.172154188156127930e-01
3.366805985569953918e-02
2.009646594524383545e-01
-6.034610792994498513e-02
-4.513021931052207947e-02
3.870862349867821434e-02
5.500319600105285645e-01
3.779444396495819092e-01
3.469759598374366760e-02
1.255069673061370850e-01
-8.242850005626677079e-02
5.564685910940170288e-02
1.040089689195155924e-02
-2.998469397425651897e-02
1.113487640395760319e-03
5.840681791305541992e-01
7.967283725738525391e-01
2.209633141756057462e-01
-8.697655797004699707e-02
-1.945360451936721524e-01
2.544398307800292969e-01
2.495045214891433438e-01
-3.493304178118706443e-02
-3.097247704863548279e-02
-5.348889157176018455e-02
-5.772591382265090942e-02
1.363592874258756638e-02
1.781627982854843140e-01
2.076975405216217041e-01
6.815127134323120117e-01
3.421177864074707031e-01
1.153515055775642534e-01
-4.419348761439323425e-02
1.177403796464204788e-02
3.597951680421828530e-02
3.307326138019561768e-02
6.534588336944580078e-01
4.840035736560822088e-01
-8.716882206499576569e-03
1.011014953255653381e-01
1.001776102930307388e-02
3.345809504389762878e-02
-4.424926266074180603e-02
2.128980159759521207e-01
2.879042029380798340e-01
2.235903143882751465e-01
1.034551411867141585e-01
1.257267743349075317e-01
1.242453157901764055e-01
-1.237750351428985457e-01
2.572725117206572931e-01
2.139190733432769498e-01
4.451204836368560791e-01
2.397774457931518555e-01
-9.683369100093842941e-02
-2.779634296894072931e-01
-3.032969534397125244e-01
2.957038283348083496e-01
1.849012523889541626e-01
4.564862698316574097e-02
-1.578895598649978638e-01
-2.036613672971725186e-01
7.201498001813888550e-02
1.824775934219360629e-01
3.819564357399940491e-02
2.906152606010437012e-02
3.254369199275970459e-01
1.355024427175522024e-02
-1.388951838016510010e-01
-6.495701521635056930e-02
5.387769266963005066e-02
2.900334000587463379e-01
2.511675059795380194e-01
8.268629908561706543e-01
4.632758796215057928e-01
2.488813400268554965e-01
3.428626358509064276e-01
3.589980006217956543e-01
6.895036995410919189e-02
2.246692329645156860e-01
1.250761300325393399e-01
-1.196121331304311926e-02
-1.549413353204727173e-01
4.820316657423973083e-02
1.743069887161254883e-01
8.805533498525619507e-02
-1.555536314845085318e-02
-2.280586808919906616e-01
-3.389025107026100159e-02
2.707917056977749218e-02
-3.962853550910949707e-02
-5.425507947802543640e-02
-3.728806227445601723e-02
1.942255049943923950e-01
4.056994989514351585e-02
-1.131297051906585555e-01
1.905615068972111095e-02
4.498017579317092896e-02
-5.447627510875464353e-03
-3.727832809090613625e-02
1.345775648951530457e-02
1.591430008411407471e-01
1.972026675939560214e-01
-4.399913828819990158e-03
-1.414661761373281479e-02
-8.654765039682386918e-02
-1.115820091217756445e-02
8.821951597929000854e-02
4.544478282332419655e-02
-1.243275031447410583e-02
-1.906263455748558044e-02
-1.980948261916637074e-02
1.061014737933874130e-02
2.256079167127608975e-01
2.794145345687866211e-01
3.601623699069023132e-02
-5.179363489151000977e-02
1.731974184513092041e-01
3.013929426670074463e-01
8.996506780385971069e-02
-1.020845472812652588e-01
-1.771449856460094452e-02
-7.220435887575149536e-02
-4.487517476081848145e-02
-1.423718780279159719e-02
1.379821151494980136e-01
8.912523835897445679e-02
1.085697114467620711e-01
-4.625436663627625206e-02
-1.194514185190200806e-01
-5.963248759508132241e-02
-2.311430573463439941e-01
1.318655759096145630e-01
8.459116797894238341e-04
-1.763433218002319336e-01
6.601981073617935181e-02
1.354847252368927002e-01
1.860273070633411407e-02
1.074374169111251692e-01
1.794971972703933438e-01
2.156889531761407852e-04
-2.045351266860961914e-01
-1.622437685728073120e-02
-2.033421993255615234e-01
-2.469796687364578525e-01
-1.471549272537231445e-01
-1.870579570531845093e-01
-9.638351947069168091e-02
-4.149534553289413452e-02
1.876356825232505798e-02
-1.433120667934417447e-01
-1.394774466753005981e-01
-1.657411009073257446e-01
-8.233061432838439941e-02
-3.725490823853761500e-04
1.836376078426838268e-02
3.362071292940526659e-04
3.626675158739089966e-02
-1.046647876501083374e-01
1.881261356174945831e-02
8.915966749191284180e-02
1.500450819730758667e-02
1.047788038849830627e-01
-8.818808943033216996e-02
-1.300523132085800171e-01
-5.158642772585153580e-03
-1.279223114252090454e-01
-4.139797016978263855e-02
9.518767893314362960e-02
-3.347603604197502136e-02
1.344346627593040466e-02
3.500812351703643799e-01
1.035980954766273637e-01
8.054274320602416992e-02
1.241916567087173462e-01
1.552319973707199097e-01
2.368712984025478363e-02
4.851990044116973877e-01
9.056179523468017578e-01
8.665661811828613281e-01
7.526001930236816406e-01
-4.809340834617614746e-02
-4.679285734891892173e-02
1.635989993810653409e-01
4.503266513347625732e-01
2.268218994140625000e-01
-1.048763934522867203e-02
6.473425775766372681e-02
2.705886363983154297e-01
4.149339497089385986e-01
1.441654711961746216e-01
-1.829439997673034668e-01
-1.120646446943283220e-01
1.328710317611694613e-01
8.235172629356384277e-01
2.165549546480178833e-01
7.927114516496656937e-02
2.618986964225769043e-01
1.435220837593078613e-01
1.077990978956222395e-01
-1.390553265810012817e-01
-9.856837987899780273e-02
2.533534169197082520e-01
5.120118856430053711e-01
9.847079962491987748e-02
-4.044878780841826837e-01
-2.480435930192470204e-02
1.702748686075210571e-01
3.045081198215485174e-01
3.310539722442626953e-01
5.992569029331207275e-02
6.506124883890151978e-02
5.226895809173583984e-01
1.338804513216018677e-01
-2.245258986949920654e-01
-2.836163528263568878e-02
6.171016767621040344e-02
-2.319581434130668640e-02
-3.928047418594359658e-02
2.945740520954132080e-01
-8.350668102502822876e-02
-2.122299671173095981e-01
-1.822731047868728638e-01
-2.375338971614837369e-01
-4.313939437270165184e-02
-5.677096173167228699e-02
-1.876835823059082031e-01
-1.032056361436844011e-01
4.858525097370148399e-02
-2.614532224833965302e-02
1.401799470186233521e-01
-4.793559387326240540e-02
2.382439002394675862e-02
-7.442189753055572510e-02
-3.289443999528884888e-02
1.087810546159744401e-01
7.955256104469299316e-02
7.057470083236694336e-02
5.525615997612475482e-03
-1.735579371452331543e-01
-4.705885425209999084e-02
1.525208353996276855e-01
1.258437782526016235e-01
-7.234431803226470947e-02
-1.889131516218185147e-01
1.021639555692672729e-01
1.411967426538467407e-01
-8.373679965734481812e-02
-1.800471991300582886e-01
-1.799932122230529785e-01
-1.251438856124877930e-01
2.487992495298385620e-01
-8.058611303567886353e-02
-2.730306088924407959e-01
-1.043595820665359636e-01
1.359014888294041157e-03
3.239993453025817871e-01
1.590304672718048096e-01
1.388868689537048617e-01
2.071560174226760864e-01
1.338819563388824463e-01
7.932933419942855835e-02
4.812898486852646568e-02
1.929697096347808838e-01
4.296085983514786460e-02
1.572417020797729492e-01
2.372207045555115024e-01
1.882034689188003540e-01
3.169336915016174316e-01
1.303860247135162631e-01
1.474674604833125895e-02
-8.780765533447265625e-02
-5.756281688809394836e-02
-2.106391042470932007e-01
1.013675611466169357e-02
-1.684817671775817871e-01
-1.954839527606964111e-01
-6.935517489910125732e-02
4.249808192253112793e-01
4.703997969627380926e-01
4.972190260887145996e-01
2.301934808492660522e-01
3.946260511875153143e-01
3.815317749977111816e-01
1.552600646391510963e-03
3.730837702751160223e-01
2.707348465919494629e-01
1.854866594076156616e-01
2.873299717903137207e-01
1.846983581781387607e-01
2.827139496803284247e-01
3.590331673622131348e-01
2.529747188091278076e-01
1.393450647592544556e-01
2.153058648109436035e-01
1.417411863803863525e-01
-9.151145070791243119e-02
3.837662339210510254e-01
1.193767264485359192e-01
2.111657755449414253e-03
7.628020644187927246e-02
1.601403057575225830e-01
-1.646458953619003296e-01
-2.752652764320372980e-01
-7.064654678106307983e-02
1.675734296441078186e-02
1.314765363931655884e-01
2.782274782657623638e-02
3.766359016299248436e-02
-2.237787842750548969e-02
3.831452429294586182e-01
2.160048633813858032e-01
5.098646879196166992e-02
1.608782913535833576e-03
-4.487622901797295311e-02
-1.941805332899093628e-01
-1.802483499050140381e-01
-1.426574289798736572e-01
-1.284199357032775879e-01
-6.114480551332235336e-03
2.603425458073616028e-02
-5.931014567613602378e-02
-1.951650157570838928e-02
1.161932293325662613e-02
-3.172884508967400291e-02
3.045667894184588952e-03
5.605154205113649368e-03
2.361682429909705769e-02
3.331744298338890076e-02
-5.531588941812515259e-02
-1.686298251152038574e-01
-1.752019673585891446e-01
-1.595635712146759033e-02
1.557249426841735840e-01
7.373914122581481934e-02
2.203716337680816997e-02
-1.329228281974792307e-02
-3.005729615688323628e-02
-2.387826591730117520e-01
-6.445463001728057861e-02
9.397548623383043462e-03
-7.012104988098144531e-02
2.973525598645210613e-02
1.330364942550659180e-01
1.623820513486862183e-01
-1.944205909967422485e-02
4.446950741112232208e-03
2.543468214571475983e-02
7.051732391119001908e-02
3.994765132665633461e-02
-8.716046810150146484e-02
5.664413422346115112e-02
4.086868762969970703e-01
9.765890985727310181e-02
-1.615408957004547119e-01
-2.154206037521362582e-01
1.631739735603332520e-01
3.422307670116425116e-01
9.342896193265916305e-02
-3.648471459746361473e-02
1.962564736604690552e-01
6.368771791458129883e-01
4.841517508029937744e-01
1.030102968215942383e+00
9.178702831268309437e-01
2.748447954654693604e-01
3.859906643629074097e-02
3.855562210083007812e-01
6.025654673576354980e-01
2.571576237678527832e-01
6.490935385227201981e-02
-2.841724082827568054e-02
1.177735626697540561e-01
4.126379787921905518e-01
5.723620653152465820e-01
2.457790970802307129e-01
-7.080210000276566940e-02
-1.239360421895980696e-01
-9.782962501049043136e-02
-3.673608601093291542e-02
1.267036944627761841e-01
9.900497794151306152e-01
2.197962701320647916e-01
-1.063249190337955952e-03
-2.147250324487686435e-01
-1.481680274009704590e-01
-1.690407167188823223e-03
-3.177217021584511497e-02
1.609117165207863201e-02
2.717694342136383057e-01
1.831385046243667880e-01
1.009848713874816756e-01
-2.468888415023684502e-03
-1.891423910856246948e-01
-1.771116554737091064e-01
-4.887185990810393593e-02
5.991737544536591270e-02
-1.701210439205169678e-02
-2.623333334922790527e-01
-2.053086608648299893e-01
-7.047160994261503220e-03
-1.882058102637529373e-03
8.225098997354507446e-02
5.724657326936721802e-03
1.144526079297065457e-01
-1.952319778501987457e-02
6.673830002546310425e-02
2.084218524396419525e-02
-2.387883514165878296e-02
-3.813598677515983582e-02
-8.674780838191509247e-03
3.878261521458626487e-02
8.197236061096191406e-02
1.386829912662506104e-01
4.551528394222260215e-02
-1.396142244338989258e-01
-1.120262444019317627e-01
-6.899957358837127686e-02
-4.556020721793174744e-02
7.273137569427490234e-02
2.743594162166118275e-02
-1.791489124298095426e-01
-1.472572796046734030e-02
-4.721269756555556557e-02
-5.665031820535659790e-02
-5.046033859252929688e-02
-1.671827025711536407e-02
2.597090415656566273e-02
1.555894911289215088e-01
2.321982942521571766e-02
-2.963111363351345062e-02
-7.565801497548818588e-03
6.683528423309326172e-03
-7.881037145853042603e-02
-1.140353381633758545e-01
2.804382145404816229e-01
2.848677039146423340e-01
9.697970747947692871e-02
-1.024201214313507219e-01
8.833633363246917725e-02
8.389724791049957275e-02
2.559746503829956055e-01
6.052197515964507363e-02
-9.337592124938963456e-02
-1.694834232330322543e-01
6.720483303070066972e-02
7.287196069955825806e-02
-9.768276661634443803e-02
5.968338251113892295e-02
-1.594321280717849454e-01
-1.480258349329233170e-02
-9.613074944354593754e-04
2.323309332132339824e-02
1.573029905557632446e-02
-1.684440672397613872e-02
1.486150622367858887e-01
1.900549083948135376e-01
-1.232522446662187576e-02
1.405768096446990967e-01
1.784097589552402496e-02
-4.034439474344253540e-02
-1.356367915868759155e-01
-2.004549056291579923e-01
2.195318490266799927e-01
5.592944025993347168e-01
1.350922584533691406e-01
-4.525840654969216087e-02
-7.343138009309768677e-02
1.340296715497970581e-01
8.531748503446578979e-02
1.167632713913917542e-01
5.605832114815711975e-02
7.194764912128447099e-02
1.686437577009201050e-01
-6.650940049439668655e-03
-2.144625484943389893e-01
-1.213453039526939531e-01
-6.395262479782103104e-02
-9.757219254970550537e-02
-6.401667743921279907e-02
8.144544363021850586e-01
7.427048683166503906e-01
3.261468559503555298e-02
5.090206488966941833e-02
1.270162463188171387e-01
-2.330426312983036041e-02
3.415343165397644043e-02
2.566339075565338135e-02
-4.508981481194496155e-02
-1.792736649513244629e-01
-7.675459980964660645e-02
-3.233582526445388794e-02
-3.896047547459601662e-02
8.462532609701158004e-02
2.931367456912994385e-01
-6.460336595773696899e-02
9.500295668840406937e-02
9.555903077125549316e-02
-4.064698703587054339e-03
2.907079085707664490e-02
-1.241779886186122894e-02
3.711220622062683105e-02
-6.231418251991272667e-02
-1.574267148971557617e-01
-1.121507585048675676e-01
-7.982723414897918701e-03
-5.315647926181554794e-03
-5.977155640721321106e-02
-8.370351791381835938e-02
-1.412161141633987427e-01
-2.697719931602478027e-01
-1.647402197122574130e-01
7.037153840065002441e-02
1.499037295579910556e-01
4.035824164748191833e-02
-4.420395568013191223e-02
6.491703912615776062e-03
-8.795746415853500366e-02
-1.623284071683883389e-01
1.648602336645126620e-01
1.523869633674621582e-01
-2.045799978077411999e-02
7.081540301442145434e-03
3.933298215270041726e-02
1.402150932699442083e-02
-1.120589952915906906e-02
5.339268967509269714e-02
4.984878376126289368e-02
-3.487971797585487366e-02
-9.921453148126602173e-02
3.765214979648590088e-02
-1.138926073908805708e-01
8.389399200677873092e-02
-7.486794888973236084e-02
3.707883134484291077e-02
-2.777981013059616089e-02
-2.163179516792297363e-01
2.193280011415481567e-01
1.590623706579208374e-01
1.033698488026857376e-02
-8.906273543834686279e-02
-1.651381403207778931e-01
3.280890174210071997e-03
-1.724075525999069214e-01
-2.987363561987876892e-02
7.050041854381561279e-02
2.920210361480712891e-01
2.763403952121734619e-01
5.067064166069030762e-01
2.771449387073516846e-01
1.274372190237045288e-01
1.194252166897058487e-02
-1.174077624455094554e-03
5.568908154964447021e-02
7.702761888504026933e-02
-2.420463413000107089e-01
-2.901595830917358398e-01
-1.614035516977310181e-01
7.277461700141429901e-03
1.537183821201324463e-01
3.741968870162963867e-01
7.747169733047485352e-01
7.165609002113342285e-01
2.553937211632728577e-02
-7.582481205463409424e-02
3.285577520728111267e-02
5.912498105317354202e-03
2.704862952232360840e-01
1.779812574386596680e-01
-8.529717475175857544e-02
-5.221287906169891357e-02
8.202565461397171021e-02
-2.352002076804638256e-02
9.122669696807859940e-02
2.288302928209305087e-01
7.135129719972610474e-02
7.937966287136077881e-02
4.946779087185859680e-02
-9.242983162403108077e-02
-8.785649389028549194e-02
1.230763420462608476e-01
1.299682855606079102e-01
-9.021475166082382202e-02
-7.649178057909011841e-02
-7.111486792564392090e-02
-5.720330029726028442e-02
-4.362298175692558289e-02
-1.514702942222356796e-02
-1.221624016761779785e-01
-3.686768561601638794e-02
2.152086421847343792e-02
4.943155124783515930e-02
1.085335165262222429e-01
3.840727731585503318e-02
2.982506528496742595e-02
2.096544951200484674e-01
1.306071877479553223e-01
-6.923846155405044556e-02
-1.338322162628173828e-01
2.904618624597787857e-03
-6.648839265108108521e-02
2.527520433068275452e-02
1.190249174833297452e-01
-5.885031446814537742e-02
-9.727366268634796143e-02
-1.012927293777465682e-01
2.931897044181823730e-01
3.886512294411658547e-02
1.172011122107505798e-01
-3.691046312451362610e-02
3.710847347974777222e-02
9.574823081493377686e-02
7.543083280324935913e-02
1.774798631668090820e-01
6.226250529289244912e-02
-1.448198854923248569e-01
1.377595122903585434e-02
-1.108641773462295671e-01
-3.967933356761932373e-02
-2.551988326013088226e-02
-5.212044715881348350e-02
7.866260409355163574e-02
-3.859762474894523621e-02
-2.953683957457542419e-02
-9.030497074127195878e-02
1.916290074586868286e-02
4.087349399924278259e-02
3.173760324716567993e-02
-2.152474522590636652e-01
1.030331179499626298e-01
3.615464568138122559e-01
9.419164806604383988e-02
2.816847860813140869e-01
1.746603548526763916e-01
1.800179928541183472e-01
7.339739054441452026e-02
-2.931908056780230593e-05
4.199206084012985229e-02
-8.635986596345901489e-02
7.442382629960775375e-04
1.109316870570182800e-01
1.083271056413650374e-01
-2.964512445032596935e-02
1.740938425064086914e-01
4.985145330429077148e-01
1.048683524131775124e+00
2.527262270450592041e-01
6.233971565961837769e-02
2.742265462875366211e-01
3.138679563999176025e-01
6.193701922893523476e-02
-8.875657618045806885e-02
-1.035083606839180131e-01
-1.120724901556968689e-01
3.859838843345642090e-02
-7.401769049465656281e-03
-1.091389060020446777e-01
1.175156235694885254e-01
9.473237395286560059e-02
1.445834189653396606e-01
1.821436285972595215e-01
1.446995884180068970e-01
2.806903719902038574e-01
7.038969397544860840e-01
4.761803448200225830e-01
-2.953950501978397369e-02
4.151175916194916465e-02
1.189142018556594710e-01
4.390901885926724348e-03
8.868960291147232056e-02
-1.595559269189834595e-01
-1.766400635242462158e-01
-1.811193078756332397e-01
-1.147112064063549042e-02
-4.229475185275077820e-02
-4.297271370887755793e-01
-2.111309468746185303e-01
-1.871524900197982788e-01
-3.364737704396247864e-02
-1.363617330789566040e-01
-1.243154332041740556e-01
8.877006359398365021e-03
3.224050253629684448e-02
2.117559313774108887e-01
1.252796798944473267e-01
6.118980795145034790e-02
8.715234696865083175e-02
2.827326068654656844e-03
-6.828010082244873047e-02
-1.286839097738265991e-01
-2.190669924020767212e-01
-1.745910793542861938e-01
-1.733861267566680908e-01
-9.186293184757232666e-02
-8.290014415979385376e-02
8.113360963761806488e-03
4.890772700309753418e-02
1.037612035870552063e-01
2.359957993030548096e-01
3.688499927520751953e-01
2.792147099971771240e-01
1.762154251337051392e-01
2.664971947669982910e-01
3.222357034683227539e-01
3.460538387298583984e-01
1.432001441717147827e-01
1.028637513518333435e-01
7.496843338012695312e-01
2.834450304508209229e-01
-7.804294116795062151e-03
6.007850542664527199e-02
1.716427206993103027e-01
7.099221944808959961e-01
1.533132344484329224e-01
-3.124393336474895477e-02
-2.235837429761886597e-01
3.270748853683472235e-01
7.504624724388122559e-01
3.513944447040557861e-01
2.815555408596992493e-02
-3.684741631150246360e-02
2.687769010663032532e-02
-8.707033842802047729e-02
-2.383432686328887939e-01
-7.772767543792724609e-02
2.697393298149108887e-01
2.917902767658233643e-01
2.467456459999084473e-01
5.810140073299407265e-02
1.063408032059669633e-01
-1.198470871895551508e-02
2.868017256259918213e-01
5.055804252624511719e-01
2.033104449510574618e-01
3.672291934490203857e-01
3.496972024440764826e-01
4.128579497337340753e-01
2.016092985868453979e-01
-1.668640077114105225e-01
-3.585232496261597235e-01
-8.292404003441333771e-03
2.759525477886199951e-01
1.419628560543060580e-01
-1.665965765714645386e-01
-4.453826546669006348e-01
2.122076414525509228e-02
-8.666799962520599365e-02
1.582543551921844482e-02
-4.264320433139801025e-02
-3.219604492187500000e-02
-7.393363863229752975e-02
-1.214137151837348938e-01
-2.324702218174934387e-02
2.306408137083053589e-01
1.869401782751083374e-01
2.742668800055981029e-02
-5.154211446642876365e-02
1.027797255665064032e-02
-1.438286900520324707e-01
-1.090839356184005599e-01
-6.477849185466766357e-02
-2.779699396342039108e-03
1.015090034343302250e-03
-8.866851776838302612e-02
4.651118814945220947e-02
-1.062773168087005615e-01
-1.706591844558715820e-01
-1.217458248138427457e-01
-2.821105718612671245e-02
1.400554776191711426e-01
2.551836073398589533e-01
1.388344615697860718e-01
1.293311268091201956e-02
2.147834002971649170e-02
-1.700113564729690552e-01
-2.405021190643310547e-01
-1.281930357217788696e-01
-1.404440701007843018e-01
-9.124565124511720138e-02
-2.158283740282058716e-01
-1.058938875794410706e-01
-1.000365987420081954e-01
-7.302925735712051392e-02
-4.763872176408768394e-02
4.379504323005676270e-01
1.771986484527587891e-01
-1.795433908700942993e-01
1.505621522665023804e-01
3.830329179763793945e-01
9.152689576148987927e-01
1.025648355484008789e+00
4.020614922046660822e-01
1.436540484428405762e-01
-2.104949206113815585e-01
6.070015951991081238e-02
-3.668475151062011719e-02
4.359325766563416221e-02
-1.008294001221656799e-01
-1.930210143327713013e-01
-1.952747851610183993e-01
5.517824366688728333e-02
1.044037342071533203e-01
1.175432428717613220e-01
2.326539754867553433e-01
2.220761775970458984e-01
2.005870789289474487e-01
-8.292347192764282227e-02
-6.096114590764046409e-02
5.048128589987754822e-02
-1.543543785810470581e-01
1.469096988439559937e-01
2.494014799594878873e-01
1.207529380917549272e-01
7.265279442071914673e-02
-4.561732336878776550e-02
-1.994873285293579102e-01
-6.188563257455826500e-02
1.774986982345581055e-01
2.272255867719650546e-01
9.834317117929460006e-02
9.839567355811595917e-03
1.757051609456539154e-02
-2.408228069543838501e-01
-2.455351501703262607e-01
-9.029208868741987748e-02
7.881265878677368164e-02
4.726117253303527832e-01
3.788714408874512274e-01
3.752866089344025213e-01
1.473728418350219449e-01
-4.897433146834373474e-02
2.291365265846252441e-01
9.349044561386108398e-01
3.643843233585357666e-01
-5.816277116537093422e-02
-4.308808222413063049e-02
1.788512915372848511e-01
9.893251210451126099e-02
4.775144159793853760e-01
2.192802578210830688e-01
-9.333275258541107178e-02
-2.653848752379417072e-02
-1.117990240454673767e-01
1.159353554248809814e-01
-1.801112145185470581e-01
-2.059369236230850497e-01
-1.330988109111785889e-01
7.995332777500152588e-02
-5.983834713697433472e-02
-9.188244491815567017e-02
-1.119473483413458044e-02
6.893177051097154617e-03
-1.566410623490810394e-02
-1.313730180263519287e-01
-7.790415734052658081e-02
-1.212493553757667542e-01
6.903484463691711426e-02
6.335335969924928146e-02
7.011134177446365356e-02
1.700370223261415958e-03
8.437024056911468506e-02
-1.854202002286911011e-01
-1.607518941164016724e-01
-1.297835707664489469e-01
-1.960081905126571933e-01
-1.611522287130355835e-01
-2.739090658724308014e-02
-6.019356101751327515e-02
1.520297229290008545e-01
1.372428983449935913e-01
2.058903872966766635e-01
2.166099101305007935e-01
1.018762513995170593e-01
8.880808204412460327e-02
-1.581448130309581757e-02
5.261541903018952110e-02
-1.676337122917175293e-01
-1.305808573961257935e-01
-2.340583130717277180e-02
3.294150158762931824e-02
2.471257299184798917e-01
5.494871139526367188e-01
3.197523355484008789e-01
1.028602421283722063e-01
-8.576273173093795776e-02
3.853936493396759033e-01
-3.434110432863235474e-02
2.584098279476165771e-01
2.764286696910858154e-01
-9.029690176248550415e-03
7.571846991777420044e-02
1.747105419635772705e-01
2.721982896327972412e-01
4.763558134436608055e-02
3.513055667281151512e-02
4.751918837428092957e-02
1.493216007947921753e-01
4.912859946489333413e-02
-2.686272002756595959e-02
-3.020037114620208740e-01
-4.052111804485321045e-01
-1.762246787548065186e-01
-2.262686006724834442e-02
9.783210232853891200e-03
-4.230955615639687278e-02
-1.209352351725101644e-02
-2.500740066170692444e-02
4.559262692928314209e-01
4.238410294055938721e-01
2.116471827030181885e-01
6.364033371210096879e-02
3.090833425521850586e-01
2.724026739597321112e-01
-5.896243453025817177e-02
-1.502493917942047119e-01
-8.669452369213104248e-02
-7.199542224407196045e-02
-2.084522247314453125e-01
-2.096941471099853238e-01
1.048699766397476196e-02
-8.568697609007358551e-03
-8.307867497205734253e-02
1.137642562389373779e-01
1.762822866439819336e-01
4.590877890586853027e-02
-7.705213129520416260e-02
-4.651914909482001564e-02
-6.348241865634916825e-02
-1.826342046260833463e-01
7.920388132333755493e-03
2.223211675882339478e-01
1.312658190727233887e-01
-5.470819398760796287e-02
-1.280845850706100464e-01
-1.420881319791078741e-02
-3.009657561779022564e-02
2.758379466831684113e-02
-2.627829909324645996e-01
-1.668476164340972900e-01
-5.744019895792007446e-02
-1.259002685546875000e-01
-3.047776520252227783e-01
1.411337964236736298e-02
4.431891441345214844e-01
2.731328606605530340e-01
1.064419467002153397e-02
-6.066056340932846069e-02
2.484788149595260898e-01
4.542827606201171875e-01
2.143929153680801114e-01
6.024553775787353516e-01
3.644727468490601141e-01
1.396378129720687866e-01
7.698658108711242676e-02
-3.926749899983406067e-02
2.101942449808120728e-01
7.890336513519287109e-01
1.934736669063568115e-01
2.281300537288188934e-02
-6.062781065702439048e-02
7.055196762084960938e-01
5.253065228462219238e-01
6.997264027595520020e-01
1.062982529401779314e-01
-2.876029610633850098e-01
-1.318920254707336426e-01
-8.398064970970153809e-02
3.562906384468078613e-01
4.297505617141724188e-01
1.905165314674377164e-01
-2.555678486824036200e-01
-1.625562757253646851e-01
-1.948859989643096924e-01
2.944910153746604919e-02
4.500625729560852051e-01
6.156945824623107910e-01
2.123157531023025235e-01
2.439348101615905484e-01
5.442853569984436035e-01
-6.776761263608932495e-02
-8.167590200901031494e-02
6.190131232142447731e-02
1.940517574548721313e-01
2.605030834674835205e-01
4.180989414453506470e-02
-1.282105445861816406e-01
6.488056480884552002e-02
4.890787973999977112e-02
2.214427292346954623e-01
2.466887384653091431e-01
4.425901174545288086e-01
7.579510658979415894e-02
1.324244141578674594e-01
1.626747548580169400e-01
3.521195426583290100e-02
2.878007479012012482e-02
3.776502311229705811e-01
7.132080793380737305e-01
2.723180055618286133e-01
1.010817848145961935e-02
1.930382847785949707e-02
2.356371469795704235e-02
-7.326062186621129513e-04
-1.281570494174957275e-01
1.493358910083770752e-01
1.647936999797821045e-01
-4.122291505336762168e-02
-2.610182166099548340e-01
2.077127806842326771e-02
-4.630564153194428184e-02
2.854521200060844421e-02
9.156471490859983964e-02
-4.231262952089309692e-02
-8.322881162166595459e-02
-1.162212938070297241e-01
-3.976614475250244141e-01
-2.194946855306625366e-01
-1.533622145652770996e-01
1.398806273937225342e-01
8.346970193088054657e-03
-2.483226358890532892e-01
-1.345358490943908691e-01
-1.343431472778320590e-01
-1.479394882917404175e-01
-1.071145310997962952e-01
-1.459998339414596558e-01
9.094822406768800216e-02
-1.778003573417663921e-02
-5.210800096392631531e-02
1.569595187902450562e-02
8.581954240798950195e-02
-9.711297601461410522e-02
-3.198092877864837646e-01
-3.876165952533484373e-03
1.114568784832954407e-01
1.323446072638034821e-02
-8.372142910957336426e-02
8.996346592903137207e-02
-1.032364461570978165e-02
-1.189017370343208452e-01
-1.207586824893951555e-01
-4.489084705710411072e-02
-1.807665377855300903e-01
-8.593755960464477539e-02
-1.117273941636085649e-01
-1.408724933862686157e-01
-5.664685275405645370e-03
2.464305423200130463e-02
3.581855446100234985e-02
1.664808839559555054e-01
1.757624447345733365e-01
-8.015082776546476884e-02
-2.723346650600433003e-02
-6.143931671977042458e-02
2.485383003950119019e-01
3.986658155918120783e-01
2.750571370124816895e-01
7.921243458986282349e-02
2.589589655399322510e-01
7.562806606292724609e-01
5.708435177803039551e-01
6.620379537343978882e-02
3.878868743777275085e-02
1.664417795836925507e-02
6.430464237928390503e-02
2.459857054054736744e-02
-1.475261598825454712e-01
8.175571262836456299e-02
2.883478626608848919e-02
5.787901952862740257e-02
2.319510579109191895e-01
2.170538008213043213e-01
1.085699871182441573e-01
-1.410518437623977384e-01
-1.192452535033226013e-01
1.921975612640380859e-01
2.240670099854468952e-02
-2.108104676008224487e-01
-1.612591147422790527e-01
6.346690654754638672e-02
1.409665793180465421e-01
1.322584748268127441e-01
9.732228517532347245e-02
5.218361020088195801e-01
8.845581114292144775e-02
-1.141338199377059937e-01
2.410663217306137085e-01
8.759330213069915771e-02
-1.304050832986831387e-01
1.507562100887298584e-01
4.692671895027161200e-01
3.163452073931694031e-02
-4.858596995472908020e-02
-1.723509654402733196e-02
4.053987860679626465e-01
3.984315395355225164e-01
4.364066123962401234e-01
2.642037272453308105e-01
-7.051710784435272217e-02
-1.092879101634025574e-01
9.824354946613313155e-02
1.235164776444435258e-01
-8.273024111986160278e-02
-8.650030195713041825e-02
-8.792179822921752930e-02
-4.918562993407249451e-02
-1.909780874848365784e-02
2.869310230016708027e-02
1.732534170150756836e-01
1.457126289606094638e-01
9.035550057888032394e-02
9.747914224863052368e-02
1.553208194673061197e-02
-1.766434311866760531e-01
-1.494380682706832886e-01
-2.067293077707290372e-01
-1.551870703697204590e-01
5.645156651735306480e-02
3.273248672485351562e-02
9.853025525808334351e-02
-4.616805538535118103e-02
3.450196087360382080e-01
1.428204327821731567e-01
-6.268341559916735563e-03
7.691071927547454834e-02
1.607908010482788086e-01
2.635612338781356812e-02
-8.744282275438308716e-02
-1.265882253646850586e-01
-9.910576976835727692e-03
-1.387473009526729584e-02
-1.057170704007148743e-01
-2.237884104251861572e-01
-1.434542387723922729e-01
5.026486515998840332e-02
-1.441702544689178467e-01
-2.073942571878432672e-01
-1.217677351087331945e-02
3.148106038570404053e-01
1.493559628725051880e-01
1.770524084568023404e-01
2.515753963962196870e-03
-6.202562153339385986e-02
-1.428592801094055176e-01
-1.279695034027099609e-01
-1.619973219931125641e-02
-1.119485311210155661e-02
2.906287610530853271e-01
1.290644109249114990e-01
2.385560795664787639e-02
6.642614305019378662e-02
1.429788768291473389e-01
9.832014143466949463e-02
-1.052075326442718367e-01
-1.442169100046157837e-01
-7.822456210851669312e-02
4.943528212606906891e-03
7.666516304016111893e-02
5.777900218963623047e-01
2.181159257888793945e-01
7.044767737388610840e-01
1.530809700489044189e-01
9.821488708257676559e-02
2.967780828475952148e-01
3.093318343162537176e-01
5.606589317321777344e-01
6.768452525138854980e-01
5.654581189155578613e-01
8.691344410181046920e-02
9.700169786810876674e-03
-1.005124598741531372e-01
3.494576811790466309e-01
8.022946119308471680e-01
1.813688874244689941e-02
5.761700123548507690e-02
2.424835115671157559e-01
1.706796586513519287e-01
1.618742942810058594e-01
-9.005533903837203979e-02
1.150845177471637726e-02
5.294663086533545754e-02
1.919594258069992065e-01
4.097603261470794678e-01
5.907378792762756348e-01
1.758954226970672607e-01
-8.621101826429367065e-02
-4.191268086433410645e-01
-3.089203499257564545e-03
1.475462317466735840e-01
3.185019129887223244e-03
2.952451407909392755e-01
7.298768758773803711e-01
4.179300665855408270e-01
8.084110915660858154e-02
1.071131415665149515e-02
-9.369701147079467773e-02
