-6.065779209136962891e+00
-6.145616531372070312e+00
-6.434678554534912109e+00
-6.521545410156250000e+00
-6.070303916931152344e+00
-5.600865840911865234e+00
-4.917594909667968750e+00
-4.894463539123535156e+00
-4.276579856872558594e+00
-4.182936668395996094e+00
-4.125274181365966797e+00
-4.127247810363769531e+00
-4.436953067779541016e+00
-3.433561563491821289e+00
-2.251817703247070312e+00
-2.428253650665283203e+00
-3.288219451904296875e+00
-3.891005516052246094e+00
-4.156723499298096591e+00
-3.638060569763184038e+00
-4.080398082733153409e+00
-3.704155921936035156e+00
-2.794758796691894531e+00
-3.138546228408813032e+00
-2.597120523452759233e+00
-2.771313667297363725e+00
-2.663857221603393555e+00
-2.719259262084960938e+00
-2.778706789016724077e+00
-2.576443672180175781e+00
-2.910871267318725586e+00
-3.355251550674438477e+00
-3.675848960876464844e+00
-3.639230728149413618e+00
-3.054901361465453657e+00
-3.109534025192260742e+00
-2.840771913528442383e+00
-3.553905487060546875e+00
-3.177646398544311523e+00
-3.112980842590332031e+00
-3.147835731506348100e+00
-3.576005935668945312e+00
-3.049667119979858398e+00
-2.616397142410278320e+00
-2.269274711608886719e+00
-1.636444449424743652e+00
-1.434659481048583984e+00
-2.101866722106933594e+00
-2.649211883544921875e+00
-1.703355431556701660e+00
-1.887169361114501953e+00
-7.885309457778930664e-01
-5.414822101593017578e-01
-1.848917305469512939e-01
-2.999930002260953188e-04
5.235572457313537598e-01
2.541852891445160467e-01
3.664191067218781073e-01
3.897525668144226074e-01
3.602141439914703369e-01
5.075974464416503906e-01
2.416778951883316040e-01
1.084142923355102317e+00
8.990473151206970215e-01
1.606620311737060325e+00
1.324609398841857910e+00
-7.350631803274154663e-02
1.065155506134033203e+00
4.542856216430664062e-01
6.702083945274353027e-01
5.829864144325256348e-01
1.752260774374008179e-01
5.587239190936088562e-02
1.497750282287597379e-01
-8.066059350967407227e-01
6.951410905458032001e-04
-4.575300514698029120e-01
-2.449219375848769864e-01
-1.033267259597778320e+00
-1.295344591140747070e+00
-1.210037231445312500e+00
-2.183976888656615767e+00
-1.507633209228515625e+00
-1.852206110954284890e+00
-1.615787863731384499e+00
-1.905897140502929688e+00
-9.294920563697816052e-01
-1.106163859367370605e+00
-1.152737259864807129e+00
-1.102721214294433594e+00
-1.763853073120117188e+00
-1.933548569679260476e+00
-1.629704713821411133e+00
-1.499929547309875710e+00
-1.609400510787964089e+00
-1.513975501060485840e+00
-1.991809248924255593e+00
-1.716192603111266868e+00
-1.680469393730163574e+00
-1.664954900741577148e+00
-1.914488673210144043e+00
-2.034460544586181641e+00
-1.307160854339599609e+00
-1.615631103515625000e+00
-1.058451414108276367e+00
-1.504270195960998313e+00
-1.846444725990295632e+00
-9.666597843170166016e-01
-5.267345309257507324e-01
-1.136700034141540305e+00
-5.844096541404724121e-01
-3.962506055831909180e-01
-7.573021054267883301e-01
-2.404519617557525635e-01
-3.471685349941253662e-01
-3.988399505615233265e-01
-3.073226213455200195e-01
-9.790853857994079590e-01
-1.869588375091552734e+00
-1.316866397857666016e+00
-6.763212084770202637e-01
-1.405228257179260476e+00
-1.947133541107177512e+00
-1.559483289718628152e+00
-1.738678693771362305e+00
-2.015108108520508257e+00
-1.937068343162536843e+00
-1.757653713226318359e+00
-1.316895365715026855e+00
-1.568922519683838113e+00
-2.138731479644775391e+00
-1.623031377792358398e+00
-1.848049283027649148e+00
-2.955158948898315430e+00
-1.478343129158020020e+00
-1.674994945526123047e+00
-1.378874778747558594e+00
-1.024469733238220215e+00
-1.369041919708251953e+00
-1.280140399932861106e+00
-1.282701492309570312e+00
-1.713389039039611816e+00
-1.427561402320861816e+00
-4.988874793052672785e-01
-8.985283970832824707e-01
-1.683804988861083984e+00
-1.329379439353942871e+00
-1.660667538642883301e+00
-1.950683355331420898e+00
-1.795501112937927246e+00
-2.264070272445678711e+00
-2.549055099487304688e+00
-2.441728830337524414e+00
-2.600011348724364790e+00
-2.258480787277221680e+00
-2.327082633972167969e+00
-2.003489494323730469e+00
-2.031157732009888139e+00
-2.325810432434082031e+00
-2.682199716567993164e+00
-1.396398305892944336e+00
-1.516764760017395020e+00
-1.785432815551757812e+00
-1.827173829078674316e+00
-7.689164876937866211e-01
-1.783614277839660645e+00
-1.668331623077392578e+00
-1.103762030601501687e+00
-7.053858041763305664e-01
-1.058123350143432617e+00
-6.107595562934875488e-01
2.133918851613998413e-01
-9.220820665359495683e-02
2.378602921962738037e-01
-7.031296193599700928e-02
-1.321950554847717285e-01
9.446511268615723766e-01
3.886120021343231201e-01
3.104080557823181152e-01
1.441363811492919922e+00
1.932427287101745605e+00
1.365369796752929688e+00
2.208449602127075195e+00
2.605023860931396484e+00
1.877333402633666992e+00
1.821119546890258789e+00
1.767038226127624290e+00
2.680627346038818359e+00
2.634382724761962891e+00
1.668280601501464844e+00
2.558441162109375000e+00
2.441132307052612305e+00
3.536857604980468750e+00
2.068477630615234375e+00
2.186525821685791016e+00
2.686937093734740767e+00
2.882234573364258257e+00
3.200484752655029297e+00
3.208714723587036133e+00
3.592903137207031250e+00
3.657718896865844727e+00
4.149207592010498047e+00
4.196568489074707031e+00
2.970388174057006836e+00
1.923764824867248313e+00
1.959724068641662376e+00
1.956524133682250977e+00
1.329753160476684570e+00
2.345584034919739047e-01
2.137685716152191162e-01
-1.857138127088546753e-01
3.111314475536346436e-01
-1.055954813957214355e+00
-1.446783065795898438e+00
-2.006514549255370650e+00
-9.121654033660887562e-01
-1.087384819984435813e+00
-1.423530220985412598e+00
-1.989496588706970437e+00
-1.633358836174011230e+00
-1.533035278320312500e+00
-1.895797610282898171e+00
-1.892253279685973899e+00
-2.441439867019653320e+00
-3.003750085830688477e+00
-2.200601577758789062e+00
-1.699689507484436035e+00
-2.167423963546753374e+00
-3.283676147460937056e+00
-2.070175409317016602e+00
-2.110569953918456587e+00
-2.541368484497070312e+00
-1.765943408012389915e+00
-1.217212080955505371e+00
-1.429999232292175293e+00
-8.257229328155517578e-01
-5.102323889732360840e-01
-4.460968822240829468e-02
-1.447868645191192627e-01
1.786073595285415372e-01
1.358376383781432883e+00
1.367491960525512695e+00
1.606204152107238770e+00
1.286372661590576172e+00
1.308910846710205078e+00
2.481853723526000977e+00
1.777403473854064941e+00
2.435929536819458008e+00
3.120659828186035156e+00
3.412815809249877930e+00
2.936294317245483398e+00
4.450361728668212891e+00
4.369212150573730469e+00
5.629299163818358487e+00
7.426211833953857422e+00
8.260713577270507812e+00
8.165682792663574219e+00
9.112673759460449219e+00
8.968820571899414062e+00
9.356973648071287286e+00
9.457721710205078125e+00
1.010634231567382812e+01
1.013977527618408203e+01
1.189905548095703303e+01
1.084039211273193359e+01
1.038381862640380682e+01
1.073251533508300781e+01
9.850502967834472656e+00
9.238670349121093750e+00
9.202164649963380683e+00
9.994065284729003906e+00
9.819996833801269531e+00
8.632061004638673651e+00
9.089153289794921875e+00
8.953906059265136719e+00
9.976676940917966974e+00
8.864586830139160156e+00
8.666822433471679688e+00
7.384622097015380859e+00
7.344600677490233487e+00
6.700834274291992188e+00
5.482498168945312500e+00
5.262448310852050781e+00
4.963595390319824219e+00
4.445342540740966797e+00
3.280285596847533736e+00
3.741703987121582031e+00
4.472760200500488281e+00
3.891007900238037109e+00
2.193467378616333008e+00
2.502302885055541992e+00
3.036113262176513672e+00
3.312773704528808594e+00
1.420535206794738770e+00
-8.718018978834152222e-02
1.748908281326293945e+00
1.629869699478149414e+00
2.024351596832275391e+00
2.669527292251586914e+00
1.475356101989745872e+00
3.374551057815552202e+00
3.037989854812622070e+00
2.368575096130371094e+00
1.663035869598388894e+00
1.038330912590026855e+00
-9.903831779956817627e-02
-1.415559530258178711e+00
-2.436443328857421875e+00
-2.315810441970825195e+00
-2.388904094696044922e+00
-2.973179340362548828e+00
-3.804842948913573775e+00
-6.111383914947509766e+00
-6.479743957519531250e+00
-8.553004264831542969e+00
-6.857020378112792969e+00
-8.092259407043457031e+00
-5.947401046752929688e+00
-7.016753196716308594e+00
-5.668794631958007812e+00
-4.961592674255371094e+00
-3.074153184890747070e+00
-3.686789751052856001e+00
-1.606664180755615234e+00
-1.727878332138061523e+00
-1.656892657279968484e+00
-1.930686473846435547e+00
-3.880610466003417969e+00
-5.442677021026611328e+00
-7.838641166687012607e+00
-9.604087829589843750e+00
-9.944303512573242188e+00
-1.013579750061035156e+01
-9.885887145996093750e+00
-1.224984931945800781e+01
-1.379525756835937500e+01
-1.475648307800292969e+01
-1.563215065002441406e+01
-1.691374206542968750e+01
-1.735605621337890270e+01
-1.826030349731445312e+01
-1.716760826110840199e+01
-1.747421073913574219e+01
-1.581729412078857422e+01
-1.471389579772949219e+01
-1.386706829071044922e+01
-1.315886497497558594e+01
-1.477892589569091797e+01
-1.699870872497558594e+01
-1.824685478210448863e+01
-1.965219879150390625e+01
-1.998419570922851918e+01
-2.017429924011230469e+01
-2.023532295227050781e+01
-1.909562492370605113e+01
-1.800793075561523438e+01
-1.440450382232666016e+01
-1.367698192596435547e+01
-1.367844963073730469e+01
-1.295588111877441406e+01
-1.101064586639404297e+01
-1.056896877288818359e+01
-9.674735069274902344e+00
-7.592142581939697266e+00
-6.558724403381347656e+00
-7.379089832305907315e+00
-6.413702011108397549e+00
-6.185193061828612393e+00
-3.959889173507689542e+00
-1.633972287178039551e+00
-4.176346361637116034e-01
2.528648614883423296e+00
5.027666091918945312e+00
8.609295845031736505e+00
1.152752876281738459e+01
1.441173648834228516e+01
1.682542037963867188e+01
2.061429977416992188e+01
2.080641365051269176e+01
2.157411003112792969e+01
2.686793518066406605e+01
2.972939109802246094e+01
3.109010696411132812e+01
3.143431472778320312e+01
3.168336677551269176e+01
3.127816581726074574e+01
3.128911590576171875e+01
2.766419982910155895e+01
2.458645057678223012e+01
2.203613090515136719e+01
2.064215850830078125e+01
1.834104728698730469e+01
1.634119415283202770e+01
1.239353466033935547e+01
9.663908958435060370e+00
6.527272701263427734e+00
3.565936565399169922e+00
7.791772484779357910e-01
-2.075329780578613281e+00
-4.176944255828856534e+00
-6.029201507568358487e+00
-7.198835372924804688e+00
-9.167603492736816406e+00
-9.798336982727050781e+00
-1.166968917846679510e+01
-1.285995388031006037e+01
-1.637268638610840199e+01
-1.830974960327148438e+01
-1.953575515747070312e+01
-2.106218338012695312e+01
-2.123577499389648438e+01
-2.007055854797363637e+01
-2.030487060546875000e+01
-2.020352363586425426e+01
-2.072380447387695312e+01
-1.880556488037109375e+01
-1.821329498291015980e+01
-1.807746124267578125e+01
-1.784824943542480469e+01
-1.646100616455077770e+01
-1.576495361328125000e+01
-1.542815494537353516e+01
-1.386378479003906250e+01
-1.176600551605224432e+01
-9.098942756652832031e+00
-7.217253684997558594e+00
-5.874707698822021484e+00
-4.926311969757080078e+00
-4.564105987548828125e+00
-2.762957334518432617e+00
-2.854699850082397017e+00
-3.709208488464355913e+00
-5.314865112304688388e+00
-7.006898403167724609e+00
-7.531653881072997159e+00
-7.492412090301513672e+00
-7.851809501647949219e+00
-7.857512950897217685e+00
-8.194266319274902344e+00
-7.955070495605468750e+00
-7.797654628753662109e+00
-8.178661346435548651e+00
-8.711944580078125000e+00
-8.603729248046875000e+00
-8.742840766906736505e+00
-8.107066154479980469e+00
-7.051004886627197266e+00
-5.580734252929688388e+00
-4.283079624176024502e+00
-4.533458232879638672e+00
-4.542862415313721591e+00
-3.249404907226562500e+00
-6.235677003860473633e-01
4.137811660766601562e-01
7.792149186134338379e-01
5.730670690536499023e-01
2.243542671203613281e+00
4.427592754364013672e+00
4.345914840698241299e+00
4.169405937194823331e+00
5.821565628051757812e+00
6.316384315490722656e+00
6.486514568328857422e+00
6.785531520843505859e+00
6.615943908691406250e+00
8.345295906066894531e+00
9.305696487426757812e+00
9.407795906066896308e+00
1.075201225280761719e+01
9.807363510131835938e+00
8.376024246215820312e+00
8.679799079895019531e+00
7.360260486602782315e+00
3.895569324493408203e+00
7.062553167343140759e-01
-7.425859570503234863e-01
-2.814434766769409180e+00
-2.761555194854736328e+00
-2.550170183181762695e+00
-2.315993785858154297e+00
-3.794957876205443892e+00
-4.810910701751708984e+00
-5.315714359283447266e+00
-4.757133960723876953e+00
-3.743334054946899414e+00
-8.806111216545104980e-01
-6.532905697822570801e-01
-1.338926553726196289e+00
-1.130711674690246582e+00
1.171348333358764648e+00
2.617239236831665039e+00
5.209170818328856534e+00
9.306597709655761719e+00
1.296510124206542969e+01
1.611034584045409801e+01
1.994519805908203125e+01
2.381455421447753906e+01
2.643561744689941051e+01
2.881122207641601562e+01
3.241913223266601562e+01
3.394486999511719461e+01
3.557764053344726562e+01
3.625426483154296875e+01
3.682028579711914062e+01
3.701208496093750000e+01
3.756294250488281250e+01
3.685066604614257812e+01
3.818148422241210938e+01
3.870027923583984375e+01
3.847570800781250000e+01
3.830714797973632812e+01
3.666718673706054688e+01
3.201125335693359375e+01
3.072368049621582031e+01
2.844900703430176137e+01
2.552855300903320312e+01
2.328837394714355469e+01
2.182044792175292969e+01
2.037651634216308594e+01
1.896155166625976562e+01
1.868478012084960938e+01
1.832656097412109375e+01
1.813512420654296875e+01
1.661077880859375000e+01
1.551234054565429510e+01
1.375694751739501953e+01
9.412945747375488281e+00
4.966236114501953125e+00
-9.404565095901488148e-01
-6.837820529937744141e+00
-1.162016105651855469e+01
-1.576483440399169922e+01
-2.059200096130371094e+01
-2.464425468444823863e+01
-2.709657478332519531e+01
-3.019550132751464844e+01
-3.086098480224609020e+01
-3.100060462951660156e+01
-3.340269470214844461e+01
-3.721815109252929688e+01
-4.094001007080078125e+01
-4.256310272216796875e+01
-4.495251846313477273e+01
-4.393729782104492188e+01
-4.421880340576171875e+01
-4.253890991210937500e+01
-4.141006851196289062e+01
-3.941984558105468750e+01
-3.822250747680664062e+01
-3.679277801513671875e+01
-3.538235473632812500e+01
-3.412708282470703125e+01
-3.332309341430664062e+01
-3.326222229003905539e+01
-3.135044288635253906e+01
-3.135156059265137074e+01
-2.823782730102539062e+01
-2.655953788757323863e+01
-2.456995773315429688e+01
-2.180992698669433594e+01
-1.946948051452636719e+01
-1.651770210266113281e+01
-1.441633033752441406e+01
-1.246039676666259766e+01
-1.303947353363037287e+01
-1.352468299865722656e+01
-1.249163436889648438e+01
-9.193597793579101562e+00
-7.014982223510742188e+00
-4.620240688323974609e+00
-2.868516921997070312e+00
-1.741775274276733398e+00
-2.051933526992798296e+00
-2.563375234603881836e+00
-3.224065065383911133e+00
-3.419797420501708984e+00
-2.711946249008178711e+00
-2.973641157150268999e+00
-2.441382646560668945e+00
-1.711675286293029785e+00
-4.334249794483184814e-01
-4.769490063190460205e-01
4.849893152713776190e-01
2.231344223022460938e+00
4.654000282287597656e+00
6.237158298492432529e+00
7.147024631500244141e+00
4.969961166381835938e+00
4.248849868774413174e+00
3.552767038345336914e+00
2.065342187881469727e+00
1.804955959320068359e+00
3.312919616699218750e+00
5.927125930786132812e+00
8.432601928710937500e+00
9.945884704589843750e+00
1.191069221496582031e+01
1.279480743408203303e+01
1.120279693603515625e+01
8.562058448791503906e+00
5.772075176239013672e+00
3.828851222991943803e+00
2.915887832641601562e+00
2.524965763092041016e+00
2.393394947052001953e+00
2.162111520767211914e+00
2.296874761581420898e+00
4.135151863098144531e+00
7.557200431823729581e+00
9.568749427795410156e+00
1.129269695281982422e+01
1.086956214904785156e+01
1.306817150115966797e+01
1.545241737365722656e+01
1.732321548461914062e+01
1.875030326843261363e+01
2.037541580200195312e+01
2.335893440246582031e+01
2.446795272827148438e+01
2.493867874145507812e+01
2.530932235717773082e+01
2.325742340087890625e+01
2.281823348999023438e+01
2.106142234802246094e+01
2.105723381042480469e+01
1.924874877929687500e+01
1.813057518005371094e+01
1.802813148498535156e+01
1.481399631500243963e+01
1.505105876922607422e+01
1.193733692169189453e+01
1.008552932739257812e+01
8.711568832397460938e+00
7.079110145568847656e+00
6.982887268066406250e+00
6.174078464508057529e+00
4.896972656250000000e+00
2.630752325057983398e+00
2.137803077697754350e+00
3.321964740753173828e+00
3.862029552459716797e+00
3.444742441177368164e+00
3.277744531631469727e+00
1.625959753990173118e+00
4.631592333316802979e-02
-2.535014390945434570e+00
-4.921343803405761719e+00
-8.448323249816894531e+00
-1.135004711151123047e+01
-1.542450332641601562e+01
-1.992811584472655895e+01
-2.265295600891112926e+01
-2.255517578125000000e+01
-2.367727088928223012e+01
-2.155424499511718750e+01
-2.034697914123535156e+01
-2.185854721069335938e+01
-2.192741584777832031e+01
-2.303610610961914062e+01
-2.380578041076660156e+01
-2.202042961120605113e+01
-2.317433166503906605e+01
-2.004785728454589844e+01
-2.004749679565429688e+01
-2.206385803222655895e+01
-2.267177963256835938e+01
-2.240685462951660156e+01
-2.100115203857421875e+01
-2.016227340698242543e+01
-1.752204704284667969e+01
-1.505091190338134766e+01
-1.311536026000976562e+01
-1.227780342102050781e+01
-1.079890537261962713e+01
-9.707288742065429688e+00
-8.455044746398925781e+00
-2.589889049530029297e+00
-3.517534971237182617e+00
4.655861854553223211e-01
6.729879379272460938e-01
3.861427307128906250e-01
-2.638701722025871624e-02
2.340622395277023593e-01
-2.553857564926147461e-01
8.810608386993408203e-01
2.474639654159545898e+00
3.057497739791870117e+00
4.548658370971679688e+00
4.483102321624755859e+00
6.731204509735107422e+00
3.946462631225586382e+00
3.864497900009155273e+00
2.145946979522705078e+00
-2.881064414978027344e-01
-2.490010023117064986e+00
-2.248845577239990234e+00
-1.823785901069640891e+00
-7.183753252029418945e-01
-2.993884384632110596e-01
1.197705745697021706e+00
2.939933776855468750e+00
4.306361198425292969e+00
5.749119281768798828e+00
7.741513729095458984e+00
5.213506221771240234e+00
-6.125599145889282227e-01
-5.845003128051757812e+00
-8.411697387695312500e+00
-1.137357807159423828e+01
-1.481069374084472656e+01
-1.637590980529784801e+01
-1.786612319946289062e+01
-1.678593444824218750e+01
-1.365814304351806463e+01
-8.983518600463867188e+00
-5.223718166351318359e+00
-3.728330373764038086e+00
-2.700414419174194336e+00
-2.257328748703002930e+00
-7.409012317657470703e-01
-8.928396701812744141e-01
1.683867096900939941e+00
1.265081644058227539e+00
2.399629354476928711e+00
3.457191228866576704e+00
4.515402793884277344e+00
5.225537300109863281e+00
4.333133697509766513e+00
4.516957759857177734e+00
5.770055294036865234e+00
7.692285060882567471e+00
8.660019874572753906e+00
1.037252712249756037e+01
1.237924480438232422e+01
1.385714340209960938e+01
1.506897544860839844e+01
1.612103080749511363e+01
1.764366340637207031e+01
1.642684936523437500e+01
1.551509857177734553e+01
1.396430397033691406e+01
1.489052772521972656e+01
1.449670314788818537e+01
1.478954887390136719e+01
1.496946144104003906e+01
1.496881103515625000e+01
1.434653282165527344e+01
1.238280487060546697e+01
1.019259071350097656e+01
8.649546623229980469e+00
1.124109935760498047e+01
1.231284618377685547e+01
1.268366336822509766e+01
1.360728645324707031e+01
1.322653675079345525e+01
1.430181026458740234e+01
1.470473098754882812e+01
1.344724941253661932e+01
1.366823863983154475e+01
1.237955760955810547e+01
1.185217475891113281e+01
9.089869499206542969e+00
7.389030933380127841e+00
5.239458560943604404e+00
4.139175891876221591e+00
2.873316287994384766e+00
2.031912565231323242e+00
1.671108976006508220e-02
-5.763471722602844238e-01
-2.083178997039794922e+00
-2.188346624374389648e+00
-5.157103538513183594e+00
-6.762864112854003906e+00
-1.022863960266113281e+01
-1.040588474273681641e+01
-1.008680820465088068e+01
-1.006005668640136719e+01
-9.294260978698730469e+00
-8.974605560302734375e+00
-9.019778251647949219e+00
-1.108227825164794922e+01
-1.130185031890869318e+01
-1.241015720367431463e+01
-1.224610519409179510e+01
-1.199353599548339844e+01
-1.132970428466796697e+01
-9.494210243225097656e+00
-8.828107833862304688e+00
-5.905015468597412109e+00
-3.871726512908935991e+00
-1.883152723312378152e+00
-2.029576778411864790e+00
-1.179396510124206321e+00
-1.255560994148254395e+00
-4.799161255359650213e-01
7.544452548027038574e-01
2.095251560211181641e+00
3.134732723236083984e+00
2.841272830963134766e+00
1.949110031127929688e+00
2.647205829620361328e+00
2.434139490127563477e+00
1.651165604591369629e+00
1.129650115966796875e+00
2.682759761810302734e+00
5.330045223236083984e+00
4.503459453582763672e+00
5.044214725494384766e+00
4.492891311645507812e+00
6.252845287322997159e+00
6.259983539581298828e+00
7.530675888061522549e+00
8.351725578308105469e+00
9.011720657348632812e+00
8.371359825134277344e+00
6.952809333801269531e+00
7.702696800231933594e+00
7.413005352020263672e+00
7.082979679107666016e+00
7.861272811889647549e+00
8.117585182189941406e+00
7.129483222961425781e+00
7.358416080474852627e+00
8.097546577453611505e+00
5.749603748321532315e+00
6.293555259704589844e+00
6.610328197479247159e+00
6.084539413452147549e+00
5.084587574005126953e+00
2.471513032913208008e+00
2.152957439422607422e+00
5.217484235763549805e-01
6.412199139595031738e-01
2.529297828674316406e+00
3.042844772338866743e+00
2.958327770233154297e+00
3.789441347122191939e+00
3.771618127822876421e+00
6.368315696716308594e+00
6.143132686614990234e+00
4.778879165649414062e+00
3.733110666275023970e+00
3.710193395614623579e+00
2.927921295166016069e+00
3.997705459594727007e+00
2.396951436996459961e+00
2.198958635330199751e+00
2.183326721191406250e+00
9.019380211830140270e-01
6.274604797363281250e-01
1.219650626182556152e+00
4.978590309619904120e-01
-1.481428593397140503e-01
-9.820247888565063477e-01
-1.542081356048583984e+00
-6.654563546180725098e-01
-2.033226966857909712e+00
8.783084750175476074e-01
1.353551626205444336e+00
1.148610949516296387e+00
1.072656631469726562e+00
4.383169412612915039e-01
1.451919823884963989e-01
7.527768611907958984e-01
4.954180717468262274e-01
5.658512711524963379e-01
-3.201368153095244806e-01
-1.247687101364135520e+00
-3.132324516773223877e-01
-4.194821417331696112e-01
-1.015878081321716309e+00
-2.581129789352416992e+00
-2.606803178787231445e+00
-4.234981536865233487e+00
-4.950838565826416016e+00
-6.211280345916747159e+00
-6.566317081451416016e+00
-6.313494205474853516e+00
-6.957177639007567471e+00
-6.988076686859130859e+00
-7.110863685607910156e+00
-8.249671936035156250e+00
-7.648159027099608487e+00
-9.415109634399414062e+00
-9.704190254211425781e+00
-9.236673355102539062e+00
-9.336169242858886719e+00
-9.219882965087890625e+00
-9.497736930847167969e+00
-9.804045677185060370e+00
-1.110364818572998047e+01
-1.011106872558593750e+01
-1.088113594055175781e+01
-9.906785011291503906e+00
-1.004465198516845703e+01
-8.614506721496582031e+00
-8.542475700378417969e+00
-8.320886611938478339e+00
-7.726499557495117188e+00
-7.636347770690917969e+00
-7.702464103698729581e+00
-7.491154193878173828e+00
-7.845077037811278409e+00
-8.470659255981445312e+00
-9.389372825622560370e+00
-8.714609146118164062e+00
-8.749917030334472656e+00
-9.289249420166015625e+00
-1.028265571594238281e+01
-1.079561328887939631e+01
-1.107798957824707031e+01
-1.147449970245361328e+01
-1.070360183715820312e+01
-9.598651885986328125e+00
-8.739076614379882812e+00
-7.438004493713378906e+00
-6.268646240234375000e+00
-5.373006343841552734e+00
-5.352728843688964844e+00
-5.296835899353027344e+00
-4.821658134460449219e+00
-4.222673416137694424e+00
-3.190177202224731445e+00
-2.576606273651123047e+00
-2.198771715164185014e+00
-1.893534183502197266e+00
-2.118190526962280273e+00
-1.442501664161681907e+00
-2.138421297073364258e+00
-1.128875255584716797e+00
-6.904073357582092285e-01
1.160420104861259460e-02
3.696157038211823065e-01
5.389559268951416016e-01
4.881677329540253241e-01
9.374759793281556286e-01
7.786729335784912109e-01
6.010411381721496582e-01
6.371926516294479370e-02
-8.499909639358520508e-01
-7.694340944290161133e-01
-1.948976874351501243e+00
-1.923116922378540039e+00
-2.169968128204345703e+00
-2.941465616226196289e+00
-3.188007116317748579e+00
-4.124011993408203125e+00
-4.329727649688721591e+00
-3.516782760620116743e+00
-3.320724010467529297e+00
-3.789773941040038618e+00
-4.339089870452881748e+00
-4.690495014190673828e+00
-5.082987308502197266e+00
-4.540148258209228516e+00
-3.869835376739501953e+00
-3.978453874588012695e+00
-3.519273519515991211e+00
-4.396529197692871094e+00
-4.058250904083251953e+00
-3.362175226211548296e+00
-3.957635879516601562e+00
-4.196702480316162109e+00
-4.096917152404785156e+00
-3.778271436691283736e+00
-2.866539001464844194e+00
-2.420983076095581055e+00
-1.836846470832824707e+00
-1.359501481056213379e+00
6.604928374290466309e-01
8.328712582588195801e-01
7.870796918869018555e-01
9.032320976257324219e-01
1.601635336875915527e+00
2.315923452377319780e+00
3.360119581222533736e+00
3.336041212081908736e+00
4.051966190338134766e+00
4.318317413330078125e+00
4.977756977081298828e+00
6.656899929046630859e+00
7.020838260650634766e+00
6.306005001068115234e+00
5.536624908447266513e+00
5.927680969238281250e+00
5.125281333923339844e+00
5.479885101318358487e+00
5.406245231628417969e+00
6.535215854644775391e+00
5.973624229431152344e+00
7.194403648376464844e+00
7.559915542602539062e+00
7.049727916717528409e+00
8.251020431518554688e+00
9.391576766967773438e+00
9.665007591247560370e+00
9.749173164367675781e+00
1.061089324951172053e+01
9.724137306213380683e+00
9.703093528747560370e+00
9.312177658081056464e+00
9.730562210083007812e+00
1.107416534423827947e+01
1.066826343536376953e+01
9.196649551391601562e+00
8.396270751953125000e+00
9.020880699157716620e+00
8.740614891052246094e+00
8.198107719421388495e+00
8.352592468261718750e+00
7.946280956268310547e+00
7.297092914581298828e+00
5.707435131072997159e+00
5.859040737152099609e+00
5.307773590087891513e+00
4.488039970397949219e+00
4.746026992797851562e+00
5.484257698059082031e+00
5.106241226196289062e+00
4.614865303039550781e+00
4.821418285369873047e+00
5.330935955047606534e+00
6.751609325408936435e+00
7.536703586578369141e+00
7.381007671356201172e+00
6.778170108795166016e+00
5.679261684417724609e+00
6.986747741699218750e+00
7.165536880493164062e+00
6.931502819061278409e+00
6.860790729522705078e+00
5.471463203430175781e+00
4.744857788085937500e+00
4.433184146881104404e+00
4.959012985229492188e+00
4.578117847442626953e+00
4.695337295532226562e+00
4.108041286468506748e+00
4.865874290466308594e+00
6.583569049835205078e+00
5.774740695953369141e+00
5.769927501678467685e+00
4.720616817474365234e+00
4.786969184875488281e+00
5.021416187286376953e+00
5.184523582458496094e+00
5.442586421966552734e+00
4.724219799041748047e+00
4.227491378784180576e+00
3.321224212646484375e+00
2.758785009384155718e+00
2.565171003341674805e+00
1.757840394973754883e+00
1.109105587005615234e+00
7.187533378601074219e-01
-1.663174293935298920e-02
2.367592453956604004e-01
3.128643333911895752e-01
-1.919550597667694092e-01
1.367845386266708374e-01
7.239880412817001343e-02
-5.054358858615159988e-03
8.947898149490356445e-01
1.010916113853454590e+00
1.659602165222168191e+00
1.696054220199584961e+00
3.607323884963988814e+00
3.082502365112304688e+00
3.024574041366576704e+00
3.413563013076782227e+00
2.683763504028320312e+00
2.899854421615600586e+00
2.244363307952880859e+00
2.953596115112304688e+00
1.781231522560119629e+00
-6.395918875932692094e-02
-4.053634405136108954e-01
-1.977838754653930886e+00
-2.195189952850341797e+00
-2.052355766296386719e+00
-8.993318080902099609e-01
-7.582225799560546875e-01
-1.632774829864501953e+00
3.920316696166992188e-01
3.358907997608184814e-01
1.031357049942016602e+00
-1.591217964887619019e-01
-7.762199640274047852e-01
-1.135282278060913086e+00
-7.154783010482788086e-01
5.787525177001953125e-01
1.836548328399658425e+00
7.709825634956359863e-01
8.917372226715087891e-01
-2.399269044399260919e-01
5.193630233407021436e-03
-3.759694397449492853e-01
-3.021015226840972900e-01
4.362569749355316162e-01
8.832689523696899414e-01
-4.657527804374694824e-01
-2.463027954101562500e+00
-3.198027372360229048e+00
-2.787282466888428178e+00
-5.312436103820800781e+00
-4.829226970672606534e+00
-2.733989477157592773e+00
-1.831225514411926492e+00
-4.601459026336669922e+00
-6.458722591400146484e+00
-8.361003875732423651e+00
-1.047435092926025391e+01
-1.181188488006591797e+01
-1.154274272918701172e+01
-1.128265953063964844e+01
-1.184253692626953303e+01
-1.323997783660888672e+01
-1.487872982025146484e+01
-1.551003265380859553e+01
-1.446832561492919922e+01
-1.454835319519042969e+01
-1.370455360412597479e+01
-1.286649322509765447e+01
-1.203818321228027344e+01
-1.177883148193359553e+01
-1.075511074066161932e+01
-1.105271148681640625e+01
-1.218963813781738459e+01
-1.314585304260253906e+01
-1.141197013854980469e+01
-1.018766117095947266e+01
-1.039275455474853693e+01
-1.110525226593017578e+01
-1.071978950500488281e+01
-1.028163528442382812e+01
-1.150838470458984553e+01
-1.113743877410888672e+01
-9.938140869140623224e+00
-8.615742683410644531e+00
-7.711809635162353516e+00
-9.837189674377439630e+00
-9.112480163574220526e+00
-9.150710105895996094e+00
-1.083735466003417969e+01
-1.217144203186035156e+01
-9.663764953613279474e+00
-7.683049201965332031e+00
-8.511442184448242188e+00
-8.867208480834960938e+00
-6.883012771606445312e+00
-5.307961940765380859e+00
-7.005849838256835938e+00
-4.252652645111083984e+00
-1.691001534461975098e+00
-3.233908891677856445e+00
-2.083652019500732422e+00
-3.315365076065063477e+00
-3.721354484558105469e+00
-4.038577556610106534e+00
-2.793364286422729048e+00
3.150199174880981001e+00
4.214228630065917969e+00
5.609605312347412109e+00
5.759732723236083984e+00
6.258434295654297763e+00
1.029498863220214844e+01
1.136621665954589844e+01
1.082993316650390625e+01
1.115976238250732422e+01
1.066420555114746094e+01
1.628060913085937500e+01
1.914474296569823863e+01
2.302996444702148438e+01
2.223232269287109375e+01
2.251915168762207031e+01
2.350246429443359375e+01
2.264208793640137074e+01
2.140015602111816406e+01
1.907747077941894531e+01
1.934048080444335938e+01
1.950089836120605113e+01
1.680776405334472656e+01
1.356411743164062500e+01
1.291965198516845525e+01
1.614476013183593750e+01
1.630311775207519531e+01
1.443238544464111328e+01
1.216600227355957031e+01
1.078393840789794922e+01
9.730757713317872870e+00
1.086833477020263672e+01
1.213360309600830078e+01
1.515682029724121271e+01
1.602425956726074219e+01
1.396526718139648438e+01
1.169510078430175781e+01
1.151579761505126953e+01
9.985578536987304688e+00
1.057782268524169922e+01
4.730446815490722656e+00
1.100881338119506836e+00
1.821147561073303223e+00
2.428280591964721680e+00
1.812503099441528320e+00
7.432345151901245117e-01
-2.071976661682129350e+00
-1.745433509349822998e-01
3.323413610458373579e+00
3.147081851959228516e+00
4.096199989318848544e+00
2.871160268783569336e+00
5.107248783111572266e+00
3.890854597091674805e+00
7.716356515884399414e-01
-9.317998886108398438e-01
-2.431611299514770508e+00
-1.789705753326416016e+00
-4.098525524139403409e+00
-6.159015655517577237e+00
-6.877831935882567471e+00
-9.148733139038085938e+00
-7.901725292205809659e+00
-7.515791416168212891e+00
-7.087559223175048828e+00
-4.135426521301269531e+00
-5.212925076484679066e-01
2.948136568069458008e+00
-8.488362282514572144e-02
-9.768648147583007812e-01
1.259286522865295410e+00
1.047080159187317117e+00
-7.035411596298217773e-01
-2.575174093246459961e+00
-3.116111993789673296e+00
-1.062171339988708496e+00
-2.332927733659744540e-01
-2.493526458740234375e+00
-4.825587749481201172e+00
-5.350748062133789062e+00
-1.495647072792053223e+00
-1.184139132499694824e+00
-1.685454845428466797e+00
-5.979622602462768555e-01
-5.012913942337036133e-01
-8.415612578392028809e-01
1.693111777305603027e+00
2.751853942871093750e+00
1.743009805679321289e+00
4.495794296264648438e+00
2.560493230819701704e+00
-4.209852516651153564e-01
-3.463659763336181641e+00
-3.897696256637572798e+00
-1.266493558883666992e+00
-2.490378618240356445e+00
-3.550347805023193359e+00
-6.726554870605468750e+00
-1.003143215179443359e+01
-1.137183666229248047e+01
-1.300754356384277344e+01
-1.102836132049560369e+01
-1.068080806732177557e+01
-1.310847091674804688e+01
-1.180487823486327947e+01
-1.325986671447753906e+01
-1.333071136474609553e+01
-1.225083541870117188e+01
-1.135676097869873047e+01
-8.418515205383299005e+00
-1.116160297393798828e+01
-1.424973297119140447e+01
-1.938866043090820312e+01
-2.004032707214355469e+01
-1.978055191040039062e+01
-1.957172393798828125e+01
-2.088809585571289062e+01
-2.174050140380859375e+01
-2.214462280273437145e+01
-2.176068496704101562e+01
-1.884555816650390625e+01
-1.986181449890136719e+01
-1.759555053710937500e+01
-1.630445861816406250e+01
-1.399721717834472656e+01
-1.567120838165283203e+01
-1.461372184753417969e+01
-1.071561622619628729e+01
-1.001346397399902344e+01
-1.119794559478759766e+01
-1.179172801971435547e+01
-1.221887493133544922e+01
-1.348949718475341797e+01
-1.514507675170898438e+01
-1.523491764068603516e+01
-1.302016639709472656e+01
-1.234690189361572443e+01
-1.576795768737792969e+01
-1.391512966156006037e+01
-9.116580009460449219e+00
-5.606451034545898438e+00
-5.314696788787841797e+00
-5.463369369506835938e+00
-4.146375656127930576e+00
-6.321740627288817471e+00
-7.974220275878906250e+00
-9.555296897888183594e+00
-1.005942535400390625e+01
-5.443096637725830078e+00
-4.851719856262207031e+00
-4.872757434844971591e+00
-4.093059539794921875e+00
-3.308879852294921875e+00
-4.038260936737060547e+00
-4.222505092620850498e+00
-4.260834693908691406e+00
-5.443287849426269531e+00
-4.898291587829589844e+00
-3.228533029556274414e+00
-3.170940876007080078e+00
-2.660340070724487749e+00
-1.584053635597229004e+00
5.044226050376892090e-01
1.201759099960327148e+00
-1.414575934410095215e+00
-4.259402751922606534e+00
-4.431230545043945312e+00
-2.773217916488647461e+00
-1.419348597526550293e+00
1.246548771858215110e+00
9.928752779960632324e-01
2.618194341659545898e+00
3.168339490890502930e+00
7.483975887298583984e+00
8.128861427307128906e+00
6.176173686981201172e+00
4.289340496063231534e+00
5.535524368286132812e+00
4.652854919433593750e+00
6.039912223815917969e+00
6.791402816772460938e+00
6.874511241912842685e+00
8.579298973083496094e+00
8.795736312866210938e+00
7.736048698425292969e+00
8.625403404235839844e+00
7.752532482147217685e+00
5.886480808258057529e+00
6.306100845336914062e+00
5.473044395446777344e+00
5.451207637786865234e+00
6.420203208923339844e+00
6.544447898864746094e+00
5.407231330871582031e+00
5.139608383178710938e+00
6.329795837402343750e+00
7.191162109375000000e+00
6.619892597198486328e+00
4.855242252349853516e+00
5.727128028869628906e+00
4.839165210723876953e+00
4.884721279144287109e+00
4.463010311126708984e+00
4.306623935699462891e+00
4.763805389404296875e+00
4.546487331390380859e+00
4.510239601135253906e+00
4.047717094421386719e+00
5.006571292877197266e+00
3.529970884323120117e+00
4.088612079620361328e+00
3.742895841598511186e+00
4.238593101501464844e+00
6.120222568511962891e+00
5.259181499481201172e+00
5.177552700042724609e+00
4.620436191558837891e+00
5.039457798004150391e+00
5.771019458770752841e+00
4.766267299652099609e+00
4.851530551910400391e+00
4.973381042480468750e+00
3.803797721862792969e+00
2.321515560150146484e+00
1.364327669143676758e+00
1.579186558723449707e+00
1.342295050621032715e+00
1.394675254821777122e+00
4.784354865550994873e-01
-2.102297991514205933e-01
-3.829046189785004217e-01
-6.162858009338378906e-01
-1.776304125785827637e+00
-1.719805002212524414e+00
-2.524267911911010742e+00
-1.539564967155456321e+00
-1.905879378318786399e+00
-8.169281482696533203e-01
-1.897663712501525657e+00
-8.191593885421752930e-01
-8.862888813018798828e-01
-9.497179985046387829e-01
-4.954252243041992188e-01
-4.917225539684296209e-01
-1.571246534585952759e-01
3.840606510639191229e-01
3.383269011974335272e-01
3.592002019286156395e-02
5.292981863021850586e-01
1.331976413726806641e+00
1.237831234931945801e+00
1.171154737472534180e+00
1.696547746658325195e+00
1.634614944458007812e+00
1.738467574119568093e+00
2.969704627990722656e+00
4.040733337402343750e+00
2.991127014160155806e+00
2.825554132461548296e+00
2.984854698181152344e+00
4.190153121948241299e+00
3.943255901336669922e+00
4.952581882476806641e+00
4.644312381744384766e+00
3.794114351272583008e+00
3.515062332153320312e+00
3.464801073074341264e+00
3.499550342559814453e+00
2.505559206008911133e+00
3.713090181350708008e+00
4.261005878448486328e+00
4.536297321319580078e+00
4.205464363098144531e+00
3.788388013839721680e+00
3.630093812942504883e+00
3.424364089965820312e+00
2.894448995590209961e+00
2.562297344207764116e+00
2.652009010314941406e+00
2.315793514251708984e+00
1.610178351402282715e+00
1.658761620521545410e+00
1.204129099845886230e+00
8.352242112159729004e-01
1.852385282516479492e+00
1.047084927558899148e+00
1.068675279617309570e+00
1.247514009475708008e+00
-2.543600276112556111e-02
8.560477197170257568e-02
-4.271909296512603760e-01
3.152354955673217773e-01
-1.108388900756835938e+00
-1.025619268417358398e+00
-1.016552448272704856e+00
-1.694445371627807617e+00
-2.158021926879883257e+00
-2.332172870635986328e+00
-2.345689296722412109e+00
-3.195546865463256836e+00
-2.992166519165038618e+00
-3.561977148056030273e+00
-2.737216472625732422e+00
-3.048633575439453125e+00
-3.217024087905883789e+00
-4.087419986724853516e+00
-4.335731983184815341e+00
-3.492075920104980469e+00
-3.432716369628906250e+00
-3.312259912490844727e+00
-3.862874507904052734e+00
-4.688170909881591797e+00
-3.703460216522216797e+00
-4.974607467651367188e+00
-5.205959320068358487e+00
-5.746071338653564453e+00
-5.852968692779541016e+00
-5.766020774841308594e+00
-6.280546188354492188e+00
-6.935057163238525391e+00
-5.419499874114990234e+00
-5.288047790527343750e+00
-5.134246826171875000e+00
-5.361620903015136719e+00
-3.683694601058959961e+00
-4.962534904479980469e+00
-4.560347080230712891e+00
-4.031624317169189453e+00
-3.632981538772583008e+00
-4.154537677764893466e+00
-4.508416652679443359e+00
-2.838557720184326172e+00
-2.488466739654541016e+00
-1.907622337341308816e+00
-1.682255625724792480e+00
-2.193319559097290039e+00
-2.341860055923461914e+00
-2.167540192604064941e-01
-1.728658556938171387e+00
-1.395323038101196289e+00
-1.466697931289672852e+00
-1.548998475074768066e+00
-1.240378141403198242e+00
-1.193712711334228294e+00
-6.834043264389038086e-01
-4.119903147220612127e-01
-1.414402723312377930e-01
-9.343847632408142090e-01
-3.658620119094849188e-01
-1.124232262372970581e-01
-7.536134123802185059e-01
-1.613173842430114746e+00
-2.052743196487426758e+00
-1.391051173210144043e+00
-2.149490594863892046e+00
-1.794742941856384499e+00
-9.745157361030579724e-01
-1.231796026229858398e+00
-1.658570885658264160e+00
-9.381157159805297852e-01
-7.142046093940734863e-01
-5.732649564743041992e-01
-8.667544126510620117e-01
-7.126292586326599121e-01
-6.428664326667785645e-01
5.834165215492248535e-01
3.793090879917144775e-01
2.347077876329421997e-01
1.472637414932250977e+00
3.189176321029663086e-01
1.403954982757568359e+00
4.161875844001770020e-01
3.735357522964477539e-01
2.000569820404052734e+00
1.679938077926635520e+00
1.103703975677490234e+00
-1.641519814729690552e-01
1.505844354629516602e+00
6.962117552757263184e-01
1.047621726989745872e+00
1.941856145858764870e+00
1.177239060401916504e+00
6.488685011863708496e-01
7.901462912559509277e-01
7.171043753623962402e-01
1.103148460388183594e+00
7.100580334663391113e-01
1.437449812889099121e+00
1.441844105720520020e+00
7.365162968635559082e-01
2.033574581146239790e+00
2.408692359924316406e+00
2.286167144775390181e+00
1.791409254074096902e+00
1.756247878074645996e+00
1.900321006774902344e+00
1.730672597885131836e+00
1.755437016487121582e+00
1.592927813529968484e+00
1.514368414878845215e+00
1.645342469215393066e+00
9.768658876419068493e-01
-3.819913268089294434e-01
7.869856953620910645e-01
9.626845717430115856e-01
1.992761731147765891e+00
1.710235476493835449e+00
2.213707923889160156e+00
1.369795083999633789e+00
1.415081501007080078e+00
1.835566163063049094e+00
1.972253441810608132e+00
1.159798145294189675e+00
1.254846900701522827e-01
2.106000781059265137e-01
4.031083881855010986e-01
4.545432627201079767e-01
1.304427266120910645e+00
6.515408754348754883e-01
8.382600545883178711e-01
6.295467615127563477e-01
1.712249159812927246e+00
1.968323111534118874e+00
1.482289195060729980e+00
2.809619605541229248e-01
-5.109808444976806641e-01
-6.829137802124023438e-01
3.626651167869567871e-01
-7.225285172462463379e-01
-6.887203454971313477e-01
-1.562939643859863281e+00
-1.230367302894592507e+00
-8.750150799751281738e-01
-9.513419270515441895e-01
-1.772789359092712402e+00
-2.000385999679564986e+00
-1.934613108634948730e+00
7.649492472410202026e-02
-1.767274141311645508e+00
-2.075259923934936523e+00
-6.413331031799316406e-01
2.982268631458282471e-01
-1.523598074913024902e+00
-4.094216525554656982e-01
-1.532210469245910645e+00
2.199290394783020020e-01
1.184312701225280762e+00
1.765251398086548074e+00
9.130598306655883789e-01
7.366726398468017578e-01
2.495306879281997403e-01
3.057771548628806721e-02
8.665758967399597168e-01
1.266261935234069824e+00
6.773434579372406006e-02
2.556073427200317383e+00
2.679274082183837891e+00
1.518546104431152344e+00
2.392630100250244141e+00
3.306792736053466797e+00
1.722512125968933105e+00
1.427712559700012207e+00
2.531422138214111772e+00
3.576816797256469727e+00
2.998966932296752930e+00
3.514732599258423296e+00
2.634823083877563477e+00
1.797417163848876953e+00
1.018777728080749512e+00
2.837707519531250000e+00
2.090631484985352007e+00
2.738975286483764648e+00
2.400954246520996094e+00
2.470711946487426758e+00
2.648645162582397017e+00
1.472843885421753152e+00
1.647702693939208984e+00
8.461611866950988770e-01
1.744075775146484375e+00
2.620990037918090820e+00
1.681441307067870872e+00
1.728288829326629639e-01
2.686703801155090332e-01
8.907245397567749023e-01
1.247941255569458008e+00
2.771090567111968994e-01
2.129399031400680542e-01
-3.256882727146149237e-01
9.346072375774383545e-02
1.712131947278976440e-01
4.205911159515380859e-01
7.252475619316101074e-01
9.352937340736388050e-01
8.555858135223388672e-01
6.535884141921997070e-01
1.022652387619018555e+00
1.477000474929809570e+00
1.562402248382568359e+00
1.722789525985717773e+00
9.834973812103271484e-01
1.174015522003173828e+00
7.472002506256103516e-01
7.145568728446959339e-01
1.708128333091735840e+00
1.383060932159423828e+00
1.698307752609253152e+00
4.133567214012145996e-01
1.062042355537414551e+00
9.835724830627440296e-01
1.147358298301696777e+00
2.221344858407974521e-01
5.348030328750610352e-01
-9.814496338367462158e-02
4.751510620117188055e-01
-3.716756999492645264e-01
8.480751514434813065e-02
1.081222653388977051e+00
-3.661368191242218018e-01
-3.498767316341400146e-01
-1.954850852489471436e-01
4.191662073135375977e-01
6.668469309806823730e-02
-6.661712527275085449e-01
-3.391624093055725098e-01
-4.500415623188018799e-01
-5.012883543968200684e-01
2.673634588718414307e-01
-1.750140935182571411e-01
-4.106396138668059748e-01
-5.857751965522766113e-01
-5.324137806892395020e-01
-5.099669694900512695e-01
-1.056921005249023438e+00
-1.554289460182189941e+00
-2.103678464889526367e+00
-2.506501913070678711e+00
-2.040587663650512695e+00
-1.513340830802917703e+00
-7.066107988357543945e-01
-1.098462581634521706e+00
-1.224462032318115234e+00
-1.618305891752243042e-01
-1.262366652488708496e+00
-7.637397646903991699e-01
-1.212927818298339844e+00
-1.373800516128540039e+00
-9.282374382019044079e-01
-4.371556937694549561e-01
1.046745538711548074e+00
-8.962123095989227295e-02
1.957335919141769132e-01
-3.717212006449699402e-02
1.009180426597595215e+00
1.912705063819885254e+00
1.627699255943298340e+00
1.852388143539428711e+00
1.771844744682311790e+00
7.113060355186462402e-01
2.070121526718140093e+00
1.283093214035034180e+00
1.722545266151428223e+00
1.772650122642516868e+00
1.260423064231872559e+00
1.741132140159606934e+00
9.285682439804076038e-01
6.955611109733581543e-01
8.291928768157958984e-01
1.506025433540344238e+00
2.091787338256835938e+00
1.461484789848327637e+00
1.930237531661987527e+00
1.370679616928100586e+00
9.448943138122559704e-01
5.990391373634338379e-01
1.075687527656555176e+00
1.429709315299987793e+00
1.622425675392150879e+00
2.006381273269653320e+00
1.984188795089721680e+00
1.946434617042541282e+00
1.316486597061157227e+00
8.279567956924438477e-01
1.162238597869873047e+00
1.179247617721557617e+00
1.617007017135619895e+00
1.757681012153625710e+00
1.308497548103332297e+00
5.806921124458312988e-01
1.304785132408142090e+00
5.191248655319213867e-01
9.725167155265808105e-01
1.129073023796081543e+00
9.782128930091857910e-01
5.136814713478088379e-01
4.393348097801209051e-01
-5.633200407028198242e-01
-1.209710761904716492e-01
2.057152390480041226e-01
-7.245153188705444336e-02
-3.693959712982177734e-01
-7.504279017448425293e-01
-1.394455671310424805e+00
-1.256968617439270020e+00
-1.598577976226806641e+00
-4.574492275714874268e-01
3.003376722335815430e-01
4.395321011543273926e-01
4.948346018791198730e-01
1.240246534347534180e+00
-3.526729643344879150e-01
7.867769598960876465e-01
8.462345600128173828e-01
5.586413741111755371e-01
1.051280647516250610e-01
1.946863770484924316e+00
1.056837558746338113e+00
1.519434452056884766e+00
1.311105012893676758e+00
1.983865737915039062e+00
1.755312085151672363e+00
1.557358980178833008e+00
1.980196952819823997e+00
2.207350969314575195e+00
1.338823080062866211e+00
2.489448308944701704e+00
2.816872835159301758e+00
2.992608308792114258e+00
3.196470022201538086e+00
3.459528207778930664e+00
3.443998336791991743e+00
2.968487501144408736e+00
2.303104162216186523e+00
3.354923009872436523e+00
3.796768665313720703e+00
3.979328155517578125e+00
3.468586683273315430e+00
3.411720275878906250e+00
3.948324441909790039e+00
3.320674419403076172e+00
3.987683057785033736e+00
3.049732208251953125e+00
2.351506948471069336e+00
2.366424798965454102e+00
3.477207422256469727e+00
3.122760534286498579e+00
2.500838994979858398e+00
1.838178515434264693e+00
1.512724399566650391e+00
1.983373284339904785e+00
1.708929896354675293e+00
1.617273211479186790e+00
1.848327279090881126e+00
1.277261614799499512e+00
4.220957756042481024e-01
1.099943757057189941e+00
1.410949587821960449e+00
5.119748711585998535e-01
1.439527034759521706e+00
8.464704751968383789e-01
1.502843618392944336e+00
8.997518420219421387e-01
2.249803066253662109e+00
1.788042187690734863e+00
1.625051975250243919e+00
1.726560354232788086e+00
2.579780578613280806e+00
1.511565327644347922e+00
2.219105958938598189e+00
3.694091320037841797e+00
3.058590173721313032e+00
3.026703596115112305e+00
2.267415046691894531e+00
2.975204467773437056e+00
3.214979410171508789e+00
3.930213928222655806e+00
4.907251358032226562e+00
4.808405876159667969e+00
4.479549884796143466e+00
5.282729625701903409e+00
4.973554134368896484e+00
4.606925487518311435e+00
3.469703197479248047e+00
4.565306186676025391e+00
5.466262340545653409e+00
4.576035022735596591e+00
4.885163307189941406e+00
4.579338073730468750e+00
6.926220893859862393e+00
4.323135852813721591e+00
4.609672069549560547e+00
5.290791511535644531e+00
3.957229614257812944e+00
3.467232704162597656e+00
5.350418567657471591e+00
4.647531986236572266e+00
4.306826591491698331e+00
3.670021295547484907e+00
4.166698932647705078e+00
3.999410629272461382e+00
4.279189109802246094e+00
4.753235816955566406e+00
4.654825687408447266e+00
4.024308204650878906e+00
3.746104240417480913e+00
3.849042654037476030e+00
4.486651420593261719e+00
4.006765842437743252e+00
2.824565887451171875e+00
3.847434043884276900e+00
4.639237403869628906e+00
3.839248895645141602e+00
3.497742652893066406e+00
2.161517620086669922e+00
2.622662305831909180e+00
2.534847259521484375e+00
1.756925582885742188e+00
1.988659262657165305e+00
2.285438060760498047e+00
2.816751480102538618e+00
2.505331039428710938e+00
3.034006595611572266e+00
2.830413103103637695e+00
2.429772377014160156e+00
1.574068546295166016e+00
2.340732574462890181e+00
2.203392744064331055e+00
1.712860345840454102e+00
2.160540819168090820e+00
2.946368694305419922e+00
2.883829832077026367e+00
2.623200654983520508e+00
3.330719709396362305e+00
2.620981454849243164e+00
2.530814409255981001e+00
3.261575460433959961e+00
3.526308536529541016e+00
3.147214889526366743e+00
3.023983478546142578e+00
3.298567771911621094e+00
2.884388208389282227e+00
3.631780862808227983e+00
4.122369766235352451e+00
3.516886711120605025e+00
3.912095308303833008e+00
3.845446348190308061e+00
3.942942380905151811e+00
3.801426172256469727e+00
3.364032030105591264e+00
2.738159656524658203e+00
2.497703075408935547e+00
1.185411691665649414e+00
2.309452533721923828e+00
1.786916732788085938e+00
2.226458072662353072e+00
2.118590831756591797e+00
2.223635673522949219e+00
1.740956783294677512e+00
1.548689961433410645e+00
2.035336494445801225e+00
1.665868043899535911e+00
1.475749135017395020e+00
5.939817428588867188e-01
1.670058608055114746e+00
1.878238320350646973e+00
8.225823640823364258e-01
1.012463450431823508e+00
4.268057346343994141e-01
8.171404004096984863e-01
7.385029196739196777e-01
2.453374415636062622e-01
-3.265570104122161865e-01
-1.726278185844421387e+00
-1.804094433784484863e+00
-3.644133210182189941e-01
-3.107767403125762939e-01
-1.191986680030822754e+00
-8.800508379936218262e-01
1.518131613731384499e+00
9.054479598999024548e-01
1.928552746772765891e+00
1.698283553123473899e+00
5.566664338111877441e-01
9.896207451820373535e-01
1.414841890335083008e+00
8.827236294746398926e-02
1.274669170379638894e+00
8.127582073211669922e-01
1.783355236053466797e+00
1.210991382598876953e+00
1.010559797286987305e+00
1.755012869834899902e+00
9.276169538497923694e-01
1.333144783973693848e+00
1.747098326683044434e+00
1.750792711973190585e-01
6.566655039787292480e-01
1.070743083953857422e+00
1.725690722465515137e+00
1.776816368103027122e+00
1.459978818893432617e+00
2.530046463012695757e+00
1.035764336585998313e+00
1.906671524047852007e+00
1.116810321807861106e+00
1.130913734436035156e+00
1.476548314094543679e+00
2.326259374618530273e+00
3.707924604415893555e+00
4.144389629364013672e+00
2.337700366973876953e+00
2.011445760726928711e+00
1.307420492172241211e+00
3.413904011249542236e-01
2.141283512115478516e+00
2.801023483276366743e+00
1.609011411666869895e+00
3.437254190444946289e+00
2.532510757446289062e+00
1.264217972755431907e+00
2.145782709121704102e+00
2.011223077774048296e+00
2.370440959930419922e+00
1.201900124549865501e+00
5.741745233535766602e-01
5.991681814193725586e-01
1.043674945831298828e+00
1.894901037216186301e+00
-1.595194339752197266e-01
7.035409212112426758e-01
-2.799378335475921631e-01
-3.503131270408630371e-01
-4.561320543289185125e-01
-1.058083534240722878e+00
-1.003379821777343750e+00
-1.116877794265747070e+00
-1.496404528617858887e+00
-2.129417419433593750e+00
-1.057825326919555664e+00
-1.473568916320800781e+00
-9.051334857940673828e-01
-2.040887355804443803e+00
-2.023061513900756836e+00
-2.102864742279052734e+00
-7.839350104331970215e-01
-1.589449882507324219e+00
-8.114307522773742676e-01
-2.375192344188690463e-01
-7.849423214793205261e-03
-1.695302724838256836e+00
-2.999772071838378906e+00
-2.124220371246338335e+00
-9.009159207344056286e-01
-2.105521112680435181e-01
-4.988840818405151922e-01
-7.618398964405059814e-02
-5.367890000343322754e-01
-3.990003764629364014e-01
-4.120228290557860773e-01
-2.164461761713027954e-01
4.137037098407745361e-01
2.973605990409851074e-01
-4.812796041369438171e-02
-9.041188955307007946e-01
-4.796213805675506037e-01
1.164460182189941406e+00
1.324004530906677246e+00
7.709391713142395020e-01
1.552252769470214844e-01
2.192768335342407227e+00
1.011767387390136719e+00
2.180877923965454102e+00
1.258361339569091797e+00
8.458728790283203125e-01
1.823713183403015137e+00
2.266473770141601562e+00
2.602162361145019531e+00
2.699762344360352007e+00
3.175445795059203657e+00
1.981292963027954102e+00
3.829740524291991743e+00
4.649044513702393466e+00
4.963763236999511719e+00
5.574709892272949219e+00
5.116324901580810547e+00
4.912842750549316406e+00
4.698651790618896484e+00
5.508727073669433594e+00
4.562342643737792969e+00
5.137989521026611328e+00
5.259025096893311435e+00
6.228571891784667969e+00
4.646277427673339844e+00
5.159273147583007812e+00
5.368853092193604404e+00
6.492094993591308594e+00
6.633303642272949219e+00
4.872400760650634766e+00
5.379074573516846591e+00
4.528814792633056641e+00
5.136714935302733487e+00
4.703013420104980469e+00
3.529318332672118697e+00
3.543035268783569336e+00
3.916095256805419922e+00
4.740006923675537109e+00
4.483074665069580078e+00
4.749804019927978516e+00
4.115717411041259766e+00
4.363907337188721591e+00
3.632938861846923828e+00
4.122126102447509766e+00
2.682822465896606445e+00
2.210327863693237305e+00
2.699750900268554688e+00
1.759231090545654297e+00
2.186324596405029297e+00
1.693238139152526855e+00
2.831016302108764648e+00
3.352143049240112305e+00
1.938652992248535156e+00
1.677452325820922852e+00
1.812366604804992898e+00
1.332700490951538086e+00
1.039260745048522949e+00
1.275150299072265625e+00
8.578914403915405273e-01
4.339897036552429199e-01
1.531705975532531516e+00
7.490454316139221191e-01
4.848952889442443848e-01
9.819841384887696423e-01
-3.218459784984589178e-01
-6.335804462432861328e-01
-7.980177402496337891e-01
-1.332283020019531250e+00
-1.081202387809753418e+00
-2.166188001632690430e+00
-1.557491660118103027e+00
-1.376259684562682883e+00
-2.094711780548096147e+00
-1.717921853065490723e+00
-9.972048401832579456e-01
-8.633888959884643555e-01
-6.260057091712951660e-01
-1.447754740715026855e+00
-3.856626152992249090e-01
-3.022249639034271240e-01
3.440031409263610840e-01
3.108825385570526123e-01
9.284797310829163985e-02
-1.147330775856971463e-01
4.399235546588897705e-01
1.367722153663635254e+00
1.109498858451843262e+00
9.640954136848449707e-01
5.437337756156921387e-01
9.425012469291688122e-01
1.534472942352294922e+00
1.472421407699584961e+00
1.487136960029601829e+00
1.382107138633728027e+00
2.040176153182983398e+00
2.325177907943725586e+00
2.123684644699096680e+00
2.593706369400024414e+00
1.702130913734436035e+00
2.123112201690674272e+00
2.144974946975708008e+00
9.511580467224119984e-01
8.470430374145507812e-01
1.144322991371154785e+00
1.939326286315918191e+00
1.619369864463806152e+00
1.552349686622619629e+00
2.800519227981567383e+00
2.729601383209228516e+00
2.455012559890747070e+00
3.490136146545410156e+00
3.289993047714233398e+00
3.211810350418091264e+00
3.291446208953857422e+00
3.486040592193603516e+00
3.624991178512572798e+00
3.090561628341674805e+00
2.583311796188354492e+00
2.027887582778930664e+00
1.003096580505370872e+00
5.648771524429321289e-01
8.675302267074584961e-01
5.962888002395629883e-01
1.845694333314895907e-01
4.928739368915557861e-01
1.570739001035690585e-01
-1.525653749704360962e-01
2.968523204326629639e-01
8.186226338148117065e-02
-7.983629107475280762e-01
-1.473928242921829224e-01
-3.892525434494018555e-01
-5.171071290969848633e-01
-3.590142428874968927e-01
-1.587053537368774414e+00
-3.629214465618133545e-01
-3.941338956356049139e-01
2.918580770492553711e-01
1.372704561799764460e-02
-8.864994049072265625e-01
2.335528843104839672e-02
3.542672097682952881e-01
-1.220801249146461487e-01
-1.054550647735595703e+00
-3.433286845684051514e-01
2.704555392265319824e-01
-1.015246868133545144e+00
-1.479426503181457520e+00
-1.253751397132873535e+00
-2.012549877166748047e+00
-2.552937984466552734e+00
-2.418248176574707031e+00
-1.453388214111327903e+00
-1.925002336502075195e+00
-2.059877157211304155e+00
-2.412151813507080078e+00
-3.054517507553100586e+00
-2.802325487136840820e+00
-1.394862174987792969e+00
-1.355728387832641602e+00
-2.322030782699584961e+00
-1.716337442398071289e+00
-1.684239864349365234e+00
-6.501305699348449707e-01
-8.825393319129943848e-01
-5.454863309860229492e-01
-8.459003269672393799e-02
-5.573664307594299316e-01
-1.118856787681579590e+00
-4.120893478393554688e-01
5.781469494104384682e-02
-5.153957605361938477e-01
-2.330669462680816928e-01
-9.218071699142456055e-01
-1.167653560638427512e+00
-1.945742368698119895e+00
-1.293617486953735352e+00
-5.400269627571105957e-01
-6.759711503982543945e-01
-5.101292207837104797e-02
-9.379421472549438477e-01
-1.507913112640380859e+00
-1.926838904619216919e-01
-2.365668267011642456e-01
-6.050620675086975098e-01
-2.608236670494080145e-01
-4.938447177410125732e-01
-8.114907145500183105e-01
-1.637047410011291504e+00
-6.185103058815002441e-01
-6.971908211708068848e-01
-6.519675850868225098e-01
-3.510829508304595947e-01
-8.605191707611083984e-01
-7.394476532936096191e-01
-6.548290848731994629e-01
-8.117056488990783691e-01
-1.605136871337890625e+00
-1.508219361305236816e+00
-1.762222051620483398e+00
-1.821578860282898171e+00
-1.209141969680785911e+00
-9.229022860527039684e-01
-3.067577481269836426e-01
-7.629450559616088867e-01
-8.354343771934509277e-01
1.002084277570247650e-02
-1.437043994665145874e-01
1.353820115327835083e-01
-2.888849377632141113e-01
-4.521227180957794189e-01
-2.780440449714661200e-01
-5.039682984352111816e-01
-8.169238567352294922e-01
-9.153633117675780140e-01
-9.785206913948060192e-01
-1.081536412239074707e+00
-5.087623596191406250e-01
-6.531407237052917480e-01
-1.346080422401428223e+00
-6.336736083030700684e-01
-2.975750565528869629e-01
-9.748088121414183460e-01
-5.433984994888305664e-01
-1.090732812881469505e+00
-7.500830888748168945e-01
-1.013021826744079590e+00
-1.449813127517700195e+00
-1.387729287147521973e+00
-1.279302120208740234e+00
-1.818807721138000488e+00
-1.684994339942931907e+00
-2.995707750320434570e+00
-2.238771200180053711e+00
-1.746432781219482422e+00
-2.226467609405517578e+00
-1.653912425041198730e+00
-1.620795011520385520e+00
-2.602194786071777344e+00
-2.187936067581176758e+00
-1.767213106155395508e+00
-1.380409479141235352e+00
-2.299258232116699219e+00
-1.554570794105529785e+00
-2.286361455917358398e+00
-1.536259055137634499e+00
-2.953702926635741743e+00
-2.317327260971069336e+00
-7.967220544815063477e-01
-6.938151121139526367e-01
-6.546375155448913574e-01
-8.460069894790649414e-01
-7.341694831848144531e-01
-2.448325604200362882e-01
-5.942315235733986595e-02
2.885733498260378838e-03
-9.209796553477643565e-05
-4.352030456066132147e-01
-3.829758763313293457e-01
-5.028053522109985352e-01
-3.459919989109039307e-01
-3.641782701015471857e-01
-1.166450977325439675e+00
-8.622615337371826172e-01
-1.188903093338012695e+00
-1.542976349592208862e-01
-1.357227683067321777e+00
-1.110368728637695090e+00
-1.161516904830932617e+00
-1.844659447669983132e+00
-5.228707194328308105e-01
-1.467806100845336914e-01
5.261984467506408691e-01
1.519814431667327881e-01
-4.497305750846862793e-01
-1.871333420276641568e-01
1.034130573272704856e+00
-4.841013848781586248e-01
8.458389639854431152e-01
-4.353816062211990356e-02
1.136667132377624512e-01
4.631082415580750067e-01
5.567192435264587402e-01
2.529851794242858887e-01
6.607074141502379261e-01
1.866217374801635964e+00
2.224187135696411133e+00
1.924736738204956055e+00
3.379922389984131303e+00
2.311821460723876953e+00
1.626684188842773438e+00
1.262775659561157227e+00
1.036835074424743652e+00
1.271111845970153809e+00
7.319042086601257324e-01
1.563357114791869895e+00
2.053760766983031782e+00
1.438056826591491699e+00
1.257314682006835938e+00
1.027798175811767578e+00
1.190122365951538086e+00
6.289798021316528320e-01
1.095409512519836426e+00
8.187621235847473145e-01
2.776378989219664972e-01
5.760551691055297852e-01
3.885937929153441273e-01
1.132968306541442871e+00
1.443197965621948242e+00
1.795727372169494629e+00
1.875195860862731934e+00
2.280706167221069336e+00
1.666578888893127441e+00
1.483340740203857422e+00
1.760958671569824219e+00
6.902403235435485840e-01
7.124999761581420898e-01
6.580941677093505859e-01
4.915398657321929932e-01
1.184221625328063965e+00
1.134491205215454102e+00
7.421799469739198685e-03
2.174659371376037598e-01
-4.480250477790833075e-01
-6.982601881027221680e-01
-1.470252990722656250e+00
-1.126128911972045898e+00
-5.236951708793640137e-01
-2.647957205772399902e-01
-1.229355335235595703e+00
-9.544314742088317871e-01
-1.041554331779479980e+00
-7.761067748069763184e-01
-1.629294633865356445e+00
-1.516668915748596191e+00
-9.659271836280823864e-01
-1.522742629051208496e+00
-7.165331244468688965e-01
-1.038289427757263184e+00
-1.728186845779418945e+00
-1.175434350967407227e+00
-1.387358665466308594e+00
-1.706171035766601562e+00
-2.741282939910888672e+00
-2.895514249801636186e+00
-1.626048922538757102e+00
-1.739579200744629128e+00
-1.544548630714416504e+00
-1.826160788536071999e+00
-9.973194599151612438e-01
-8.242162466049194336e-01
-6.285431385040283203e-01
-1.348090767860412598e+00
-2.640938282012939453e+00
-2.154768466949463335e+00
-1.831576108932495117e+00
-2.574486494064331055e+00
-2.235416889190673828e+00
-1.389061093330383301e+00
-2.174713611602783203e+00
-2.546645402908325195e+00
-2.670213460922240767e+00
-1.847138404846191628e+00
-7.573087811470031738e-01
-2.690081834793090820e+00
-2.133351087570190430e+00
-1.158489227294922097e+00
-1.446004867553710938e+00
-2.426630258560180942e-01
-8.067417144775390625e-01
-1.602374792098999023e+00
-4.075357317924500067e-01
-8.598291315138339996e-03
3.084130883216857910e-01
