3.963621139526366743e+00
3.963977336883544922e+00
3.962276697158813477e+00
3.961772203445434570e+00
3.960175037384033203e+00
3.958003759384155273e+00
3.960244655609131303e+00
3.958697795867919922e+00
3.963052034378052202e+00
3.962581872940063921e+00
3.968363285064696822e+00
3.972090482711791992e+00
3.971717357635498047e+00
3.974983692169189453e+00
3.973623514175415039e+00
3.975455999374389648e+00
3.976825237274169922e+00
3.979602336883544922e+00
3.978749990463256836e+00
3.979463815689086914e+00
3.969282150268554243e+00
3.969746828079224077e+00
3.971518993377685547e+00
3.972281217575072798e+00
3.972532749176025391e+00
3.975188255310058594e+00
3.975065708160399947e+00
3.977142095565796343e+00
3.978088378906250000e+00
3.978585004806518999e+00
3.980505704879760742e+00
3.980392456054687944e+00
3.983210086822509766e+00
3.982643842697143999e+00
3.984119653701782227e+00
3.984457969665527344e+00
3.984137773513793945e+00
3.983095169067383257e+00
3.985511541366576704e+00
3.984189748764038086e+00
3.984561681747436968e+00
3.983741283416748047e+00
3.984960556030273438e+00
3.985371828079224077e+00
3.985423564910888672e+00
3.985388517379760742e+00
3.987476348876953125e+00
3.986282348632812944e+00
3.987579584121703657e+00
3.986240863800048828e+00
3.988481044769287109e+00
3.988445281982421875e+00
3.991963148117065430e+00
3.992422819137572798e+00
3.993318796157836914e+00
3.996267795562743697e+00
3.996795415878296343e+00
3.995872020721435991e+00
3.996124982833862305e+00
3.996155977249145508e+00
3.998285293579101562e+00
3.998373508453368697e+00
4.000151157379149502e+00
4.001733779907227451e+00
4.002271175384521484e+00
4.002505779266356534e+00
4.003957748413086826e+00
4.005364894866943359e+00
4.004548072814941406e+00
4.005831241607666016e+00
4.008780956268311435e+00
4.008257865905761719e+00
4.009961128234863281e+00
4.011190891265868252e+00
4.012371540069580078e+00
4.014578819274901456e+00
4.013792991638183594e+00
4.013701438903808594e+00
4.014143466949462891e+00
4.014380931854248047e+00
4.014030456542968750e+00
4.013808250427246094e+00
4.014527320861816406e+00
4.014177799224853516e+00
4.017324447631836826e+00
4.019807815551758701e+00
4.020930767059326172e+00
4.022651672363281250e+00
4.022421360015868252e+00
4.025246143341064453e+00
4.026319980621337891e+00
4.025052070617676669e+00
4.027561187744141513e+00
4.028761386871337891e+00
4.028573036193848544e+00
4.028693675994873047e+00
4.029041290283203125e+00
4.031333923339843750e+00
4.031346321105957031e+00
4.031331062316895419e+00
4.032429695129394531e+00
4.033708572387694424e+00
4.035220623016356534e+00
4.034784317016602451e+00
4.036280155181884766e+00
4.036420822143555576e+00
4.037085056304931641e+00
4.038443565368651456e+00
4.037756443023681641e+00
4.037649631500243252e+00
4.037213802337647373e+00
4.038359642028808594e+00
4.040000438690185547e+00
4.039924621582031250e+00
4.042603969573975498e+00
4.042352676391602451e+00
4.043682575225830078e+00
4.045329093933105469e+00
4.045739650726318359e+00
4.046830654144287109e+00
4.045589923858643466e+00
4.047702789306641513e+00
4.048844814300537109e+00
4.048992633819580078e+00
4.048599243164063388e+00
4.049087524414063388e+00
4.049113750457763672e+00
4.050489902496337891e+00
4.051249504089356357e+00
4.051772594451903409e+00
4.050986766815185547e+00
4.051529407501221591e+00
4.051965713500977451e+00
4.051896095275878906e+00
4.052198410034180576e+00
4.052082061767578125e+00
4.052011013031006748e+00
4.051977634429931641e+00
4.052150249481201172e+00
4.053544998168944424e+00
4.053105831146240234e+00
4.052576541900634766e+00
4.052764892578125000e+00
4.052478313446044922e+00
4.053013801574707031e+00
4.053582191467285156e+00
4.053450584411621094e+00
4.053271293640136719e+00
4.052997589111328125e+00
4.053756237030028409e+00
4.054240703582763672e+00
4.053259849548339844e+00
4.054704189300537109e+00
4.054925918579102451e+00
4.054997920989990234e+00
4.054633617401123047e+00
4.055830955505371094e+00
4.056036949157714844e+00
4.056812286376953125e+00
4.057027816772461826e+00
4.057024955749511719e+00
4.058101654052733487e+00
4.057454109191895419e+00
4.057154178619384766e+00
4.057046890258788174e+00
4.057269096374511719e+00
4.059252262115479404e+00
4.058005809783936435e+00
4.059690952301024502e+00
4.059757232666016513e+00
4.059939384460448331e+00
4.060844898223876953e+00
4.061058521270751953e+00
4.060958385467528409e+00
4.060785293579102451e+00
4.059710979461669922e+00
4.060087203979491299e+00
4.060057640075683594e+00
4.060162544250488281e+00
4.059566497802733487e+00
4.059259414672852451e+00
4.059569358825683594e+00
4.060842990875243252e+00
4.061112403869628906e+00
4.060871601104736328e+00
4.062081336975098544e+00
4.062652111053466797e+00
4.062949180603026456e+00
4.061867237091064453e+00
4.061659336090087891e+00
4.062390327453613281e+00
4.062617778778076172e+00
4.061706066131591797e+00
4.061547756195068359e+00
4.061037540435791016e+00
4.060935974121093750e+00
4.062362670898437500e+00
4.062027454376221591e+00
4.061324119567871094e+00
4.061359405517578125e+00
4.060736179351806641e+00
4.060684204101562500e+00
4.060463905334473544e+00
4.060798645019531250e+00
4.060081481933593750e+00
4.060904502868651456e+00
4.059969902038573331e+00
4.059062480926513672e+00
4.059093475341796875e+00
4.059545516967772549e+00
4.059309005737305576e+00
4.060677051544189453e+00
4.060232162475586826e+00
4.059504032135009766e+00
4.058537960052490234e+00
4.058265209197998047e+00
4.057892322540283203e+00
4.058227062225341797e+00
4.059490203857421875e+00
4.059738636016846591e+00
4.059699058532714844e+00
4.058117389678955078e+00
4.057843208312988281e+00
4.057519435882568359e+00
4.057439327239990234e+00
4.057660579681396484e+00
4.057258605957031250e+00
4.056859970092772549e+00
4.056281089782714844e+00
4.056787014007568359e+00
4.056723594665526456e+00
4.056793689727783203e+00
4.056718349456787109e+00
4.056791782379149502e+00
4.056760787963866299e+00
4.057123661041259766e+00
4.056291103363037109e+00
4.055179595947266513e+00
4.054985046386718750e+00
4.054107189178466797e+00
4.054011821746826172e+00
4.053658962249756748e+00
4.052982330322266513e+00
4.052496910095214844e+00
4.052349567413330078e+00
4.052506923675537109e+00
4.052282333374022549e+00
4.052200317382812500e+00
4.051698684692383701e+00
4.050352573394774502e+00
4.049961090087891513e+00
4.050105571746826172e+00
4.049781322479248047e+00
4.049269199371337891e+00
4.049265384674071377e+00
4.049263954162598544e+00
4.048385143280028409e+00
4.048716068267821377e+00
4.048417091369628906e+00
4.047467708587647373e+00
4.047830581665038174e+00
4.046766281127930576e+00
4.046613216400146484e+00
4.047258853912353516e+00
4.046460151672363281e+00
4.046255588531493252e+00
4.045758247375488281e+00
4.045399188995361328e+00
4.044977188110352451e+00
4.044746398925781250e+00
4.045326232910156250e+00
4.045435428619384766e+00
4.045744895935058594e+00
4.045461177825928623e+00
4.045749664306641513e+00
4.045599937438964844e+00
4.045673847198486328e+00
4.045150756835937500e+00
4.045413017272948331e+00
4.044164657592772549e+00
4.043693065643311435e+00
4.043922424316406250e+00
4.042763233184815341e+00
4.043254852294921875e+00
4.043354988098144531e+00
4.044074058532714844e+00
4.043657779693604404e+00
4.043792247772216797e+00
4.043226718902587891e+00
4.045022010803223544e+00
4.043929100036621094e+00
4.043789863586426669e+00
4.044275760650634766e+00
4.043674468994141513e+00
4.044072628021240234e+00
4.043968200683593750e+00
4.043619632720946377e+00
4.043939113616943359e+00
4.043324947357178623e+00
4.043091773986816406e+00
4.043350219726562500e+00
4.042412757873535156e+00
4.042671203613281250e+00
4.042666435241698331e+00
4.042963981628417969e+00
4.042965412139893466e+00
4.043508052825928623e+00
4.043122291564941406e+00
4.043394088745116299e+00
4.043668270111083984e+00
4.044266700744628906e+00
4.042737483978272373e+00
4.042802810668944424e+00
4.043555736541748047e+00
4.043707847595214844e+00
4.043982028961181641e+00
4.043225765228272373e+00
4.042333602905272549e+00
4.042321205139160156e+00
4.042510509490966797e+00
4.043392658233643466e+00
4.043163776397705078e+00
4.042519092559815341e+00
4.042588233947753906e+00
4.042246818542480469e+00
4.042116165161133701e+00
4.042094230651856357e+00
4.043161869049071377e+00
4.042909622192383701e+00
4.042084693908691406e+00
4.042062282562256748e+00
4.041704654693604404e+00
4.041904449462891513e+00
4.042134761810303623e+00
4.041199207305908203e+00
4.041952610015868252e+00
4.042664051055908203e+00
4.042460918426513672e+00
4.040930747985839844e+00
4.041742324829102451e+00
4.041499614715576172e+00
4.041431427001953125e+00
4.041682243347167969e+00
4.041335105895996094e+00
4.041162490844727451e+00
4.040875911712647373e+00
4.041528224945068359e+00
4.041962146759033203e+00
4.042867660522461826e+00
4.041067123413086826e+00
4.040567398071288174e+00
4.041545391082763672e+00
4.042411327362060547e+00
4.042177200317383701e+00
4.042041301727294922e+00
4.042249679565430576e+00
4.042012691497803623e+00
4.042653083801269531e+00
4.043603420257568359e+00
4.042590141296386719e+00
4.042113780975341797e+00
4.042130947113037109e+00
4.041532039642333984e+00
4.041245937347412109e+00
4.039919376373291016e+00
4.040473461151123047e+00
4.039230346679688388e+00
4.039031028747558594e+00
4.038921833038330078e+00
4.038712501525878906e+00
4.038734436035156250e+00
4.038672924041748047e+00
4.038499355316162109e+00
4.039159774780272549e+00
4.038446903228759766e+00
4.037984848022461826e+00
4.038153648376464844e+00
4.037305355072021484e+00
4.037360668182373047e+00
4.036791324615479404e+00
4.036646366119384766e+00
4.037541866302490234e+00
4.037833690643311435e+00
4.039049625396728516e+00
4.037252902984618252e+00
4.037907123565673828e+00
4.038506507873535156e+00
4.038599014282227451e+00
4.035450935363769531e+00
4.034309864044189453e+00
4.033638477325440341e+00
4.032767772674560547e+00
4.032762527465819424e+00
4.033471584320068359e+00
4.033290863037108487e+00
4.034224033355712891e+00
4.035951137542725498e+00
4.037163734436035156e+00
4.037493228912353516e+00
4.036826610565185547e+00
4.038589477539063388e+00
4.038637161254883701e+00
4.037960529327393466e+00
4.038109302520751953e+00
4.039231777191162109e+00
4.039856433868408203e+00
4.041182518005371094e+00
4.042704105377196377e+00
4.043703556060791016e+00
4.043882846832274502e+00
4.044213771820068359e+00
4.045108318328856534e+00
4.045326232910156250e+00
4.046788215637207031e+00
4.045938491821288174e+00
4.045763015747069424e+00
4.046534538269042969e+00
4.047336101531981534e+00
4.048287868499756748e+00
4.050446987152100498e+00
4.051308631896973544e+00
4.053128719329833984e+00
4.054140567779541016e+00
4.054075241088866299e+00
4.054100513458251953e+00
4.055456161499022549e+00
4.056022167205810547e+00
4.056891441345214844e+00
4.058253765106201172e+00
4.059328079223633701e+00
4.060304641723633701e+00
4.062042236328125000e+00
4.062384128570556641e+00
4.062527656555176669e+00
4.063222885131836826e+00
4.063621520996093750e+00
4.064915180206298828e+00
4.064918041229248047e+00
4.066967964172363281e+00
4.066558837890625000e+00
4.067881107330321377e+00
4.068123340606689453e+00
4.069701194763183594e+00
4.070243835449218750e+00
4.070913314819336826e+00
4.072238445281981534e+00
4.072285652160644531e+00
4.073829650878906250e+00
4.073909759521483487e+00
4.073802947998046875e+00
4.074686050415038174e+00
4.075929641723633701e+00
4.076535224914551669e+00
4.076190948486328125e+00
4.076363086700440341e+00
4.076611995697021484e+00
4.077007770538330078e+00
4.079024314880371094e+00
4.078404903411865234e+00
4.078348159790038174e+00
4.079839706420897549e+00
4.079326629638671875e+00
4.079549312591553623e+00
4.080080986022948331e+00
4.080806732177733487e+00
4.081414699554443359e+00
4.081332206726073331e+00
4.080806732177733487e+00
4.081388473510741299e+00
4.081964015960693359e+00
4.080661296844481534e+00
4.080077171325683594e+00
4.080667972564696377e+00
4.080634593963623047e+00
4.081113815307616299e+00
4.080651283264160156e+00
4.080727100372314453e+00
4.081241607666016513e+00
4.080910205841064453e+00
4.081569194793701172e+00
4.080430984497069424e+00
4.079423904418944424e+00
4.079907894134521484e+00
4.078094005584716797e+00
4.077034473419189453e+00
4.077425003051758701e+00
4.076807498931884766e+00
4.076496124267578125e+00
4.075911998748778409e+00
4.076200485229491299e+00
4.076161861419678623e+00
4.075420379638671875e+00
4.074347972869873047e+00
4.073413372039794922e+00
4.073146820068358487e+00
4.073589324951171875e+00
4.071952342987060547e+00
4.072910308837891513e+00
4.070675373077393466e+00
4.070405006408691406e+00
4.070698738098144531e+00
4.068682670593261719e+00
4.070062637329102451e+00
4.066517353057861328e+00
4.065432548522948331e+00
4.063590049743651456e+00
4.063641071319580078e+00
4.063560485839843750e+00
4.062929153442383701e+00
4.063016891479491299e+00
4.062356948852538174e+00
4.061632156372069424e+00
4.061144828796386719e+00
4.057688713073730469e+00
4.057291030883788174e+00
4.056933879852294922e+00
4.056543350219727451e+00
4.056876182556151456e+00
4.056702136993408203e+00
4.056902885437011719e+00
4.056434154510498047e+00
4.056792259216308594e+00
4.056637763977051669e+00
4.055472850799560547e+00
4.056522369384766513e+00
4.056516647338866299e+00
4.057194232940673828e+00
4.057684898376464844e+00
4.057502269744873047e+00
4.058225631713866299e+00
4.057686805725098544e+00
4.057201385498046875e+00
4.057665824890136719e+00
4.057137489318848544e+00
4.057404994964600498e+00
4.057326793670653409e+00
4.057190895080566406e+00
4.055610179901123047e+00
4.055946350097656250e+00
4.056053161621093750e+00
4.055397987365723544e+00
4.056321144104003906e+00
4.056560516357421875e+00
4.056766510009766513e+00
4.056774139404296875e+00
4.056674003601073331e+00
4.056581974029541016e+00
4.056835651397705078e+00
4.056884288787841797e+00
4.055278301239013672e+00
4.053916454315185547e+00
4.055278778076171875e+00
4.059949874877930576e+00
4.060557842254638672e+00
4.060689926147461826e+00
4.060837268829346591e+00
4.061112403869628906e+00
4.060189247131348544e+00
4.059861183166503906e+00
4.060737609863281250e+00
4.059900283813477451e+00
4.061668395996093750e+00
4.061939239501953125e+00
4.061082839965819424e+00
4.062196254730225498e+00
4.061494350433350498e+00
4.062017917633056641e+00
4.062121868133544922e+00
4.062783241271973544e+00
4.062035083770751953e+00
4.061232566833496094e+00
4.061542034149169922e+00
4.061543464660644531e+00
4.062016010284423828e+00
4.062098979949951172e+00
4.062468528747558594e+00
4.062077045440673828e+00
4.061981678009033203e+00
4.062725067138671875e+00
4.060502529144287109e+00
4.060614109039306641e+00
4.060142040252685547e+00
4.059234619140625000e+00
4.059174537658691406e+00
4.059760570526123047e+00
4.058953762054443359e+00
4.059497833251953125e+00
4.060134410858153409e+00
4.059563636779785156e+00
4.059787273406981534e+00
4.058837890625000000e+00
4.058912754058837891e+00
4.057977676391602451e+00
4.056751251220703125e+00
4.056658267974853516e+00
4.057162284851073331e+00
4.056266307830810547e+00
4.057816028594971591e+00
4.058253288269042969e+00
4.058618068695068359e+00
4.058508872985839844e+00
4.058485507965087891e+00
4.058144569396973544e+00
4.057868480682373047e+00
4.057350158691406250e+00
4.058402538299560547e+00
4.056976795196533203e+00
4.057306289672852451e+00
4.056292057037353516e+00
4.055655956268311435e+00
4.056705951690673828e+00
4.057332515716553623e+00
4.057778358459473544e+00
4.059290885925292969e+00
4.057252883911133701e+00
4.057936668395996094e+00
4.057649135589600498e+00
4.058030128479003906e+00
4.057311534881591797e+00
4.056329727172852451e+00
4.055070877075194424e+00
4.055461406707763672e+00
4.055567264556884766e+00
4.056889533996582031e+00
4.056644916534423828e+00
4.057315349578856534e+00
4.059446811676024502e+00
4.056326866149901456e+00
4.054516315460205078e+00
4.054674625396728516e+00
4.054234504699707031e+00
4.052702903747558594e+00
4.052721023559569424e+00
4.053922653198241299e+00
4.056292533874511719e+00
4.053806781768798828e+00
4.054580211639403409e+00
4.055164813995361328e+00
4.053142070770263672e+00
4.057054519653319424e+00
4.057080268859863281e+00
4.056982040405272549e+00
4.057109355926513672e+00
4.056479454040526456e+00
4.057155609130858487e+00
4.058468341827393466e+00
4.059644222259521484e+00
4.060482025146483487e+00
4.061134338378906250e+00
4.060561180114746094e+00
4.060070514678955078e+00
4.060830116271973544e+00
4.060369014739990234e+00
4.059523105621337891e+00
4.060635566711426669e+00
4.060337543487548828e+00
4.061919212341308594e+00
4.061924457550048828e+00
4.063033103942871094e+00
4.063308238983153409e+00
4.063475131988524502e+00
4.063768386840819424e+00
4.065011024475098544e+00
4.064559459686278409e+00
4.064767360687256748e+00
4.064453601837158203e+00
4.064985752105712891e+00
4.065585136413573331e+00
4.066307067871093750e+00
4.066227436065673828e+00
4.064739227294921875e+00
4.066517353057861328e+00
4.066806316375731534e+00
4.066846370697021484e+00
4.066628932952881748e+00
4.067430019378662109e+00
4.067863941192626953e+00
4.067260742187500000e+00
4.066144466400146484e+00
4.066055774688721591e+00
4.065783023834228516e+00
4.066032886505126953e+00
4.065208435058593750e+00
4.065990447998046875e+00
4.065737247467041016e+00
4.066098213195801669e+00
4.067015171051024502e+00
4.066843986511231357e+00
4.066608428955078125e+00
4.067540168762207031e+00
4.067419052124022549e+00
4.066273212432861328e+00
4.065461158752441406e+00
4.064931392669678623e+00
4.063964366912841797e+00
4.063349723815917969e+00
4.062104225158691406e+00
4.060502529144287109e+00
4.061330795288086826e+00
4.058568000793457031e+00
4.059036254882812500e+00
4.058478832244873047e+00
4.057036399841308594e+00
4.055487632751464844e+00
4.054420471191406250e+00
4.053053379058837891e+00
4.052802562713623047e+00
4.050614833831787109e+00
4.049491882324218750e+00
4.048691272735596591e+00
4.048831462860106534e+00
4.048075675964356357e+00
4.047879219055176669e+00
4.046496868133544922e+00
4.045191287994384766e+00
4.046051979064941406e+00
4.045099735260009766e+00
4.044590950012207031e+00
4.045042037963866299e+00
4.046016693115233487e+00
4.045295715332031250e+00
4.044909000396728516e+00
4.043025970458983487e+00
4.044730663299560547e+00
4.042021274566649502e+00
4.040723800659180576e+00
4.040206909179688388e+00
4.040207386016846591e+00
4.039373874664306641e+00
4.038321495056151456e+00
4.036921501159667969e+00
4.036601066589356357e+00
4.035318374633788174e+00
4.034464836120605469e+00
4.034791469573975498e+00
4.034138202667236328e+00
4.033568382263183594e+00
4.032384872436522549e+00
4.032982826232910156e+00
4.031562805175781250e+00
4.030967235565185547e+00
4.030307769775391513e+00
4.029860973358153409e+00
4.028803348541259766e+00
4.028996467590332031e+00
4.029376983642578125e+00
4.029836177825928623e+00
4.029652595520020419e+00
4.032735347747803623e+00
4.032786846160888672e+00
4.033323764801024502e+00
4.032543659210205078e+00
4.032888412475586826e+00
4.032800197601318359e+00
4.032174587249756748e+00
4.032765388488769531e+00
4.033788204193115234e+00
4.032572746276856357e+00
4.034008026123046875e+00
4.034045219421386719e+00
4.035491943359375000e+00
4.035465717315673828e+00
4.037759304046631748e+00
4.039445400238037109e+00
4.039483547210693359e+00
4.040590763092041016e+00
4.040333271026611328e+00
4.040934085845946377e+00
4.041123867034912109e+00
4.041943073272705078e+00
4.042388439178466797e+00
4.043953895568848544e+00
4.044769287109375000e+00
4.044744014739990234e+00
4.045233726501464844e+00
4.045995235443115234e+00
4.045487880706787109e+00
4.048321723937988281e+00
4.048119068145751953e+00
4.049005031585693359e+00
4.051194667816162109e+00
4.050693035125731534e+00
4.050820350646973544e+00
4.050935745239258701e+00
4.052101135253906250e+00
4.052128791809082031e+00
4.051183223724365234e+00
4.052525997161865234e+00
4.051705837249756748e+00
4.052528381347656250e+00
4.052845001220703125e+00
4.053685188293457031e+00
4.054819107055663174e+00
4.054484844207763672e+00
4.055020809173583984e+00
4.055646419525146484e+00
4.055666446685791016e+00
4.055789947509766513e+00
4.054719448089600498e+00
4.054700851440430576e+00
4.054041862487792969e+00
4.054658889770508701e+00
4.055183410644531250e+00
4.055738449096680576e+00
4.055836200714111328e+00
4.055790901184082031e+00
4.055769443511962891e+00
4.055830478668212891e+00
4.055564880371093750e+00
4.056302547454833984e+00
4.055938243865966797e+00
4.055414199829102451e+00
4.056854724884033203e+00
4.056481838226318359e+00
4.057094573974608487e+00
4.056396961212158203e+00
4.056089878082274502e+00
4.056336402893066406e+00
4.054977893829346591e+00
4.053926467895508701e+00
4.054404735565185547e+00
4.054186344146728516e+00
4.053699016571044922e+00
4.053717136383056641e+00
4.051383495330810547e+00
4.050993442535399502e+00
4.051132202148437500e+00
4.049858093261718750e+00
4.050373554229736328e+00
4.050560951232910156e+00
4.048528194427490234e+00
4.050256252288818359e+00
4.051951408386231357e+00
4.049880027770996094e+00
4.050061702728272373e+00
4.049062728881836826e+00
4.047478675842285156e+00
4.046648979187011719e+00
4.045717239379883701e+00
4.046623229980468750e+00
4.046151638031006748e+00
4.045942306518555576e+00
4.046603202819823331e+00
4.045528888702393466e+00
4.045203685760498047e+00
4.044455528259276456e+00
4.044061660766602451e+00
4.044869899749756748e+00
4.044518470764160156e+00
4.044774055480957031e+00
4.043601036071776456e+00
4.043919563293457031e+00
4.044213294982910156e+00
4.044276714324951172e+00
4.044674396514893466e+00
4.043623924255371094e+00
4.043107509613037109e+00
4.040674686431884766e+00
4.040024280548096591e+00
4.039428710937500000e+00
4.041872978210448331e+00
4.041640281677246094e+00
4.041915893554688388e+00
4.041052818298339844e+00
4.041032791137694424e+00
4.040860176086426669e+00
4.041710376739501953e+00
4.042202949523926669e+00
4.041366577148437500e+00
4.040712356567383701e+00
4.040495395660399502e+00
4.039919853210448331e+00
4.038999557495116299e+00
4.038796901702881748e+00
4.037215709686278409e+00
4.038040637969971591e+00
4.036770820617676669e+00
4.036693572998046875e+00
4.036695480346680576e+00
4.035421371459961826e+00
4.036000251770020419e+00
4.036255359649658203e+00
4.036183357238769531e+00
4.037034988403319424e+00
4.036563396453856534e+00
4.035737514495850498e+00
4.034866809844971591e+00
4.034868240356444424e+00
4.034757137298583984e+00
4.035123825073241299e+00
4.036201000213623047e+00
4.036637306213378906e+00
4.037416934967041016e+00
4.037765502929688388e+00
4.037676811218261719e+00
4.037416934967041016e+00
4.036403179168701172e+00
4.035906314849853516e+00
4.034624576568604404e+00
4.034198284149169922e+00
4.034549236297606534e+00
4.035051822662353516e+00
4.035487174987792969e+00
4.035694122314453125e+00
4.034653663635253906e+00
4.034241199493408203e+00
4.035217761993408203e+00
4.034534454345703125e+00
4.034449577331542969e+00
4.034287452697753906e+00
4.033538818359375000e+00
4.032764911651611328e+00
4.031619548797606534e+00
4.031389236450194424e+00
4.030093193054198331e+00
4.029870510101318359e+00
4.030073165893555576e+00
4.029863834381104404e+00
4.029619216918944424e+00
4.029297351837158203e+00
4.028751850128173828e+00
4.028487682342528409e+00
4.027047634124756748e+00
4.026298999786376953e+00
4.025683403015136719e+00
4.024971961975098544e+00
4.024402141571044922e+00
4.024366855621337891e+00
4.025715827941895419e+00
4.024816036224365234e+00
4.025114059448241299e+00
4.024270057678223544e+00
4.024038314819336826e+00
4.024421691894531250e+00
4.023407936096191406e+00
4.023319721221923828e+00
4.022615432739258701e+00
4.021800994873046875e+00
4.021733760833740234e+00
4.021615028381348544e+00
4.022409439086913174e+00
4.021971225738524502e+00
4.021112918853759766e+00
4.021035671234131748e+00
4.020784378051758701e+00
4.020816326141356534e+00
4.020171165466308594e+00
4.019576072692871094e+00
4.019701480865479404e+00
4.019118309020996094e+00
4.019349098205566406e+00
4.019424438476562500e+00
4.019388675689696377e+00
4.018709659576416016e+00
4.018561363220214844e+00
4.019333362579346591e+00
4.020039081573486328e+00
4.019967079162598544e+00
4.020213603973388672e+00
4.020679950714111328e+00
4.022255897521973544e+00
4.022224426269531250e+00
4.021914482116698331e+00
4.022673606872558594e+00
4.022098064422606534e+00
4.022414684295653409e+00
4.021360874176024502e+00
4.021533489227294922e+00
4.020923137664794922e+00
4.020165920257568359e+00
4.019824504852294922e+00
4.019378185272216797e+00
4.018993377685546875e+00
4.017891883850098544e+00
4.017364025115966797e+00
4.018218517303466797e+00
4.016990661621093750e+00
4.017544269561768466e+00
4.017115592956542969e+00
4.016271591186522549e+00
4.015561103820801669e+00
4.015352725982666016e+00
4.016265869140625000e+00
4.014923095703125000e+00
4.015344142913818359e+00
4.015352249145508701e+00
4.015037059783936435e+00
4.015917778015136719e+00
4.014743804931641513e+00
4.014951229095458984e+00
4.014107704162598544e+00
4.014023780822753906e+00
4.012919902801513672e+00
4.012516021728516513e+00
4.012703418731689453e+00
4.012401103973388672e+00
4.012206077575683594e+00
4.011063098907471591e+00
4.010189533233643466e+00
4.011246204376221591e+00
4.011410713195801669e+00
4.008425235748291016e+00
4.009114742279053623e+00
4.008201122283936435e+00
4.007964611053466797e+00
4.007668972015381748e+00
4.007437229156493252e+00
4.008295536041259766e+00
4.007355690002441406e+00
4.007285118103026456e+00
4.005553722381591797e+00
4.005715370178223544e+00
4.004602909088134766e+00
4.003380775451660156e+00
4.003585338592528409e+00
4.001866340637207031e+00
4.001926422119141513e+00
4.002604007720946377e+00
4.001994132995605469e+00
4.001459121704102451e+00
4.001576423645020419e+00
4.000370025634766513e+00
4.001049518585205078e+00
4.000600337982178623e+00
4.001511096954346591e+00
4.000883102416991299e+00
3.999387264251708984e+00
3.999371051788330078e+00
3.998591661453247070e+00
3.997875452041626421e+00
3.998339891433716264e+00
3.997838497161864790e+00
3.998142242431640625e+00
3.999142646789551225e+00
3.999622106552123579e+00
3.999653577804564986e+00
3.999084234237671343e+00
3.999726772308349609e+00
3.999411582946776900e+00
3.999733686447143999e+00
4.000780105590819424e+00
4.001327037811278409e+00
4.002105236053466797e+00
4.002318859100341797e+00
4.002532005310058594e+00
4.001550674438477451e+00
4.001859188079833984e+00
4.002413749694823331e+00
4.002876758575440341e+00
4.005396842956542969e+00
4.005627632141113281e+00
4.007187843322753906e+00
4.007239818572998047e+00
4.006844997406006748e+00
4.008199214935303623e+00
4.007992744445801669e+00
4.008004665374756748e+00
4.008238792419433594e+00
4.009346008300781250e+00
4.010167598724365234e+00
4.009773254394531250e+00
4.010615348815917969e+00
4.011833667755126953e+00
4.011525154113769531e+00
4.012025833129883701e+00
4.011909008026123047e+00
4.013441085815430576e+00
4.013591766357421875e+00
4.013520717620850498e+00
4.013856410980225498e+00
4.013544082641602451e+00
4.013729572296143466e+00
4.013819217681884766e+00
4.014534473419189453e+00
4.014593601226806641e+00
4.014758586883544922e+00
4.016101360321044922e+00
4.016359329223633701e+00
4.015496253967285156e+00
4.015464782714843750e+00
4.015152454376221591e+00
4.015860080718993252e+00
4.014910221099853516e+00
4.014940261840819424e+00
4.015339374542236328e+00
4.015130519866943359e+00
4.015628814697266513e+00
4.015210151672363281e+00
4.014466285705566406e+00
4.014260292053223544e+00
4.014116287231444424e+00
4.014368534088134766e+00
4.014300823211669922e+00
4.013452053070068359e+00
4.012856006622314453e+00
4.013174057006836826e+00
4.013092041015625000e+00
4.012525558471680576e+00
4.013507366180419922e+00
4.013520240783691406e+00
4.014229297637940341e+00
4.013796329498291016e+00
4.012910842895508701e+00
4.012655735015868252e+00
4.012868881225586826e+00
4.012519359588623047e+00
4.012113094329833984e+00
4.012369632720946377e+00
4.013651847839356357e+00
4.012500762939453125e+00
4.014575481414794922e+00
4.015650272369384766e+00
4.017302036285399502e+00
4.019825458526611328e+00
4.020291328430176669e+00
4.023222446441649502e+00
4.023663520812988281e+00
4.026498317718506748e+00
4.026787757873535156e+00
4.027691364288330078e+00
4.029439449310303623e+00
4.030061244964600498e+00
4.028626918792725498e+00
4.028841018676758701e+00
4.026685714721680576e+00
4.026988506317138672e+00
4.029089450836181641e+00
4.031034946441649502e+00
4.032649993896483487e+00
4.032454490661621094e+00
4.034169673919678623e+00
4.034971714019774502e+00
4.035019397735596591e+00
4.037174224853516513e+00
4.038799285888671875e+00
4.037987232208251953e+00
4.036570072174071377e+00
4.036583423614501953e+00
4.038147926330566406e+00
4.040665149688721591e+00
4.042022228240966797e+00
4.041756629943848544e+00
4.043601989746093750e+00
4.043832778930663174e+00
4.043271064758301669e+00
4.044471263885498047e+00
4.047074317932128906e+00
4.044422626495361328e+00
4.044093132019042969e+00
4.044133186340332031e+00
4.042650222778319424e+00
4.042983055114746094e+00
4.042714595794678623e+00
4.041669368743896484e+00
4.042081356048583984e+00
4.043496131896973544e+00
4.041985034942626953e+00
4.041650772094727451e+00
4.039634704589843750e+00
4.039569377899169922e+00
4.038184642791748047e+00
4.038326263427733487e+00
4.037790298461913174e+00
4.037229537963866299e+00
4.038618087768555576e+00
4.038863182067871094e+00
4.039075374603272373e+00
4.039170265197753906e+00
4.039116859436035156e+00
4.037732601165772373e+00
4.035922050476073331e+00
4.034335136413573331e+00
4.033969879150391513e+00
4.034120559692383701e+00
4.033227920532227451e+00
4.033307075500488281e+00
4.032596588134766513e+00
4.032960891723633701e+00
4.032636642456055576e+00
4.032106399536133701e+00
4.032136440277100498e+00
4.032885551452636719e+00
4.032233238220214844e+00
4.031857490539551669e+00
4.031438350677490234e+00
4.030940055847167969e+00
4.030462265014647549e+00
4.030293464660644531e+00
4.030585289001464844e+00
4.030544281005858487e+00
4.029735565185546875e+00
4.029965400695801669e+00
4.029955387115479404e+00
4.029497623443604404e+00
4.029195785522461826e+00
4.029513835906981534e+00
4.029074668884276456e+00
4.028081417083740234e+00
4.028632164001464844e+00
4.029571056365966797e+00
4.029858112335205078e+00
4.029836177825928623e+00
4.029729843139647549e+00
4.029381275177001953e+00
4.029547214508056641e+00
4.030482292175292969e+00
4.030959129333496094e+00
4.031866550445556641e+00
4.032158374786376953e+00
4.032296180725098544e+00
4.032500743865966797e+00
4.032366275787353516e+00
4.034469604492188388e+00
4.034132480621337891e+00
4.035312652587891513e+00
4.036786079406738281e+00
4.036802768707274502e+00
4.037782192230225498e+00
4.038009166717528409e+00
4.038341522216796875e+00
4.037527084350586826e+00
4.039769172668457031e+00
4.039628505706787109e+00
4.039925098419189453e+00
4.039517402648926669e+00
4.039052963256836826e+00
4.038338184356689453e+00
4.041082859039306641e+00
4.042072772979736328e+00
4.043159484863281250e+00
4.043397903442383701e+00
4.043631076812743252e+00
4.043039321899413174e+00
4.043160915374756748e+00
4.043749332427978516e+00
4.043335914611816406e+00
4.043426513671875000e+00
4.044486522674560547e+00
4.044870376586913174e+00
4.044745445251464844e+00
4.045368671417236328e+00
4.044306278228759766e+00
4.044225692749022549e+00
4.044631481170653409e+00
4.043579101562500000e+00
4.042217254638671875e+00
4.041366577148437500e+00
4.041920661926269531e+00
4.042750835418701172e+00
4.043255805969238281e+00
4.041989803314208984e+00
4.042605876922606534e+00
4.043863773345946377e+00
4.046339988708496094e+00
4.045410633087158203e+00
4.045272827148437500e+00
4.041939735412598544e+00
4.040921688079833984e+00
4.040658473968506748e+00
4.039601802825928623e+00
4.038599014282227451e+00
4.039349555969238281e+00
4.039296150207520419e+00
4.039576530456542969e+00
4.040978908538818359e+00
4.040532112121582031e+00
4.041119098663330078e+00
4.040705204010009766e+00
4.040872573852538174e+00
4.039482593536376953e+00
4.039153575897216797e+00
4.039402484893798828e+00
4.038757324218750000e+00
4.039936065673828125e+00
4.041206359863281250e+00
4.041902065277100498e+00
4.043100357055663174e+00
4.042955398559569424e+00
4.043158054351806641e+00
4.044146060943604404e+00
4.043170928955078125e+00
4.043032646179198331e+00
4.042606353759766513e+00
4.045343875885009766e+00
4.046238422393798828e+00
4.047669887542725498e+00
4.047949314117431641e+00
4.047472476959228516e+00
4.048941612243651456e+00
4.050400257110596591e+00
4.050745010375977451e+00
4.050242900848388672e+00
4.051315784454346591e+00
4.052286148071288174e+00
4.052665710449218750e+00
4.053021430969238281e+00
4.052844524383544922e+00
4.053042888641356534e+00
4.052493095397948331e+00
4.050919055938721591e+00
4.053482532501221591e+00
4.052820205688477451e+00
4.054649829864501953e+00
4.056025028228759766e+00
4.056986808776856357e+00
4.056702613830566406e+00
4.055317401885986328e+00
4.054454803466796875e+00
4.053792476654053623e+00
4.052275180816649502e+00
4.054018497467041016e+00
4.052298069000243252e+00
4.052718639373778409e+00
4.051898479461669922e+00
4.053499698638916016e+00
4.054761886596680576e+00
4.054600715637207031e+00
4.053940296173096591e+00
4.055067539215087891e+00
4.054808616638183594e+00
4.054466247558593750e+00
4.053544998168944424e+00
4.052415847778319424e+00
4.053204536437988281e+00
4.054456233978272373e+00
4.057561397552490234e+00
4.057718753814696377e+00
4.055490970611571377e+00
4.054499149322509766e+00
4.053695678710937500e+00
4.053331851959228516e+00
4.053189277648926669e+00
4.052866458892821377e+00
4.053133487701416016e+00
4.053698539733886719e+00
4.055284500122069424e+00
4.055467128753662109e+00
4.055809020996093750e+00
4.057106018066406250e+00
4.056628227233886719e+00
4.057024478912353516e+00
4.056278228759766513e+00
4.055825710296631748e+00
4.056566715240479404e+00
4.055793285369873047e+00
4.056894779205321377e+00
4.057506561279296875e+00
4.060006141662598544e+00
4.061752796173096591e+00
4.062012672424316406e+00
4.062665462493896484e+00
4.062659740447998047e+00
4.063517570495605469e+00
4.062492370605468750e+00
4.063372135162353516e+00
4.062619209289551669e+00
4.065045833587647373e+00
4.064939022064208984e+00
4.066826343536376953e+00
4.067146778106689453e+00
4.068004608154296875e+00
4.068398952484131748e+00
4.067983150482178623e+00
4.066732406616211826e+00
4.066775798797606534e+00
4.065165042877196377e+00
4.065654277801513672e+00
4.064832210540772373e+00
4.065632343292236328e+00
4.066329956054688388e+00
4.064685821533203125e+00
4.064321994781493252e+00
4.064765930175781250e+00
4.064074039459228516e+00
4.063442707061768466e+00
4.062163352966308594e+00
4.061958789825440341e+00
4.063058376312256748e+00
4.063384532928466797e+00
4.063893795013428623e+00
4.064417362213134766e+00
4.065260410308837891e+00
4.065463066101073331e+00
4.064907550811768466e+00
4.065005779266356534e+00
4.064011573791503906e+00
4.063976287841796875e+00
4.064680099487305576e+00
4.067370414733886719e+00
4.068377017974853516e+00
4.068418025970458984e+00
4.069773674011231357e+00
4.068842887878417969e+00
4.068676471710205078e+00
4.070537567138671875e+00
4.069146156311035156e+00
4.068955421447753906e+00
4.069299697875977451e+00
4.069910049438477451e+00
4.070682048797606534e+00
4.071436882019042969e+00
4.072056770324707031e+00
4.072786808013916016e+00
4.073071956634521484e+00
4.074657440185546875e+00
4.075501441955566406e+00
4.075174331665038174e+00
4.077476024627685547e+00
4.077486038208008701e+00
4.078765392303466797e+00
4.079325199127196377e+00
4.079671382904053623e+00
4.079168319702147549e+00
4.078788757324218750e+00
4.078711986541748047e+00
4.080025672912598544e+00
4.080605983734131748e+00
4.081781864166259766e+00
4.082828044891356534e+00
4.081854343414306641e+00
4.080783367156981534e+00
4.081882953643798828e+00
4.081676006317138672e+00
4.082354068756104404e+00
4.084848880767821377e+00
4.085990905761718750e+00
4.085457801818848544e+00
4.084799766540526456e+00
4.084499835968018466e+00
4.084203720092772549e+00
4.083124637603759766e+00
4.083482742309569424e+00
4.083257675170897549e+00
4.081363677978516513e+00
4.082531929016113281e+00
4.081504821777343750e+00
4.080999851226806641e+00
4.081707954406738281e+00
4.082099914550781250e+00
4.082705497741698331e+00
4.083009243011475498e+00
4.082338333129883701e+00
4.083000183105468750e+00
4.083179950714111328e+00
4.083575248718261719e+00
4.083188533782958984e+00
4.083327770233153409e+00
4.083828449249268466e+00
4.084654331207274502e+00
4.085578918457031250e+00
4.085169315338134766e+00
4.084761619567871094e+00
4.083106040954589844e+00
4.083137989044189453e+00
4.083681583404541016e+00
4.084058284759521484e+00
4.083844661712647373e+00
4.083671092987060547e+00
4.083452224731444424e+00
4.082824707031250000e+00
4.083860397338866299e+00
4.083481311798096591e+00
4.083172798156738281e+00
4.084057807922363281e+00
4.082876205444336826e+00
4.083123683929443359e+00
4.080132961273193359e+00
4.079324722290038174e+00
4.079949855804443359e+00
4.079243659973144531e+00
4.078335285186768466e+00
4.077436447143555576e+00
4.078339099884033203e+00
4.078568935394287109e+00
4.078747272491455078e+00
4.079188823699951172e+00
4.079718589782714844e+00
4.080402851104736328e+00
4.079510211944580078e+00
4.079952239990233487e+00
4.080459594726562500e+00
4.079577445983886719e+00
4.079527854919433594e+00
4.080714225769042969e+00
4.080463886260986328e+00
4.081115245819091797e+00
4.081888675689696377e+00
4.082081794738769531e+00
4.082953929901123047e+00
4.082056522369384766e+00
4.082976818084716797e+00
4.081685543060303623e+00
4.081865787506104404e+00
4.081275939941406250e+00
4.080281257629394531e+00
4.081948757171631748e+00
4.081771850585937500e+00
4.081669330596923828e+00
4.081495285034180576e+00
4.081014633178711826e+00
4.083045959472656250e+00
4.081807613372803623e+00
4.081960201263428623e+00
4.081369400024413174e+00
4.079763412475586826e+00
4.080424785614013672e+00
4.079779148101806641e+00
4.079229831695556641e+00
4.079938888549805576e+00
4.079885959625243252e+00
4.079839229583740234e+00
4.080389499664306641e+00
4.081175327301024502e+00
4.079829216003417969e+00
4.079300880432128906e+00
4.080094337463378906e+00
4.078977108001708984e+00
4.078642845153808594e+00
4.077683925628662109e+00
4.077375411987305576e+00
4.077289581298828125e+00
4.077479839324951172e+00
4.077790737152100498e+00
4.076632022857666016e+00
4.077570438385009766e+00
4.076180458068848544e+00
4.076093196868896484e+00
4.075926303863524502e+00
4.075788021087647373e+00
4.076666355133056641e+00
4.075350284576416016e+00
4.073340415954589844e+00
4.072843551635741299e+00
4.073155403137207031e+00
4.073270797729491299e+00
4.073366165161133701e+00
4.073397636413573331e+00
4.072375774383544922e+00
4.072475433349608487e+00
4.071943759918212891e+00
4.071162223815917969e+00
4.069894313812256748e+00
4.070702552795410156e+00
4.069769859313964844e+00
4.068465232849121094e+00
4.068563461303711826e+00
4.068743705749511719e+00
4.068774700164794922e+00
4.067547798156738281e+00
4.067603588104248047e+00
4.066463947296143466e+00
4.065203189849853516e+00
4.064930438995361328e+00
4.064857006072998047e+00
4.064614772796631748e+00
4.063829421997069424e+00
4.062698841094971591e+00
4.062030792236328125e+00
4.060763835906981534e+00
4.060211658477783203e+00
4.060180187225341797e+00
4.059025764465332031e+00
4.056985378265381748e+00
4.054489612579346591e+00
4.054162502288818359e+00
4.052418231964111328e+00
4.050829410552978516e+00
4.050127983093261719e+00
4.050298690795897549e+00
4.050551414489746094e+00
4.050308704376221591e+00
4.050120830535888672e+00
4.048292636871337891e+00
4.047071933746337891e+00
4.048408031463623047e+00
4.048582077026366299e+00
4.048095226287841797e+00
4.046724796295166016e+00
4.045410633087158203e+00
4.044659137725830078e+00
4.043360710144042969e+00
4.043240547180176669e+00
4.043172836303711826e+00
4.042626380920410156e+00
4.041964530944823331e+00
4.040647983551024502e+00
4.040567874908446377e+00
4.040345191955566406e+00
4.038968086242676669e+00
4.041569232940673828e+00
4.039541244506836826e+00
4.039800167083740234e+00
4.040086746215819424e+00
4.039861202239990234e+00
4.040380001068115234e+00
4.041226863861083984e+00
4.040752887725830078e+00
4.040666103363037109e+00
4.041656494140625000e+00
4.041693210601806641e+00
4.041634559631348544e+00
4.041724681854248047e+00
4.042534828186035156e+00
4.042500972747803623e+00
4.042054653167725498e+00
4.041884422302246094e+00
4.042184829711913174e+00
4.041933536529541016e+00
4.042537212371826172e+00
4.042655944824218750e+00
4.042155265808105469e+00
4.042548656463623047e+00
4.042665958404541016e+00
4.042825698852538174e+00
4.042499065399169922e+00
4.042868137359618252e+00
4.042895317077636719e+00
4.041802883148193359e+00
4.041704654693604404e+00
4.041230201721191406e+00
4.040441989898681641e+00
4.041410446166991299e+00
4.040855884552001953e+00
4.040885448455810547e+00
4.040960788726806641e+00
4.040947437286376953e+00
4.040999889373778409e+00
4.040561199188231534e+00
4.040428161621093750e+00
4.039934158325194424e+00
4.039836883544921875e+00
4.039034366607666016e+00
4.039585113525391513e+00
4.039304256439208984e+00
4.038390636444091797e+00
4.038383960723876953e+00
4.038408756256104404e+00
4.037577629089356357e+00
4.037516593933105469e+00
4.037930488586426669e+00
4.038226604461669922e+00
4.038449764251708984e+00
4.038402080535888672e+00
4.038740634918212891e+00
4.039009571075440341e+00
4.038895606994628906e+00
4.038831710815430576e+00
4.038312435150146484e+00
4.037937164306641513e+00
4.037571430206298828e+00
4.038058280944823331e+00
4.037701606750488281e+00
4.036061286926269531e+00
4.036571502685546875e+00
4.035527229309082031e+00
4.035338401794433594e+00
4.035074234008788174e+00
4.035303115844727451e+00
4.034928798675537109e+00
4.033538818359375000e+00
4.033129692077636719e+00
4.031979084014893466e+00
4.030918121337891513e+00
4.031144142150878906e+00
4.031296730041503906e+00
4.030698299407958984e+00
4.030757427215576172e+00
4.029587745666503906e+00
4.030349254608153409e+00
4.029886722564696377e+00
4.030250549316406250e+00
4.029722690582274502e+00
4.029087066650391513e+00
4.028708457946776456e+00
4.027892589569091797e+00
4.028132915496826172e+00
4.027715206146240234e+00
4.027334213256836826e+00
4.027400970458983487e+00
4.027292251586913174e+00
4.027013778686522549e+00
4.027268886566162109e+00
4.027235984802246094e+00
4.026818275451660156e+00
4.025591373443604404e+00
4.025471687316895419e+00
4.025803089141846591e+00
4.025574684143066406e+00
4.025694370269774502e+00
4.025774478912353516e+00
4.025771617889403409e+00
4.026753902435303623e+00
4.026755809783936435e+00
4.026132583618163174e+00
4.024681568145751953e+00
4.023889064788818359e+00
4.024020671844481534e+00
4.025057792663573331e+00
4.024967670440673828e+00
4.024376392364501953e+00
4.025522232055663174e+00
4.024883747100830078e+00
4.025111198425292969e+00
4.025391578674316406e+00
4.024212837219238281e+00
4.024230003356933594e+00
4.023733139038086826e+00
4.023472785949707031e+00
4.023683547973633701e+00
4.023743629455566406e+00
4.023176193237305576e+00
4.022425174713134766e+00
4.022497177124022549e+00
4.022010326385498047e+00
4.021694660186768466e+00
4.021249771118163174e+00
4.020494461059569424e+00
4.020599365234375000e+00
4.020485877990723544e+00
4.020521640777587891e+00
4.019477367401123047e+00
4.018737316131591797e+00
4.019465446472167969e+00
4.018007278442383701e+00
4.018746852874756748e+00
4.018115043640136719e+00
4.016550064086913174e+00
4.016829490661621094e+00
4.016281604766846591e+00
4.016798973083496094e+00
4.017372131347656250e+00
4.016657352447509766e+00
4.017653942108153409e+00
4.016149520874022549e+00
4.016695499420166016e+00
4.016824722290038174e+00
4.016752243041991299e+00
4.016637325286865234e+00
4.016000270843506748e+00
4.016554355621337891e+00
4.015802383422852451e+00
4.016224861145020419e+00
4.015961170196533203e+00
4.014362335205078125e+00
4.015212535858153409e+00
4.014872074127196377e+00
4.015139102935791016e+00
4.014648914337158203e+00
4.014462471008301669e+00
4.014865398406981534e+00
4.014752864837647373e+00
4.015224933624268466e+00
4.015853404998778409e+00
4.015872001647948331e+00
4.016056537628173828e+00
4.014678478240966797e+00
4.014831066131591797e+00
4.015612125396728516e+00
4.014370918273926669e+00
4.015295982360839844e+00
4.015049934387207031e+00
4.015507221221923828e+00
4.015464782714843750e+00
4.014907360076903409e+00
4.015041351318358487e+00
4.014857769012451172e+00
4.014736652374268466e+00
4.014613151550292969e+00
4.013524055480957031e+00
4.014076709747314453e+00
4.013306617736816406e+00
4.014065742492676669e+00
4.014577388763428623e+00
4.014350891113281250e+00
4.014299392700194424e+00
4.013699054718018466e+00
4.014203548431396484e+00
4.013999938964843750e+00
4.014379024505615234e+00
4.014150142669678623e+00
4.013324260711669922e+00
4.013743400573730469e+00
4.013981819152832031e+00
4.013972759246826172e+00
4.014715671539306641e+00
4.013815879821776456e+00
4.013553619384766513e+00
4.012832164764403409e+00
4.012658119201660156e+00
4.013100147247314453e+00
4.012433052062988281e+00
4.012468814849853516e+00
4.012601375579833984e+00
4.012551307678223544e+00
4.012294292449951172e+00
4.011925220489501953e+00
4.012088298797606534e+00
4.012094974517821377e+00
4.011664867401123047e+00
4.011623382568358487e+00
4.010822772979736328e+00
4.011275768280028409e+00
4.010587215423583984e+00
4.009809494018555576e+00
4.010083198547363281e+00
4.009499549865723544e+00
4.010235786437988281e+00
4.009317398071288174e+00
4.009412288665772373e+00
4.008850574493408203e+00
4.008013725280761719e+00
4.008432388305663174e+00
4.006702899932861328e+00
4.006993770599365234e+00
4.006980895996093750e+00
4.006521701812743252e+00
4.005154609680176669e+00
4.004618644714356357e+00
4.004196643829346591e+00
4.003152847290038174e+00
4.003070831298828125e+00
4.002490997314453125e+00
4.001412868499756748e+00
4.000093936920166016e+00
4.000184059143066406e+00
4.000029563903808594e+00
4.000235080718993252e+00
3.999074220657348633e+00
3.998370170593261719e+00
3.997827053070068803e+00
3.997447729110717773e+00
3.996106147766112837e+00
3.995058536529541016e+00
3.994863271713256836e+00
3.994635820388793945e+00
3.995377302169799805e+00
3.994864702224731001e+00
3.994947433471680132e+00
3.995972156524658203e+00
3.995388031005859375e+00
3.994665861129760742e+00
3.993886470794677734e+00
3.993307113647461382e+00
3.993948698043823242e+00
3.992877483367919922e+00
3.992813825607299805e+00
3.993717908859252930e+00
3.992788314819336382e+00
3.992336034774779829e+00
3.991672277450561523e+00
3.993437767028808594e+00
3.992965936660767046e+00
3.992601871490479404e+00
3.992994308471680132e+00
3.993008136749268022e+00
3.993466854095458984e+00
3.991809844970703125e+00
3.990919113159180132e+00
3.990131139755248579e+00
3.988962650299071822e+00
3.989516973495483398e+00
3.989244699478148970e+00
3.988358736038208008e+00
3.987188100814819336e+00
3.986150741577148882e+00
3.986408948898314986e+00
3.985815763473511186e+00
3.985628128051758257e+00
3.985764741897583008e+00
3.984779119491576704e+00
3.985608577728271928e+00
3.985159158706665039e+00
3.986242294311522993e+00
3.986498832702636719e+00
3.985916614532471147e+00
3.986177682876586914e+00
3.984354972839355913e+00
3.984661340713501421e+00
3.984485864639281782e+00
3.983561992645264116e+00
3.982851266860961914e+00
3.982174634933472124e+00
3.982471704483031782e+00
3.982275724411010298e+00
3.982182979583739790e+00
3.982959985733031782e+00
3.981424331665038618e+00
3.981789827346801758e+00
3.980991840362548828e+00
3.981033802032471147e+00
3.980489969253540039e+00
3.979861497879027876e+00
3.980090141296386275e+00
3.979489326477051225e+00
3.979317903518676758e+00
3.978199005126953125e+00
3.978068351745605469e+00
3.978450298309326172e+00
3.978320837020873579e+00
3.978146076202392578e+00
3.976944208145141602e+00
3.976459503173828125e+00
3.976727485656737393e+00
3.976914882659912109e+00
3.976965188980102983e+00
3.975846290588378906e+00
3.974634885787963867e+00
3.975420713424682617e+00
3.974201202392578125e+00
3.975240230560303178e+00
3.974922895431518999e+00
3.974120140075684038e+00
3.974527359008788618e+00
3.973523855209351030e+00
3.972593545913695845e+00
3.971885204315185547e+00
3.971002817153930220e+00
3.969812870025634322e+00
3.968563079833983931e+00
3.968936204910278320e+00
3.968184471130371094e+00
3.967876434326171875e+00
3.966568946838378906e+00
3.965327739715576172e+00
3.964687585830688921e+00
3.963782072067260742e+00
3.963342666625977007e+00
3.962355613708496094e+00
3.962888240814208984e+00
3.963665008544921875e+00
3.963249921798706055e+00
3.962769985198975053e+00
3.962307929992676225e+00
3.961082220077514204e+00
3.959792375564575195e+00
3.958916187286376953e+00
3.958356857299804688e+00
3.958487987518310991e+00
3.957834482192993164e+00
3.958014011383056641e+00
3.957369327545166016e+00
3.958053588867187944e+00
3.959088563919067383e+00
3.958381652832031250e+00
3.957958698272705078e+00
3.957601785659790039e+00
3.959972381591796875e+00
3.960742950439453125e+00
3.960619688034057617e+00
3.960855722427368164e+00
3.959356784820556641e+00
3.960113048553466797e+00
3.960662603378296343e+00
3.960531473159790039e+00
3.960925102233887163e+00
3.960368633270264116e+00
3.961328268051147905e+00
3.961992025375366211e+00
3.962392330169677734e+00
3.963111162185668945e+00
3.962027788162231889e+00
3.963401794433593750e+00
3.962493658065796343e+00
3.962608814239501953e+00
3.962658166885376421e+00
3.962346076965332031e+00
3.962713479995727983e+00
3.963526964187622070e+00
3.963459968566895419e+00
3.963529348373413086e+00
3.962571382522583008e+00
3.962751865386962891e+00
3.962741851806640625e+00
3.961720466613769531e+00
3.961904525756836382e+00
3.961368799209594282e+00
3.962553024291991743e+00
3.961893558502196822e+00
3.961200237274169922e+00
3.960812807083129883e+00
3.960841894149779829e+00
3.961751461029052734e+00
3.961573362350463867e+00
3.961355686187743697e+00
3.960225582122802290e+00
3.960179328918457031e+00
3.959596157073975053e+00
3.959009408950805664e+00
3.959343433380126953e+00
3.958363771438599077e+00
3.956607341766356978e+00
3.957242012023926225e+00
3.955713510513305664e+00
3.955605268478393555e+00
3.956258296966552734e+00
3.956033945083618164e+00
3.955156803131103960e+00
3.953940868377685547e+00
3.953916072845458984e+00
3.953316926956176758e+00
3.953212976455688921e+00
3.952468395233153409e+00
3.952138900756836382e+00
3.951555728912353516e+00
3.951068401336669922e+00
3.951198101043701172e+00
3.950973272323607954e+00
3.950917243957519975e+00
3.950832366943359819e+00
3.950503110885620117e+00
3.950475215911864790e+00
3.950855016708373579e+00
3.951066970825195312e+00
3.949894666671752930e+00
3.949823141098023349e+00
3.950662612915038618e+00
3.951285123825072798e+00
3.950066804885863814e+00
3.949977874755859375e+00
3.949834823608398438e+00
3.949023962020873579e+00
3.947788715362548828e+00
3.947865724563599077e+00
3.948444604873656782e+00
3.947619438171386275e+00
3.948254823684692827e+00
3.947336673736571822e+00
3.946923971176147905e+00
3.948135375976562500e+00
3.947181463241576704e+00
3.946599245071411133e+00
3.947053670883178267e+00
3.946779012680053711e+00
3.947598218917847124e+00
3.947197675704956055e+00
3.945393323898314986e+00
3.945039749145508257e+00
3.944171428680419922e+00
3.942671775817871094e+00
3.941264152526855913e+00
3.940801620483398438e+00
3.941917419433593750e+00
3.941838979721068892e+00
3.941435337066649502e+00
3.941264152526855913e+00
3.942017078399658203e+00
3.941480875015258789e+00
3.941136121749877930e+00
3.940524578094481534e+00
3.939209699630736861e+00
3.940191030502319336e+00
3.938539266586304155e+00
3.939193487167358398e+00
3.939137935638428178e+00
3.937252759933472124e+00
3.939952850341796875e+00
3.939976453781127930e+00
3.940817356109618697e+00
3.940394878387451172e+00
3.941180467605591264e+00
3.941389799118041992e+00
3.940626621246337891e+00
3.941588640213012695e+00
3.942333459854126421e+00
3.942150115966796875e+00
3.941710472106933594e+00
3.939984083175658736e+00
3.941075801849364790e+00
3.941738843917847124e+00
3.941892385482788086e+00
3.942269802093506303e+00
3.941142559051513672e+00
3.941991329193115234e+00
3.942654371261596680e+00
3.942238569259643999e+00
3.941604614257812944e+00
3.940368652343750000e+00
3.941386699676513672e+00
3.940672874450684038e+00
3.941580295562743697e+00
3.941744565963745117e+00
3.941033124923706055e+00
3.940425872802734375e+00
3.939840555191040039e+00
3.939897298812866211e+00
3.939446687698363814e+00
3.939871072769165039e+00
3.939855575561522993e+00
3.939233541488647905e+00
3.938539028167724609e+00
3.938074350357056108e+00
3.937495231628417969e+00
3.937434434890747070e+00
3.936423301696776900e+00
3.937283039093017578e+00
3.936433076858520952e+00
3.936325550079345703e+00
3.936465024948120117e+00
3.935723304748535156e+00
3.934720039367676225e+00
3.934520483016968218e+00
3.933667421340942383e+00
3.933659791946411133e+00
3.933296918869018555e+00
3.932744741439819336e+00
3.932172060012817383e+00
3.931477308273314986e+00
3.930382490158081055e+00
3.930312395095825195e+00
3.930416107177734375e+00
3.929830074310303178e+00
3.929304599761962891e+00
3.929077148437500000e+00
3.928003311157226562e+00
3.928830862045288086e+00
3.928093671798706055e+00
3.928543806076049805e+00
3.927778482437133789e+00
3.927625179290771928e+00
3.927219390869140625e+00
3.926307916641235352e+00
3.925917863845825195e+00
3.924582481384276900e+00
3.923750638961791992e+00
3.925691127777100053e+00
3.925580739974976030e+00
3.926927804946899414e+00
3.928342103958129883e+00
3.928138732910155806e+00
3.928653478622436968e+00
3.928725242614746094e+00
3.929803371429443359e+00
3.930411815643310991e+00
3.930058717727661133e+00
3.928135395050048828e+00
3.926711797714233398e+00
3.927639961242676225e+00
3.927083492279052734e+00
3.927981376647948775e+00
3.927267313003540039e+00
3.926079273223876953e+00
3.926669597625732866e+00
3.927347898483276811e+00
3.927531957626343218e+00
3.929769992828368697e+00
3.928967714309692827e+00
3.929465770721435991e+00
3.928722620010376421e+00
3.930067300796508789e+00
3.930422067642211914e+00
3.929827213287353516e+00
3.930192232131958008e+00
3.931055784225463867e+00
3.931606769561768022e+00
3.932307720184326172e+00
3.931381464004516602e+00
3.930724143981933594e+00
3.930184602737426314e+00
3.929973602294921875e+00
3.930480957031250000e+00
3.929746389389038086e+00
3.932285547256469727e+00
3.932133197784423828e+00
3.932448387145996094e+00
3.932579755783081055e+00
3.932691812515258789e+00
3.932377099990844727e+00
3.931111812591552734e+00
3.931903600692748579e+00
3.932614326477051225e+00
3.933881044387817383e+00
3.935197830200195312e+00
3.934206247329711914e+00
3.935445308685303178e+00
3.936828613281250000e+00
3.937171220779418945e+00
3.937670707702636719e+00
3.936780214309692827e+00
3.937111616134643999e+00
3.937787294387817383e+00
3.938183784484863281e+00
3.939798593521118164e+00
3.939239263534546343e+00
3.939985275268554243e+00
3.941251277923583984e+00
3.941900730133056641e+00
3.941614627838135210e+00
3.941075563430786133e+00
3.940799474716186523e+00
3.940758705139160156e+00
3.941518545150756836e+00
3.942463159561156782e+00
3.942532539367676225e+00
3.943572282791137695e+00
3.943030834197998047e+00
3.942744016647338867e+00
3.943304538726807085e+00
3.942648410797118697e+00
3.944046735763549805e+00
3.945200681686401811e+00
3.946866512298583984e+00
3.946238279342651367e+00
3.946501255035399947e+00
3.946058511734008789e+00
3.944887399673461914e+00
3.945266008377075195e+00
3.944159507751464844e+00
3.943619966506958008e+00
3.942847967147826704e+00
3.942015647888184038e+00
3.941756963729857510e+00
3.942620277404785156e+00
3.942030429840087891e+00
3.944007396697998047e+00
3.942970752716064897e+00
3.943036556243896928e+00
3.942578077316283736e+00
3.942322492599487305e+00
3.942866563796997070e+00
3.942874193191527876e+00
3.943910360336304155e+00
3.944425106048583984e+00
3.945235013961791992e+00
3.945322275161743164e+00
3.944199562072753906e+00
3.944431781768798828e+00
3.943829774856567827e+00
3.943495750427246094e+00
3.943224430084228960e+00
3.942619800567626953e+00
3.942975282669067383e+00
3.941248655319213867e+00
3.941203117370605469e+00
3.941356658935546875e+00
3.940732955932616743e+00
3.941996097564696822e+00
3.940354585647583008e+00
3.940929174423217773e+00
3.941701889038086382e+00
3.941550731658935991e+00
3.942448377609252930e+00
3.941630840301513672e+00
3.942517280578612837e+00
3.941518306732177734e+00
3.942103385925292969e+00
3.941596508026123047e+00
3.940584659576416016e+00
3.939708232879639116e+00
3.940060615539551225e+00
3.940604686737060991e+00
3.940239667892456055e+00
3.939502000808716264e+00
3.939437866210937500e+00
3.939681529998779297e+00
3.939141273498535156e+00
3.940182924270629883e+00
3.938139438629150391e+00
3.938891887664794922e+00
3.938696146011352983e+00
3.938144445419311968e+00
3.936940670013428178e+00
3.936851978302001953e+00
3.936892032623291016e+00
3.935872077941895419e+00
3.936047554016112837e+00
3.935895681381225586e+00
3.935317277908325195e+00
3.935304880142211914e+00
3.934512138366698775e+00
3.935111999511719194e+00
3.935498714447021484e+00
3.935578107833862305e+00
3.935523033142089844e+00
3.934614419937133789e+00
3.934601068496703657e+00
3.934607982635498047e+00
3.933480739593506303e+00
3.934048891067504883e+00
3.932075023651123047e+00
3.933123588562012163e+00
3.932461500167847124e+00
3.932446479797363281e+00
3.933163404464721680e+00
3.933840513229370117e+00
3.934665918350220171e+00
3.935151100158691406e+00
3.935841560363769531e+00
3.936761856079101562e+00
3.935678482055663618e+00
3.937849998474121094e+00
3.938051462173461914e+00
3.939509868621826172e+00
3.940282106399536133e+00
3.939246177673339844e+00
3.938955783843993697e+00
3.939916849136352983e+00
3.940614700317383257e+00
3.940754890441895419e+00
3.940024614334105557e+00
3.940449714660644975e+00
3.939188003540038618e+00
3.939172983169556108e+00
3.939911603927611861e+00
3.940540790557860884e+00
3.941139221191406250e+00
3.940598726272583008e+00
3.941270589828491211e+00
3.941700458526611328e+00
3.942406177520751953e+00
3.942095279693603960e+00
3.940656900405883789e+00
3.940626859664916992e+00
3.940343141555786133e+00
3.939890623092651367e+00
3.939552068710326704e+00
3.940394401550292969e+00
3.941689014434815341e+00
3.941529750823975053e+00
3.942131757736206055e+00
3.943195343017578125e+00
3.942297935485839844e+00
3.942296028137207031e+00
3.944180965423583984e+00
3.944500207901001421e+00
3.945908069610596147e+00
3.945141553878783736e+00
3.945972204208373579e+00
3.948361396789551225e+00
3.948145151138305664e+00
3.948642015457152876e+00
3.947203397750855380e+00
3.947877883911133257e+00
3.947609186172484907e+00
3.948016405105591264e+00
3.947316169738769531e+00
3.946667432785033736e+00
3.946678638458251953e+00
3.946665048599243164e+00
3.945657253265381303e+00
3.946461677551269531e+00
3.946667194366455078e+00
3.946909427642822266e+00
3.946541786193848100e+00
3.947890520095825195e+00
3.945060968399048296e+00
3.945795059204101562e+00
3.945567607879639116e+00
3.944383859634399858e+00
3.945439100265502930e+00
3.945013761520385742e+00
3.944532632827758789e+00
3.944145441055298296e+00
3.943938732147216797e+00
3.942831516265868697e+00
3.942297458648681641e+00
3.942326068878173828e+00
3.942999601364136186e+00
3.941493272781372070e+00
3.942858934402466264e+00
3.942205905914306197e+00
3.942464828491211382e+00
3.942547082901001421e+00
3.942466735839844194e+00
3.943073511123656782e+00
3.944121360778808594e+00
3.943751096725463867e+00
3.943995952606201172e+00
3.943283319473266602e+00
3.943414688110352007e+00
3.943627357482910156e+00
3.944198608398437500e+00
3.944414377212524858e+00
3.944809675216674805e+00
3.945144176483153409e+00
3.944330215454101562e+00
3.945104837417602539e+00
3.946060180664063388e+00
3.945765733718872070e+00
3.946253776550292969e+00
3.945467233657836914e+00
3.945618629455566406e+00
3.946759223937987837e+00
3.947341680526732954e+00
3.948733329772948775e+00
3.948701381683349609e+00
3.949761867523193803e+00
3.950468540191649502e+00
3.951210498809815341e+00
3.951403379440308061e+00
3.950619459152221680e+00
3.953032732009888139e+00
3.952595472335815874e+00
3.953820943832397461e+00
3.953537225723266602e+00
3.953362226486206055e+00
3.955340623855591264e+00
3.954760551452636719e+00
3.956250667572021484e+00
3.954890012741088867e+00
3.955054283142089844e+00
