-2.052611559629440585e-01
5.563176795840264061e-02
3.566227853298186562e-02
-6.718212366104125977e-02
-1.565710082650184631e-02
2.257153987884520929e-01
5.242919176816940308e-02
-2.101908437907695770e-02
-6.597603112459182739e-02
4.381064325571060181e-02
-6.290794117376207221e-04
3.007436096668243408e-01
1.151947304606437683e-02
-8.358442783355712891e-02
-5.444854963570833206e-03
7.069509476423263550e-02
-8.740305900573730469e-02
-1.409159786999225616e-02
-2.723464928567409168e-02
1.234411969780921936e-01
1.645815670490264893e-01
-1.163587123155594011e-01
-8.162164688110352950e-02
-7.443141937255859375e-02
-1.614721864461898804e-01
-4.886304959654808044e-02
-7.503293454647064209e-02
-1.215947493910789490e-01
-1.875329166650772095e-01
-6.542249023914337158e-02
-9.945517778396606445e-02
7.995509356260299683e-02
1.017233282327651978e-01
9.992570616304872685e-03
-3.360616043210029602e-02
-8.217692375183105469e-03
-6.628446280956266923e-02
-2.839596197009086262e-02
-6.466303020715713501e-02
-8.283786475658418136e-02
5.600388161838054657e-03
9.972359240055084229e-02
-1.626292616128921509e-02
-1.433694362640380859e-01
-1.467544287443161011e-01
2.317445538938045155e-02
1.233039423823356490e-01
-1.557152532041072845e-02
-8.675261400640009099e-03
-1.350203007459640503e-01
-6.964782625436782837e-02
-9.770933538675308228e-03
-1.250411383807659149e-02
1.519498527050018588e-01
-3.385995514690876007e-03
-4.640101641416549683e-02
-2.760593779385089874e-02
-4.724083468317985535e-02
-1.611990295350551605e-02
-1.911649294197559704e-02
-6.523638218641281128e-02
-9.534025192260742188e-02
1.695416681468486786e-02
8.184546977281570435e-02
1.552445348352193832e-02
4.367181565612554550e-03
-9.813846088945865631e-03
1.614825800061225891e-02
5.349616333842277527e-02
9.742072969675064087e-02
3.187169507145881653e-02
-1.602738909423351288e-02
6.974632292985916138e-02
1.027911752462387224e-01
1.186696961522102495e-01
5.761843919754027626e-02
-1.613836735486984530e-01
-5.009169131517410278e-02
-7.582895457744597001e-02
-8.468895405530929565e-02
-9.911398589611052079e-02
3.391880542039871216e-02
3.714455664157867432e-02
-2.934588864445686340e-02
-2.184820771217346469e-01
-2.484305053949356079e-01
-2.114766240119934082e-01
-3.091004677116871227e-02
-4.567946493625641563e-02
-5.298497155308723450e-02
-4.450151324272156456e-02
2.031802572309970856e-02
8.218179643154144287e-02
-5.670784972608089447e-03
-4.154116287827491760e-02
7.144250720739364624e-02
-5.565518513321877393e-03
1.129725053906440735e-01
-9.249663911759851628e-03
3.032578900456428181e-02
4.654103145003318787e-02
-1.429835800081491644e-02
-1.223550457507372076e-02
-5.243567004799842834e-02
7.042396813631057739e-02
1.179034113883972307e-01
-9.821397066116333008e-02
1.797032542526721954e-02
5.781477689743042686e-02
-5.928666144609451294e-02
-3.676736354827881553e-02
-4.689940717071295652e-03
4.500740021467208862e-02
-3.504587709903717041e-02
9.105467051267623901e-02
2.284485474228858948e-02
-3.555092215538024902e-02
-1.966730654239654541e-01
-1.050340384244918684e-01
-9.417349845170976119e-02
-1.653438657522201538e-01
-1.248019710183143477e-01
-1.961386799812316895e-01
-7.979919016361237960e-02
-7.698199898004531860e-02
-1.720069348812103271e-01
-9.463454782962800460e-02
-1.459113787859678442e-02
7.343489676713942094e-02
-6.397147476673126221e-02
-8.764802664518356323e-02
-1.487059984356164932e-02
-5.864953994750976562e-02
4.954883456230163574e-02
-9.113810211420060592e-02
-9.341961890459060669e-02
1.495683193206787109e-02
7.028478384017944336e-02
1.844975911080836903e-02
-7.780433446168900924e-02
-1.004976313561201269e-02
-4.808665066957473755e-02
-2.499569393694400787e-02
-3.817960247397422791e-02
7.358250208199023333e-03
-4.103653132915496826e-02
-1.905719004571438183e-02
7.651890069246292114e-02
-1.700080186128616333e-02
-6.855407357215881348e-02
-4.356208816170692444e-02
-2.272362448275088917e-02
3.618439286947249672e-02
-4.446142539381981590e-02
-7.543117552995683150e-02
7.615763694047927856e-02
-1.353140175342559814e-01
-4.798799008131027222e-02
5.334847420454025269e-02
2.757769823074340820e-02
3.869579359889031150e-02
1.079146936535835266e-01
3.931864351034165123e-02
8.486946113407611847e-03
-1.314310878515243530e-01
-8.025193214416503906e-02
3.970628138631582260e-03
-1.230261921882629533e-01
-1.217981129884719710e-01
-1.097564995288848738e-01
1.458268240094184702e-02
-3.185889124870299599e-02
7.575566321611404419e-02
5.326872225850821409e-03
1.056076213717460632e-01
9.813521057367323441e-02
2.896461822092533112e-02
1.086666211485862732e-01
1.069352030754089355e-01
-1.246446557343005961e-02
1.000017300248145884e-02
2.825255319476127971e-02
6.312041729688644409e-02
-2.250875160098075867e-02
7.144288718700408936e-02
4.634647071361541748e-02
6.675425916910171509e-03
1.050955802202224731e-01
5.892826616764068604e-02
3.871550038456916809e-02
1.768831461668014526e-01
5.807748809456825256e-02
3.860513493418693542e-02
5.931898951530456543e-02
7.912924513220787048e-03
-5.352427251636981964e-03
4.276703693903983181e-04
-1.100155264139175415e-01
-7.631622254848480225e-02
-7.008044421672821045e-02
-1.046507209539413591e-01
-1.891447603702544888e-01
-8.693122863769531250e-02
9.517239034175872803e-02
-9.628934413194656372e-02
-1.461261790245771235e-02
1.154437661170959473e-02
2.444175258278846741e-02
-8.762156218290328979e-02
3.470129147171973488e-02
-4.829415585845709714e-03
-1.568931154906749725e-02
-4.611828923225402832e-02
-8.061765879392623901e-02
-1.243263017386198044e-02
-3.307823464274406433e-02
-2.581379562616348267e-02
1.330878883600234985e-01
4.090388491749763489e-02
7.113690953701734543e-03
-2.718922682106494904e-02
2.574165351688861847e-02
1.967992447316646229e-02
-4.261105507612229087e-02
-8.787372708320617676e-02
-1.407145708799362183e-01
-6.099517270922661522e-02
-2.270195633172988892e-02
-1.137837767601013184e-02
-3.098949091508984999e-03
-7.442458719015121460e-02
-1.222347021102905273e-01
-4.876786470413208008e-02
-4.006254673004150391e-02
-2.517273463308811188e-02
-3.627908974885940552e-02
1.225984096527099471e-01
-4.112504539079963619e-04
3.805052489042282104e-02
-4.417571425437926552e-02
-8.240351825952529907e-02
6.579984445124864578e-03
-5.507600679993629456e-02
7.967527024447917938e-03
-4.833865910768509778e-03
-3.984933346509933472e-02
1.457897014915943146e-02
-2.959088608622551311e-02
-1.918362453579902649e-02
-6.591281294822692871e-02
2.113374881446361195e-02
-1.585752218961715421e-01
-5.790838226675987244e-02
-4.264691099524497986e-02
8.231478929519651933e-02
2.322297729551791798e-02
-3.421035781502723694e-02
2.421378530561923981e-02
-2.483277209103107452e-02
-1.178005710244178772e-01
-1.567465811967849454e-01
-1.110388338565826416e-01
-9.301155805587768555e-03
2.727726660668849945e-02
6.589736789464950562e-02
1.130609214305877686e-02
-3.544049710035324097e-02
4.027653485536575317e-02
-6.772134453058242798e-02
-1.793070137500762939e-01
-1.074376329779624939e-01
-1.565065234899520874e-01
-9.491793811321259933e-02
-5.610861629247665405e-02
6.272206455469131470e-02
1.400446742773056030e-01
1.671201884746551514e-01
7.707914803177119169e-03
-7.618016004562377930e-02
-4.706281796097754738e-02
-2.234419807791709900e-02
-2.725662477314471852e-02
5.175981670618056557e-02
-7.037277519702911377e-02
-3.970182314515113831e-02
-9.462810307741163773e-02
-4.996874555945397117e-02
5.506738647818564675e-02
-5.494977533817291260e-02
-1.670556962490081787e-01
-4.391062632203102112e-02
-9.640127420425416427e-02
-4.106571152806282043e-02
-3.836537897586823204e-02
-5.919220671057701111e-02
5.402737855911254883e-02
1.162853166460990767e-01
1.188239902257919312e-01
7.016564905643463135e-02
5.983170866966247559e-02
1.192108467221259932e-01
3.195424750447273254e-02
-5.658626556396485069e-02
-1.779282242059707364e-01
-1.094837412238121033e-01
5.428147036582232389e-03
-2.106161415576934814e-02
1.002566423267125910e-02
5.538022145628928444e-02
-6.790950149297714233e-02
-5.960618332028388977e-02
-1.417693030089139938e-02
8.410471491515636444e-03
-2.204558812081813812e-02
3.959168121218681335e-02
3.266192227602005005e-02
6.412815302610396472e-03
-6.987678259611129761e-02
5.125301703810691833e-02
7.077524811029434204e-02
-2.761252038180828094e-02
-2.471597865223884583e-02
-3.442918136715888977e-02
-4.631673544645308754e-02
-8.005267009139060974e-03
-9.729566425085067749e-02
-1.429480733349919319e-03
1.746783591806888580e-02
-3.423134982585906982e-02
2.576479315757751465e-02
5.722289532423018715e-02
2.204319229349493980e-03
-3.433003649115562439e-02
-2.638106793165206909e-02
5.590484291315078735e-02
3.069188445806503643e-02
-4.273701459169387817e-02
-2.413852373138070107e-03
3.813410177826882103e-02
-4.359909519553185203e-02
6.614701822400093079e-03
-4.631553962826728821e-02
-1.190902367234230042e-01
-4.768903180956840515e-02
1.210373044013977051e-01
2.124237567186355868e-01
-1.275993604212999170e-02
-1.359889358282089233e-01
-6.872665882110595703e-02
-9.294059127569200343e-03
-3.393591940402985313e-02
1.495138928294181824e-02
5.395800340920686722e-03
1.391203608363866806e-02
-4.798948392271996238e-02
1.544058918952941895e-01
8.243671804666519165e-02
-2.911559678614139904e-02
-1.158535853028297424e-02
-4.343311861157416603e-02
-9.606259316205977006e-02
1.553599536418914621e-02
-1.472335457801818848e-01
-1.447854489088058472e-01
-4.232977330684661865e-02
-1.387739274650811976e-02
1.355003118515014371e-01
9.867469221353532272e-02
-1.481064110994338989e-01
-1.238683536648750444e-01
-3.941974416375160217e-02
2.105044946074485779e-02
1.654906384646892548e-02
1.093955263495445251e-01
6.893249601125717163e-02
2.720518410205841064e-01
1.364647299051284790e-01
1.653003878891468048e-02
-1.451249867677688599e-01
-9.306866675615310669e-02
-3.371617197990417480e-02
-1.499461708590388515e-03
-7.206458598375320435e-02
3.460550680756568909e-02
3.974444419145583413e-02
6.455230712890625000e-02
-8.088707923889160156e-02
-6.668973714113235474e-02
-1.101808473467826704e-01
-1.133371517062187195e-01
-5.240854993462562561e-02
1.181162372231483459e-01
1.798951067030429840e-02
-4.284798726439476013e-02
-1.675550043582916537e-01
-6.009067595005034707e-02
-2.236279891803861098e-03
-6.147282943129540184e-02
-1.265749037265777588e-01
-1.036182865500449995e-01
-3.336419165134429932e-02
1.772061572410166480e-03
-6.452188640832901001e-02
-5.600426346063613892e-02
1.173921022564172745e-02
3.620834648609162071e-02
4.717820882797241211e-02
-6.379707157611846924e-02
-4.324270412325859070e-02
-9.417645633220672607e-03
-6.019148975610732338e-02
-1.760506629943847379e-01
1.709466427564620972e-02
1.083093360066414018e-01
5.530283972620964050e-02
-1.819314621388911854e-02
-1.399250794202089136e-02
-3.205335885286331177e-02
1.050771474838256697e-01
4.913165792822837830e-02
-2.498590201139450073e-01
-2.281857095658779144e-02
8.808920532464981079e-02
8.429939299821853638e-02
7.982005923986434937e-02
1.295689865946769541e-02
-9.093228727579116821e-02
-1.168050915002822737e-01
-3.554800525307655334e-02
3.878226131200790405e-02
6.890988443046808243e-03
1.784016937017440796e-02
-1.761148124933242798e-02
1.306650508195161819e-02
-4.487411119043827057e-03
-1.153420731425285201e-01
7.574626710265874863e-03
6.391187757253646851e-02
4.427528381347656250e-02
-1.590577326714992523e-02
1.527485065162181854e-02
-1.792411552742123387e-03
-2.474838402122259140e-03
3.298013657331466675e-02
-1.279621124267578125e-01
-2.191453427076340069e-02
2.885680645704269409e-02
-3.964913263916968605e-02
3.711353242397308350e-02
2.938561141490936279e-03
-2.285470440983772625e-02
-1.976280845701694489e-02
1.320282071828842163e-01
5.801185965538024902e-02
1.543377041816711426e-01
4.870008677244185707e-02
-1.368611007928848544e-01
-9.069863706827163696e-02
-3.518273308873176575e-02
-8.963624015450477600e-03
-7.204534485936165723e-03
-2.023747004568576813e-02
3.920023515820503235e-02
5.293337628245353699e-02
-2.025633491575718273e-02
2.287604101002216339e-02
-4.046237468719481728e-02
-1.617624983191490173e-02
7.618051953613758087e-03
-2.436387911438941956e-02
1.036582514643669302e-02
1.054914370179176331e-01
-4.412541165947913430e-02
-1.940921545028686523e-01
-1.638637334108352661e-01
-8.018159866333007812e-02
-2.059137821197509766e-02
-2.529851906001568188e-02
-9.525256603956223922e-02
-1.951220929622649869e-01
-9.745173156261444092e-02
-1.114585157483815973e-02
-3.423852100968361595e-02
-1.017494052648544312e-01
-5.636899918317794800e-02
-7.215965539216995239e-02
-5.671318620443343422e-02
-2.455077879130840302e-02
-7.195499725639820099e-03
1.494707632809877569e-02
4.999484121799468994e-02
1.219478901475667953e-02
-2.798455022275448192e-02
2.470000647008419037e-02
1.863138005137443889e-02
-1.665273681282996784e-02
-2.664949558675289154e-02
1.652339845895767212e-02
7.188253849744798141e-02
3.894205763936042786e-02
-3.438312560319900513e-02
-9.873823076486587524e-02
-1.744447201490402222e-01
-8.197794854640960693e-02
-6.078281626105308533e-02
-4.197166860103607178e-02
-1.527454797178506851e-02
5.193216353654862144e-02
9.206558577716350555e-03
-5.855184048414230347e-02
-7.099884003400802612e-02
6.552084535360336304e-02
-3.308696672320365906e-02
4.848934337496757507e-02
4.636864364147186279e-02
2.896707737818360762e-03
4.778357595205307007e-02
-5.765094421803950396e-03
1.346367225050926208e-02
-4.787992686033248901e-03
-3.840811550617218018e-02
-7.443799171596765518e-03
-4.229709506034851074e-02
-2.990460768342018127e-02
-1.035691890865564346e-02
-1.312326360493898392e-02
-4.297784343361855247e-02
-4.298589378595352173e-02
1.349095627665519541e-02
5.410467833280563354e-02
2.845657989382743835e-02
6.068386882543563843e-02
-4.134189710021018982e-02
-1.913083903491497040e-02
-2.717361040413380016e-02
-1.202733907848596573e-02
-3.766937926411628723e-02
3.322292352095246315e-03
1.633508689701556812e-02
1.662169992923736572e-01
1.160597279667854448e-01
2.030540257692337036e-02
-7.909624278545379639e-02
-1.510746926069259366e-01
-8.169597387313842773e-02
-3.198139742016791603e-02
-4.210258834064006805e-03
5.688655748963356018e-02
1.569254100322723389e-01
4.582976549863815308e-02
-4.493729025125503540e-02
-1.978242537006735802e-03
2.362355031073093067e-02
-3.888640552759170532e-02
1.125181466341018677e-02
-5.805275216698647239e-02
-1.331131309270858765e-01
-1.255521923303604126e-01
-1.256286650896072388e-01
-1.358299106359481812e-01
3.649820759892463684e-02
4.677143320441246033e-02
2.131649293005466114e-02
-4.844989627599716187e-02
8.574549108743667603e-02
6.675577163696289062e-02
-4.367517679929733276e-02
2.049843780696391712e-02
8.929378539323808150e-02
-7.929341867566108704e-03
5.775930359959602356e-03
3.531785309314727783e-02
-1.145297810435295244e-01
-1.193657293915748457e-01
-1.081916689872741560e-01
-1.313584595918655396e-01
-1.036326140165328979e-01
-1.120291799306869646e-01
-1.534449458122253418e-01
-1.885734349489212036e-01
-1.942720711231231967e-01
-6.049421057105063698e-02
-4.686390608549118042e-02
8.492803573608397050e-02
5.593274161219596863e-02
-4.207218997180461884e-03
-5.124514177441596985e-02
5.564355105161666870e-02
-5.834407638758420944e-03
-5.384776741266250610e-02
-1.458461433649063110e-01
-1.436017751693725586e-01
-3.326593711972236633e-02
9.130038321018220382e-02
6.950337439775466919e-02
-5.247596651315689087e-02
-1.618952900171280185e-01
-1.093697398900985579e-01
9.487572312355042892e-02
9.453086555004119873e-02
8.500666171312332153e-02
-7.734595984220504761e-02
-1.037770882248878340e-01
-7.019189745187759399e-02
2.652997709810733795e-02
-4.886075481772422791e-02
1.594603806734085083e-02
-1.176231540739536459e-02
-8.738457411527633667e-02
-1.091056987643242021e-01
-8.194035291671752930e-02
-2.311815693974494934e-02
2.539919922128319740e-03
6.792984902858734131e-02
-2.482694014906883240e-02
-5.687499046325683594e-02
-5.907691270112991333e-02
-3.566187247633934021e-02
-1.026410143822431564e-02
-1.471125707030296326e-02
-5.076116882264614105e-03
1.467439159750938416e-02
-2.556319348514080048e-02
-3.669083490967751243e-02
-5.215932428836823204e-02
-1.108021009713411331e-02
5.111285299062728882e-02
4.251680523157119751e-02
-4.290341213345528343e-02
-1.129235178232192993e-01
-5.607748031616210938e-02
1.102337911725044389e-01
1.468799412250518799e-01
3.176816552877426147e-02
-1.055307090282440186e-01
-1.496809124946594238e-01
8.715283125638961792e-03
7.088523358106613159e-02
1.165128964930772781e-02
1.364269945770502090e-02
-7.401217520236968994e-02
-5.142924934625625610e-02
-1.265331655740737915e-01
-7.365342229604721069e-02
3.695776686072349548e-02
4.933756217360497215e-02
-2.827667631208896984e-02
-7.664959877729415894e-02
-1.695606857538223267e-01
-1.574224978685379028e-01
-1.333607546985149384e-02
-2.052041701972484589e-02
2.303582988679409027e-02
-3.078838624060153614e-02
1.891573891043663025e-02
1.033886708319187164e-02
-5.778378993272781372e-02
-6.264881789684295654e-02
-4.891138896346091530e-02
-1.078996285796165605e-01
-2.108965255320071827e-02
3.869230672717094421e-02
-1.100206524133682390e-01
-1.196051836013793945e-01
-6.322553381323814392e-03
-3.643347322940825722e-02
-9.195529669523240524e-02
-1.405961364507675171e-01
-2.980664558708668102e-02
6.956350058317183060e-02
1.852825167588889382e-03
1.077889185398817062e-02
-2.741812169551849018e-02
-1.341602206230163574e-01
-1.084411516785621643e-01
2.405273169279098511e-02
-2.385835163295269012e-02
-1.771083176136016846e-01
-1.634392589330673218e-01
-2.857726998627185475e-02
-7.054242491722106934e-02
-2.243375331163406372e-01
-2.141252905130386630e-01
-1.138130053877830505e-01
-1.434137951582670385e-02
7.146362960338592529e-02
-6.585153937339782715e-02
-8.799541741609571976e-02
-2.261574938893318523e-02
-2.905900776386261333e-02
-1.763771623373031616e-01
-9.373955428600312667e-02
-2.824965864419936787e-02
1.045190170407295227e-02
2.468802267685533004e-03
7.703238166868687543e-03
-1.153982952237129211e-01
-9.954234957695007324e-02
-4.548927024006843567e-02
-4.142240434885025024e-02
-4.984830156899988651e-04
-6.327284034341574583e-03
-5.081371590495109558e-02
-1.804141998291015903e-01
-7.802375406026840210e-02
-5.280510988086462021e-03
-4.322066530585289001e-02
-9.160620719194412231e-02
4.549792781472206116e-02
3.127226955257356709e-04
-8.939976245164871216e-02
-1.597243100404739380e-01
-1.303431540727615634e-01
-1.348409652709960938e-01
-1.400867104530334473e-01
-4.695145413279532692e-02
-1.008900851011276245e-01
-6.047215685248374939e-02
-2.803451940417289734e-02
-8.015578985214232011e-02
1.294635236263275146e-01
2.382465638220310211e-02
3.504970669746398926e-02
-1.472829561680555344e-02
-2.355795539915561676e-02
6.786802411079408126e-02
-2.608821727335453033e-02
-1.184016317129135271e-01
-1.377889961004257202e-01
-1.599517911672592163e-01
-7.546584308147430420e-02
-5.358541384339332581e-03
6.463779509067535400e-02
8.967965841293334961e-02
3.298052819445728822e-03
-1.324428766965866089e-01
-4.302391037344932556e-02
-2.117675356566905975e-02
9.905533492565156417e-02
7.073412835597991943e-02
1.092278510332107683e-01
4.760663956403731606e-02
5.528397113084793091e-02
-8.824279531836509705e-03
-5.087917298078536987e-02
-6.949837505817411942e-02
-6.148028001189232566e-02
-2.761224517598748207e-03
-2.774343267083168030e-02
2.045368775725364685e-03
-5.345026962459086504e-03
1.637494564056396137e-02
-1.374192349612712860e-02
-4.222392290830612183e-02
-2.788513340055942535e-02
1.729957014322280884e-02
3.587361797690391541e-02
-5.512856692075729370e-02
-6.937765330076217651e-02
-6.484183482825756073e-03
-8.609783649444580078e-02
-1.262547671794891635e-01
-4.051982983946799538e-02
8.919958025217056274e-03
-5.569194629788398743e-02
3.775835270062088966e-03
1.008080840110778809e-01
6.049215048551560142e-02
-1.728394255042076111e-02
1.243977323174476485e-01
5.308781564235686562e-02
2.583405002951622009e-02
-9.485808759927749634e-02
5.138934776186943054e-02
2.058174833655357361e-02
-1.629599370062351227e-02
-1.983897387981414795e-02
-1.801032200455665588e-02
2.043493092060089111e-03
2.105154283344745636e-02
-3.761252015829086304e-02
8.282107114791870117e-02
-3.491669893264770508e-02
-2.265104278922080994e-02
-2.236515283584594727e-03
-1.037776991724967957e-01
-3.527859598398208618e-02
-8.397664874792098999e-02
-3.346415981650352478e-02
-3.008019551634788166e-02
4.527590051293373108e-02
-5.619938299059867859e-02
1.983006671071052898e-02
-5.699876695871352456e-02
-2.036764845252037048e-02
-7.651244848966598511e-02
-4.972514882683753967e-02
-4.473436251282691956e-02
-7.877167314291000366e-02
-9.316177666187286377e-02
5.490313749760389328e-03
-2.804180793464184154e-02
-1.238626465201378007e-01
-4.888065531849861145e-02
9.705205261707305908e-02
1.357421651482582092e-02
2.778630144894123077e-02
-9.187213331460952759e-02
-7.629674673080444336e-02
-1.565724052488804210e-02
-6.127069238573313627e-03
-1.152910962700843811e-01
-1.568083912134170532e-01
-1.392501294612884521e-01
6.323512643575668335e-03
-2.916418248787522750e-03
-8.663609623908996582e-03
2.429792284965515137e-02
1.322466284036636630e-01
1.129563432186841965e-02
-7.024521380662918091e-02
1.452778093516826630e-02
-2.993898093700408589e-02
-1.637218147516250610e-02
-5.247651040554047325e-02
-3.931777086108922958e-03
-3.701473399996757507e-02
-9.276471100747584212e-04
2.709753066301345478e-02
4.562220349907875061e-02
3.516756743192673423e-02
8.398550748825071854e-02
7.632970064878463745e-02
1.330205425620079041e-02
-6.271330267190931840e-02
-7.314550131559371948e-02
-3.780781850218772888e-02
-1.714134775102138519e-02
-3.139943256974220276e-02
3.217902733013033867e-03
-1.441922876983880997e-02
4.468214884400368431e-02
-9.526553563773632050e-03
-9.918283903971314430e-04
-3.559601679444313049e-02
-4.897579178214073181e-02
-1.659491471946239818e-02
-3.131588175892829895e-02
-1.223261002451181412e-02
-5.123029276728630066e-02
-7.256698608398437500e-02
2.564180875197052956e-03
-1.572683639824390411e-02
7.950438559055326981e-02
-9.459227323532103104e-02
-8.819614350795745850e-02
-1.440561115741729459e-01
-5.304058268666267395e-02
2.989513240754604340e-02
-4.354683682322502136e-02
-2.432954788673668829e-04
-1.719277724623680115e-02
2.334895916283130299e-02
-1.077665016055107117e-02
-4.229646548628807068e-02
-6.251505017280578613e-02
-1.120512038469314575e-01
-1.874239370226860046e-02
1.100770160555839677e-01
8.990965038537979126e-02
1.163628473877906799e-01
4.357215762138366699e-02
-4.702913388609886169e-02
-1.060604974627494812e-01
-5.240645259618758461e-02
9.804771840572355790e-02
7.064644247293472290e-02
-3.372521698474884033e-02
-5.797330662608147361e-02
-1.069941930472850800e-02
2.190248109400272803e-03
6.220640614628792503e-02
1.910742744803428650e-02
-1.520921289920806885e-02
8.240178972482681274e-02
3.108199127018452038e-02
1.555999089032411575e-02
-5.796133354306221008e-02
-5.816407129168509743e-02
-4.183834791183471680e-02
-4.376653954386711121e-02
7.066408637911081314e-03
-4.937130212783813477e-02
-7.415377348661422729e-02
2.507885685190558434e-03
-6.259170174598693848e-02
3.039727546274662018e-02
-5.105255171656608582e-02
-1.737922430038451801e-02
-2.265243977308272968e-02
-3.866135329008102417e-02
-6.112348660826682351e-02
2.866690605878829956e-02
2.991063334047794342e-02
-7.821907103061676025e-02
-4.661052823066711981e-01
-3.798158168792725164e-01
-6.198278069496154785e-01
-6.806046962738037109e-01
-1.716677099466324130e-01
-1.686345785856246948e-02
-1.252369582653045654e-02
-2.065066434442996979e-02
-7.283624261617660522e-02
-1.199107840657234192e-01
-1.439522355794906616e-01
-8.437822759151458740e-02
1.455453317612409765e-02
-7.457868754863739014e-02
7.068992406129837036e-02
-5.021155625581741333e-02
-1.577572375535964966e-01
-3.265348449349404075e-02
-4.472934827208518982e-02
7.606653869152069092e-02
1.429284363985061368e-01
1.657950459048151970e-03
-9.325715713202951604e-03
-1.228855997323990007e-01
-1.538890749216079434e-01
8.812102675437927246e-02
2.650100179016590118e-02
9.023297578096389771e-02
8.793553709983825684e-02
2.477111294865608215e-02
-2.817520126700401306e-02
-1.568612828850745808e-02
-4.951455071568489075e-02
-4.722277820110321045e-02
6.657897029072046280e-03
6.349481176584959030e-03
4.225454851984978416e-02
5.097465217113494873e-02
4.111077263951301575e-02
-9.956425428390504317e-02
-1.335271894931793213e-01
-1.379580497741699219e-01
-2.927299961447716106e-02
-1.368236076086759567e-02
6.968071311712265015e-02
-1.372517645359039133e-02
-5.726128444075583718e-02
-1.173900440335273569e-02
-5.683365464210510254e-02
-4.685546457767487266e-02
2.036961168050765991e-02
9.276268631219863892e-02
8.842801675200462341e-03
1.595675013959407806e-02
-2.322045341134071697e-02
4.736074770335108584e-04
-1.320134103298187256e-01
-4.651023074984551170e-02
-3.317656740546226501e-02
1.181134581565856934e-01
4.309245385229588422e-03
-2.871375763788819747e-03
-3.115658648312092261e-03
-9.673389606177808589e-03
-1.508197374641895294e-02
9.356150031089784103e-02
1.267184503376484091e-02
1.553309410810470581e-01
1.616486720740795135e-02
-4.494745284318923950e-02
3.847634419798850580e-03
-2.166173420846462597e-02
-7.047431170940399170e-02
1.861424744129180908e-02
-9.770140051841735840e-03
-1.033621747046709061e-02
-7.672132551670073075e-02
2.153594978153705597e-02
-4.629217553883790970e-03
-6.348486244678497314e-02
8.285334333777427673e-03
-5.748291034251452360e-03
-1.816660980693996169e-03
-5.610015243291854858e-02
1.664545759558677673e-02
3.690576180815696716e-02
-1.512523181736469095e-02
4.471204429864883423e-02
-7.430759072303771973e-02
5.817363969981670380e-03
-8.216583410103339702e-06
6.812179088592529297e-02
1.666922420263290405e-01
1.029251515865325928e-02
-1.030599698424339294e-03
-1.080657094717025757e-01
-5.019829422235488892e-02
5.363823100924491882e-02
1.989247044548392730e-03
8.108022622764108830e-03
-2.252965420484543194e-02
2.282741293311119080e-02
-7.334758527576923370e-03
-5.242312327027321556e-02
-7.896459847688674927e-02
-4.073955118656158447e-02
-1.612317748367786407e-02
1.030994299799204046e-02
1.095610018819570541e-02
9.380481392145156860e-02
-2.140444889664649963e-02
2.502780780196189880e-02
-8.620669692754745483e-02
-7.741322368383407593e-02
-1.759480535984039307e-01
-3.344034031033515930e-02
-2.080726064741611481e-02
-1.972331665456295013e-03
-7.951218634843826294e-03
-1.297938264906406403e-02
2.923901565372943878e-02
-7.295455783605575562e-02
-2.966091968119144440e-02
-7.426379621028900146e-02
-4.640438035130501487e-02
-8.511429280042646928e-02
-5.662518553435802460e-03
-2.041523531079292644e-02
1.114521175622940063e-01
-5.337984114885330200e-02
-3.948409557342528742e-01
-8.011247515678405762e-01
-6.428853273391723633e-01
-2.041308730840682983e-01
5.771866813302040100e-02
1.119470447301864624e-01
1.719432920217514038e-01
-8.994689211249351501e-03
-2.445351704955101013e-02
-2.495592646300792694e-02
1.702980138361454010e-02
-1.419253461062908173e-02
-4.015868529677391052e-02
-7.261774688959123092e-02
6.947242189198732376e-03
4.048557486385107040e-03
-1.138187479227781296e-02
6.919569568708539009e-04
-2.458604797720909119e-02
-2.032645046710968018e-02
7.446414232254026933e-02
5.966388271190226078e-04
-4.827114194631576538e-02
-1.316797435283660889e-01
-1.631629168987274170e-01
-5.711713805794716575e-02
2.503392472863197327e-02
-4.885442927479743958e-02
-1.546635925769805908e-01
7.445845752954483032e-03
2.354634366929531097e-02
3.033432550728321422e-02
3.014056570827961315e-02
6.957979407161474228e-03
-1.885247533209621906e-03
-4.490086343139410019e-03
2.851828001439571728e-02
2.523969160392880440e-03
2.489875443279743195e-02
-2.523075602948665619e-02
1.042182836681604385e-02
-1.992412656545639038e-02
-2.434755908325314522e-03
6.921717524528502030e-02
5.481722299009561539e-03
-1.638793572783470154e-02
2.082570455968379974e-03
-5.898012593388556046e-02
-1.398977637290954590e-01
3.185950219631195068e-02
1.222631558775901794e-01
3.632872924208641052e-02
-4.081296548247336647e-02
-2.068352326750755657e-02
-9.304028004407884078e-02
-3.545453771948814392e-02
2.207838557660580028e-02
-1.133334860205650468e-01
-6.508661061525344849e-02
-2.171196229755878448e-02
9.975883364677427811e-02
1.241313368082046509e-01
1.637238077819347382e-02
-9.964119642972946167e-03
7.846546918153762817e-02
1.377243734896183014e-02
-7.518866658210754395e-02
7.639412581920623779e-02
-7.164975255727767944e-02
-1.678168214857578278e-02
4.625477828085422516e-03
-1.124811172485351562e-01
-1.876529492437839855e-02
1.349254548549652100e-01
4.737114161252976158e-02
-4.221046809107065201e-03
1.124608516693115234e-01
6.738504022359848022e-02
6.677813827991485596e-02
3.315740823745727539e-02
-9.149637073278428859e-03
3.748666867613791726e-02
1.841010153293609619e-02
-2.608027867972850800e-02
-4.562721122056245804e-03
-5.441426765173674497e-03
4.191646724939346313e-02
2.593524195253849030e-02
-2.365513704717159618e-02
7.598614692687986893e-02
-5.508577078580856323e-02
-1.975797116756439209e-02
2.526766434311866760e-02
-8.655870705842973190e-02
-4.665126651525497437e-02
2.143266610801219940e-02
1.021790597587824041e-02
1.320188865065574473e-02
-1.930548623204231609e-02
5.481126531958580017e-02
2.388766407966613770e-02
2.758745476603507996e-02
1.329272892326116562e-02
3.653104230761528015e-02
3.078310936689376831e-02
5.982472095638514432e-03
-1.489647179841995239e-01
-1.368227601051330566e-01
-8.638522587716579437e-03
9.295352548360823197e-02
3.823234885931015015e-02
6.339973770081996918e-04
-1.065437030047178442e-02
-1.138444468379020691e-01
-1.880217045545578003e-01
2.598326653242111206e-02
9.740266203880310059e-02
3.509059082716703415e-03
7.315778732299804688e-02
4.059091210365296104e-02
-2.677532657980919231e-02
-1.142766326665878469e-02
-1.414339430630206888e-02
-7.335951086133718491e-03
9.218615479767324275e-03
2.775175310671329151e-02
1.131344493478536606e-02
-1.046530529856681685e-01
-2.825771272182465155e-01
-4.232075810432434082e-02
2.193911187350749969e-02
1.104248594492674047e-02
1.747631840407848358e-02
2.942376770079136242e-02
3.826824203133583069e-02
6.478035449981689453e-02
3.188950717449188232e-01
2.591362595558166504e-01
-3.199134021997451782e-02
1.115120481699705124e-02
-1.046549826860427995e-01
8.749073743820190430e-02
-2.446706406772137035e-02
-1.730332709848880768e-02
1.345687266439199448e-02
-3.117771632969379425e-02
-1.718490757048130035e-02
1.824731007218360901e-02
-8.442980796098709106e-02
-6.780880689620973067e-02
-4.976572468876838684e-02
-1.743844524025916706e-02
-1.171572953462600708e-01
-1.037483140826225281e-01
1.386033594608306885e-01
4.716397821903228760e-02
1.884108968079090118e-02
2.654880657792091717e-02
5.076328292489051819e-02
2.073769457638264049e-02
-1.781206019222736359e-02
4.182178992778063688e-03
7.819159328937530518e-02
5.262701958417892456e-02
-1.696434617042541504e-02
-3.355225548148155212e-02
-9.196688234806059403e-02
3.941458091139794090e-02
1.651275157928466797e-02
5.226591601967811584e-02
7.747289538383483887e-02
-7.897147536277770996e-02
-8.056190609931945801e-02
-1.659397408366202961e-02
-2.460691891610622406e-02
-1.540416851639747403e-03
-5.121327564120293357e-02
-2.369917184114455830e-02
-5.333366990089417198e-02
1.146168932318687439e-01
6.067635864019393921e-02
9.045430272817613082e-02
4.261912032961844704e-02
2.561875991523265839e-02
1.010822132229804993e-01
4.685343801975250244e-02
2.684473805129528046e-02
1.754548028111457825e-02
-3.900575265288352966e-02
2.530740387737751007e-02
3.517219424247741699e-02
-2.084555290639400482e-02
-2.318377979099750172e-02
4.297897592186927795e-02
6.054063141345977783e-02
4.622281715273857117e-02
-5.665387958288192749e-02
-4.714366793632506630e-02
-8.319818228483200073e-02
-1.677411198616027832e-01
1.556312199681997126e-02
-7.080028951168060303e-02
-3.858425840735436180e-02
2.366916649043560028e-02
1.888236496597528458e-03
-6.684268265962600708e-02
-5.859503895044327476e-02
6.797111593186854449e-03
8.299862034618854523e-03
-1.113769561052322388e-01
1.171423867344856436e-02
7.839109748601912064e-02
-4.986317828297615051e-02
-3.897057473659514687e-02
3.007225133478641163e-02
2.737006545066833149e-02
-3.737652674317360358e-03
5.574869646807201207e-05
6.953279022127389908e-03
2.243365906178951610e-02
1.449547614902258093e-02
-1.832136325538158417e-02
1.766978763043880463e-02
1.617155969142913818e-02
2.896573022007942547e-02
2.506583370268344879e-02
1.446651387959718704e-02
1.853633485734462738e-02
2.072353381663560867e-03
-9.523870423436164856e-03
-1.924440264701843609e-02
-1.360664516687393188e-02
-1.947172284126281461e-01
-7.016497105360031128e-02
2.649858035147190094e-02
2.026724629104136987e-03
9.079521149396896362e-02
1.594955101609230042e-02
6.883658003062009811e-03
8.950521796941757202e-02
6.843463331460952759e-02
3.619872406125068665e-02
3.335333615541458130e-02
5.897714290767908096e-03
-2.449678815901279796e-02
-4.383994638919830322e-02
-1.680725514888763428e-01
-3.367834165692329407e-02
2.384128514677286148e-03
2.133284881711005818e-02
3.783155232667922974e-02
1.161002181470394135e-02
1.256800442934036428e-02
1.929063349962234280e-03
1.837033778429031719e-02
-1.626054793596267423e-01
-3.661172464489936829e-02
-5.224638432264328003e-02
3.577180206775665283e-02
2.353570051491260182e-02
-8.426216430962085724e-03
-9.999334067106246948e-02
-6.841046363115310669e-02
9.848761558532716232e-02
7.395888864994049072e-02
-2.219672128558159221e-02
1.054694876074790955e-03
4.751078318804503355e-03
9.920615702867507935e-03
1.752398721873760223e-02
2.512963302433491100e-02
2.675853297114372600e-02
1.489176973700523376e-02
-2.546765469014644623e-02
4.961069673299788735e-02
2.051268145442008972e-02
-2.698040008544921875e-02
-5.193689092993736267e-02
5.764721333980560303e-02
1.237613800913095648e-02
4.531433433294296265e-02
-4.611973464488983154e-02
1.760061946697533131e-03
1.521537662483751774e-03
-1.075458526611327986e-01
8.209441602230072021e-02
6.650930643081665039e-02
2.528757043182849884e-02
1.322973072528839111e-01
6.556649506092072921e-02
-2.943581528961658131e-02
1.060677617788314819e-01
8.510778099298477173e-02
4.031031951308249039e-02
6.940712034702301025e-02
3.520036488771437905e-02
2.738076820969581604e-02
1.176936477422714233e-01
1.188101097941398482e-01
-5.476882308721542358e-02
-1.354357004165649414e-01
-2.869249507784843792e-02
-7.785847783088684082e-02
-2.314022555947304119e-02
-7.188732177019119263e-02
1.390910148620605642e-02
-8.742113411426544189e-02
-3.108843788504600525e-02
2.102499362081288858e-03
3.655486926436423561e-02
3.216743096709252098e-02
1.376179046928882599e-02
4.294227063655853271e-02
-2.612703479826450348e-02
9.573426842689514160e-02
-9.939409792423248291e-03
-3.995881974697113037e-02
-1.210970338433980942e-02
2.218862250447273254e-02
1.909824088215828159e-03
5.587106943130493164e-02
1.007124558091163635e-01
3.836419805884361267e-02
-2.189685124903917313e-03
-2.716965079307556152e-01
-7.871128618717193604e-02
1.172469481825828552e-01
8.507844805717466874e-02
9.088976681232452393e-02
2.335600107908248901e-01
1.204089969396591187e-01
3.318579867482184670e-02
-2.456586062908172954e-02
1.024535950273275549e-02
-6.921527441591024399e-03
7.524599134922027588e-02
3.498162701725959778e-02
7.896636426448822021e-02
-6.538811721839011800e-04
1.291545806452631950e-03
-2.368658035993576050e-02
8.637688122689723969e-03
-7.062995433807373047e-02
-1.692999154329299927e-01
-2.150682508945465088e-01
-2.587482035160065252e-01
-4.590117931365966797e-02
-2.032937481999397278e-02
3.838646039366722107e-02
-4.407508298754692078e-02
-2.502105012536048889e-02
-2.910877950489521374e-02
1.109951175749302084e-02
-3.603603923693299294e-03
3.270405530929564736e-02
-1.901553012430668224e-02
-2.090060524642467499e-02
7.469894364476204786e-03
5.370968952775002220e-02
2.389458194375038147e-02
3.123325482010841370e-02
7.551700621843338013e-02
1.753103174269199371e-02
-2.037693560123443950e-02
-7.346820551902056608e-03
5.037933588027954102e-03
6.150118261575698853e-02
-1.970078423619270325e-02
7.819658517837524414e-02
2.449764125049114227e-02
4.231914132833481529e-02
8.929263055324554443e-02
1.074117124080657959e-01
1.554991602897644043e-01
1.195564270019531250e-01
-1.626248238608241081e-03
7.042998075485229492e-02
5.734442174434662559e-02
3.334836661815643311e-02
-5.467778071761131287e-03
2.690368797630072074e-03
7.840748131275177002e-02
6.171841546893119812e-02
4.286973923444747925e-02
-4.687010310590267181e-03
-6.780240219086409482e-03
-1.216223984956741194e-01
-3.884527832269668579e-02
3.506277455016970201e-03
-1.785759814083576202e-03
-1.107527874410152435e-03
-1.865338906645774841e-02
-4.665536433458328247e-02
7.537240535020826859e-02
-4.129068553447723389e-02
-3.054677881300449371e-02
-1.102520301938056946e-01
-4.754152148962021568e-02
-6.043380592018365860e-03
-4.911871254444121621e-02
-3.125146031379700401e-02
-1.254859939217567270e-02
-1.833694800734519958e-02
3.083695471286773682e-02
-4.659244790673255920e-02
-3.118366375565528870e-02
-2.482230030000209808e-02
6.789488717913628492e-03
-5.819633975625037453e-02
-4.388338699936866760e-02
-1.377059519290924072e-01
-8.247646503150463104e-03
-4.167275503277777932e-02
2.933346480131149292e-02
-2.333420328795909882e-02
-4.251613095402717590e-02
1.009540911763906479e-02
-2.490658685564994812e-02
-1.060354560613632202e-01
-5.722583085298537514e-02
2.276617847383022655e-02
6.958425045013427734e-03
-4.471206292510033348e-02
-3.661564737558364868e-02
-1.428940705955028360e-02
-8.818838745355606079e-03
-2.103527262806892395e-02
-2.953529544174671173e-02
-2.937889657914638172e-02
1.073509175330400467e-02
-4.006392136216163635e-02
-1.106866635382175446e-02
-1.793886534869670868e-02
-2.523388527333736420e-02
4.829059541225432656e-02
2.171630971133708954e-02
-7.785516232252120972e-02
-1.288365721702575406e-01
-4.220236465334891579e-02
-1.588449478149414062e-01
-1.667358726263046542e-01
-2.042730711400509228e-02
-1.186965033411979502e-02
-2.835928834974765778e-02
2.471535652875900269e-02
7.094202935695648193e-02
-3.001488745212554932e-02
-1.478183735162019730e-02
1.424598507583141327e-02
-3.971536457538604736e-02
-2.250062115490436901e-02
1.343539450317621231e-02
-1.605932042002678264e-02
-2.470905706286430359e-02
4.940751474350690842e-03
-1.044397056102752686e-01
-1.549942642450332364e-01
-1.879586726427078525e-01
6.080453284084796906e-03
1.745318621397018433e-02
8.755109459161757035e-02
2.953075431287288666e-02
-6.100693251937627792e-03
2.164340764284133911e-02
-1.225407235324382782e-02
-6.952568888664245605e-02
-2.338804863393306732e-02
-8.376251906156539917e-02
-2.322759106755257000e-02
1.722479239106178284e-02
-9.165319055318832397e-02
-5.981961265206337669e-02
4.112036898732185364e-03
-1.666173897683620453e-02
1.312388479709625071e-02
-2.915787883102893829e-02
1.816965825855731964e-02
-2.961552329361438751e-02
1.392146386206150055e-02
-1.549437176436186010e-02
1.418730337172746832e-02
-2.334416098892688751e-02
-4.970816895365715027e-02
1.505082398653030396e-01
1.011136174201965193e-01
-3.789463639259337685e-02
-4.942510742694139481e-03
-1.972937956452369690e-02
-1.082157809287309473e-02
3.683121502399445274e-02
5.957492440938950279e-02
5.559186264872550964e-02
-8.115629106760025024e-02
-9.207510948181152344e-02
9.578252211213111877e-03
-1.231002956628799438e-01
-1.465126127004623413e-01
-5.855604540556668368e-03
-6.844148971140385541e-03
-2.324783988296985626e-02
-1.942759007215499878e-02
-4.003117792308330536e-03
-1.277773678302764893e-01
3.835359215736388466e-02
7.054036110639572144e-02
-3.622317686676979065e-02
-3.483100235462188721e-02
-2.674178453162312508e-03
2.954997308552265167e-02
-2.354605123400688171e-02
-2.241592621430754662e-03
-1.580713689327239990e-02
-1.228907145559787750e-02
-8.277767337858676910e-03
8.773451671004295349e-03
1.133270468562841415e-02
1.860633306205272675e-02
-1.032156497240066390e-01
-2.557980455458164215e-02
1.161421462893486023e-02
1.871591992676258087e-02
-9.379138052463532882e-02
-5.748731642961502769e-02
-4.686293657869100571e-03
-2.692783437669276844e-02
1.870251260697841644e-02
-1.891021966002881310e-03
-3.096546279266476631e-04
-2.311138994991779674e-02
-5.111544951796531677e-02
-1.001008972525596619e-01
1.060073543339967728e-02
1.962348632514476776e-02
6.532038003206253052e-02
-8.705958724021913009e-02
3.785975277423857949e-02
-9.277713485062122345e-03
-1.836555637419224132e-02
-2.981422096490859985e-02
-1.752400398254394531e-01
-7.558690756559371948e-02
-2.684326767921447754e-01
-3.045531213283538818e-01
-6.949539482593536377e-02
-2.904259972274303783e-02
-6.514448672533035278e-02
-6.286083161830902100e-02
1.103749684989452362e-02
4.736829549074172974e-03
-2.677664719521999706e-02
1.645759120583533894e-02
4.393646493554115295e-02
-3.862152248620986938e-02
7.574946433305740356e-02
4.949830099940299988e-02
-1.835921546444296837e-03
2.590745314955711712e-02
-9.147742821369320154e-05
-3.794919326901436546e-02
8.634392172098159790e-03
3.517895564436912537e-02
9.446251788176596165e-04
-2.652422711253166199e-02
1.210919953882694244e-02
-7.631049025803804398e-03
9.098557755351068324e-03
1.979490369558334351e-02
-7.995179295539855957e-02
-2.019378542900085449e-02
4.249695688486098549e-02
-4.991332814097405174e-02
7.455607503652572632e-02
1.149713024497032304e-01
5.126698315143585205e-02
-3.545178845524787903e-02
5.173134803771973350e-02
3.837032988667488098e-02
3.977459296584128640e-02
5.051411688327788613e-02
1.152647845447063446e-02
-1.133531052619218826e-02
-8.423899114131927490e-02
-5.805746465921402671e-02
-3.108827397227287639e-02
-6.352704763412475586e-02
-7.306991517543792725e-02
-1.980467289686203003e-01
-1.053926050662994385e-01
-4.412542656064033508e-02
1.496457308530807495e-02
-4.424478486180305481e-02
3.588118031620978615e-02
-4.021993279457091591e-02
5.376321822404862144e-02
2.434378303587437023e-02
4.424013942480086586e-02
4.344738647341728210e-02
1.257503628730773926e-01
1.057512685656547685e-01
1.816676557064056396e-02
3.620443493127822876e-02
-4.417086951434611407e-03
6.816297303885221481e-03
5.158216133713721535e-02
2.749733254313468933e-02
1.293780468404292887e-02
-1.424385905265808105e-01
-8.342841267585754395e-02
-6.489500403404235840e-02
-8.420678973197937012e-02
-4.206527397036551735e-02
1.389744579792022705e-01
1.276763081550597867e-01
-2.008305862545966755e-02
-2.455586567521095623e-02
-1.922514848411083221e-02
-2.946674264967441906e-02
9.111601859331130981e-03
1.345601677894592563e-01
9.988791495561599731e-02
-1.153057068586349487e-01
-2.341573685407638550e-01
-1.198778823018074036e-01
1.739486306905746113e-02
7.095255888998509321e-03
-4.146100208163260720e-02
-6.369142234325408936e-02
2.439513057470321655e-02
7.043226622045040998e-03
1.529462914913892746e-02
8.559205383062362671e-02
1.093378588557243208e-01
1.937690228223800659e-01
1.029578223824501038e-01
-1.937721967697144110e-01
-1.564797163009643555e-01
-1.565726287662983288e-02
-1.305607333779335022e-02
1.511002192273736000e-03
-2.646849257871509032e-03
-2.742618881165981293e-02
7.699480652809143066e-02
1.334412097930908203e-01
1.423808559775352478e-02
-6.263552606105804443e-02
-8.434723317623137040e-02
-9.618085622787475586e-02
-4.224739968776702881e-02
3.364321216940879822e-02
4.650551080703736045e-02
3.864990919828414917e-02
-8.745818585157394409e-02
-7.033491134643554688e-02
7.074752356857060519e-03
-1.135174371302127838e-02
8.879961818456649780e-02
1.079556420445442200e-01
4.495580494403838417e-02
-6.758811324834823608e-02
1.186372246593237097e-02
-4.041724652051926353e-02
-3.124953806400298725e-02
5.762913823127746582e-02
4.093922674655913613e-02
-5.111711472272872925e-02
-1.119308248162269592e-01
-7.183550298213958740e-02
-8.965071290731430054e-03
2.305671423673629483e-01
1.983073949813842773e-01
1.058285236358642578e-01
2.199863083660602570e-02
9.025870822370052338e-03
-3.351301327347755432e-02
4.753357544541358948e-02
-1.892683655023574829e-02
1.720291934907436371e-02
-8.223780244588851929e-02
-1.575295180082321167e-01
-1.051081493496894698e-01
2.774123800918460326e-03
4.026026278734207153e-02
1.156092211604118486e-01
1.192595660686492781e-01
-1.271757334470748901e-01
-1.593225151300430575e-01
-8.649285882711410522e-02
9.735796600580216842e-02
-6.621498614549636841e-02
8.630429394543170929e-03
8.696330338716506958e-02
-4.381708428263663552e-02
-6.213632971048355103e-02
-7.791671436280012131e-03
7.001925259828567505e-02
1.874761283397674214e-02
-2.759691560640930696e-03
1.564563624560832977e-02
-4.151180759072303772e-02
-4.775802418589591980e-02
1.915758103132248272e-02
-3.878976032137871482e-02
6.360887736082077026e-02
2.774922922253608704e-02
-5.721727013587952354e-02
9.171398356556892395e-03
7.019997574388980865e-03
2.318981103599071503e-03
-1.021951320581138134e-03
5.285693705081939697e-02
4.301714897155761719e-02
5.564844235777854919e-02
-2.849381417036056172e-02
-1.377625614404678622e-01
-6.759176403284072876e-02
-1.365058356896042824e-03
-7.258141040802001953e-02
-4.549312964081763527e-02
-2.807903476059436798e-02
4.846869036555290222e-02
6.223221123218536377e-02
1.116992556490003846e-03
1.211372017860412598e-02
-5.052146315574645996e-02
-5.495312064886093140e-02
-6.152930110692977211e-02
5.691067129373549721e-02
5.098694562911986611e-02
-5.351926013827323914e-02
-6.704249978065490723e-02
-1.211993843317031999e-01
-1.790512911975383759e-02
5.260086059570312500e-02
-8.183945715427398682e-02
-1.668963134288787842e-01
-3.482650592923164368e-02
1.531942039728164673e-01
6.733839958906173706e-02
-1.548087000846862793e-01
1.175932660698890686e-01
1.971155703067779541e-01
7.007465511560440063e-02
-1.075367033481598039e-01
-5.039037391543389061e-02
8.102551847696304321e-02
9.903816878795623779e-02
3.763167187571525574e-02
-1.341188997030258179e-01
-2.881291322410107006e-02
-5.298566073179244995e-03
9.665314853191375732e-02
3.074014559388160706e-02
-8.565605431795120239e-02
-9.417756646871568160e-02
5.242987349629402161e-02
8.347370475530624390e-02
6.241723150014877319e-02
-7.798281311988830566e-02
-1.337180584669113159e-01
-1.456401050090789795e-01
6.565331667661666870e-02
1.447158157825469971e-01
9.901610761880876022e-02
-1.967213675379753113e-02
-4.106178134679793618e-02
-6.708240509033203125e-02
-4.743183776736260154e-02
-2.951315417885780681e-02
2.559492131695151763e-03
-5.751883611083031568e-03
3.102791309356689453e-02
4.141398821957409924e-04
5.888864770531655052e-02
-3.666893765330314636e-02
-1.717303842306137085e-01
-6.199092138558626175e-03
-3.670950978994369507e-02
3.444607183337211609e-02
4.190459474921226501e-02
2.563640475273132671e-02
-1.266700681298971176e-02
9.416189044713973999e-03
-2.728981710970401417e-02
7.464975863695144653e-02
2.900616265833378185e-02
-5.656148865818977356e-02
-4.234067723155021667e-02
-3.901441348716617064e-03
-3.223152458667755127e-02
-1.362245827913284579e-01
5.113400146365166404e-02
-1.042177751660346985e-01
-3.671795828267931938e-03
1.034365966916084290e-02
-1.423180401325225830e-01
-1.117593869566917419e-01
-1.572096645832061768e-01
-4.221046343445777893e-02
5.167202278971672058e-02
7.243419438600540161e-02
2.022365108132362366e-02
6.109578534960747459e-02
1.428156793117523193e-01
6.117617338895797729e-02
6.987049430608749390e-02
-5.261921510100364685e-02
-5.706590041518211365e-02
-6.096827238798141479e-02
4.850782081484794617e-02
-2.861952967941761364e-02
1.792605593800544739e-02
-8.829409629106522994e-02
-4.139055311679840088e-02
1.425725966691970999e-02
2.182935923337936401e-02
-3.498731181025505066e-03
5.834097415208816528e-02
1.677562668919563293e-02
-1.384396944195031946e-02
-1.002030298113822937e-01
-9.045112878084184127e-02
-1.263750493526458740e-01
-7.394444942474365234e-02
3.391623869538307190e-02
7.844065874814987183e-02
-2.892329357564449310e-02
3.157050523441284895e-04
7.360442727804183960e-02
4.350347816944121621e-02
-6.287531554698944092e-02
8.257288485765457153e-02
-5.877828598022460938e-02
5.796167999505997398e-02
1.581003367900848389e-01
-8.854375220835208893e-03
1.658076606690883636e-02
4.354203119874000549e-02
3.680696338415146568e-02
-1.014057025313377380e-01
-1.898507326841354370e-01
2.397670224308968284e-02
7.596359401941299438e-02
5.461292341351509094e-03
-2.114897593855858196e-02
-5.561946332454682090e-02
-1.871001720428466797e-02
-5.687807500362396240e-02
-1.652833819389343262e-01
5.347169935703278455e-03
1.111322119832038741e-01
2.100784778594970703e-01
4.321402683854103088e-02
-1.243169903755187988e-01
-4.381446167826652527e-02
-1.111431233584880829e-02
-1.200453639030456543e-01
-9.353687614202499390e-02
9.952814131975173950e-02
1.352589726448059082e-01
1.526421029120683670e-02
5.757882609032093394e-04
-1.683220714330673218e-01
-1.395036373287439173e-02
1.378691382706165140e-02
5.596344918012619019e-02
-1.823173463344573975e-02
-3.125672787427902222e-02
3.594902157783508301e-02
-1.980366650968790054e-03
-7.484930753707885742e-02
-9.661513566970823808e-02
-2.023402042686938893e-02
-6.067990325391292572e-03
-5.208939313888549805e-03
1.239004358649253672e-02
-2.794109517708421187e-03
-1.716954633593558918e-02
-2.013645134866237640e-02
7.362382952123879519e-03
5.366541817784308693e-02
-6.556883454322814941e-02
-4.537496343255043030e-02
-2.027176693081855774e-02
-1.780802384018898010e-02
7.208778709173202515e-02
7.655420154333114624e-02
-7.581437379121780396e-02
-3.489757329225540161e-02
-1.061372831463813782e-01
-6.820206344127655029e-02
2.183881122618913651e-03
3.979239612817764282e-03
-3.810999542474746704e-02
-1.524822115898132602e-01
-1.417932957410812378e-01
-3.335392847657203674e-02
1.890353485941886902e-02
-1.762437522411346436e-01
-2.317116260528564453e-01
-5.336331576108932495e-02
1.829428225755691528e-02
9.771242737770078832e-03
-3.275310993194580078e-02
-1.909478381276131023e-02
4.042328894138336182e-02
-9.159082919359207153e-02
-9.138037264347076416e-02
-6.663165520876646042e-03
4.211484454572200775e-03
-9.132922440767286820e-02
-1.348599940538406372e-01
-1.880699582397937428e-02
2.198966033756733288e-02
2.628049254417419781e-02
7.148527354001998901e-02
8.140727132558822632e-02
-1.795431831851601601e-03
-4.026146233081817627e-02
1.504410430788993835e-02
-2.460299804806708943e-02
-1.694336235523223877e-01
-1.022588983178138733e-01
-5.893996730446816185e-02
2.917427336797117753e-03
-1.073881611227989197e-01
5.949586629867553711e-02
-8.199257403612136841e-02
-1.071880310773849626e-01
-5.480895563960074685e-02
-1.075502634048462053e-01
-6.261807680130004883e-02
8.129253052175045013e-03
7.038984447717668014e-02
6.304149329662322998e-02
-4.520444665104150772e-03
-8.758065104484558105e-02
-7.419345527887344360e-02
3.839124739170074463e-02
6.925510615110397339e-02
1.008986607193946700e-01
-4.865256603807210922e-03
-1.190029606223106523e-01
-9.742137789726255936e-02
-7.296853698790073395e-03
-3.454259596765040918e-03
8.012896031141281128e-02
2.724378742277622570e-02
1.345828827470541000e-02
1.604167744517326355e-02
-1.320108026266098022e-01
1.528647262603044336e-02
1.058904081583023210e-01
-1.011724583804607391e-02
-9.637962281703947587e-02
-1.899493858218193054e-02
-3.183520957827568054e-02
8.173946291208267212e-03
-5.446107685565948486e-02
6.345950812101364136e-02
6.812430173158645630e-02
2.090461365878582001e-02
-8.764961734414100647e-03
3.690958023071289062e-02
-7.604020833969116211e-02
-6.080734077841043472e-03
3.164849430322647095e-02
-2.668597362935543060e-02
8.498356677591800690e-03
-2.320626191794872631e-02
-7.728578988462685671e-03
-1.027348567731678269e-03
-3.027305193245411266e-02
-6.605986040085554123e-03
1.890407502651214253e-02
-8.529590815305709839e-02
-8.210757747292518616e-03
-2.949795126914978027e-02
9.750439226627349854e-02
-5.667838733643293381e-03
-1.074152439832687378e-01
-4.597827419638633728e-02
-9.027608484029769897e-02
-4.164120182394980690e-02
2.705829963088035930e-02
8.473646640777587891e-02
8.660079038236290216e-05
-5.617327243089675903e-02
-1.257052179425954819e-02
3.078414313495158802e-02
-6.043332070112229087e-02
-4.776897653937339783e-02
-1.131684780120849471e-01
-1.079307645559310774e-01
-1.919041201472282410e-02
-2.594804391264915466e-02
-2.772845700383186340e-02
3.643284365534782410e-02
-1.767375692725181580e-02
-4.557811096310616233e-02
-8.768199943006038666e-03
-6.662688683718442917e-03
-2.564040571451186787e-02
-6.501514930278063688e-03
3.538378700613975525e-02
-5.182378459721803665e-03
9.196723252534866333e-02
-1.522997021675110037e-02
2.487557707354426384e-03
-1.121648997068405290e-01
-9.469179436564443761e-03
-3.324901685118675232e-02
3.407024219632148743e-02
1.140010356903076311e-01
4.767709225416183472e-02
-1.398416515439748764e-02
-7.246845960617065430e-02
-1.279762685298919400e-01
-5.501933023333549500e-02
1.029460057616233687e-01
-6.663613021373748779e-02
-6.118884310126305320e-02
9.706144779920578003e-02
1.494317799806594849e-01
2.458955720067024231e-02
-2.217744849622249603e-02
-7.676684763282537460e-03
-1.862476766109466206e-02
-3.723713383078575134e-02
9.780138731002807617e-03
-1.331012230366468430e-02
1.474423799663781946e-02
2.011611871421336781e-02
-4.739230498671531677e-02
-6.620483007282018661e-03
-5.517248064279556274e-02
-1.174133038148283958e-03
-1.309833489358425140e-02
8.553104102611543136e-02
-1.803216151893139232e-02
1.371526997536420822e-02
-1.925429888069629669e-02
-1.128423307090997696e-02
9.304427355527877808e-02
-7.550543546676635742e-02
-1.512153595685958862e-01
4.391324520111083984e-02
-3.810183703899383545e-02
5.438419803977012634e-02
3.819422330707311630e-03
-4.604990407824516296e-02
-1.426194161176681519e-01
-6.822641938924789429e-02
1.072327122092247009e-01
-1.492160651832818985e-02
1.943349651992321014e-02
-3.591643646359443665e-02
1.428367383778095245e-02
-1.327036041766405106e-02
-1.985009759664535522e-02
-3.559972683433443308e-04
-2.896044403314590454e-03
4.667051881551743248e-02
-3.120197914540768017e-02
2.253831736743450165e-02
6.190446671098470688e-03
-1.441447585821151456e-01
-1.035673469305038313e-01
-1.216357871890068054e-01
4.192414879798888466e-02
8.325686305761337280e-02
1.083903759717941284e-01
-7.239782065153121948e-02
-1.899008871987462044e-03
-6.774562876671553525e-03
1.340887136757373810e-02
2.000943757593631744e-02
7.555325049906969070e-03
-2.333880029618740082e-02
8.423777297139169520e-03
8.979294449090957642e-03
2.373927272856235504e-02
-5.210501328110694885e-02
-3.523201216012239890e-03
1.898606121540069580e-02
-2.835367433726788261e-02
1.019888073205948015e-01
1.812936365604400635e-01
-1.033636480569839616e-01
-8.775525540113449097e-02
-1.025801375508308411e-01
2.028840780258178711e-02
-3.987274691462516785e-02
2.335939556360244751e-02
-9.520478546619416671e-02
-6.727076601237059507e-03
5.081040412187576294e-02
-1.143695507198572159e-02
-1.351972669363022024e-02
-1.364514604210853577e-02
-1.692344667389989116e-03
1.930188760161399841e-02
-9.980997443199157715e-02
-9.396952576935293025e-03
2.149147912859917034e-02
1.248693540692329546e-01
3.244035318493843079e-02
-1.707339845597743988e-02
-4.218503832817078504e-03
-4.888096079230308533e-02
5.373505875468254089e-03
5.678401142358779907e-02
8.022309839725494385e-02
-3.974283859133719704e-02
-3.067380003631114960e-02
-1.313999444246292114e-01
8.669051341712474823e-03
-1.364412251859903162e-02
8.720158040523529053e-02
2.245567589998244684e-01
3.227338194847106934e-02
-9.235534071922302246e-02
-5.217804387211800315e-02
-2.343100681900978088e-02
3.175689280033111572e-02
3.855846449732780457e-02
3.478803858160972595e-02
5.126766394823789597e-03
-1.984768919646739960e-02
-6.344231218099594116e-02
-1.108196601271629195e-01
-7.912476360797882080e-02
1.233087666332721537e-02
2.622765861451625477e-02
-6.208297982811927795e-02
1.664007315412163518e-03
-4.676529392600060203e-02
-5.349988490343093872e-02
-3.565949574112892151e-02
-6.173361092805862427e-02
-2.707621455192565918e-02
-1.495930552482604980e-02
4.857105389237403870e-02
-1.658871397376060486e-02
1.630673767067492008e-03
-4.769608005881309509e-02
-1.831997185945510864e-02
-9.410848841071128845e-03
-1.756030693650245667e-02
-4.470646847039461136e-03
-1.834099926054477345e-02
-2.380732446908950806e-02
-2.925156988203524849e-02
2.162347175180912018e-02
-3.540919721126556396e-02
-2.656873501837253918e-02
-1.668985700234770775e-03
-6.914162635803222656e-02
-4.814539849758148193e-02
2.038860879838466297e-02
-1.449488550424575806e-01
-6.615144759416580200e-02
-5.681726709008217552e-02
-6.683652102947235107e-02
2.504563890397548676e-02
-1.613423973321914673e-02
-1.592992339283227921e-03
4.430928453803062439e-02
2.659030072391033173e-02
7.866196334362030029e-03
-4.150691255927086570e-02
-9.439419955015182495e-02
-5.851409211754798889e-02
-3.451227024197578430e-02
9.472445584833621979e-03
-1.606230251491069794e-02
-1.478573679924011230e-02
-4.167351871728897095e-02
-1.802468858659267426e-02
-3.257171192672104186e-04
-1.143217980861663818e-01
-7.664843648672103882e-02
-5.884123221039772728e-02
-1.766079962253570557e-01
-1.710376441478729248e-01
-8.183603733777999878e-02
-1.692521125078201294e-01
-3.713422641158103943e-02
2.335811965167522430e-02
-1.422311663627624512e-01
-1.423192769289016724e-01
-2.054134458303451538e-01
-1.401695311069488525e-01
-8.151247352361679077e-02
-2.209231108427048007e-01
-1.401099413633346558e-01
-1.476342827081680575e-01
-2.314499020576477051e-01
-1.291534602642059326e-01
-5.633873865008353493e-02
-3.473762795329093933e-02
-1.226635798811912537e-01
-1.838207095861434937e-01
-8.775933831930160522e-02
-3.373891487717627785e-02
-1.769816130399703979e-01
-8.209010213613510132e-02
2.611526288092136383e-03
-1.567188501358032227e-01
-6.526799499988555908e-02
-1.418745070695877075e-01
-1.024067401885986328e-01
-1.730095446109771451e-01
-1.869964748620986938e-01
-7.247576117515563965e-02
-1.919013820588588715e-02
-3.607498481869697571e-02
-3.581227362155913613e-02
-2.067986316978931427e-02
-3.979637846350669861e-02
1.701209321618080139e-02
-8.245458826422691345e-03
4.341221228241920471e-02
1.838763803243637085e-01
2.012964710593223919e-02
4.625404626131058433e-02
2.567076981067656916e-01
2.958845905959606171e-02
-4.517913609743118286e-02
-1.989654265344143261e-02
-3.071176633238792419e-02
-6.774737685918807983e-02
-9.179111570119857788e-02
2.378602745011448860e-03
1.058928817510604720e-01
9.850730746984481812e-02
-1.275461912155151367e-02
-4.958572238683700562e-02
1.862659119069576263e-02
-2.581881545484066010e-02
5.139975994825363159e-02
-1.567298769950866699e-01
-9.366822987794876099e-02
6.592608988285064697e-02
-1.393443904817104340e-02
-7.135067880153656006e-02
-6.911208480596542358e-02
-3.501613391563296318e-03
-2.132582478225230824e-02
-4.026496782898902893e-02
-2.436904795467853199e-02
-7.394065707921981812e-02
-1.579237133264541626e-01
5.110605061054229736e-02
-2.877225726842879902e-02
-2.781569026410580028e-02
3.867012634873390198e-02
-1.221824884414672713e-01
-6.071775034070014954e-02
-1.431312318891286850e-02
-1.439104378223419189e-01
-1.870842576026916504e-01
-3.295254707336426475e-02
-6.915251910686492920e-02
-1.309787333011627197e-01
-8.593902736902236938e-02
3.639419749379158020e-02
3.898890316486359336e-02
1.151265949010848999e-02
-4.202417284250259399e-02
-2.216540277004241943e-02
-1.505928933620452881e-01
-8.913445286452770233e-03
7.275870442390441895e-02
1.081344708800315996e-01
8.104056119918823242e-03
-3.922222182154656150e-02
-5.460803583264351585e-02
-1.298631280660629272e-01
2.141655795276165009e-02
1.638053953647613525e-01
-4.764804989099503257e-02
-2.852917835116386414e-02
-1.138439774513244455e-02
-3.184316307306289673e-02
2.497187629342079163e-02
-3.062202595174312592e-02
-2.311984263360500336e-02
-3.346274048089981079e-02
-1.402518600225448608e-01
-3.833676502108573914e-02
-7.514012604951858521e-02
2.388161234557628632e-02
3.546790918335318565e-03
4.759589582681656578e-02
-5.813374184072017670e-03
2.316318452358245850e-02
-1.074919849634170393e-01
-5.728363245725632408e-02
7.348919659852982955e-02
-5.575870722532271645e-02
2.107906900346279144e-02
1.173279583454131941e-01
1.085001602768898010e-01
-1.442254148423671549e-02
-4.492058977484703064e-02
-5.266697332262992859e-02
-2.776028215885162354e-02
-2.324602752923965454e-02
-1.419522613286972046e-01
-1.220335364341735701e-01
-6.969927996397017045e-02
-5.009194090962409973e-02
-1.109777111560106451e-02
-8.946122229099273682e-02
-2.079535871744155884e-01
-9.426067024469375610e-02
-7.779078185558319092e-02
2.137440722435712814e-03
1.854662783443928112e-02
1.018782481551170349e-01
3.940416499972343445e-02
9.935210645198822021e-02
1.330604553222656250e-01
4.593966901302337646e-02
-2.405119314789772034e-02
-1.350466609001159390e-01
-1.316264867782592773e-01
2.118000201880931854e-02
6.363558769226074219e-02
2.494366094470024109e-02
1.192868128418922563e-01
1.202243939042091508e-01
4.112083464860916138e-02
-3.668683394789696434e-02
-1.660293191671371460e-01
-8.741432428359985352e-02
-3.895648196339606545e-02
1.525484677404165268e-02
-3.617723286151885986e-02
-2.139299409464001656e-03
-1.665550023317337036e-01
-7.369300723075868087e-02
-5.644662305712699890e-02
3.781392425298691490e-02
1.116815060377120972e-01
3.704863786697388389e-02
-5.083650350570678711e-03
-2.801337838172912945e-02
6.471906322985888395e-03
-2.081418223679065704e-02
-1.296553481370210648e-02
4.165063146501779556e-03
-1.409674901515245264e-02
-6.974580883979797363e-02
-5.625983700156211853e-02
-8.542644977569580078e-02
-4.451033845543860695e-02
2.785272710025310169e-02
-5.126286763697863492e-03
-5.385601148009299538e-02
-7.521441578865051270e-02
-9.268359281122684479e-03
1.023956792778335512e-04
-1.852075941860675812e-02
-2.268081456422805509e-01
-8.194926381111145020e-02
