1.750490814447402954e-02
2.496076002717018127e-02
-2.306682430207728993e-02
5.871285125613212585e-02
2.450952073559165001e-03
-9.705369174480436845e-02
-1.908963173627853047e-02
3.217914700508118370e-02
-1.170754339545965195e-02
-1.223867014050483530e-02
7.574530318379401293e-03
1.393898576498031616e-02
1.629037410020828247e-02
8.433977141976356506e-03
6.019014865159988403e-03
-1.988913118839263916e-02
4.287221655249596336e-02
2.093686163425445557e-02
1.531812455505132849e-02
4.646124690771102905e-02
1.411921903491020376e-02
5.532798240892589092e-04
1.794577203691005707e-02
2.545178867876529694e-02
2.276101708412170410e-02
4.404194653034210205e-03
4.200784489512443542e-02
4.751359298825263977e-02
4.093381389975547791e-02
1.039418764412403107e-02
9.909891337156295776e-02
1.097706612199544907e-02
-8.564074523746967316e-03
-7.959506474435329437e-03
-9.140570461750030518e-02
-9.772430360317230225e-02
-5.797519534826278687e-02
4.782008007168770704e-03
4.070124402642250061e-02
2.341470681130886078e-02
-3.066582977771758686e-02
-1.399463564157485962e-01
-9.954895079135896163e-02
4.503133147954941490e-02
7.071451842784882980e-02
7.413470186293125153e-03
-7.650648802518844604e-02
-4.298524465411901474e-03
-4.705917090177536011e-02
2.625805325806140900e-02
3.251813724637031555e-02
5.145162343978881836e-03
-1.280203275382518768e-02
-9.244069457054138184e-02
-6.850761827081441879e-03
1.436522044241428375e-02
1.005239319056272507e-03
9.758435189723968506e-03
8.747831452637910843e-04
6.867760326713324461e-03
3.543771430850028992e-02
-1.119866035878658468e-02
-6.836818158626556396e-02
-6.667370349168777466e-02
-2.714254707098007202e-02
-3.587648272514343262e-02
-1.912639848887920380e-02
-2.726777223870157762e-03
-3.525453060865402222e-02
-5.829306691884995201e-02
4.462319985032081604e-02
2.123267762362957001e-02
-2.453313022851943970e-02
-1.101036183536052877e-02
2.948396839201450695e-02
-2.599195390939712524e-02
-1.693919068202376583e-03
2.882613241672516216e-02
6.569844484329223633e-02
6.589511036872863770e-02
6.959956884384155273e-02
1.219995436258614063e-03
-3.032075986266136169e-02
1.924575120210648277e-02
1.123991236090659956e-01
5.793325230479239724e-02
-2.191909123212098642e-03
2.712078206241130829e-02
1.556447800248861313e-02
-1.359361107461154461e-03
2.435038611292839050e-02
1.764340698719024658e-02
-3.468517959117889404e-02
-2.898216247558593750e-02
2.819327823817729950e-02
-3.682703524827957153e-02
-2.669917792081833233e-02
-1.448615826666355307e-02
-1.887123100459576000e-02
-6.004882976412772438e-02
-1.918089017271995544e-02
-1.995679177343845367e-02
1.182749215513467789e-02
4.573342204093933105e-02
-2.422213368117808949e-02
-6.447707861661911011e-02
3.975339233875274658e-02
-8.136899210512638092e-03
-3.534592315554618835e-02
7.577382959425448504e-03
1.101900450885295868e-02
3.518901392817496560e-02
1.687339739874005318e-03
1.100218854844570160e-02
-3.344864025712013245e-02
2.666252851486206055e-02
3.783505409955977700e-02
4.533982649445533752e-02
6.171517074108123779e-02
4.268291592597962120e-02
1.728823222219944000e-02
2.839797735214233051e-02
8.217059820890428024e-02
5.476020649075508118e-02
-1.040632184594869614e-02
2.462149225175381054e-02
5.582975968718528748e-02
1.964879035949707031e-02
-8.645937778055669612e-03
3.921778127551078796e-02
5.918619409203530052e-02
2.962931245565414429e-02
4.799365997314453125e-03
-1.110757980495691299e-02
1.763543300330639232e-02
3.847217559814453125e-02
1.558261737227440054e-02
-3.744165226817131042e-02
-7.681148126721381274e-03
2.747913263738155712e-02
2.308133430778980255e-02
-3.266172716394067244e-03
2.622547373175621033e-02
-1.271972432732582092e-03
-2.095044124871492386e-03
1.047577150166034872e-02
2.295107766985892903e-02
8.141674101352691650e-03
-1.018274342641234398e-04
1.162840891629457647e-02
-7.571810856461524963e-03
1.017261389642954046e-02
-4.351246729493141174e-02
-2.932283841073513031e-02
-3.844964876770973206e-02
-7.853523641824722290e-02
-6.410099565982818604e-03
-4.277050867676734924e-02
-4.382481426000595093e-02
-2.904084883630276420e-02
-2.031118795275688171e-02
-2.789290994405746113e-02
-1.165160909295082092e-02
6.180155649781227806e-02
8.103586733341217041e-02
3.297125920653343201e-02
9.818281978368759155e-03
3.047589398920536388e-02
2.045805566012859691e-02
7.241640985012054443e-02
-2.487908117473125458e-02
8.114350028336048126e-03
-6.832873076200485229e-02
-3.641245141625405052e-02
-3.680270165205001831e-02
-8.512027561664581299e-03
3.675079345703125000e-02
-1.081751380115747625e-02
-2.899477817118168224e-02
3.412723541259765625e-02
1.587267406284809113e-02
-1.718845218420028687e-02
-1.745006255805492401e-02
-1.638590544462203979e-02
2.730256132781505585e-02
2.774040959775448192e-02
5.201173014938831329e-03
-2.806105278432368885e-02
1.964798197150230408e-02
-2.769971266388893127e-02
-1.324703544378280362e-01
-5.087745189666748047e-02
-2.019485458731651653e-02
-5.644545331597327492e-02
-2.050039544701575886e-02
1.440697163343429739e-02
-4.965547844767570496e-02
-2.495900169014931072e-02
-1.498754485510289452e-03
2.087880857288837162e-04
1.835522428154945374e-02
5.828418582677841187e-02
4.364325106143952110e-02
-1.509386464022099972e-03
2.739519625902175903e-02
1.049464289098978043e-02
-2.066574059426784515e-02
5.965785589069128036e-03
-2.690930105745792389e-02
-1.977201923727988850e-02
-5.038500763475894928e-03
-4.039257764816284180e-03
2.580396644771099091e-02
2.847662568092346191e-02
4.889440257102251053e-03
5.016524344682693481e-03
5.242625717073678970e-03
1.003891229629516602e-02
-1.866832561790943146e-02
-5.718963220715522766e-03
-3.303055651485919952e-03
-1.627750135958194733e-02
-1.658364757895469666e-02
-2.106890082359313965e-02
3.727118670940398476e-02
6.416642665863037109e-02
-1.323159597814083099e-02
6.848489399999380112e-03
1.436268072575330908e-02
2.442968077957630157e-03
-2.415419789031147957e-03
2.161576040089130402e-02
-1.988581009209156036e-02
1.254401076585054398e-02
1.925195381045341145e-02
1.143000088632106954e-02
-2.158911898732185364e-02
1.525648403912782843e-02
2.767406590282917023e-02
-1.018463727086782282e-02
-4.242058470845223167e-02
-1.272955071181058710e-02
3.443324239924550056e-03
1.628093887120485089e-03
-1.462508365511894053e-02
3.943412099033594131e-03
1.595029421150684357e-02
2.052506897598505020e-03
2.911678515374660492e-03
-6.520123570226132870e-04
4.884695634245872498e-03
9.310667403042316437e-03
1.557010132819414139e-02
6.474661175161600113e-03
-3.964029252529143593e-02
-1.050478685647249222e-02
-1.690662652254104614e-02
4.259725660085678101e-02
1.272898749448359013e-03
-2.076131105422973633e-02
-1.988993771374225616e-02
4.323675855994225242e-02
-1.972168311476707458e-02
1.966992206871509552e-02
-1.438368950039148504e-02
4.370833560824393532e-02
4.383507370948792198e-02
4.479563236236571572e-02
-1.919530890882015228e-02
-1.912775821983814240e-02
-8.312542922794818878e-03
-2.020269073545932770e-02
1.247678510844707662e-02
-2.420618012547492981e-02
-3.789129108190537193e-02
-1.956834271550178528e-02
-1.777497120201587330e-02
-1.462236046791076660e-03
5.500767379999160767e-03
-3.683645278215407892e-03
-1.664008572697639812e-02
-1.514586433768272573e-02
3.346074745059013367e-02
-1.564644393511116505e-03
-2.083096187561750412e-03
4.646082222461700439e-02
2.316313609480858196e-02
-2.771447040140628815e-02
1.019701827317476446e-02
6.262382864952087402e-02
-3.254286013543605804e-03
1.323095802217722113e-02
-4.888863861560821533e-02
-4.631207138299942017e-02
5.263736099004745483e-02
-8.000611513853073120e-02
-1.086187437176704407e-01
-7.515196502208709717e-02
-2.920301444828510631e-02
-7.124862633645534515e-03
-2.048971690237521778e-02
-2.545167505741119732e-02
7.029055058956146240e-02
1.208548620343208452e-01
2.244335412979125977e-02
-1.025068685412406783e-01
-1.785379648208618164e-02
-1.998431235551834106e-02
-1.510682748630642674e-03
2.677047997713088989e-02
-2.940277568995952606e-02
1.619981043040752411e-02
-5.444061825983226299e-04
2.231978578492999077e-04
-2.216544933617115021e-02
-2.978725917637348175e-02
-8.654542034491897714e-04
6.631774455308914185e-02
1.261623296886682337e-02
-2.345581352710724224e-02
-1.192431803792715073e-02
3.057504259049892426e-02
4.731114604510366917e-04
-1.341820135712623596e-02
-1.607262156903743744e-02
2.165309898555278778e-02
-3.814253583550453186e-02
-4.565034806728363037e-02
3.012578003108501087e-02
1.635600347071885846e-03
-2.915018005296587944e-03
-7.238510064780712128e-03
7.837514393031597137e-03
-4.536854475736618042e-02
-4.498760029673576355e-02
-2.561743138357996941e-03
-7.131090387701987353e-03
1.704518869519233704e-02
-2.615413628518581390e-02
4.705086350440979004e-02
-1.276782248169183558e-02
2.702298387885093689e-02
1.271471381187439138e-02
-1.905686780810355793e-02
-1.238816417753696442e-02
-3.297694725915789604e-03
1.974783279001712799e-02
5.080380011349917325e-03
-3.462173417210578918e-02
2.195385284721851696e-02
-3.882285952568053505e-02
-3.961181640625000000e-02
-5.427984148263931274e-02
-3.160858154296875000e-02
1.219859719276428049e-02
1.390018779784440994e-02
-2.350838296115398407e-02
-1.170274894684553146e-02
-1.222982071340084076e-03
1.276484318077564240e-02
-5.108455196022987366e-02
-3.404089808464050293e-02
-1.887012273073196411e-02
-1.622504368424415588e-02
-1.754236035048961639e-02
-1.529300305992364710e-02
1.615305989980697632e-02
2.228770963847636830e-02
4.798669740557671287e-02
-8.707027882337570190e-04
-1.880434714257716786e-02
-1.161372382193803787e-02
2.258637361228466034e-02
1.193764526396989822e-02
-5.034742504358291626e-02
-4.115857928991318443e-02
-2.541477233171463013e-02
3.253603586927056746e-03
2.370442450046539654e-02
2.092730440199375153e-02
5.440193694084882736e-03
-2.050756476819515228e-02
1.558782719075679606e-02
-3.658254444599151611e-02
-8.074982091784477234e-03
-2.652180008590221405e-02
1.954092271625995983e-02
-1.124018151313066483e-02
-3.347198665142058632e-02
-4.663211759179831419e-03
2.864489331841468811e-02
-1.441072020679712469e-02
-8.427059277892112732e-03
1.612302847206592560e-02
3.451662510633468628e-02
-7.495126221328973770e-03
-5.034839734435082349e-03
1.851236447691917072e-02
9.939535520970819646e-03
-1.342275179922580719e-02
4.036601632833480835e-03
3.377091512084006569e-02
3.439463302493095398e-02
-4.581677727401257429e-03
5.728604644536972740e-02
4.496580362319946289e-02
-3.125136718153953552e-02
-4.540406912565231323e-02
-2.134122140705585480e-02
2.352476492524147034e-02
3.548143804073333740e-02
2.100083790719509125e-02
3.045429289340973247e-02
-3.687961027026177320e-03
5.694594606757164001e-02
-5.136621184647082415e-03
5.751339253038167953e-03
3.095453046262264252e-02
-2.068974776193499999e-03
6.607489660382270813e-03
3.383193910121918418e-02
2.046926505863666187e-02
-8.148728869855403900e-03
-2.162940055131911885e-02
-3.376495838165283203e-02
-1.911933533847332001e-02
1.455222349613904953e-02
-6.076901778578757546e-02
-1.782906614243984222e-02
-3.153973817825317383e-02
-1.813092641532420765e-02
-4.469292704015970230e-03
-4.613499157130718231e-03
-2.074567787349224091e-02
1.354155410081147974e-02
-9.953855536878107244e-03
-1.712331175804138184e-02
-6.602506339550016923e-02
-4.202444106340408325e-02
-1.640530675649643291e-02
-1.473444327712059021e-02
-1.738466881215572357e-02
-1.600394397974014282e-02
-3.640615195035934448e-02
1.169370114803314209e-02
-3.397578373551369147e-03
-6.534595042467117310e-02
8.266875520348548889e-03
-2.177900448441505432e-02
-3.022134676575660706e-02
5.356935784220696363e-03
-1.203334610909223557e-02
-2.562653645873069763e-02
-1.522773131728172476e-02
-4.547175019979476929e-02
-7.675553672015666962e-03
3.099082969129084847e-02
-6.867719348520040512e-03
1.022272394038736820e-03
-1.794121600687503815e-02
-3.973505925387144089e-03
-1.534125395119190390e-02
6.802247371524571505e-03
8.111154660582542419e-03
8.576388470828533173e-03
-5.490627512335776589e-02
3.918451257050036517e-03
-1.356729120016098022e-02
-1.603791117668151855e-02
1.559115760028362448e-02
-2.499773539602756153e-02
-3.995624557137488625e-02
6.182583514600992203e-03
1.064930949360132217e-02
-1.401036698371171951e-02
-2.890008687973022461e-02
-2.421014942228794098e-02
-3.832058981060981750e-02
-5.955560505390167236e-02
-5.282154306769371033e-02
-3.415273269638419151e-03
-2.673908602446317673e-03
-3.060341998934745789e-02
-2.292832732200622559e-02
-2.050731889903545380e-02
4.249088466167449951e-02
6.856716424226760864e-02
2.585362456738948822e-02
1.330332178622484207e-02
-2.929114364087581981e-02
2.122711017727851868e-02
8.720994926989080256e-03
-2.894078940153121948e-02
-9.451529942452907562e-03
-3.955586999654769897e-02
-1.375536434352397919e-02
-4.140958772040903568e-04
-3.933268412947654724e-02
9.465940296649931127e-03
4.079253971576691368e-02
2.455588243901729584e-02
-4.906335473060607910e-02
-8.865398913621902466e-02
-4.224163666367531517e-02
9.891245514154434204e-03
1.497956691309809468e-03
-3.842687234282493591e-03
2.943957038223743786e-02
2.932352013885974884e-02
-5.434733256697654724e-02
-7.011611759662628174e-02
-5.628390610218048096e-02
-2.633077464997768402e-02
-1.807536929845809937e-02
-5.280122533440589905e-02
-6.567594595253467560e-03
-2.458426542580128063e-02
-3.362101316452026367e-02
-2.144149132072925568e-02
-5.368685815483331680e-03
-2.391613321378827095e-03
-1.176425372250377915e-03
-2.693507354706526236e-03
9.950354695320129395e-03
-1.625964976847171783e-02
-1.505200751125812531e-02
8.091656491160394496e-03
-2.207150124013423920e-02
-1.841423101723194122e-02
7.213837932795286179e-03
-6.528460071422159672e-04
-3.091347962617873799e-02
-2.111329883337020874e-02
-6.978607177734375000e-02
-1.410113740712404425e-02
-2.940772473812103618e-02
-1.213052496314048767e-02
-1.481788139790296555e-02
9.935731068253514982e-04
-3.082535974681377411e-02
-2.450280264019965779e-02
3.245812840759753747e-03
5.331920832395553589e-02
5.809243768453597329e-02
7.440444082021712389e-03
2.996687311679124832e-03
-2.294176071882248272e-02
-2.694544754922389984e-02
-9.891106188297273116e-02
-5.226999148726463318e-02
2.847750484943389893e-02
-1.441539824008941477e-02
-3.040355071425438274e-02
-2.047426812350749969e-02
-2.799085341393948035e-03
2.179045416414737354e-02
6.943354010581970215e-02
7.787635177373886108e-02
5.120675638318061829e-02
4.295973107218742371e-02
-6.798467785120010376e-02
-6.107215210795402527e-02
-6.762184947729110718e-02
2.088569849729537964e-02
-5.208224803209304810e-02
-5.847718939185143905e-02
-2.156580239534378052e-02
-8.387947455048561096e-03
-4.223887622356414795e-02
-1.075938344001770020e-02
1.114993914961814880e-02
-1.227178052067756826e-02
-1.276030205190181515e-03
3.307982161641120911e-02
4.880012571811676025e-02
9.547898918390274048e-02
9.139743447303771973e-02
6.014201045036315918e-02
6.691849231719970703e-02
4.779999330639838478e-02
3.533561713993549347e-03
-2.020395360887050282e-02
-8.840857073664665222e-03
-8.002015762031078339e-03
-6.944507826119661331e-03
1.418357249349355698e-02
2.412838675081729889e-02
-1.819602958858013153e-02
-3.906662762165069580e-02
-7.302698493003845215e-02
-4.532972723245621421e-02
-2.742143720388412476e-02
2.750729210674762726e-02
3.500602394342422485e-02
1.647953875362873077e-02
-1.775690354406833649e-02
-4.855421930551528931e-02
5.794996861368417740e-03
-1.818225346505641937e-02
2.553912624716758728e-02
3.842012258246540590e-03
-1.327309850603342056e-02
8.798131719231605530e-03
1.113025471568107605e-02
-2.072751708328723907e-02
1.871841773390769958e-02
-8.941140957176683599e-03
-2.860280126333237041e-02
-1.050125155597925186e-02
1.470152637921273492e-03
4.651409387588500977e-02
2.127093635499477040e-02
9.602556005120277405e-03
-5.884149670600891113e-02
1.276253536343574350e-02
-1.986674591898918152e-02
-1.753449672833085060e-03
-3.849639743566513062e-02
-1.584232598543166767e-02
2.111404435709119277e-03
1.379305124282837088e-02
1.679638959467411041e-02
-7.848590612411499023e-03
2.523320168256759990e-02
8.348586969077587128e-03
1.237893942743539810e-02
-2.943659387528896332e-02
-3.305718675255775452e-02
-5.777796730399131775e-03
3.228574246168136597e-02
-9.035185910761356354e-03
-1.555066090077161789e-02
-5.145305395126343467e-02
-4.098245699424296618e-04
6.136859580874442360e-02
-4.674880579113960266e-02
-3.418134897947312095e-02
4.783798754215240479e-02
4.449776560068130493e-02
-1.337339170277118683e-02
-2.584262564778328289e-02
-2.149424329400062561e-02
4.377672076225281456e-02
-3.326513618230819702e-02
-3.544991090893744728e-02
-2.584071643650531769e-02
1.824629120528697968e-02
1.207376597449183681e-03
-4.080644343048334122e-03
1.299319416284561331e-02
1.291856728494167154e-02
3.434118628501892090e-02
2.210204117000102997e-02
-1.353619806468486959e-02
-3.669030591845511696e-02
-5.152742937207221985e-02
5.353590473532677564e-03
7.633177191019056840e-02
2.984001487493515015e-02
5.799089744687079689e-02
3.742950409650802612e-02
2.385369874536990772e-02
9.471479803323745728e-03
-6.129912566393613815e-03
-9.526130743324756622e-03
-3.845028579235076904e-02
1.698980852961540222e-02
2.273067831993103027e-02
3.437987715005874634e-02
7.071763277053833008e-02
5.575783923268318176e-02
3.616846725344657898e-02
5.891572684049606323e-02
6.267049163579940796e-02
4.731820151209831238e-02
1.280761230736970728e-02
-1.091830315999686718e-03
1.275110617280006409e-02
-7.047688122838735580e-03
-1.044485438615083521e-02
-1.304138358682394028e-02
-5.935196764767169952e-03
-2.194823883473873138e-02
-7.398588210344314575e-02
-8.871730417013166947e-02
-6.859579682350158691e-02
1.671572960913181305e-02
5.537019670009613037e-02
1.096824090927839279e-02
-5.072189378552138805e-04
-4.179421346634625521e-03
-2.399820089340209961e-02
8.013713340915273875e-06
-6.168830674141645432e-03
1.547771599143743688e-02
-3.407077118754386902e-02
3.465242683887481689e-02
3.154800832271575928e-02
-6.400038546416908503e-05
-1.078422926366329193e-02
-1.570746884681284644e-03
-8.918222039937973022e-02
-1.980422809720039715e-02
8.940807543694972992e-03
-4.155097901821137168e-02
-2.207905426621436726e-02
3.926916420459746621e-02
4.509977251291275024e-02
5.351216532289981842e-03
-2.019232511520385742e-02
-3.386742249131203392e-02
-3.462873399257659912e-02
-8.781767450273036957e-03
4.520815983414649963e-02
2.458463795483112335e-02
-2.422147057950497021e-02
-1.455722469836473812e-02
3.131783800199628310e-03
-2.840518765151500702e-02
2.242463175207376480e-03
-5.969626083970069885e-02
-4.407346248626708984e-02
-6.718610972166061401e-02
-8.211694657802581787e-03
2.757327817380428314e-02
5.027326755225657549e-03
4.599634557962417603e-03
6.879532244056463242e-03
-1.770203188061714172e-02
-9.738872759044170380e-03
5.078628193587064743e-03
-7.111834734678267045e-02
-7.832886278629302979e-02
3.943715710192918777e-03
-3.046122752130031933e-02
-3.025755472481250763e-02
-1.366316899657249451e-02
-9.440644644200801849e-03
7.792424876242876920e-03
9.388055652379991359e-03
-2.935830689966678272e-02
-6.036365404725074768e-02
-1.525830850005149668e-02
-2.997300773859023701e-02
-3.576228022575378418e-02
-2.147686900570988655e-03
-4.235620144754647341e-03
1.186171662993729331e-03
-3.720645979046821594e-02
-1.552439667284488678e-02
8.347606635652482510e-04
-2.633922919631004333e-02
-3.547078464180231094e-03
-4.620020277798175812e-03
-1.358225103467702866e-02
1.137872925028205135e-03
-2.479022555053234100e-02
-1.929783448576927185e-02
5.087971687316895399e-03
6.998172611929476261e-04
-3.458638489246368408e-02
-2.398417703807353973e-02
-1.242343988269567663e-02
-8.827204816043376923e-03
2.207661978900433020e-03
1.563516445457935333e-02
-1.934020407497883190e-02
-4.688594862818717957e-02
-1.532019302248954773e-02
-3.564402833580971458e-02
-5.835495889186858437e-02
-2.595840394496917378e-02
-8.985018357634544373e-03
-5.924750119447707436e-02
-6.046697497367858887e-02
-1.873384043574332844e-02
-3.337022289633750916e-02
-1.167074218392371958e-02
1.413424592465162451e-02
1.231242250651121313e-02
-8.469232358038425446e-03
-6.458589434623716874e-02
-9.566735243424773216e-04
-3.431681171059608459e-02
-1.636067405343055725e-02
-6.389794405549764633e-03
-3.362022712826728821e-02
-2.602501958608627666e-02
-1.802646927535533905e-02
6.815903820097446442e-03
-3.692797617986798286e-03
4.249223042279481888e-03
-2.677790075540542603e-02
7.827562279999256134e-03
-1.837231591343880047e-02
-4.603058472275733948e-02
-1.947062462568283081e-02
-1.086229085922241211e-02
2.249863930046558380e-02
2.875769324600696911e-02
-7.729665841907262802e-03
-2.642002888023852955e-02
8.150888979434967041e-02
-4.808171186596154299e-03
-3.545056656002998352e-02
-5.255792289972304430e-03
-1.949729584157466888e-02
-1.331973634660243988e-02
-2.402742579579352986e-02
-4.186110571026802063e-02
2.259068191051483154e-02
4.896657541394233704e-02
2.334059961140155792e-02
9.756228886544704437e-03
-2.779107168316840779e-02
-2.064703032374382019e-03
1.558416709303855896e-02
-2.173015847802162170e-03
-4.519701004028320312e-02
-5.441138986498117447e-03
1.466897316277027130e-02
-1.832208409905433655e-02
3.618048876523971558e-02
-1.428453437983989716e-02
4.411106556653976440e-02
-6.729376967996359739e-03
1.374323945492505854e-02
-1.935509592294692993e-02
1.801123283803462982e-02
2.975910669192671776e-03
-3.458532691001892090e-02
-6.398554891347885132e-02
-3.808629885315895081e-02
-2.424753271043300976e-02
-4.728546366095542908e-03
6.646355148404836655e-03
-3.883970528841018677e-02
3.388823196291923523e-02
-1.496965438127517527e-02
1.502456516027450562e-02
-2.162176184356212963e-02
-3.800792153924704032e-03
-1.756359823048114777e-02
3.893465967848896980e-03
5.526144988834857941e-03
2.968814224004745136e-02
8.576260879635809117e-03
-1.555049140006303787e-02
-4.556524381041526794e-02
8.624474518001079559e-03
-2.020172402262688030e-02
2.750123478472232819e-02
8.397066034376619512e-03
4.244850482791661349e-03
1.536045596003532583e-02
-4.290712252259255149e-02
-9.673951193690299988e-03
-3.130297362804412842e-02
4.279628768563271263e-02
-2.269141189754008900e-02
-4.978477489203214645e-03
4.963074810802936554e-03
-6.201012432575226524e-02
1.445434521883725947e-02
-1.265541184693574905e-02
4.177923873066902161e-02
1.546296756714582443e-02
-1.236324850469827652e-02
2.556703612208366394e-02
-2.189934253692626953e-02
2.185711823403835644e-02
6.077664438635110855e-03
1.269990857690572739e-02
-2.008943352848291397e-03
6.785063073039054871e-03
-3.052240796387196281e-02
-1.627956330776214600e-02
3.529084846377373436e-02
-6.186874583363533020e-03
1.683717966079711914e-02
2.540584187954664230e-03
-5.779617931693793427e-04
8.157615549862384796e-03
-1.430393755435943777e-02
-3.183704614639281533e-02
-1.759214699268341064e-02
5.915720015764236450e-03
-4.451860673725605011e-03
4.038077592849731445e-02
-2.753378590568900108e-03
-1.185822766274213791e-02
1.457399036735296249e-02
-8.767303079366683960e-03
2.750405669212341309e-02
-1.608529314398765564e-02
-2.627447433769703258e-02
-2.688794955611228943e-02
3.904508054256438515e-02
-8.028114214539527893e-03
1.400417275726795197e-02
-1.737003028392791401e-02
3.240596875548363426e-02
-2.575183287262916912e-02
3.075232170522212982e-02
-1.440976187586784363e-02
1.970199309289455761e-02
-1.477978844195604324e-02
-2.109519019722938538e-02
2.081069163978100170e-02
-5.377614405006170273e-03
-9.372572414577007294e-03
1.794501580297946930e-02
-2.927694469690323223e-02
-4.227764904499053955e-03
-5.672400817275047302e-03
-2.365603111684322357e-02
1.408310886472463781e-02
-1.364790834486484354e-02
2.258173003792762756e-02
8.105874061584472656e-03
2.897980809211731304e-02
-5.106018856167793274e-03
-4.397927317768335342e-03
1.689497008919715881e-02
-2.547707594931125641e-02
2.253929525613784790e-02
-8.403157815337181091e-03
1.314289402216672897e-02
-4.500395443756132776e-04
-1.985256560146808624e-02
2.618415094912051808e-02
-4.638577345758677396e-03
3.287242352962493896e-02
1.673936098814010620e-02
-6.668586749583482742e-03
-8.322148583829402924e-03
1.955285901203751998e-03
1.930717565119266163e-02
5.087830126285552979e-02
4.803574457764625549e-02
-1.463896688073873693e-02
-6.890712678432464600e-02
-3.216388449072837830e-02
-1.538054784759879329e-03
1.258498756214976528e-03
2.097898907959460865e-02
-2.607358852401376204e-03
-1.148861553519964218e-02
2.862606942653656353e-02
8.591787889599800110e-03
-1.444756705313920975e-02
-1.859853602945804596e-02
3.044507233425974846e-03
5.499509721994400024e-02
1.940220128744840622e-03
-1.482420973479747772e-02
3.086679242551326752e-02
2.893842756748199463e-02
-1.554347295314073736e-02
1.354590151458978826e-02
4.440696910023688576e-02
1.641314011067152023e-03
2.011818997561931957e-02
2.155372872948646198e-02
-9.426683187484741211e-03
-2.103225514292716980e-02
1.174410525709390640e-02
3.892274107784032822e-03
-2.196173649281263785e-03
5.175587721168994904e-03
2.185659669339656830e-02
1.061175018548965628e-02
-2.899609878659248005e-02
4.690086934715509415e-03
3.697226056829095429e-04
4.968743771314620972e-03
1.386431884020567114e-02
1.257579028606414795e-02
1.234298665076494217e-02
-9.853078983724115544e-03
3.045696299523114724e-03
-7.246352732181548205e-03
2.107951976358890187e-02
-1.220867689698934555e-02
3.145744279026985168e-02
1.833050139248370777e-02
-1.172179821878671646e-02
8.146587759256362915e-03
2.133993245661258698e-02
7.133687904570251703e-05
2.093932405114173889e-02
2.291627414524555206e-02
1.307323761284351175e-02
-1.020372379571199417e-02
2.751469798386096954e-02
-1.680318266153335571e-02
1.048882305622100830e-02
-2.323185559362173080e-03
1.577754877507686615e-02
1.698594540357589722e-02
-2.792084123939276175e-03
3.662123158574103615e-02
1.005207281559705561e-02
2.519773133099079132e-02
-3.696101484820246696e-03
1.016208063811063766e-02
-1.264358684420585632e-02
8.848416619002819061e-03
-1.959518343210220337e-02
2.066614665091037403e-02
1.950603444129228809e-03
-1.814073650166392543e-03
2.973824553191661835e-02
1.269865315407514572e-02
-5.426966398954392173e-02
3.170740604400634766e-02
-2.705155499279499054e-02
3.930933400988578796e-02
-2.926904521882533680e-02
2.985799312591552387e-02
-1.510766055434942245e-02
2.068341523408889771e-02
-3.430556040257215500e-03
5.376757588237524033e-03
4.118775017559528351e-03
-2.959362603724003185e-02
3.957574442028998635e-02
1.476094219833612442e-02
4.764366522431373596e-02
1.016070693731307983e-02
2.737033180892467499e-03
-3.272676607593894005e-03
-7.151997182518243790e-03
-1.274661906063556845e-02
-2.031572628766298294e-03
2.193183451890945435e-02
8.099612779915332794e-03
1.203236170113086700e-03
-4.809134639799594879e-03
-1.930652558803558350e-02
3.224949911236763000e-02
8.028923533856868744e-03
2.430516295135020863e-02
-4.493768513202666542e-02
-5.493221059441567161e-02
-3.915441222488879290e-03
3.011162765324116100e-02
3.082721680402756084e-02
1.639043726027011871e-02
-2.867527306079864502e-03
3.731175512075423500e-02
-1.258433982729911804e-02
1.714220084249973297e-02
-1.061232201755046844e-02
7.200003601610660553e-03
-2.658356353640556335e-02
-4.084342718124389648e-02
8.411070331931114197e-03
2.187484130263328899e-02
-3.516150871291757064e-03
-1.145427115261554718e-03
2.707793749868869781e-02
1.933843456208705902e-02
7.908819615840911865e-02
1.721333712339401245e-02
1.316694170236587698e-02
-1.265825144946575165e-02
-3.806911781430245140e-02
1.098022609949112112e-02
1.038049627095460718e-02
4.516267683357000351e-03
-1.133375242352485657e-02
-7.134323008358479414e-03
-1.543149258941411799e-02
1.452468335628509695e-02
5.890349391847848892e-03
-7.161191751947625116e-05
2.986028604209423065e-02
1.284214574843645096e-02
2.259251847863197327e-02
1.613203249871730804e-02
6.740354467183352384e-03
-3.502037003636360168e-02
3.244069218635559082e-02
-4.890483990311623314e-02
1.445108838379383087e-02
-9.936333633959291631e-03
2.231963351368904114e-02
-7.566316518932580948e-03
4.815563093870878220e-03
4.411153122782707214e-02
1.341595966368913651e-02
1.662523858249187469e-02
6.453958898782730103e-02
-5.817884579300879738e-02
-9.365553408861160278e-02
-2.448892034590244293e-02
1.791014149785041809e-02
3.493636101484298706e-02
3.342649340629577637e-02
8.282425813376905269e-03
3.545861924067140059e-03
-2.470444142818450928e-02
-1.991686783730984081e-02
-1.371321268379688480e-03
-1.127593070268630981e-01
4.924162849783897400e-02
6.432079244405031204e-03
6.479380279779434204e-02
3.771811351180076599e-02
-2.610188722610473633e-02
-4.759922251105308533e-02
-7.274359930306673050e-03
-3.438631072640419006e-02
-3.169999644160271385e-02
1.587199606001376759e-02
3.845000173896550699e-03
1.490807859227061272e-03
-4.735432937741280296e-02
2.318254904821514650e-03
6.113017909228802595e-03
-5.003642290830612183e-02
-1.144000887870788574e-02
2.368186600506305695e-02
4.691639170050621033e-02
4.245680570602416992e-02
-7.856053300201894588e-03
2.349887602031230927e-02
5.747813358902931213e-02
2.031284943222999920e-02
-6.680697551928460598e-04
-2.053922973573208202e-02
1.133430399931967258e-03
-9.258967824280261993e-03
-6.493387371301651001e-02
-5.357871949672698975e-02
5.234610661864281395e-02
3.460270538926125267e-02
3.000222146511078228e-02
2.253458648920059204e-02
-4.706505220383406553e-03
7.596866227686404315e-03
8.777908980846405029e-02
6.028188392519950867e-03
6.561356596648693085e-03
1.930399797856808056e-02
5.276399664580821991e-03
1.494339294731616800e-02
5.370602384209632874e-02
4.931396618485451439e-02
-3.379193320870399475e-02
-8.667927235364913940e-03
4.381121601909399033e-03
-3.891962394118309021e-02
6.723962724208831787e-03
-1.890762941911816814e-03
-2.024041302502155651e-02
3.645033016800879738e-02
-7.794212433509528637e-04
-2.032721042633056988e-02
1.354329939931631262e-02
2.404560334980488170e-02
-1.398163568228483200e-02
-6.595532596111297607e-02
-5.021752789616584778e-03
1.014590356498956854e-02
-1.574073731899261475e-02
1.197445951402187174e-02
-4.030014574527740479e-02
-5.760328844189643860e-02
-2.496277354657649994e-02
-8.453413844108582931e-02
-7.327742129564285278e-02
-1.031029503792524338e-02
-2.695953473448753010e-02
1.210033544339239380e-03
-4.730355925858020782e-03
-4.654027521610260010e-03
1.079673296771943569e-03
-3.136750310659408569e-02
-1.291518565267324448e-03
-7.115199230611323443e-03
1.258115377277135849e-02
3.568972274661063454e-02
1.789088710211217403e-04
2.208642847836017609e-02
1.322852447628974915e-02
2.996610477566718708e-02
5.504043400287628174e-02
5.665829870849847794e-03
-6.914571393281221390e-03
-4.771678708493710432e-03
2.175608184188604789e-03
8.521410636603830510e-03
-9.399569593369959050e-03
2.232412807643413197e-02
-2.437978610396384846e-02
-3.816761309280991988e-03
-3.536732494831085205e-02
-1.893990300595760345e-02
7.442478556185960770e-03
-7.421541493386029330e-03
-6.192719563841819763e-02
8.807603269815444946e-03
2.672732807695865631e-03
6.007323972880839434e-03
5.203422904014587402e-02
2.281603589653968811e-02
-2.013214491307735790e-02
-1.699552685022354126e-02
-2.521762624382972717e-02
2.025097981095314026e-02
1.144774258136749268e-02
6.051217764616012573e-02
6.015093252062797546e-02
2.053766325116157185e-02
-4.505863413214683533e-02
-1.348569896072149277e-02
-1.539458893239498138e-02
9.256132878363130742e-03
2.482466958463191986e-02
1.206187717616557901e-02
1.541712228208780289e-02
3.138470649719238281e-02
8.980127051472663879e-03
-6.969393230974674225e-03
1.714292541146278381e-02
2.993326820433140148e-02
9.777415543794631958e-03
2.341778948903083801e-03
2.340098097920417439e-02
-2.794521488249301910e-02
-4.071331117302179337e-03
1.537461881525814533e-03
2.382940985262393951e-02
2.336877025663852692e-02
-8.554475381970405579e-03
2.871606731787323952e-03
9.746550582349300385e-03
1.062962599098682404e-02
1.926609431393444538e-03
2.476813085377216339e-02
4.491307586431503296e-02
4.371000919491053495e-03
1.258095074445009232e-02
-3.246643021702766418e-02
-2.244183421134948730e-02
4.712921101599931717e-03
6.811414379626513395e-03
5.158884078264237144e-02
3.942121937870978615e-02
1.118464674800634384e-02
7.288668770343065262e-03
1.141786295920610428e-02
-2.505934098735452132e-03
5.281609017401934537e-03
2.208396978676319122e-02
5.377486813813447952e-03
2.978567406535148621e-02
1.381643465720117092e-03
1.251980289816856384e-02
5.963188130408525467e-03
8.731209672987461090e-03
2.608109451830386769e-02
-5.868874024599790573e-03
3.560428507626057105e-03
2.763556689023971905e-02
2.022660709917545319e-02
1.607117056846618652e-02
7.137439213693141937e-03
1.554928533732890909e-02
-5.652100313454865542e-03
-6.645479705184697237e-03
1.070084050297737122e-02
5.627686157822608948e-03
8.722710772417486798e-04
-4.656855948269367218e-03
1.952462643384933125e-02
2.139807492494583130e-02
6.827429868280888471e-03
4.231610149145126343e-02
-8.159578777849674225e-03
1.121828146278858185e-02
2.788804098963737141e-02
-2.869368763640522957e-03
-6.590502336621285352e-03
1.946886815130710255e-02
-5.988387390971184644e-03
1.620789524167775891e-03
-1.279295608401298523e-02
1.545832771807909012e-02
-1.224628556519746954e-02
4.278399795293807983e-02
3.004742041230201721e-02
1.751535222865641117e-03
1.215633656829595566e-02
9.374497830867767334e-02
6.117006763815879822e-02
2.276498079299926758e-02
-2.921461872756481171e-02
7.626316510140896928e-04
-2.040636911988258362e-02
-6.202910095453262329e-02
-1.716879382729530334e-02
1.698828861117362976e-02
-1.155357621610164469e-02
-7.860549725592136383e-03
-2.043726388365030289e-03
-3.287611994892358780e-03
-5.280644446611405113e-02
-1.971567980945110321e-02
-2.541346848011016846e-02
-7.576264906674621755e-03
1.894648373126983990e-02
-8.622686378657819575e-03
2.609984762966633190e-02
2.543758042156696320e-02
-7.204235997051001462e-03
-1.723145693540573120e-02
-3.169617429375647805e-02
-1.688837260007858276e-02
1.068976614624262030e-02
-1.754228840582072735e-03
-3.970657289028168418e-02
-9.086374193429946899e-02
-1.274753734469413757e-02
7.005915045738220215e-03
1.826892606914043773e-02
-4.976113140583038330e-02
-2.721868269145488739e-02
-1.078068185597658157e-02
-4.131050780415534973e-03
-2.096658200025558472e-02
4.729362204670906067e-02
6.044551357626914978e-02
3.233687207102776268e-02
9.603678248822687322e-03
4.135677218437194824e-02
-9.920121170580387115e-03
-1.700860261917114258e-02
-1.294855400919914246e-02
-2.063425071537494659e-02
-5.991875194013118744e-03
-1.402390655130147934e-02
-6.286536343395709991e-03
3.158316016197205284e-02
1.776901306584477425e-03
1.453681010752916336e-02
-2.323182532563805580e-03
-7.541426271200180054e-02
-1.708038523793220173e-02
8.225257508456707001e-03
5.058889742940664291e-03
-2.798189222812652935e-02
7.562440354377031326e-03
-7.132989913225173950e-02
-7.919096946716308594e-02
-3.954923525452613831e-02
-1.607718877494335175e-02
8.815609849989414215e-03
-2.591341175138950348e-02
-6.253911554813385010e-02
-5.075936764478683472e-02
-5.674800276756287315e-02
-9.506742656230927901e-02
-3.097343631088733673e-02
-1.257659401744604111e-02
8.831795305013656616e-03
-1.452970597892999649e-02
-3.613828495144844055e-02
-7.748127728700637817e-02
-4.500310868024826050e-02
-1.347342971712350845e-02
1.328239124268293381e-02
-2.294434607028960835e-02
-7.498818915337323275e-03
-3.163385437801480293e-03
4.771541059017180703e-02
3.232927620410918496e-02
-1.881480589509010315e-02
-2.522150240838528026e-02
-3.462209925055503845e-02
-1.204452570527791977e-02
-1.049438491463661194e-02
3.480635955929756165e-02
3.107704222202301025e-03
-1.098937261849641800e-02
-1.320298947393894196e-02
-2.214493229985236775e-02
-1.680443435907363892e-02
2.076496370136737477e-02
2.103868685662746082e-02
-8.482476696372030431e-03
-3.294988721609116294e-02
-3.150026127696036599e-02
-3.910974785685538552e-02
-1.410029944963753223e-03
-2.441865578293800354e-02
-4.174005240201950073e-02
1.002324372529983521e-02
-1.078667677938937967e-02
-2.229749411344528198e-02
1.068561151623725891e-02
-3.176235407590866089e-02
1.639232598245143890e-02
3.002818301320076336e-02
-1.357375737279653549e-02
-7.342991977930068970e-02
-4.831362888216972351e-02
1.490435935556888754e-02
-5.267684906721115112e-02
-7.242859899997711182e-02
-5.141271743923425674e-03
-1.043538842350244349e-02
-1.028181519359350204e-02
-3.005359508097171783e-02
-5.996546149253845215e-02
-3.946308791637421348e-02
-6.306394468992949399e-03
1.304948050528764898e-02
-1.153460796922445124e-02
-3.104063915088773207e-03
-1.603159308433532715e-02
3.308314085006713867e-02
1.262740138918161392e-02
1.648900099098682404e-02
-1.469501201063394373e-02
-8.660089224576950073e-04
-3.344671428203583458e-02
2.469097636640071869e-02
1.950440928339958538e-02
8.942292071878910065e-03
1.461684796959161932e-02
-1.573683135211467396e-02
1.017851289361715143e-02
7.407131791114807129e-02
4.034739360213279724e-02
1.936968974769115795e-02
-2.073327265679836273e-02
3.207626985386013985e-03
-2.158732619136571884e-03
2.377394400537014008e-02
-1.540472614578902721e-03
-1.042805612087249929e-02
-1.768072694540023804e-02
2.822834625840186726e-02
-1.534025650471448725e-02
2.097983658313751221e-02
-7.659497787244616855e-04
3.387787565588951111e-02
2.955628931522369385e-02
-1.632203161716461182e-02
2.465800382196903229e-02
-1.297045778483152390e-02
1.895312592387199749e-02
-3.997064661234617233e-03
-1.303384080529212952e-02
-3.835224360227584839e-02
-4.246749728918076255e-02
1.784410560503601757e-04
-1.236064732074737722e-02
-1.446673925966024399e-02
1.493180077522993088e-02
-9.073209017515180760e-03
-1.835671998560428619e-02
9.382367134094238281e-03
-1.354413758963346481e-02
-1.615355722606181751e-02
9.064574725925922394e-03
-4.085010383278132352e-03
-1.754535362124443054e-03
-1.568821072578430176e-02
1.340364292263984854e-02
-1.617982424795627594e-02
5.950527265667914477e-03
-3.962250426411628723e-03
-3.003364428877830505e-02
-1.619024574756622661e-02
1.460055913776159113e-02
-1.554708182811736887e-02
-4.229885339736937783e-02
2.247584611177444458e-02
-2.079719305038451801e-02
-2.642124192789196968e-03
-3.706827014684677124e-02
-5.081354454159736633e-02
6.525219418108463287e-03
-2.179923094809055675e-02
1.082026981748640537e-03
-4.235423728823661804e-02
1.283881813287734985e-02
7.733013480901719007e-03
6.000019609928131104e-02
-4.474623128771781921e-03
-1.344118919223546982e-02
-3.830694407224655151e-02
1.058184076100587628e-03
4.170616157352924347e-03
2.728694304823875774e-02
-3.860047552734613419e-03
-7.747851777821780118e-03
-9.286159649491310120e-03
-3.373166173696517944e-02
-4.960192018188536167e-04
6.533994339406489459e-03
2.048197947442531933e-02
8.700466714799404144e-03
-6.599386688321828842e-03
3.935936838388442993e-03
-3.222820116207004027e-03
-9.985105134546756744e-03
-3.687169868499040604e-03
-2.527392935007810593e-03
-1.105403527617454355e-02
9.151449194177984107e-04
-1.040699612349271948e-02
-4.810994490981101990e-03
1.150691136717796326e-02
-1.043148688040673733e-03
1.497615780681371515e-02
-8.176923729479312897e-03
-1.674501597881316792e-02
-1.180873601697385094e-03
-1.506481599062681198e-02
-6.009026896208524704e-03
-2.250651083886623730e-02
-9.207143448293207341e-03
7.025514263659715652e-03
2.971035987138748169e-02
-4.505477473139762878e-02
2.664935402572154999e-02
-2.514367550611495972e-02
-3.518862649798393250e-02
-9.766451083123683929e-03
5.421455577015876770e-02
-9.754212573170661926e-03
-3.576559945940972068e-02
2.125170268118381153e-02
-2.179591357707977295e-02
-2.111403085291385651e-02
1.731237210333347321e-02
-6.373903248459100723e-03
3.409507870674133301e-02
9.538650512695312500e-03
2.046295907348394394e-03
1.225883723236620426e-03
1.864892058074474335e-02
-6.866754591464996338e-02
-1.758573576807975769e-02
-1.053712796419858932e-03
-6.371513474732636538e-03
5.240291822701692581e-03
8.254399150609970093e-02
-1.027342118322849274e-02
-4.092303290963172913e-02
-2.487807162106036793e-02
1.434941217303275889e-02
2.415274642407894135e-02
6.971643771976232529e-03
-6.893890909850596514e-03
-2.440804988145828247e-02
2.124777249991893768e-02
-7.345492485910654935e-03
-7.546089589595795545e-03
1.862753368914127350e-02
5.745654925704000993e-02
4.219531640410423279e-02
6.768470164388418198e-03
-8.798233419656753540e-02
-6.240220274776220322e-03
-4.779160022735595703e-03
1.634727232158184052e-02
-4.817370325326920423e-03
1.028453335165977617e-01
-1.411276683211326599e-02
-1.128873229026794434e-02
7.473697513341903687e-02
4.311657696962356567e-02
2.151674823835492134e-03
-2.177901193499565125e-02
-7.549789268523454666e-03
2.836279198527336121e-02
-4.794350825250149641e-03
4.219566937536001205e-03
-9.422642178833484650e-04
-1.696365885436534882e-02
9.062252007424831390e-03
4.086927045136690140e-03
-9.283655323088169098e-03
-3.815687261521815820e-03
-3.357865661382675171e-02
-3.377639502286911011e-02
7.351254113018512726e-03
4.632570967078208923e-02
-1.241562329232692892e-02
-3.011262975633144379e-02
2.619791962206364025e-02
-3.316137241199613051e-03
3.197824116796255112e-04
-1.076396089047193527e-03
-2.010638639330863953e-02
-3.058708459138870586e-02
-8.432174101471900940e-03
-1.355311088263988495e-02
-1.195853389799594879e-02
-1.422224100679158991e-02
2.890878170728683819e-02
-4.421647265553473732e-02
-1.239677332341670990e-02
1.764652505517005920e-02
-6.767332553863525391e-02
-1.942312531173228871e-02
-5.146330222487449646e-03
-3.863231092691422203e-02
-3.379421681165695190e-02
1.032489072531461542e-02
6.904789805412292480e-02
2.983314543962478291e-02
-1.033184770494699478e-02
2.700577303767204285e-02
5.074872076511383057e-02
3.807043284177780151e-02
-3.054517135024070740e-02
2.081516198813915600e-02
2.359810518100857301e-03
3.401205316185951233e-02
-1.106198411434888666e-02
2.503007277846336365e-02
-1.204940211027860641e-02
-1.020990239339880645e-04
-2.556138671934604645e-02
-6.884147878736257553e-03
-5.778265744447707436e-02
-2.579342573881148945e-02
7.849085959605871547e-04
-7.903080433607101440e-03
-4.064829647541046143e-02
5.346674472093582153e-03
-1.990505121648311962e-02
-2.114453911781311035e-02
2.446161117404699759e-03
-1.744998432695865631e-02
3.466107323765754700e-02
3.748053312301636436e-02
-1.519305864349007390e-03
-3.035148233175277363e-02
-6.213829852640628815e-03
-2.841502800583839417e-02
-9.623426944017408544e-03
-2.272573765367269082e-03
-3.368524834513663552e-02
1.008698716759681528e-02
1.840918906964361234e-03
-7.701909542083740234e-02
-3.090582415461539875e-02
-5.369849503040313721e-03
1.582172466441989162e-03
-2.961996942758560181e-03
1.194327045232057571e-02
-2.558033354580402374e-02
-1.998911239206790924e-02
3.400953114032744667e-02
-3.555043786764144897e-02
-7.005361467599868774e-02
-3.689800202846527100e-02
7.614459842443465319e-03
-1.569195650517940174e-02
-2.631576359272003174e-02
4.407425224781037071e-02
3.723385185003280640e-02
2.204519696533679962e-02
-1.489466894418001175e-02
-3.947482258081436157e-02
5.809310823678970337e-03
-4.690318182110785744e-02
-1.705834455788135529e-02
-2.017260296270251708e-03
-4.097489267587661743e-02
-7.104874122887849808e-03
8.034171536564826965e-03
9.690589271485805511e-03
2.581837959587574005e-02
8.702279999852180481e-03
-1.081755477935075760e-02
-3.866006806492805481e-02
-3.167797625064849854e-02
-1.542400848120450974e-02
-3.526082029566168785e-03
-1.121975388377904892e-02
-9.711509570479393005e-03
-1.825809665024280201e-02
1.361841615289449518e-02
-1.121409796178340738e-02
1.525577344000339682e-02
-2.308393828570842743e-02
1.730032078921794891e-02
2.462893165647983898e-02
3.736934624612331390e-03
-2.860349044203758240e-02
-1.246313471347093582e-02
-7.290033251047134399e-02
-3.585825487971306541e-02
-1.028365176171064377e-02
-4.342544078826903603e-02
-4.770852625370025635e-02
-1.531696598976850336e-02
-7.300686556845903397e-03
2.917847363278269334e-03
2.823365479707718242e-02
2.981752157211303711e-02
-6.078708101995289326e-04
8.360762149095533544e-03
3.395041450858116150e-03
-2.311966009438038219e-02
-1.584599539637565613e-02
-7.905263337306677211e-04
-8.647816255688667297e-03
2.421231381595134735e-02
5.524400155991315842e-03
3.581730881705879731e-03
-4.404573887586593628e-02
-1.107183005660772324e-02
9.236009791493415833e-03
2.440206892788410187e-02
-4.802186973392963409e-03
1.384185533970594406e-02
-7.231820840388535586e-03
-3.007194772362708698e-02
1.489877235144376928e-02
9.619923308491708583e-03
4.932047054171562195e-02
1.182700414210557938e-02
-1.625067437998950481e-03
-3.271591558586806059e-04
1.505752652883529663e-02
-2.675268985331058502e-02
3.814973682165146568e-02
1.077492441982030695e-02
-3.746970556676388221e-03
-1.714221085421741009e-03
-2.467250917106867270e-03
2.074250514851883054e-04
-1.248937658965587616e-02
4.194659180939197540e-03
-1.852216757833957672e-02
-2.366108633577823986e-02
-2.041200548410415996e-02
-1.005423814058303833e-02
-1.711743324995040894e-02
-2.056158706545829773e-02
2.314117969945073128e-03
7.107613235712051392e-02
4.587349295616149902e-02
2.672977931797504425e-02
-2.696238085627555847e-02
-1.497760135680437261e-02
9.058159193955362927e-04
-1.241263234987855174e-03
-1.281379954889416695e-03
-2.676678355783223672e-03
2.033518441021442413e-02
-2.180221676826476704e-02
-1.288719568401575089e-02
1.577076502144337047e-02
2.747633680701255798e-02
3.095465898513793598e-02
2.168050967156886707e-02
-1.705944538116455078e-02
5.129769910126925382e-03
7.635281234979629517e-02
2.291437797248363842e-02
-6.249158084392547607e-02
-4.661161825060845115e-02
5.193178728222846985e-02
-6.637231912463903427e-03
-7.522121816873550415e-02
-1.272163260728120804e-02
4.493264853954315186e-02
6.021002773195504275e-03
-4.480158537626266479e-02
2.022401802241802563e-02
-3.053469769656658173e-02
3.617711737751961448e-02
-1.703917235136031758e-02
-3.709769248962401650e-02
-6.392834708094596863e-03
1.838203705847263683e-02
2.020010026171803474e-03
2.938690409064293255e-02
-1.737317256629467010e-02
6.764823570847511292e-03
-1.009907922707498074e-03
2.758087590336799969e-02
-3.992578014731407166e-02
-2.113854512572288513e-02
-2.892431989312171936e-02
2.474049571901560263e-03
3.450686112046241760e-02
9.442035108804704494e-03
-1.781214261427521489e-03
4.001456254627556151e-04
7.161274086683989439e-03
1.040944736450910568e-02
1.197199057787656958e-02
-3.932786732912063599e-02
-4.277286678552628257e-02
-1.746138371527194977e-02
1.483306102454662496e-02
2.745717205107211720e-02
2.263212762773036957e-02
-1.081226207315921957e-02
-7.749668788164854917e-03
5.785841494798660278e-03
4.822191596031188965e-02
-2.146812528371810913e-02
-3.063037805259228100e-02
5.108257755637168884e-03
-1.748418994247913361e-02
-5.511627998203039169e-03
-8.460395969450473785e-03
-3.295036777853966453e-02
3.967690840363503196e-02
-3.101558657363057137e-03
3.537342324852943420e-02
1.060875016264617443e-03
-3.238446312025188966e-03
-1.944397948682308197e-02
2.912607416510581970e-02
3.214493161067366600e-03
3.849782422184943459e-02
-2.314607845619321303e-03
3.056729026138782501e-02
-2.561447769403457642e-02
1.456809882074594324e-02
7.473242003470659256e-03
1.072417479008436420e-03
-6.087675690650939941e-02
-1.091964095830917358e-01
-1.919505372643470764e-02
-4.646694660186768272e-02
2.815040014684200634e-02
-2.898450568318367004e-02
-5.945949349552392960e-03
-2.455233596265316010e-02
1.847281865775584828e-02
-1.140354480594396591e-02
1.365147437900304794e-02
-1.969747990369796753e-02
1.131202559918165207e-02
-1.866530999541282654e-02
-5.095359520055353642e-04
-3.392800316214561462e-02
-1.679464243352413177e-02
-1.634239964187145233e-02
5.215905234217643738e-02
-1.288096769712865353e-03
-2.348246052861213684e-03
-1.431727316230535681e-02
2.668220549821853638e-02
3.026258572936058044e-02
-1.309933606535196478e-02
-9.327001124620437622e-02
-2.522165887057780873e-02
-1.310084201395511627e-02
4.121879860758780739e-02
-8.986845612525939941e-03
-1.807816443033516407e-03
-1.385320909321307919e-03
-1.923313364386558533e-02
1.106134243309497833e-02
3.058150969445705067e-02
-3.787738084793091514e-02
-2.467736601829528809e-02
2.281978353857994080e-02
1.317980233579874039e-02
-1.803536899387836109e-02
-1.434081234037875956e-02
5.072939675301313400e-03
-3.074067644774913788e-02
-3.897924674674868584e-03
-1.131511386483907700e-02
1.238938886672258377e-02
-2.569658448919653893e-03
2.459873794578016346e-04
-7.704039104282855988e-03
-3.836779668927193382e-02
-1.723043993115425110e-02
2.928821183741092335e-02
-2.335538342595100403e-02
6.487890495918691158e-04
2.860987186431885113e-02
1.569312252104282379e-02
-3.350831568241119385e-02
-1.109790708869695663e-02
-2.642898354679346085e-03
-2.219279482960700989e-02
1.497496943920850927e-02
-3.224752098321914673e-02
3.239300847053527832e-02
2.182956598699093212e-02
-1.392097398638725107e-02
-3.784515708684921265e-02
-4.097399488091468811e-02
9.499198757112026215e-03
5.069646611809730530e-02
1.398277468979358673e-02
-1.265777926892042160e-02
3.050383925437927593e-02
-2.722411183640360832e-03
2.887396328151226391e-02
-3.224164480343461037e-03
7.922700606286525726e-03
-2.666359394788741718e-02
7.559945341199634725e-03
-8.319042623043058568e-03
3.754576668143271706e-02
1.018052268773317164e-02
-1.199052017182111567e-02
-5.249960348010063171e-03
-4.039929807186126709e-02
-6.355106085538864136e-02
1.494663860648870295e-02
-3.272652975283563137e-05
2.111221291124821056e-02
1.372317317873239517e-02
-5.281550809741020203e-03
-1.107907667756080627e-02
-1.591007574461400509e-03
2.863261103630066265e-02
1.027814671397209167e-02
7.737175095826387405e-03
-1.460177171975374048e-02
-2.546443231403828014e-02
-2.882015705108642578e-02
-8.243014104664325714e-03
1.785231754183769226e-02
-4.688938613981009397e-03
-6.541315000504254427e-03
5.583584308624267578e-03
-3.709449619054793618e-02
4.792344770976342261e-05
-1.488244161009788513e-02
-2.179245930165052414e-03
-1.416772603988647461e-02
-5.622012168169021606e-02
-1.107911765575409109e-02
-1.064327359199524099e-02
-2.096181502565741539e-03
1.924991235136985779e-02
-2.563830465078354229e-02
-3.729238873347640038e-03
-5.331510212272406492e-03
3.610491380095481873e-02
-3.819280490279198387e-02
-4.467303864657878876e-03
5.017875228077172366e-03
2.133213356137276043e-02
1.041724346578121185e-02
3.157129883766173623e-02
-4.644900932908058167e-02
-4.809225909411907196e-03
1.387054473161697388e-02
2.502768533304333687e-03
4.684829618781805038e-03
1.385171059519052332e-02
-2.718556299805640827e-02
-4.325451329350471497e-03
-2.061671018600464214e-02
-5.839567631483077309e-02
-1.519417017698288137e-02
2.842425554990768086e-02
-3.028172254562378277e-02
1.911626756191253662e-02
-4.742428287863731384e-02
-4.488188028335571289e-02
2.155434712767601013e-02
-2.264116704463958740e-02
-2.013291791081428528e-02
-2.066641114652156830e-02
-8.708303794264793396e-03
-2.471864409744739532e-02
-1.535413600504398519e-02
-5.527891218662261963e-02
-2.510173991322517048e-02
2.534809894859790802e-02
1.117568835616111929e-02
7.513043470680713654e-03
-6.854911800473929319e-03
-2.548013068735599518e-02
-8.027100120671092380e-04
2.278981916606426239e-02
1.415337668731808879e-03
7.578970980830491673e-04
-2.411895990371704102e-02
-3.057686798274516712e-02
1.022867951542139053e-02
-2.850712835788726807e-02
2.247817581519484520e-03
-6.624504923820495605e-02
-2.229369617998600006e-02
-2.628699690103530884e-02
1.219155732542276599e-03
2.753715030848979950e-02
-1.062060613185167139e-02
-1.183138322085141962e-02
2.493915520608425140e-02
-2.213904261589050293e-02
4.762799944728612900e-03
-4.724932368844747543e-03
-2.486742846667766224e-02
-1.497560553252696817e-02
2.090034075081348419e-02
-2.181142801418900490e-03
2.262115292251110077e-02
-3.366305306553840637e-02
1.744215004146099091e-02
-2.713531441986560822e-02
-8.387760259211061650e-03
5.372559651732444763e-02
5.009022355079651573e-02
4.122421145439147949e-03
1.650952920317649841e-02
5.599108058959245682e-03
-1.698129624128341675e-02
-5.493450164794921875e-02
7.673508487641811371e-03
-1.231023576110601425e-02
2.714151050895452499e-03
2.244680002331733704e-02
1.389281079173087900e-02
2.151356078684329987e-02
4.185841977596282959e-02
2.685308572836220264e-04
-4.899580497294664383e-03
1.819645799696445465e-02
-4.463948681950568459e-02
-1.237903721630573099e-02
8.683207444846630096e-03
5.544062238186597824e-03
-7.850836962461471558e-03
2.156718820333480835e-02
-4.217745270580053329e-03
2.519569918513298035e-02
3.513441234827041626e-02
2.656165324151515961e-02
9.728901088237762451e-03
7.583498954772949219e-02
7.498257607221602006e-02
-9.769216179847715550e-03
2.047575078904628754e-03
-4.112358763813972473e-02
-3.068461269140243877e-02
1.199837960302829569e-02
3.626450523734093406e-02
-5.803072825074195862e-03
1.708028838038444519e-02
-5.196135863661766052e-02
1.629487611353397369e-02
-1.844252832233905792e-02
6.708789733238517154e-04
1.800020039081573833e-02
-3.744937852025032043e-02
2.946506813168525696e-02
-3.531036525964736938e-02
2.686582691967487335e-02
2.670724876224994659e-02
-1.668140664696693420e-02
1.880347914993762970e-02
2.562254481017589569e-02
8.570327423512935638e-03
4.398429021239281395e-02
-3.324021771550177834e-02
-7.820259779691696167e-03
-3.058930113911628723e-02
2.453551627695560455e-02
-2.382040023803710938e-02
-2.809228899423032999e-04
-1.752042211592197418e-02
-1.527488511055708105e-02
3.225560858845711448e-02
-1.464616972953081304e-02
-3.483705222606658936e-02
2.047711052000522614e-02
-1.637796871364117016e-02
3.441139310598373413e-02
6.300609093159436312e-03
1.333334855735301971e-02
-2.063017338514328003e-02
-1.674831286072731018e-02
1.814332976937294006e-02
-3.056590678170323372e-03
6.402442231774330139e-04
4.136310890316963196e-03
1.364362193271517754e-03
2.638274431228637348e-02
2.958096191287040710e-02
5.218836478888989362e-03
3.896137233823538260e-03
5.617233924567699432e-03
1.817225478589534760e-02
-2.587358281016349792e-02
-1.644576899707317352e-02
-2.095386944711208344e-02
4.900690633803606033e-03
-2.709598094224929810e-02
-4.620181396603583596e-02
3.559832926839589639e-03
2.151279523968696941e-02
-4.814690724015236595e-02
7.011928129941225052e-03
-2.338181436061859131e-02
-6.390766706317663193e-03
1.008745934814214880e-02
3.728614747524262168e-02
-1.833427138626575470e-02
-4.843999166041613492e-03
2.924968861043452523e-02
-1.896182261407375683e-02
-1.108572166413068771e-02
1.138492766767740076e-02
-8.875723928213119507e-03
-2.226027287542819977e-02
2.393432147800922394e-02
9.660373441874979192e-03
1.658576168119907379e-02
2.889700466766953035e-03
8.685074746608734131e-03
1.548633724451065063e-02
2.300027757883071899e-02
-2.189447637647390799e-03
-2.045141346752643932e-02
-5.650484189391136169e-02
1.003432087600231171e-03
3.611300780903548544e-04
-6.798550486564636230e-03
1.832563430070876728e-02
-6.268378347158432007e-03
3.546860069036483765e-02
-2.821919508278369904e-02
-8.248779922723770142e-03
1.426272839307785034e-02
-1.271807495504617691e-02
8.194804191589355469e-03
-8.265410363674163818e-02
-1.741721667349338531e-02
-2.159816771745681416e-02
-3.201040625572205284e-02
4.230826720595359802e-02
3.436049818992614746e-02
3.622726723551750183e-02
1.466042455285787582e-02
-1.093743462115526199e-02
-4.357921704649925232e-02
-6.709084659814834595e-02
5.839004646986722946e-03
-1.854886673390865326e-02
-2.974140085279941906e-02
7.506673689931631088e-03
-5.086592864245175448e-03
-2.991592697799205780e-02
-2.995700575411320080e-02
-2.992654219269752502e-03
2.177213877439498901e-02
1.954573765397071838e-02
1.908079907298088074e-02
-3.361872956156730652e-02
-1.998395100235939026e-02
-3.022744134068488728e-02
1.414696779102086847e-02
-2.671633474528789173e-02
5.438740365207195282e-03
-2.012857981026172985e-02
-3.972877562046051025e-02
3.166316822171211243e-02
-2.236312441527843822e-02
7.511069532483815279e-03
-1.684645935893058777e-02
-1.234399247914552862e-02
-1.021011453121900558e-02
3.083790838718414307e-02
-3.721841424703598022e-02
1.026753522455692291e-02
-3.152097342535852844e-04
-6.017838604748249054e-03
4.651348572224378586e-03
1.381912385113537312e-03
1.093122735619544983e-02
-3.968095779418945312e-02
2.725367248058319092e-02
-4.547086544334889326e-03
-1.248117885552346706e-03
2.020678482949733734e-02
-3.686491400003432794e-03
-1.738101989030838013e-02
4.977822769433259964e-03
3.646657988429069519e-02
3.000362962484360088e-02
-5.574107635766267776e-03
2.926418790593743324e-03
-2.789974957704544067e-02
-2.486152574419975628e-02
-4.440842196345328591e-02
-3.327021608129144149e-03
-1.249547675251960754e-02
-4.635698348283768394e-02
4.701841995120048523e-02
1.200834102928638458e-02
2.427434921264648438e-02
-4.006223287433385849e-03
-1.887191087007522583e-02
-1.432778406888246189e-02
5.705138295888901451e-02
2.117703668773174286e-02
5.792296025902032852e-03
5.336553603410721519e-02
4.600385203957558372e-02
-4.701360128819943342e-03
2.683235704898834229e-02
4.698835313320159912e-02
-8.308550342917442322e-03
-2.435626834630966187e-02
1.089495234191417694e-02
4.120925068855285645e-02
8.178343996405601501e-03
3.394211828708648682e-02
6.075366213917732239e-02
6.177782639861107566e-02
1.483755931258201599e-02
4.537263885140419006e-02
3.411199152469635010e-02
3.510754182934761047e-02
5.898586008697747317e-03
2.492284215986728668e-02
1.820033788681030273e-02
-3.447785857133567333e-04
3.545875474810600281e-02
6.014136597514152527e-02
3.980103507637977600e-02
-1.396397035568952734e-02
4.774913191795348427e-02
6.680132448673246903e-02
3.258018288761376901e-03
1.773435808718204498e-02
1.979338005185127605e-02
4.901919141411781311e-02
-1.092032529413700104e-03
5.652573704719543457e-02
7.947631180286407471e-02
-1.729088462889194489e-02
-1.167487539350986481e-02
-6.406846921890974045e-03
-3.058261051774024963e-02
-1.735544204711914062e-02
7.218965794891119003e-03
-1.385906618088483810e-02
-8.578751981258392334e-02
-7.884058356285095215e-02
-4.597799852490425110e-02
-1.605706405825913169e-03
-1.542349345982074738e-02
1.247035432606935675e-02
3.742800280451775291e-02
-6.288578268140553561e-03
-2.720781601965427399e-02
-2.258668886497617202e-03
-6.102943420410156250e-02
-8.780015050433576107e-04
-2.733374573290348053e-02
-6.658460944890975952e-02
-9.992368519306184249e-02
5.492952186614274979e-03
5.751493945717812278e-02
9.311062749475240707e-04
-1.572401728481054523e-03
-6.572312861680983109e-02
1.536213327199221004e-02
4.119854047894477844e-02
5.398419685661792755e-03
1.576158218085765839e-02
2.510026469826698303e-02
3.752554208040236733e-02
-8.673442527651786804e-03
-7.783032953739165392e-03
6.097515113651753339e-03
-3.074013255536556244e-02
7.856929302215576172e-02
4.779598861932754517e-02
-1.268763095140457153e-01
-4.992190748453140259e-02
-1.891794055700301777e-02
-1.041250489652156830e-02
8.850454539060592651e-02
-2.928143600001930757e-03
-1.454799156635999680e-02
9.457699023187158757e-03
2.247463352978229176e-02
-1.777665875852108002e-02
6.791209429502487183e-02
3.363170102238655090e-02
2.488799951970576893e-02
-7.593125849962233109e-02
-4.983850196003913879e-02
-2.626958116888999939e-02
-2.342889457941055645e-02
-3.658111020922661522e-02
-3.240451961755752563e-02
-4.230546182952821255e-04
-9.932128340005876022e-02
-6.385439634323120117e-02
-1.986095495522022594e-02
1.938461884856224060e-02
-1.978595554828644146e-02
4.091737791895865852e-04
-2.245110832154750824e-02
-9.435790777206419511e-02
2.102031745016574860e-02
1.246012095361948013e-02
3.205677727237344222e-03
1.946042478084564209e-02
-2.717108093202114105e-02
1.431110501289367502e-02
-1.512783393263816833e-02
2.883153408765793194e-02
2.229108475148677479e-02
-3.953997418284416199e-02
-1.264928933233022863e-02
-3.856569528579711914e-03
5.875649861991406354e-03
-9.013517200946807861e-02
-3.253645449876785278e-02
-4.236536845564841530e-02
8.064419031143186742e-03
2.644582279026508331e-02
-8.440257608890532059e-02
-3.782136365771293640e-02
-3.080352954566478729e-02
-4.957801476120948792e-02
-1.743104425258934498e-03
1.633692765608430126e-03
2.266623079776763916e-02
2.623058855533600200e-02
-1.452127378433942795e-02
-5.492318421602249146e-03
5.863176193088293076e-03
4.388963803648948669e-02
6.528187543153762817e-02
9.890704415738584346e-03
-1.681555993854999542e-02
-8.704941719770431519e-03
5.012136325240135193e-02
8.363950066268444061e-03
1.376837957650423050e-02
-3.772999718785285950e-02
-1.586371101438999176e-02
-2.456526085734367371e-02
-1.009255871176719666e-01
-4.123668000102043152e-02
-1.968847960233688354e-02
-2.073328942060470234e-02
2.676214789971708818e-03
6.715369876474142075e-03
3.292371332645416260e-02
-3.372700884938240051e-02
-3.246955946087837219e-02
-2.680303528904914856e-02
-6.269896030426025391e-02
1.529049128293991262e-02
-2.986010164022445245e-03
4.958699457347393036e-03
4.046201333403586647e-02
-5.669239535927772522e-02
-1.390706095844507217e-02
-5.601491779088973999e-02
1.539147342555224895e-03
-3.508021309971809387e-02
5.521673709154129028e-02
-4.187414888292551041e-03
1.301614195108413523e-02
-1.112578660249709944e-01
-6.165809929370880127e-02
4.484823718667030334e-02
2.860197238624096264e-02
8.619494736194610596e-02
-5.878936499357224378e-03
-9.228074923157691956e-03
-3.377452865242958069e-02
-1.727633178234100342e-02
-1.026158407330513000e-02
4.970320314168930054e-02
4.348186030983924866e-02
5.508105084300041199e-02
2.428566478192806244e-02
-4.749023541808128357e-02
-3.534275293350219727e-02
-1.350069604814052582e-02
1.990034990012645721e-02
1.239631604403257370e-02
-3.163022920489310785e-03
-1.478824391961097544e-02
5.645486339926719666e-02
6.428334116935729980e-02
