-8.074036598205566406e+00
-8.336183547973632812e+00
-1.054138088226318359e+01
-8.676712036132812500e+00
-6.394099712371826172e+00
-6.978682041168212891e+00
-6.296662330627441406e+00
-4.192605972290038174e+00
-4.639006614685058594e+00
-4.768436431884766513e+00
-4.290491580963134766e+00
-4.788463592529296875e+00
-8.835848808288574219e+00
-1.054568481445312322e+01
-7.669009685516357422e+00
-8.490581512451173651e+00
-5.019450187683105469e+00
-3.550207138061523438e+00
-2.247677326202392578e+00
1.882687807083129661e+00
-1.928145408630370872e+00
3.488299131393432617e+00
7.583429336547852451e+00
3.721194267272948775e+00
-5.524653911590576172e+00
-2.147780227661132812e+01
-3.204645538330078125e+01
-3.838253784179688211e+01
-3.408757400512694602e+01
-2.512384796142578125e+01
-1.684762763977050781e+01
-5.365750789642333984e+00
8.818749427795410156e+00
2.074172019958496094e+01
2.739033889770507812e+01
2.852323341369628906e+01
2.684276962280273082e+01
2.419529342651367188e+01
1.731306838989257812e+01
8.497840881347656250e+00
2.870492935180663618e+00
1.844280362129211648e+00
3.723950862884521484e+00
1.160906887054443537e+01
1.977992630004882812e+01
2.395035743713378906e+01
2.780702590942382812e+01
2.852762794494628906e+01
2.683909225463867188e+01
2.334950828552246094e+01
1.929263305664062500e+01
1.685449790954590199e+01
1.514623641967773438e+01
1.453827095031738459e+01
1.702456474304199219e+01
1.849260711669921875e+01
1.981864929199218750e+01
1.980131340026855469e+01
1.875448989868164062e+01
1.707883262634277344e+01
1.321058559417724432e+01
1.043040657043457031e+01
8.193480491638183594e+00
5.306771755218505859e+00
5.695276737213134766e+00
6.201529026031494141e+00
6.445826530456542969e+00
6.981105327606201172e+00
6.204918384552002841e+00
5.634106159210205078e+00
5.145026206970214844e+00
4.714856147766113281e+00
2.985234022140502930e+00
2.640413284301758257e+00
5.322271585464477539e-01
-3.258294582366943803e+00
-2.928011894226073775e+00
-3.281374454498291016e+00
-3.583721876144408736e+00
-4.225711345672606534e+00
-4.733022689819335938e+00
-5.870429515838622159e+00
-5.775913715362548828e+00
-7.363355159759521484e+00
-6.532221317291259766e+00
-7.829279422760009766e+00
-5.788088321685791016e+00
-5.779368877410888672e+00
-8.683778762817382812e+00
-9.239795684814453125e+00
-9.710390090942382812e+00
-8.823682785034179688e+00
-1.043499755859375000e+01
-7.778501987457275391e+00
-6.622322082519531250e+00
-8.961508750915527344e+00
-9.753683090209960938e+00
-1.384228038787841797e+01
-1.513730716705322443e+01
-1.509273052215576172e+01
-1.287073135375976562e+01
-1.198797035217285156e+01
-9.644470214843750000e+00
-6.660881996154785156e+00
-6.317671298980712891e+00
-8.573092460632324219e+00
-9.002002716064453125e+00
-8.984132766723632812e+00
-1.051542854309082031e+01
-1.034260177612304688e+01
-1.010399055480957031e+01
-8.405650138854980469e+00
-6.855682373046875000e+00
-5.195419788360596591e+00
-3.126225233078002930e+00
-1.667004466056823508e+00
-3.856396436691283736e+00
-2.852442026138305664e+00
-4.021901130676269531e+00
-4.192442417144774502e+00
-1.982836723327636719e+00
-3.340700387954711914e+00
-1.767020940780639648e+00
-1.496418833732604980e+00
-2.839435815811156782e+00
-1.719720482826233132e+00
-4.793464541435242254e-01
-9.061157107353209339e-01
-9.679790586233140426e-02
-4.881522059440612793e-01
1.791652560234069824e+00
-1.823064535856246948e-01
8.474668264389038086e-01
6.007372140884399414e-01
2.158409595489501953e+00
2.235677480697631836e+00
5.174719333648681641e+00
6.445085048675537109e+00
5.269551753997802734e+00
4.794559478759766513e+00
2.636265993118286133e+00
1.942716598510742410e+00
7.075838744640350342e-02
7.808160781860351562e-01
5.167685747146606445e-01
1.938320636749268022e+00
2.575021028518676758e+00
4.919538974761962891e+00
5.557524681091308594e+00
5.218168258666992188e+00
4.512550830841064453e+00
3.843566417694091797e+00
2.673696279525756836e+00
2.987320184707641602e+00
3.606688737869263139e+00
3.440741062164306197e+00
2.962710857391357422e+00
2.597670078277587891e+00
2.866320848464966264e+00
2.578301668167114258e+00
2.037685632705688477e+00
2.582636356353760210e+00
1.969460129737854004e+00
3.227411985397338867e+00
2.594938516616821289e+00
2.152657985687255859e+00
1.096262574195861816e+00
5.019483566284179688e-01
-1.911613702774048074e+00
-1.906474709510803223e+00
-7.505254745483398438e-01
-4.496581554412841797e-01
6.927146315574645996e-01
8.227620124816894531e-01
5.261425673961640098e-02
8.291369676589965820e-02
1.504327535629272461e+00
2.312289714813232422e+00
2.078887701034545898e+00
8.467807769775390625e-01
-6.555538177490234375e-01
-3.250218152999877930e+00
-4.448979377746582031e+00
-2.886548280715942383e+00
-2.542009115219115767e+00
5.409780144691467285e-01
1.398147821426391602e+00
2.949866771697998047e+00
2.400390148162841797e+00
1.374547719955444336e+00
2.383465506136417042e-02
-3.660214662551879883e+00
-5.994725227355957031e+00
-5.471651077270507812e+00
-3.708062648773193803e+00
5.311139822006225586e-01
4.820414543151856357e+00
4.071160316467285156e+00
4.372535705566406250e+00
3.619125127792358398e+00
1.842196106910705566e+00
-1.389889001846313699e+00
-1.343607902526855691e+00
-9.064730405807496227e-01
-2.715219497680664062e+00
-1.072444394230842590e-01
2.663816213607788086e+00
4.698472023010253906e+00
2.920915842056274414e+00
6.868191242218017578e+00
7.879601478576660156e+00
6.520656585693358487e+00
2.989206075668334961e+00
-1.207263112068176492e+00
-4.533375263214111328e+00
-5.237326145172119141e+00
-4.019523143768311435e+00
-2.669233083724976030e+00
-3.590046167373656782e+00
-1.410701572895050049e-01
3.025194883346557617e+00
4.229176044464111328e+00
4.427989006042480469e+00
5.190947055816650391e+00
5.697484493255615234e+00
4.231716156005858487e+00
3.036166906356811523e+00
3.636448621749877930e+00
1.017436027526855691e+00
-4.298756122589111328e+00
-7.642626285552977627e+00
-6.847854614257812500e+00
1.685031652450561523e+00
1.179511451721191406e+01
1.722340011596679332e+01
2.028270721435546875e+01
1.793817520141601562e+01
1.126640129089355469e+01
3.731233775615692139e-01
-7.667932033538817471e+00
-1.385072994232177557e+01
-1.311717891693115234e+01
-5.810448646545410156e+00
4.175383567810058594e+00
1.139870834350585938e+01
1.315097427368164062e+01
1.142486667633056463e+01
3.893491983413695845e+00
-4.570520401000976562e+00
-9.485722541809082031e+00
-1.113756370544433594e+01
-9.419894218444824219e+00
-7.609812259674072266e+00
-2.286939382553100586e+00
3.798119783401488814e+00
7.759284496307372159e+00
9.258268356323242188e+00
5.986930370330810547e+00
-6.662780642509460449e-01
-7.525970458984375000e+00
-1.025536155700683594e+01
-9.066082000732421875e+00
-5.397607803344726562e+00
-9.829251766204833984e-01
2.567218065261840820e+00
4.325322628021240234e+00
4.443750381469726562e+00
1.157282352447509766e+00
-4.015050232410430908e-01
-1.673445224761963113e+00
3.718683421611785889e-01
1.918840765953063965e+00
5.970135211944580078e+00
6.804892063140869141e+00
3.749742507934569424e+00
-2.947556972503662109e+00
-7.812951564788817471e+00
-8.832933425903320312e+00
-8.445752143859861505e+00
-5.990535259246826172e+00
-4.257813453674316406e+00
-2.838385105133056641e+00
1.200743675231933594e+00
3.483335256576538086e+00
2.943423986434936523e+00
1.893603086471557617e+00
1.240360498428344727e+00
6.308357119560241699e-01
-1.253588795661926492e+00
-3.107427358627319780e+00
-3.474995851516724077e+00
-2.521375894546509233e+00
-1.497277617454528809e+00
-1.019882559776306152e+00
3.917135298252105713e-01
3.045219659805298296e+00
2.831214189529418945e+00
2.523230791091918945e+00
1.049802660942077637e+00
-1.275364995002746582e+00
-2.471609115600585938e+00
-5.581441402435302734e+00
-4.511384963989257812e+00
-6.931060552597045898e-01
2.349289178848266602e+00
3.607135295867919922e+00
2.005040168762206587e+00
-1.775759935379028320e+00
-7.564251899719237393e+00
-1.023873805999756037e+01
-6.519319534301757812e+00
-2.032490015029907227e+00
6.997379660606384277e-02
4.978832602500916082e-01
3.041413128376007080e-01
5.439382195472717285e-01
3.239663541316986084e-01
-8.183543086051940918e-01
-1.358298420906067117e+00
6.781867146492004395e-01
3.845282077789306197e+00
8.003182411193847656e+00
9.438197135925292969e+00
9.489734649658203125e+00
6.740386486053467685e+00
-7.725723981857299805e-01
-7.277039527893066406e+00
-1.024182224273681641e+01
-7.731411933898925781e+00
-4.123711585998535156e+00
-2.712390661239624023e+00
-7.966762185096740723e-01
9.673108458518981934e-01
2.953311204910278320e+00
2.581611871719360352e+00
2.530352592468261719e+00
2.924085140228271484e+00
3.842829704284667969e+00
5.000552654266356534e+00
5.181216716766356534e+00
9.670408248901367188e+00
1.320665264129638672e+01
1.310352706909179510e+01
1.099069499969482422e+01
6.698991775512695312e+00
-1.990935057401657104e-01
-4.943010807037353516e+00
-9.050421714782716620e+00
-7.323367595672607422e+00
-4.748889923095703125e+00
-7.093815207481384277e-01
2.728115081787109375e+00
5.234301090240479404e+00
6.915212154388427734e+00
4.568400382995605469e+00
-4.868045151233673096e-01
-6.189023494720458984e+00
-1.072271537780761719e+01
-1.150188255310058594e+01
-7.338910102844237393e+00
-6.714118719100952148e-01
6.554444313049316406e+00
1.132402801513672053e+01
1.280768871307373047e+01
9.554574012756347656e+00
5.413220882415772373e+00
-7.243878841400146484e-01
-5.225009918212891513e+00
-9.640284538269042969e+00
-1.135486698150634766e+01
-1.200234699249267578e+01
-9.037619590759275567e+00
-3.985647201538086382e+00
2.843088626861572266e+00
7.151713848114013672e+00
7.347347259521483487e+00
3.553657054901123047e+00
-2.405807256698608398e+00
-6.804765224456787109e+00
-8.976494789123535156e+00
-8.041114807128906250e+00
-8.278808593750000000e-01
1.061377906799316406e+01
2.040200996398925426e+01
2.302650833129882812e+01
2.171011161804199219e+01
1.440710926055908203e+01
3.938209295272826704e+00
-7.655183792114257812e+00
-1.442598724365234553e+01
-1.660897827148437500e+01
-1.224151897430419922e+01
-5.069613456726074219e+00
1.691371321678161621e+00
8.004542350769042969e+00
8.068678855895996094e+00
2.169367313385009766e+00
-6.593060493469237393e+00
-1.574306106567382812e+01
-2.178679847717285156e+01
-2.510723876953125000e+01
-2.049751091003417969e+01
-1.511048412322998047e+01
-9.108718872070312500e+00
-1.586274862289428711e+00
5.397071361541748047e+00
9.938272476196287286e+00
1.080135917663574219e+01
4.924439907073974609e+00
-3.985730171203612837e+00
-1.375762271881103516e+01
-1.894661712646484375e+01
-2.173265457153320312e+01
-2.095061683654785156e+01
-1.843077278137207031e+01
-1.215617847442626953e+01
-2.814758777618408203e+00
6.275559902191162109e+00
1.066883754730224609e+01
9.476536750793457031e+00
6.796607017517089844e+00
1.197945952415466309e+00
-3.733822822570801225e+00
-6.209226131439208984e+00
-6.995339870452880859e+00
-7.208942413330077237e+00
-5.207962512969971591e+00
-1.709857225418090820e+00
-6.193768233060837486e-02
1.531731247901916504e+00
5.459166169166564941e-01
5.625029802322387695e-01
-2.327500343322753906e+00
-2.244651317596435547e+00
-1.103408813476562500e+00
3.294588327407836914e+00
1.339908218383789062e+01
1.766180038452148438e+01
1.630062294006347301e+01
1.330309104919433594e+01
8.161701202392576349e+00
6.185226917266846591e+00
5.311678409576416016e+00
5.056561470031738281e+00
5.787024021148682529e+00
1.082278347015380682e+01
1.802895545959472656e+01
2.189474678039550781e+01
2.031907272338867188e+01
1.705753135681152699e+01
1.482670688629150568e+01
1.332637882232666016e+01
9.905214309692382812e+00
1.293654060363769531e+01
1.283513450622558594e+01
1.547851943969726562e+01
1.660807418823242188e+01
1.616392707824707031e+01
1.326118469238281250e+01
1.025010967254638672e+01
7.048216342926025391e+00
5.822958946228027344e+00
6.627615451812744141e+00
6.745690345764160156e+00
1.012386894226074219e+01
1.446420860290527344e+01
1.565198516845703303e+01
9.119748115539550781e+00
-6.187938451766967773e-01
-7.605353832244872159e+00
-1.242305469512939453e+01
-1.463843154907226562e+01
-1.255612087249756037e+01
-5.011833667755126953e+00
3.081078529357910156e+00
6.127910137176513672e+00
3.393391609191894531e+00
-1.279427289962768555e+00
-6.644531726837157315e+00
-1.277262210845947266e+01
-1.533603096008300781e+01
-1.438286209106445312e+01
-1.344587230682373047e+01
-1.185356330871582031e+01
-1.319471454620361328e+01
-1.594833946228027344e+01
-1.439198398590088068e+01
-1.338861465454101562e+01
-1.297201538085937500e+01
-1.433680248260498047e+01
-1.182745265960693537e+01
-8.957770347595214844e+00
-7.543345451354979581e+00
-9.117836952209472656e+00
-1.068199253082275391e+01
-1.232239246368408203e+01
-9.501316070556640625e+00
-4.663447856903076172e+00
3.271076455712318420e-02
-1.142171382904052734e+00
1.355085730552673118e+00
2.800208330154418945e+00
2.922416448593140093e+00
2.017757415771484375e+00
5.747489333152770996e-01
1.737694621086120605e+00
3.882626056671143022e+00
4.489017009735106534e+00
4.517643451690673828e+00
5.622497558593750000e+00
5.431950569152832031e+00
2.298963785171509233e+00
-3.032281398773193359e+00
-8.291908264160156250e+00
-1.427755546569824219e+01
-1.280352306365966797e+01
-1.227176094055175781e+01
-8.810629844665527344e+00
-5.579611301422119141e+00
-2.539357900619506836e+00
2.043939113616943803e+00
3.441116809844970703e+00
9.418075680732728161e-01
-4.282810688018798828e+00
-1.036806106567382812e+01
-1.679005050659179332e+01
-2.042955017089844105e+01
-1.697130775451659801e+01
-1.011377716064453303e+01
-3.545205354690552202e+00
1.427468776702880859e+00
-1.031356930732727051e+00
-3.860090017318725586e+00
-9.273718833923339844e+00
-1.502146530151367188e+01
-1.736994934082031250e+01
-1.252708339691161932e+01
-5.979687213897705078e+00
3.369644403457641602e+00
1.123757457733154297e+01
1.761317825317382812e+01
1.939601325988769176e+01
1.773005104064941406e+01
1.534698104858398438e+01
1.062130451202392578e+01
3.598452568054198775e+00
8.365718722343444824e-01
8.403094410896301270e-01
4.437140941619873047e+00
7.453881740570067471e+00
1.038217353820800781e+01
1.069818019866943359e+01
7.172647476196289062e+00
5.184598922729492188e+00
-6.497125029563903809e-01
-4.902461528778076172e+00
-5.068727970123291016e+00
-4.317099571228026456e+00
-8.564452528953552246e-01
2.017829418182373047e+00
3.460681438446044922e+00
2.023003101348876953e+00
2.027148008346557617e+00
-5.810761451721191406e-01
-1.459620833396911621e+00
-1.513673424720764160e+00
9.101269245147703968e-01
3.506199836730957031e+00
2.820117950439453125e+00
-7.493152022361755371e-01
-3.580864906311035156e+00
-8.484178543090820312e+00
-1.095886039733886719e+01
-1.088348484039306641e+01
-9.198716163635253906e+00
-3.273253679275512695e+00
6.712866783142089844e+00
1.049570846557617188e+01
9.291821479797363281e+00
4.729824066162108487e+00
1.774242669343948364e-01
-1.954760193824768066e+00
-8.333384990692138672e-01
-1.932030558586120828e+00
-5.997824668884277344e+00
-7.524988174438477451e+00
-5.420023441314697266e+00
9.547474384307860218e-01
2.221880197525024414e+00
2.813868999481201172e+00
2.278498411178588867e+00
4.356088936328887939e-01
-2.988027572631836382e+00
-5.863493442535400391e+00
-6.960494995117188388e+00
-6.377853870391846591e+00
-1.884344696998595969e+00
3.043151855468750000e+00
2.775287151336669922e+00
4.055083394050598145e-01
-1.692512869834899902e+00
-2.874079048633575439e-01
3.041484117507934570e+00
6.192597389221191406e+00
5.517644882202148438e+00
5.897716999053955078e+00
1.075232791900634766e+01
1.225107574462890447e+01
1.109123229980468750e+01
8.823233604431152344e+00
6.664278984069824219e+00
4.773311138153076172e+00
6.329339146614074707e-01
-2.163795232772826704e+00
-5.306158065795898438e+00
-4.318462848663330078e+00
-2.150537490844726562e+00
8.665517568588256836e-01
4.404195308685302734e+00
4.895944595336914062e+00
4.151775360107421875e+00
1.429887175559997559e+00
-1.802992701530456321e+00
-1.549566745758056641e+00
2.639792442321777344e+00
5.497691154479980469e+00
5.511772155761718750e+00
2.177916616201400757e-01
-6.361187458038330078e+00
-1.109920024871826172e+01
-1.223161983489990234e+01
-1.294711685180664062e+01
-1.077341842651367188e+01
-3.625890016555786133e+00
6.333164215087891513e+00
1.395826053619384766e+01
1.665504074096679332e+01
1.348052787780761541e+01
3.935581684112548828e+00
-4.167412757873535156e+00
-1.057195186614990234e+01
-1.349912357330322443e+01
-1.260259819030761541e+01
-5.766666889190673828e+00
2.185605913400650024e-01
4.894973278045653409e+00
7.393521308898925781e+00
4.763472557067871094e+00
-1.347348332405090332e+00
-7.873318195343017578e+00
-1.679678916931152699e+01
-2.517816543579101562e+01
-3.390579986572265625e+01
-3.746159744262695312e+01
-3.231410598754882812e+01
-1.950541687011718750e+01
-3.927073955535888672e+00
1.208705615997314453e+01
1.630024719238281250e+01
1.429784965515136719e+01
8.168417930603027344e+00
3.279866218566894531e+00
-4.520958960056304932e-01
4.028660297393798828e+00
1.448978996276855469e+01
2.582852935791015980e+01
3.593070983886718750e+01
4.414880752563477273e+01
4.194725799560546875e+01
3.106588363647460938e+01
2.326536369323730469e+01
1.639629554748534801e+01
4.883342266082763672e+00
-4.205220699310303623e+00
-8.798069000244140625e+00
-5.557168960571289062e+00
-1.103978395462035911e+00
3.734290838241576704e+00
1.148132705688476562e+01
1.527091598510742188e+01
1.548104858398437500e+01
1.088359260559082031e+01
7.862142562866210938e+00
1.687032699584960938e+00
-5.779142379760742188e+00
-1.520440959930419922e+01
-1.989453697204589844e+01
-1.449900531768798828e+01
-7.909119129180907315e+00
-4.309067249298096591e+00
-3.340849876403808594e+00
-3.159930944442748579e+00
-5.568182468414306641e+00
-9.674265861511230469e+00
-1.012586879730224609e+01
-2.649635374546051025e-01
1.134266567230224432e+01
1.876782417297363637e+01
2.155442428588867188e+01
1.205068016052246094e+01
6.197273731231689453e-01
-1.480029582977294922e+01
-2.452767562866210938e+01
-3.494729232788085938e+01
-3.737955856323242188e+01
-3.189699745178223012e+01
-1.820888519287109375e+01
-1.852013617753982544e-01
1.236204910278320490e+01
1.872651672363280895e+01
1.889033699035644531e+01
1.348468112945556463e+01
4.838493347167968750e+00
-6.112086772918701172e+00
-1.603643989562988637e+01
-1.822255134582519531e+01
-1.121848011016845703e+01
2.811581194400787354e-01
1.233238410949707031e+01
1.934103012084960938e+01
1.786663246154785156e+01
1.117179965972900391e+01
4.286749362945557196e-01
-1.356183815002441406e+01
-1.842457199096680043e+01
-1.780146789550781250e+01
-1.491756534576416016e+01
-1.038295269012451172e+01
-5.445644855499268466e+00
-1.977005720138549583e+00
-8.710381507873535156e+00
-1.817302131652832031e+01
-2.560128211975097656e+01
-3.393907546997069602e+01
-3.702155303955078125e+01
-2.719626808166503906e+01
-1.738793373107909801e+01
4.038075447082520419e+00
1.792662620544433594e+01
2.148817634582519531e+01
1.353834056854248047e+01
4.757279872894287109e+00
-9.133983612060546875e+00
-2.355892372131348012e+01
-3.140756034851074574e+01
-2.962513542175292969e+01
-1.646443557739257812e+01
-3.039109230041503906e+00
1.443676853179931463e+01
2.591183853149414062e+01
3.032290649414062500e+01
2.914567565917969105e+01
2.753037071228027344e+01
2.482526397705078125e+01
1.496437931060791016e+01
4.042141914367676669e+00
-3.894261598587036133e+00
-3.928284406661987305e+00
1.951537013053894043e+00
8.990735054016113281e+00
1.843231010437012074e+01
2.335106658935546875e+01
3.102188301086425426e+01
3.198748016357421875e+01
2.926904106140137074e+01
2.503853034973144531e+01
1.636885261535644531e+01
8.563551902770996094e+00
9.555413126945495605e-01
-2.002331733703613281e+00
-3.281302690505981001e+00
-1.612510442733764648e+00
-9.642457365989683948e-01
2.014375209808349609e+00
7.127694606781005859e+00
1.315400218963623047e+01
1.663171005249023438e+01
1.889929771423339844e+01
1.738099670410156250e+01
1.196870136260986506e+01
5.924692630767822266e+00
-2.151783943176269087e+00
-7.866292953491210938e+00
-1.043759346008300781e+01
-1.101527976989746094e+01
-5.414341926574707031e+00
-6.613692045211791992e-01
5.457700729370117188e+00
7.911797523498535156e+00
9.625504493713380683e+00
9.315744400024414062e+00
7.892397403717041016e+00
4.967094898223876953e+00
1.057524442672729492e+00
-4.213502407073975498e+00
-9.906469345092773438e+00
-1.593852710723876953e+01
-2.034524917602539062e+01
-2.313869094848632812e+01
-2.123610687255859375e+01
-1.760431671142578125e+01
-1.182387542724609553e+01
-4.122901439666748047e+00
2.730896949768066406e+00
4.802933692932128906e+00
3.735239267349243164e+00
-1.440749466419219971e-01
-4.138085365295410156e+00
-7.525304317474365234e+00
-1.083619880676269531e+01
-1.113181400299072443e+01
-5.145952701568604404e+00
4.676263630390167236e-01
5.721042633056641513e+00
5.469835758209228516e+00
3.868474721908568892e+00
1.251321673393249512e+00
-1.274794459342956321e+00
-5.120203018188476562e+00
-6.804249763488769531e+00
-7.308008670806884766e+00
-7.901381015777587891e+00
-8.195180892944335938e+00
-8.986509323120117188e+00
-9.073848724365234375e+00
-8.021503448486326349e+00
-3.655811548233031782e+00
1.871753692626952903e+00
4.715923786163330078e+00
4.230236530303955078e+00
5.076959609985351562e+00
4.389554500579833984e+00
1.000864744186401367e+00
-4.297305107116698331e+00
-1.199509716033935547e+01
-1.653944587707519531e+01
-2.084396934509277344e+01
-1.974149894714355469e+01
-1.605258750915527344e+01
-9.440854072570800781e+00
-6.523153781890869141e+00
-1.270407080650329590e+00
5.064387321472167969e+00
6.069108009338378906e+00
4.209970474243163174e+00
-2.035761117935180664e+00
-6.000572681427002841e+00
-6.673896789550781250e+00
-4.567376136779785156e+00
8.881463855504989624e-02
4.742782115936278409e+00
1.123894214630126953e+01
1.556923484802246094e+01
1.549735164642333984e+01
1.442086410522460938e+01
1.460006713867187500e+01
1.457297515869140447e+01
1.125518989562988281e+01
9.557785987854003906e+00
6.013844966888427734e+00
2.408342123031615767e+00
2.699221074581146240e-01
2.780979573726654053e-01
-1.247732400894165039e+00
-1.199455261230468750e+00
-4.331595301628112793e-01
-2.008662223815917969e-01
-1.118433356285095215e+00
-3.835129737854003906e+00
-6.278738021850585938e+00
-7.427824020385742188e+00
-4.450304031372070312e+00
-4.364447295665740967e-01
8.157316207885742188e+00
1.550177955627441406e+01
1.441476249694824219e+01
9.200301170349119317e+00
1.263377308845520020e+00
-4.929589271545410156e+00
-8.414660453796388495e+00
-6.772067070007324219e+00
-4.153196334838866299e+00
1.148655772209167703e+00
8.340670585632324219e+00
1.332426548004150568e+01
1.232603549957275568e+01
1.029430675506591797e+01
4.691249847412108487e+00
1.131434679031372070e+00
-2.460160732269287109e+00
-5.737590789794922763e+00
-4.628491401672363281e+00
-1.732434511184692383e+00
1.781037926673889160e+00
3.708312988281250000e+00
7.170056343078612393e+00
4.458255290985106534e+00
1.418920397758484109e+00
-6.202461123466491699e-01
-9.828629493713380016e-01
-5.906452536582946777e-01
-5.922564864158629261e-01
7.630850672721862793e-01
-1.521876454353332520e-01
-7.215790152549743652e-01
1.076071143150329590e+00
1.177027344703674316e+00
2.747199535369873047e+00
2.292573451995849609e+00
-2.674289941787720171e+00
-3.612112522125243697e+00
-4.552572727203369141e+00
-5.487432956695556641e+00
-4.926158905029296875e+00
-3.100650310516357422e+00
-5.892660617828369141e-01
1.616438269615173118e+00
5.671448707580566406e-01
6.880076527595520020e-01
-1.233897060155868530e-01
-6.757666468620300293e-01
1.352028548717498779e-01
1.929278373718261441e-01
4.104380011558533270e-01
2.263492643833160400e-01
-2.394583225250244141e+00
-2.313518285751342773e+00
-3.259512901306152344e+00
-1.827387571334838867e+00
1.652535349130630493e-01
-8.575749397277832031e-02
9.995082020759583630e-01
4.413025975227355957e-01
-1.085817217826843262e+00
-1.200069189071655273e+00
-1.199024438858032227e+00
-1.896217942237854004e+00
-1.007943630218506081e+00
-1.027131080627441406e+00
-1.699629306793213113e+00
-1.284983038902282715e+00
-1.758559107780456321e+00
-2.364593267440795898e+00
-1.992522716522216797e+00
-1.957916975021362305e+00
1.235310807824134688e-01
2.104432106018066406e+00
2.857533216476440430e+00
3.540670156478881836e+00
1.889088869094848855e+00
1.065329313278198242e+00
1.955301761627197266e-01
-1.614674448966979980e+00
-2.437829256057739702e+00
-2.321234226226806197e+00
-2.334198057651520053e-01
-5.183366537094116211e-01
2.991277456283569336e+00
4.294414043426513672e+00
5.722362995147705078e+00
6.546625137329102451e+00
8.009717941284179688e+00
6.020280361175537109e+00
4.797203063964843750e+00
-1.155341267585754395e+00
-4.540592193603516513e+00
-6.862419605255127841e+00
-5.024524211883544922e+00
-5.684022903442382812e+00
-3.218721628189086914e+00
-1.310510754585265891e+00
9.583505988121031605e-01
2.725108861923217773e+00
3.206321001052856445e+00
3.726262807846068892e+00
4.527748584747314453e+00
4.227606296539306641e+00
1.944595694541931152e+00
2.387834787368774414e-01
-8.077775239944458008e-01
-7.288014292716979980e-01
-3.824660181999207098e-01
-7.008431106805801392e-02
2.127692699432373047e+00
3.554572105407714844e+00
4.454329490661621094e+00
5.069907665252685547e+00
4.920965194702148438e+00
3.958337545394897461e+00
3.926347255706787109e+00
1.343754410743713379e+00
6.714106798171997070e-01
9.324136972427368164e-01
4.536735713481903076e-01
1.692090034484863281e+00
2.963828086853027788e+00
5.465098381042480469e+00
4.091022014617919922e+00
3.912317276000977007e+00
3.323039054870605025e+00
5.319432735443115234e+00
5.736787796020507812e+00
6.094835758209228516e+00
5.237105369567871094e+00
4.404080867767333984e+00
1.821204781532288042e+00
7.912485301494597001e-02
6.489664912223815918e-01
1.372244060039520541e-01
8.181885480880737305e-01
1.413801789283752441e+00
3.474928379058837891e+00
3.919238567352294922e+00
1.829850554466248003e+00
3.768400847911834717e-02
-2.782707214355468750e-01
-2.990258216857910156e+00
-3.243756771087646484e+00
-2.853516340255737305e+00
-2.344028472900390181e+00
-2.683961868286133257e+00
-3.024194478988647461e+00
-3.253396034240722656e+00
-3.269358158111572266e+00
-1.635245084762573242e+00
1.502642631530761497e+00
2.037920504808425903e-01
1.606813669204711914e+00
1.682752013206481934e+00
-2.609193325042724609e+00
-4.713941097259521484e+00
-4.949578762054443359e+00
-6.512681007385253906e+00
-7.982260704040527344e+00
-7.971450328826903409e+00
-7.606814861297607422e+00
-6.049993038177490234e+00
-2.595533132553100586e+00
6.093686819076538086e-01
1.950574874877929688e+00
1.342609167098999023e+00
8.023114800453186035e-01
-2.026458978652954102e+00
-4.548749446868896484e+00
-5.170894622802733487e+00
-4.408007144927978516e+00
-5.277116775512695312e+00
-5.310450553894042969e+00
-4.085030555725098544e+00
-1.476250171661376953e+00
-5.341002941131591797e-01
-2.919950187206268311e-01
-5.452213287353515625e-01
-8.334065079689025879e-01
-3.203230619430541992e+00
-5.221707820892333984e+00
-5.509625911712647373e+00
-6.305123805999755859e+00
-7.017547130584717685e+00
-5.703456878662108487e+00
-5.316650390625000000e+00
-6.802406311035156250e+00
-7.523621082305907315e+00
-4.517100811004638672e+00
2.833650827407836914e+00
1.022717094421386719e+01
1.396455192565917969e+01
1.206619262695312500e+01
6.926858901977539062e+00
5.074261665344238281e+00
3.273737430572509766e+00
5.747064948081970215e-01
-2.082149982452392578e+00
-3.917928457260131836e+00
-3.668068885803223100e+00
-3.211873292922973633e+00
-9.217509031295776367e-01
3.871136188507080078e+00
7.498692035675048828e+00
1.245195388793945312e+01
1.489540195465088068e+01
1.287798309326172053e+01
5.864190101623535156e+00
-3.269303083419799805e+00
-1.070631885528564453e+01
-1.395878601074218750e+01
-1.232702827453613281e+01
-2.833375215530395508e+00
8.030594825744628906e+00
1.276650428771972656e+01
1.319256305694580078e+01
1.505685901641845525e+01
1.785173225402832031e+01
1.100293731689453303e+01
3.261769294738769087e+00
-6.812778949737548828e+00
-1.712531471252441406e+01
-1.911087608337402344e+01
-1.281138992309570490e+01
1.043724298477172852e+00
1.357382488250732422e+01
1.760885429382324219e+01
1.497412204742431463e+01
9.553260803222656250e+00
8.092520713806152344e+00
1.817430019378661887e+00
-1.006564044952392578e+01
-1.590460014343261541e+01
-9.853446960449220526e+00
2.586028099060058594e+00
1.259260940551757812e+01
2.059986495971680043e+01
2.137410926818848012e+01
1.689140892028808594e+01
8.930434226989746094e+00
2.072183042764663974e-01
-1.833533525466918945e+00
2.698724985122680664e+00
1.052787113189697266e+01
1.932793807983398438e+01
2.525836372375488637e+01
2.712594604492187500e+01
2.160230255126953125e+01
1.592770957946777344e+01
1.338838863372802734e+01
1.188279628753661932e+01
5.198079586029052734e+00
-1.017366051673889160e+00
-7.653824806213378906e+00
-9.894920349121093750e+00
-2.474853992462158203e+00
1.187562656402588068e+01
1.673310661315917969e+01
1.469930267333984553e+01
-1.230347394943237305e+00
-1.614048957824707031e+01
-3.121107864379882812e+01
-3.780480194091796875e+01
-3.364213562011719461e+01
-2.228608703613280895e+01
-5.343570232391356534e+00
9.452135086059570312e+00
1.876179504394531250e+01
2.399604797363280895e+01
2.303820800781250000e+01
1.705930137634277344e+01
3.150144100189208984e+00
-1.184091663360595525e+01
-1.836416244506835938e+01
-1.377701187133789062e+01
-5.606880187988281250e+00
-1.984356343746185303e-01
9.872819900512695312e+00
1.499361324310302734e+01
1.921050262451171875e+01
2.060035705566406605e+01
1.757954597473144531e+01
7.192164421081542969e+00
-5.697484016418457031e+00
-1.166935157775878729e+01
-1.293677902221679510e+01
-7.545640468597412109e+00
4.720122337341308594e+00
1.983012580871582031e+01
1.469598484039306463e+01
3.140946149826049805e+00
-2.487052679061889648e+00
8.422229290008544922e-01
-2.336047172546386719e+00
-5.531414985656738281e+00
1.639951825141906738e+00
3.282445192337036133e+00
-9.769006729125976562e+00
-2.392117309570312500e+01
-3.562942886352539062e+01
-3.214548492431641336e+01
-2.146725082397460938e+01
-1.027242755889892578e+01
1.633995437622070668e+01
4.812047958374024148e+01
7.439579772949218750e+01
8.192420959472656250e+01
6.860017395019531250e+01
3.409563064575194602e+01
-7.149986743927002841e+00
-3.796943283081054688e+01
-6.589469146728515625e+01
-7.852033996582031250e+01
-6.730471038818360796e+01
-4.721981048583984375e+01
-3.147421646118164062e+01
-1.937078666687012074e+01
-8.680739402770996094e+00
1.204064369201660156e+00
-2.618621826171875000e+00
-1.262666416168212713e+01
-1.400470733642577947e+01
-1.135506916046142578e+01
-8.392799377441406250e+00
-8.327035903930664062e-01
2.597134590148925781e+00
-5.582577228546143466e+00
-1.728750038146972656e+01
-1.790788650512695312e+01
1.269206702709197998e-01
2.535679817199707031e+01
4.059800720214843750e+01
3.644118881225585938e+01
2.704918479919433594e+01
1.694788742065429332e+01
2.507447814941406605e+01
2.717373657226562500e+01
9.629082679748536933e+00
-1.874613189697265625e+01
-3.481602859497069602e+01
-4.104455566406250000e+01
-4.450043869018554688e+01
-2.607148742675780895e+01
5.522223472595214844e+00
3.668419265747070312e+01
3.867567825317382812e+01
3.152022361755371094e+01
2.027274894714355469e+01
-1.100541710853576882e+00
-8.193656921386718750e+00
-5.603589415550231934e-01
1.492858409881591797e+01
1.617122268676757812e+01
3.338443040847778320e+00
-4.325968742370605469e+00
6.384308338165282315e+00
2.171266937255859375e+01
3.694710159301757812e+01
3.254701995849608664e+01
4.301751136779785156e+00
-4.036697387695313211e+01
-7.717904663085937500e+01
-7.622299957275390625e+01
-4.264008712768554688e+01
-1.241973018646240234e+01
6.043169021606445312e+00
2.624175071716308949e+01
3.159000205993652344e+01
1.774703979492187500e+01
-3.777403354644775835e+00
-1.908277130126953125e+01
-1.283639717102050781e+01
-7.826614856719971591e+00
-1.177668857574462713e+01
-6.921173095703125000e+00
-4.226827621459961826e+00
-6.923113346099853516e+00
-2.302874755859375000e+01
-3.524207305908203125e+01
-3.577076339721679688e+01
-2.725620269775390625e+01
-2.541025161743164062e+01
-2.896617698669433594e+01
-3.660326004028320312e+01
-2.415076255798339844e+01
5.294767856597900391e+00
4.173736953735352273e+01
7.675517272949218750e+01
1.002546310424804830e+02
9.417852020263671875e+01
5.599075317382813211e+01
3.392676115036010742e-01
-5.172216796875000000e+01
-6.913555908203125000e+01
-6.108037567138671875e+01
-3.957840347290039062e+01
-1.730619430541992188e+01
2.427550315856933594e+00
1.349090480804443537e+01
2.295839881896973012e+01
3.604365539550781250e+01
3.618481826782226562e+01
2.797675895690917969e+01
1.802919578552246094e+01
6.717909336090087891e+00
-3.386430740356445312e+00
-2.713074874877929688e+01
-3.912565612792968750e+01
-4.499971008300781250e+01
-3.518719100952148438e+01
-1.497108936309814453e+01
-3.324071168899536133e+00
9.206219315528870739e-01
-8.510845899581909180e-01
-2.344776540994643887e-01
6.300368309020996094e+00
2.083069419860839844e+01
3.455298614501953125e+01
4.397640991210937500e+01
3.947351455688477273e+01
1.892488479614257457e+01
-4.521025657653808594e+00
-2.511852836608887074e+01
-2.452334403991698863e+01
-6.759330749511718750e+00
1.470832729339599432e+01
9.048162460327148438e+00
-1.345346736907958984e+01
-3.007287979125976918e+01
-2.899279403686523438e+01
-5.055953979492188388e+00
1.982233047485351918e+01
4.679727935791015625e+01
6.396567916870117188e+01
5.911415863037109375e+01
3.691053009033203125e+01
8.535600662231445312e+00
-2.595374679565429688e+01
-6.427082061767578125e+01
-9.400654602050779829e+01
-1.020952529907226562e+02
-8.162377166748046875e+01
-3.288323211669921875e+01
1.627439117431640270e+01
5.504505538940429688e+01
8.182635498046875000e+01
8.292686462402343750e+01
6.079640960693360086e+01
2.531039619445801137e+01
-1.588343429565429510e+01
-5.297061538696289062e+01
-7.688069915771484375e+01
-8.245255279541015625e+01
-7.614385223388671875e+01
-5.997005081176757812e+01
-2.946088600158691406e+01
5.596099853515625000e+00
3.708932495117188211e+01
6.259983825683593750e+01
7.162344360351562500e+01
6.302834701538085938e+01
4.686735534667968750e+01
1.888903999328613281e+01
-7.187147617340087891e+00
-2.420653343200683949e+01
-2.492687225341796875e+01
-2.007589721679687500e+01
-5.031621456146240234e+00
1.516861057281493963e+01
3.101654815673828125e+01
3.754756927490233664e+01
3.871622085571289062e+01
3.055180740356444957e+01
1.486871528625488459e+01
1.784568428993225098e+00
-6.254001617431641513e+00
-9.202186584472656250e+00
-5.709614276885986328e+00
-5.659050345420837402e-01
5.382994174957275391e+00
1.066402721405029297e+01
1.420911693572998047e+01
1.637393379211425781e+01
1.554693317413330078e+01
1.139487743377685547e+01
6.161576747894287109e+00
1.159926056861877441e+00
-4.947802066802978516e+00
-8.729746818542480469e+00
-1.274249553680419922e+01
-1.235389518737792969e+01
-9.678014755249023438e+00
-5.322473526000976562e+00
-9.691744446754455566e-01
3.037881851196288618e+00
5.528500556945800781e+00
4.367978096008301669e+00
2.140388011932373047e+00
-1.304901719093322754e+00
-3.422132015228271484e+00
-5.404341220855712891e+00
-6.068358421325683594e+00
-5.162077903747558594e+00
-4.439159870147705078e+00
-2.250787734985352007e+00
1.172605514526367188e+00
2.321473121643066406e+00
2.221262693405151811e+00
5.249019265174865723e-01
-3.469150543212890181e+00
-5.827678680419922763e+00
-7.371939182281494141e+00
-8.720360755920410156e+00
-5.925344467163085938e+00
-3.658232212066649502e+00
-1.346233129501342773e+00
6.013413071632385254e-01
1.806661725044250488e+00
2.455236434936523438e+00
-2.389791727066040039e+00
-3.656440019607543945e+00
-5.785275459289550781e+00
-3.559905052185058594e+00
-2.489607095718384233e+00
-1.362773299217223899e+00
-2.245637893676758257e+00
-3.084801435470581055e+00
-4.662995338439941406e+00
-5.339329719543457031e+00
-6.877482891082763672e+00
-8.060860633850097656e+00
-6.773955345153808594e+00
-6.275267124176025391e+00
-4.624139785766601562e+00
-4.040239334106444424e+00
-5.107077598571777344e+00
-6.144537925720214844e+00
-9.399797439575195312e+00
-9.436347961425779474e+00
-7.665409088134766513e+00
-4.337612152099608487e+00
2.471149682998656782e+00
5.349393367767333984e+00
2.498875141143798828e+00
1.623030751943588604e-02
-4.576877593994141513e+00
-6.474777698516846591e+00
-6.264654636383057529e+00
-3.381963729858398438e+00
1.882135152816772461e+00
6.422672271728516513e+00
1.050579833984375000e+01
1.063450908660888672e+01
3.052325725555419922e+00
-5.137951374053955078e+00
-1.009634494781493963e+01
-1.303448581695556463e+01
-9.446396827697753906e+00
-3.202657222747802734e+00
1.180399775505065918e+00
5.650846958160400391e+00
8.728029251098632812e+00
9.345292091369627130e+00
8.649539947509767401e+00
4.450552463531494141e+00
5.632259249687194824e-01
-2.529631137847900391e+00
-3.628637075424193448e+00
-5.440257549285888672e+00
-3.995992898941040039e+00
-3.084543704986572266e+00
-1.763922929763793945e+00
4.640319347381591797e-01
1.783502697944641113e+00
2.334445238113403764e+00
3.183008670806884766e+00
2.559046506881713867e+00
2.206265926361083984e+00
2.297441244125365767e+00
4.924080848693847656e+00
8.725253105163574219e+00
1.044577693939208984e+01
1.013129520416259766e+01
1.012010097503661932e+01
8.572554588317871094e+00
6.579699516296387607e+00
5.856571197509766513e+00
4.227842330932616299e+00
5.547065734863281250e-01
-3.270532608032226562e+00
-4.694111347198486328e+00
-3.289036750793457031e+00
-8.553354740142822266e-01
1.632915258407592773e+00
4.347873687744141513e+00
5.981601238250732422e+00
3.155137777328491211e+00
4.549787998199462891e+00
4.649483680725097656e+00
2.305915832519531250e+00
-6.513953208923339844e-01
-3.521350145339966264e+00
-4.907751560211181641e+00
-4.629680156707763672e+00
-2.599335432052612305e+00
-2.540134787559509277e-01
9.808007478713988148e-01
1.245595693588256836e+00
7.221699953079223633e-01
-1.322438120841979980e+00
-3.479171037673950195e+00
-4.232317924499511719e+00
-1.985075473785400391e+00
1.016073703765869141e+00
5.615677356719971591e+00
7.129641532897949219e+00
5.820491790771483487e+00
3.779233217239379883e+00
2.971899509429932085e+00
1.445235013961791992e+00
3.481955453753472068e-02
-3.123584032058716264e+00
-1.444309115409850852e+00
-2.250181674957275391e+00
-3.632659316062927246e-01
7.657637596130371094e-01
-1.435237884521484375e+00
-1.169839262962341309e+00
-1.773674607276916504e+00
-1.723619937896728294e+00
-3.028108358383178711e+00
-1.643346071243285911e+00
-2.860754251480102539e+00
-2.863052845001220703e+00
-2.455727100372314453e+00
-4.278287410736083984e+00
-4.425645351409912109e+00
-2.978467702865600586e+00
-1.082137346267700195e+00
1.804010123014450073e-01
2.182103157043456587e+00
5.006184577941895419e+00
4.363737583160399502e+00
2.559831857681274414e+00
-7.269656658172607422e-01
-4.558426856994628906e+00
-1.004579925537109375e+01
-1.702581977844238637e+01
-2.167393493652344105e+01
-2.466503715515137074e+01
-2.248981666564941406e+01
-1.746629714965820668e+01
-1.113614177703857422e+01
-6.757098674774169922e+00
-3.481660127639770508e+00
-2.481683969497680664e+00
-3.340257406234741211e+00
-3.364339113235473633e+00
-3.321564197540283203e+00
-1.963656306266784890e+00
-2.367983341217041016e+00
-4.891216754913330078e+00
-3.213265180587768999e+00
-1.399124741554260476e+00
-2.231746912002563477e+00
2.149556875228881836e+00
2.844285249710083008e+00
4.212425708770751953e+00
3.342211484909057617e+00
2.909901857376098189e+00
7.136347889900207520e-01
-3.318241357803344727e+00
-5.358713626861572266e+00
-5.587588310241699219e+00
-5.181797981262207031e+00
-1.654397606849670410e+00
-1.374028205871582031e+00
1.048482179641723633e+00
2.639288663864136186e+00
3.708214998245239258e+00
4.811249732971191406e+00
5.071160316467285156e+00
6.407995700836182529e+00
6.196917533874512607e+00
4.362679481506348544e+00
3.515911817550658736e+00
3.414533853530883789e+00
3.464984655380248579e+00
4.504677295684815341e+00
4.937419891357421875e+00
5.675933361053467685e+00
5.495650291442871094e+00
4.837411880493164062e+00
5.145528316497802734e+00
5.116499423980712891e+00
4.985593795776367188e+00
5.514139175415039062e+00
6.690930366516112393e+00
8.119410514831542969e+00
9.719850540161132812e+00
9.236480712890623224e+00
7.929003238677977627e+00
6.585919857025146484e+00
8.469280242919923651e+00
5.586092948913574219e+00
6.437655448913574219e+00
4.078692913055419922e+00
3.906247854232788086e+00
3.308521032333373579e+00
4.298311233520508701e+00
5.328051090240479404e+00
6.163338184356689453e+00
6.802320003509521484e+00
5.088298797607421875e+00
1.489102125167846902e+00
-1.866800904273986816e+00
-4.501624584197998047e+00
-9.385383605957033026e+00
-9.770749092102050781e+00
-9.093922615051269531e+00
-5.502146720886231357e+00
-3.616159439086913618e+00
3.420158028602600098e-01
3.944857120513916016e+00
3.191379070281982422e+00
-9.146904945373536544e-02
-5.763219833374022549e+00
-9.509911537170410156e+00
-1.098933029174804688e+01
-1.290793132781982422e+01
-8.786477088928222656e+00
-3.937442064285278320e+00
-1.682870984077453613e+00
3.585830032825470526e-01
3.756269216537476030e+00
3.754868268966674805e+00
2.042044401168823242e+00
-1.701413154602050781e+00
-4.950736999511718750e+00
-7.462843418121337891e+00
-5.972084522247314453e+00
-2.117414951324463335e+00
1.602404236793518066e+00
6.476216793060302734e+00
9.358154296875000000e+00
9.380890846252439630e+00
5.939825534820557529e+00
2.204944610595703125e+00
-3.308110475540161133e+00
-6.008498191833496094e+00
-6.352547645568847656e+00
-7.977657794952392578e+00
-3.225296974182128906e+00
9.727795720100403942e-01
4.801418781280518466e+00
4.197179794311522549e+00
5.275574684143066406e+00
3.263307094573974609e+00
2.257924556732177734e+00
3.100120782852173296e+00
1.501163125038146973e+00
-2.120311021804809570e+00
-6.334803104400634766e+00
-9.333524703979492188e+00
-7.742662429809570312e+00
-2.727549552917480469e+00
-4.484641849994658869e-01
4.153437614440917969e+00
4.999320507049560547e+00
5.847054004669189453e+00
7.972781658172607422e+00
7.049053668975830078e+00
5.921714901924133301e-01
-3.563375949859618697e+00
-7.803890705108642578e+00
-8.020439147949218750e+00
-3.778872251510620117e+00
2.940332412719726562e+00
7.436044692993164062e+00
8.029017448425292969e+00
4.580181121826171875e+00
1.305454075336456576e-01
-2.121133565902709961e+00
-7.676884651184082031e+00
-8.324431419372558594e+00
-9.140791893005372870e+00
-3.565290689468383789e+00
2.639586925506591797e+00
9.074215888977050781e+00
1.372472000122070490e+01
1.334682178497314453e+01
1.106432342529296697e+01
6.568805694580077237e+00
7.142568230628967285e-01
-8.462601304054259144e-01
2.965659618377685103e+00
5.856988906860352451e+00
7.415018081665039062e+00
6.851809024810791016e+00
5.484014034271240234e+00
7.338025093078612393e+00
5.953098297119141513e+00
7.779027462005615234e+00
7.956625938415527344e+00
4.800207138061523438e+00
5.706992149353027344e-01
-5.423155784606933594e+00
-1.017541980743408203e+01
-9.707433700561523438e+00
-8.388666152954103339e+00
-7.106218814849853516e+00
-3.778581857681273526e+00
-1.815031051635742410e+00
-3.093821525573730469e+00
-3.891106843948363814e+00
-4.244068145751953125e+00
-2.750915527343750000e+00
-4.332224369049071377e+00
-2.225741386413574219e+00
-3.002832651138305664e+00
-2.617613792419433594e+00
-3.476604700088501421e+00
-4.925062656402587891e+00
-6.564862251281737393e+00
-7.571694850921630859e+00
-6.881298542022705078e+00
-3.313918828964233398e+00
9.349797964096068226e-01
4.387439250946044922e+00
3.036206483840942383e+00
5.142105102539063388e+00
1.956173062324524148e+00
2.277317523956298828e+00
3.842161178588866743e+00
3.309983253479003906e+00
4.160714149475098544e+00
3.042049646377563477e+00
1.955547094345092773e+00
9.495916366577148438e-01
7.247540950775146484e-01
-1.043016433715820312e+00
-5.267474800348281860e-02
2.864806652069091797e-01
1.840916275978088379e+00
3.577368497848510742e+00
5.502537727355957031e+00
4.215305328369141513e+00
5.042034983634948730e-01
-1.202621459960937500e+00
-1.571599721908569114e+00
-4.307774066925048828e+00
-3.829518556594848633e+00
-2.705683708190917969e+00
1.138671755790710449e+00
2.706756114959716797e+00
4.974751472473144531e+00
3.977476119995116743e+00
2.096166372299194336e+00
5.653066039085388184e-01
-1.173896551132201926e+00
-1.727315425872802734e+00
-3.228263139724731445e+00
-3.787829637527466264e+00
-4.637205600738525391e+00
-3.302751064300537109e+00
-1.322463154792785645e+00
1.273850202560424805e+00
3.077265501022338867e+00
2.310775995254516602e+00
2.295804023742675781e+00
8.027798533439636230e-01
-7.711762189865112305e-01
-3.009255886077881303e+00
-6.594921588897705078e+00
-7.300815105438232422e+00
-6.695574760437012607e+00
-3.580419063568115234e+00
-1.125882506370544434e+00
1.334159135818481445e+00
2.028185367584228516e+00
2.031169235706329346e-01
-2.981520891189575195e+00
-6.110519886016846591e+00
-7.170335769653320312e+00
-6.618243694305419922e+00
-5.213254928588867188e+00
-3.256058454513549805e+00
-4.134039402008056641e+00
-2.670443534851074219e+00
-4.136000633239746094e+00
-2.150132417678833008e+00
-1.895358920097350852e+00
-3.021551132202148438e+00
-3.349979162216186523e+00
1.352472305297851562e+00
1.946497440338134766e+00
3.356063842773437056e+00
-1.514535993337631226e-01
2.191886186599731445e+00
5.795943737030028409e+00
2.528547763824462891e+00
-2.422542572021484375e+00
-1.580393314361572488e+00
1.390993893146514893e-01
2.781640291213989258e+00
2.035587787628174272e+00
1.797421813011169434e+00
6.098221778869628906e+00
7.283748149871826172e+00
7.758195877075195312e+00
4.100135803222656250e+00
3.745537400245666504e-01
-1.316426515579223633e+00
-1.029131770133972168e+00
-1.805385202169418613e-01
-3.280587434768676758e+00
-4.245095252990723544e+00
-2.789393186569213867e+00
4.939224720001221258e-01
1.808648109436035156e+00
1.845017433166504128e+00
8.793125301599502563e-02
-3.241509199142456055e+00
-4.170351982116698331e+00
-5.322819709777832031e+00
-3.929947614669799805e+00
-3.071571826934814453e+00
-2.043227910995483398e+00
-1.457288265228271706e+00
-1.780052900314331055e+00
-3.958130121231078657e+00
-4.642423629760742188e+00
-6.622389316558837891e+00
-7.528666496276854581e+00
-5.517930030822753906e+00
-4.785246372222900391e+00
-2.944593667984008789e+00
-2.837780714035033736e+00
-6.022106647491455078e+00
-7.187669754028320312e+00
-6.089631080627441406e+00
-5.974335193634032315e+00
-5.834002017974853516e+00
-6.261414527893066406e+00
-7.495371818542479581e+00
-5.596849918365479404e+00
-5.990612506866455078e+00
-6.366268157958983487e+00
-6.933869838714599609e+00
-6.114312171936035156e+00
-5.494739055633544922e+00
-3.042533874511718750e+00
-3.324559688568115234e+00
-3.886251926422118697e+00
-3.121314525604248047e+00
-1.856090188026428001e+00
-1.817879676818848100e+00
-1.415724635124206321e+00
-8.714700341224670410e-01
1.906821727752685103e+00
5.429295539855957031e+00
6.623545169830322266e+00
6.008623123168945312e+00
4.772697448730468750e+00
4.360334396362305576e+00
3.470803260803222656e+00
3.000993251800537109e+00
3.713957548141479936e+00
2.651856899261474609e+00
2.958436489105224609e+00
2.757100343704224077e+00
2.319106340408325195e+00
1.446504116058349609e+00
8.095651268959045410e-01
3.725391924381256104e-01
1.499999761581420898e+00
1.102360606193542480e+00
3.644345045089721680e+00
4.640520095825195312e+00
6.629025936126708984e+00
6.976750373840332031e+00
5.082738876342773438e+00
3.851061105728148970e+00
3.060791015625000000e+00
7.059160470962524414e-01
3.747808635234832764e-01
3.038439273834228516e+00
4.458883285522460938e+00
4.710608482360839844e+00
5.707026958465576172e+00
5.735556125640869141e+00
7.649131774902343750e+00
7.540161132812500000e+00
4.811647415161132812e+00
5.196606159210205078e+00
2.095298767089844194e+00
-2.993600964546204168e-01
-2.888198375701904297e+00
-2.603710174560546875e+00
-2.140866219997406006e-01
3.442129611968993697e+00
3.273375272750854492e+00
3.229266166687012163e+00
3.997062206268310991e+00
4.172947406768798828e+00
-1.043769717216491699e+00
-5.418219089508056641e+00
-3.838908672332764116e+00
-1.376374959945678711e+00
-4.798605144023895264e-01
2.919200897216796875e+00
5.281166553497314453e+00
7.922397136688232422e+00
6.332682132720947266e+00
3.243977785110473633e+00
-1.496173739433288574e+00
-3.340543270111083984e+00
-5.584961414337158203e+00
-9.955237388610839844e+00
-9.842453002929687500e+00
-9.447246551513671875e+00
-5.806445121765137607e+00
-2.547971963882446289e+00
9.525523781776428223e-01
3.049822330474853072e+00
2.224176168441772461e+00
-1.254649519920349121e+00
-4.693181037902832031e+00
-6.533998966217041016e+00
-5.561767578125000000e+00
-3.282870769500732422e+00
-2.303946971893310547e+00
-2.412294626235961914e+00
-3.971914768218993697e+00
-5.690570354461669922e+00
-6.700632095336914062e+00
-7.049488067626952237e+00
-4.193962097167968750e+00
-1.678427815437316895e+00
1.031193882226943970e-01
2.577314376831054688e+00
1.463486433029174805e+00
3.152033805847167969e+00
2.821954727172852007e+00
3.134982585906982422e+00
1.856112003326416016e+00
2.822808027267456055e+00
1.525325179100036621e+00
2.673289299011230469e+00
5.634809017181396484e+00
7.301134109497070312e+00
7.493612766265869141e+00
8.418957710266111505e+00
6.693505287170410156e+00
6.233915328979492188e+00
5.330656528472900391e+00
4.103265762329102451e+00
1.185123682022094727e+00
1.463778257369995117e+00
5.753118395805358887e-01
-4.034025669097899502e+00
-8.337862014770507812e+00
-1.355894184112548828e+01
-1.774173736572265625e+01
-1.959048843383789062e+01
-1.835234069824218750e+01
-1.246919345855712713e+01
-3.795368909835815874e+00
1.980729579925536887e+00
4.824501514434815341e+00
4.061599731445312500e+00
1.734844923019409180e+00
3.454888761043549139e-01
-1.305752635002136230e+00
-2.220909595489501953e+00
-2.861266374588012695e+00
-3.891796350479126421e+00
-4.360170364379883701e+00
-3.146638870239258257e+00
-5.512829303741455078e+00
-4.858946800231933594e+00
-2.491420030593872070e+00
-2.263828992843627930e+00
-1.760210871696472168e+00
-1.811771631240844727e+00
1.238421201705932617e+00
-3.995728865265846252e-02
-2.575333714485168457e-01
-1.861318469047546387e+00
-4.181110858917235773e-01
-1.806785225868225098e+00
-2.087911367416381836e+00
-3.091986894607543945e+00
-4.753741741180419922e+00
-4.257730007171631748e+00
-1.317000985145568848e+00
1.779988050460815430e+00
4.564290046691895419e+00
6.987242221832275391e+00
7.693283081054686612e+00
8.328538894653320312e+00
8.614070892333982599e+00
9.369198799133300781e+00
1.058423519134521662e+01
9.071331024169921875e+00
5.324569702148437500e+00
3.060482740402221680e+00
3.474343419075012207e-01
2.962619662284851074e-01
1.850921511650085227e+00
3.269286632537841797e+00
3.884423017501831055e+00
2.672149419784545898e+00
3.908227205276488814e+00
3.090696096420288086e+00
2.588513612747192383e+00
8.994351625442504883e-01
7.921858429908752441e-01
1.793020665645599365e-01
-4.073715507984161377e-01
-5.209444090723992088e-02
-7.069367915391921997e-02
2.476718574762344638e-01
-6.188458204269409180e-01
1.294228136539459229e-01
7.157865762710571289e-01
2.662114381790161133e+00
5.082768917083740234e+00
9.916206359863279474e+00
1.020212268829345703e+01
9.860028266906738281e+00
6.712207317352294922e+00
5.328052520751953125e+00
4.700496673583983487e+00
5.497627735137940341e+00
4.927859306335449219e+00
5.370202064514160156e+00
6.212255001068115234e+00
5.032426834106445312e+00
3.847451925277709961e+00
6.101771593093872070e-01
-9.152376651763916016e-01
-2.861196279525756836e+00
-6.145834922790527344e+00
-7.068818092346191406e+00
-6.078702449798583984e+00
-1.219910979270935059e+00
6.097269654273986816e-01
2.289647817611694336e+00
1.028517007827758789e+00
-1.022773265838622825e+00
-3.429152488708496094e+00
-5.525181293487548828e+00
-6.864725589752197266e+00
-6.784549713134766513e+00
-4.546323299407958984e+00
-5.426425337791442871e-01
4.569428443908691406e+00
7.042116641998291016e+00
6.448056221008300781e+00
6.250901222229003906e+00
2.173511981964111772e+00
-3.560244321823120117e+00
-6.377007961273192471e+00
-7.557806491851807529e+00
-7.002578258514403409e+00
-5.523714542388916016e+00
-3.176158905029296875e+00
-2.589823007583618164e-01
1.614927291870117188e+00
1.337433218955993652e+00
-1.791578680276870728e-01
-1.040930509567260742e+00
-2.915004253387451172e+00
-4.446967601776123047e+00
-4.621005058288574219e+00
-4.557710170745849609e+00
-2.977402210235596147e+00
2.140835672616958618e-01
9.332693219184875488e-01
7.907980680465698242e-01
9.245221316814423995e-02
-1.298965215682983398e+00
-3.165669918060302734e+00
-3.847713470458983931e+00
-3.322809696197509766e+00
-2.055313587188720703e+00
-6.770693063735961914e-01
1.770481705665588379e+00
2.246770620346069336e+00
8.911466002464294434e-01
-1.697407364845275879e-01
-4.173791706562042236e-01
4.359658062458038330e-01
2.820356130599976030e+00
4.178132057189941406e+00
4.495115756988525391e+00
4.086349964141846591e+00
2.915695190429687500e+00
5.309358239173889160e-01
-1.714284300804138184e+00
-1.876019835472106934e+00
-2.736049413681030273e+00
-2.717381238937377930e+00
-2.966732263565063477e+00
-2.089969396591186523e+00
-2.458063602447509766e+00
-3.172806978225708008e+00
-3.947207212448120117e+00
-4.864191532135009766e+00
-4.493765830993652344e+00
-2.483670234680175781e+00
-6.901871562004089355e-01
3.096596300601959229e-01
1.130469441413879395e+00
1.315734624862670898e+00
6.350952386856079102e-01
-6.076869964599609375e-01
-1.899722933769225852e+00
-1.332457065582275391e+00
-1.070854902267455833e+00
-5.255034565925598145e-01
1.103779077529907227e+00
2.352421045303344727e+00
2.935642480850220171e+00
3.107972383499145064e+00
4.799202919006347656e+00
7.390038967132567471e+00
8.069208145141603339e+00
8.951086997985839844e+00
8.230757713317871094e+00
4.876109123229980469e+00
2.054721832275390181e+00
5.183682441711425781e-01
-1.797828227281570435e-01
1.294613957405090332e+00
4.134286880493163174e+00
8.299783706665039062e+00
9.448693275451660156e+00
1.028345584869384766e+01
9.860878944396972656e+00
7.282156944274902344e+00
3.558857679367064986e+00
-4.239021837711334229e-01
-2.550751924514770508e+00
-2.095108270645141602e+00
-6.061077713966370739e-01
8.372707962989807129e-01
1.048061370849609375e+00
1.548511147499084473e+00
6.895942091941833496e-01
5.580614209175109863e-01
-2.042566537857055942e-01
-7.075259089469909668e-01
8.179328590631484985e-02
-2.911877632141112726e-01
3.109330832958220880e-01
-3.121377229690551758e-01
2.187139689922332764e-01
7.698609828948974609e-01
1.113183856010437012e+00
1.278438091278076172e+00
2.230062335729598999e-01
-1.234419703483581543e+00
-1.533431887626648171e+00
-7.993817329406738281e-01
-2.985675334930419922e-01
3.571379184722900391e-01
-8.382047414779663086e-01
1.255214661359786987e-01
-6.918043494224548340e-01
-1.608474373817443848e+00
-2.769204378128052202e+00
-1.062569499015807883e+00
-2.161407709121704102e+00
-1.830300837755203247e-01
2.877978086471557617e+00
3.303313732147216797e+00
1.719052791595458984e+00
6.275397539138793945e-01
-1.188370227813720703e+00
-2.525619983673096147e+00
-3.262934446334838867e+00
-3.387337923049926758e+00
-3.085239171981811523e+00
-2.807473421096801758e+00
-2.535557270050048828e+00
-2.490482330322265625e+00
-1.496016621589660645e+00
-1.802471399307250977e+00
-1.452205657958984375e+00
-1.000674605369568093e+00
-1.197209581732749939e-01
3.479103446006774902e-01
7.225793004035949707e-01
-1.193022057414054732e-01
-6.497967243194580078e-01
-1.964560598134994507e-01
1.253444403409957886e-01
6.426190137863159180e-01
3.838318586349486750e-01
-1.661395132541656494e-01
-8.029921650886535645e-01
-1.443414688110351562e+00
-3.731839179992676225e+00
-6.542721748352050781e+00
-6.118895530700683594e+00
-6.231433868408202237e+00
-6.260301589965820312e+00
-4.340823650360106534e+00
-2.793251514434814453e+00
-2.846150159835815430e+00
-2.621251583099364790e+00
-2.155735254287720171e+00
-7.026967406272888184e-02
-1.727543473243713379e+00
-1.430490970611572488e+00
6.386263668537139893e-02
-1.092509627342223899e+00
-2.868433237075805664e+00
-3.920283079147338867e+00
-5.335485935211181641e+00
-4.499432086944580078e+00
-5.285380363464356357e+00
-4.161252021789551669e+00
-2.541671752929687500e+00
-1.515199780464172363e+00
-8.625026047229766846e-02
-4.786320626735687256e-01
9.994679689407347523e-01
9.532652497291563831e-01
1.752125978469848633e+00
3.597775220870972124e+00
2.710943222045898438e+00
1.598612189292907493e+00
7.125448584556579590e-01
-7.093102335929870605e-01
-2.449772119522094727e+00
-3.373509645462036133e+00
-2.456769227981567383e+00
-2.322949886322021040e+00
-2.763666629791260210e+00
-4.299281597137451172e+00
-5.262691974639893466e+00
-4.839457035064697266e+00
-4.320712566375731534e+00
-2.970120668411254883e+00
-2.716207027435302734e+00
-3.150029897689819780e+00
-3.675968170166016069e+00
-4.029074192047118252e+00
-2.757493019104003906e+00
-1.375277757644653098e+00
-1.895348191261291504e+00
-2.418523073196411133e+00
-5.816312789916992188e+00
-5.602937698364257812e+00
-5.352705478668212891e+00
-8.065166473388673651e+00
-5.335456371307373047e+00
-3.090411186218261719e+00
-2.222926855087280273e+00
4.839406013488769531e+00
6.699774742126464844e+00
6.367424488067627841e+00
6.360708236694335938e+00
1.313864707946777122e+00
-4.553936958312988281e+00
-9.332561492919921875e+00
-1.168455505371093750e+01
-9.669189453125000000e+00
-4.611994266510009766e+00
-9.032624959945679821e-01
4.074379920959473544e+00
5.694040298461914062e+00
6.787132263183593750e+00
3.268881559371947798e+00
1.212056428194046021e-01
-4.113269805908203125e+00
-8.181133270263673651e+00
-9.057186126708984375e+00
-8.661838531494138849e+00
-7.022668361663817471e+00
-4.059345245361328125e+00
-5.339534878730773926e-01
3.128207445144653320e+00
3.698197126388549805e+00
4.053656101226806641e+00
2.823587179183959961e+00
7.367987632751464844e-01
-5.586508512496948242e-01
-1.508231759071350098e+00
7.545748949050903320e-01
3.360482454299926758e+00
4.913033962249755859e+00
5.318810462951660156e+00
6.298488140106201172e+00
5.810607433319092685e+00
3.946293354034423828e+00
2.266983747482299805e+00
5.763783454895020641e-01
-1.836557507514953613e+00
-2.497484922409057617e+00
-3.580700397491455078e+00
-2.359282821416855136e-01
2.219168663024902344e+00
4.811714172363281250e+00
6.391361236572266513e+00
7.432690143585205078e+00
7.171146869659423828e+00
6.655323028564452237e+00
5.620451927185058594e+00
4.168176174163818359e+00
3.556601762771606445e+00
8.026038408279418945e-01
-1.249525785446166992e+00
-4.519047439098358154e-01
-5.686300396919250488e-01
5.421225428581237793e-01
1.233450412750243919e+00
3.276145458221435547e+00
3.905611515045166016e+00
3.776504278182983843e+00
2.486791372299194336e+00
1.067733287811279297e+00
3.938186168670654297e-01
8.548727631568908691e-01
9.187151193618774414e-01
2.371101617813110352e+00
1.436395406723022461e+00
2.173893690109253374e+00
4.112710952758788174e+00
2.232680797576904297e+00
5.889145284891128540e-02
-1.151327371597290039e+00
-2.687712430953979492e+00
-2.988774538040161133e+00
-3.346448421478271484e+00
-1.838110685348510742e+00
-1.184272527694701926e+00
-5.097722411155700684e-01
2.303063392639160156e+00
3.346355438232421875e+00
5.022901535034179688e+00
4.456854343414306641e+00
3.890743732452392578e+00
2.261973142623901367e+00
9.285180568695068359e-01
2.685600221157073975e-01
4.096584320068359930e-01
-2.232304066419601163e-01
-2.651002883911133257e+00
-3.153770208358764648e+00
-1.640316486358642578e+00
-9.879459738731384277e-01
-5.799068808555603027e-01
7.437698841094970703e-01
-3.297455906867980957e-01
-5.769925117492675781e-01
-8.855418562889099121e-01
-6.177154183387756348e-01
-1.223385691642761230e+00
-1.493401050567626953e+00
-2.012232065200805664e+00
-2.361161947250365767e+00
-2.212267160415649414e+00
-6.192465424537658691e-01
3.797676265239716131e-01
1.667890429496765137e+00
3.190495967864990234e+00
2.889097929000854492e+00
1.363360404968261497e+00
5.587854981422424316e-01
-6.527766585350038009e-02
4.358993768692017157e-01
2.221679449081420898e+00
2.033393383026123047e+00
3.661064863204956055e+00
4.488345146179199219e+00
2.986987352371216264e+00
2.334595441818237305e+00
2.020297765731811523e+00
1.775785923004150391e+00
5.772165060043334961e-01
3.361905574798583984e+00
2.419458389282226562e+00
2.789260625839233398e+00
6.719133377075195312e+00
9.120811462402343750e+00
9.405722618103027344e+00
9.040267944335937500e+00
7.221504211425781250e+00
4.980144023895263672e+00
1.175080537796020508e+00
-1.742004275321960449e+00
-4.359614372253417969e+00
-5.921048641204833984e+00
-3.234522819519042969e+00
1.037626266479492188e+00
5.334863185882568359e+00
9.290845870971679688e+00
1.022986221313476562e+01
9.107346534729003906e+00
5.964190006256104404e+00
5.117249011993408203e+00
1.557898044586181641e+00
1.660161167383193970e-01
-1.752129912376403809e+00
-1.004971861839294434e+00
3.459472060203552246e-01
2.392353296279907227e+00
3.367860794067383257e+00
5.357684135437011719e+00
5.478036403656005859e+00
4.775061130523681641e+00
3.386153221130371094e+00
1.850392103195190430e+00
5.719052553176879883e-01
-6.185234189033508301e-01
-1.768054246902465820e+00
9.076134562492371716e-01
7.785144448280334473e-01
3.229782819747924805e+00
2.063425064086914062e+00
4.026088863611221313e-02
1.356622576713562012e+00
