1.674503684043884555e-01
1.694776564836502075e-01
1.708480119705200195e-01
1.722011566162109375e-01
1.736859232187271118e-01
1.752076148986816406e-01
1.768066138029098511e-01
1.776253879070281982e-01
1.792690753936767578e-01
1.809898167848587036e-01
1.827971339225769043e-01
1.843871325254440585e-01
1.863122880458832065e-01
1.882832944393157959e-01
1.909139901399612427e-01
1.930256187915802002e-01
1.952729225158691406e-01
1.983181238174438477e-01
2.006176859140396118e-01
2.029408514499664584e-01
2.052991688251495361e-01
2.079840302467346469e-01
2.107157856225967407e-01
2.131806313991546631e-01
2.155692875385284424e-01
2.181391119956970492e-01
2.205280959606170654e-01
2.238568663597106934e-01
2.267096489667892456e-01
2.292111963033675870e-01
2.292119562625885010e-01
2.314012050628662109e-01
2.336746007204056064e-01
2.357909679412841519e-01
2.375581562519072931e-01
2.395244240760802945e-01
2.414656579494476596e-01
2.418023496866226474e-01
2.435101568698883057e-01
2.452373355627060214e-01
2.461848407983780185e-01
2.477015107870101929e-01
2.491867989301680963e-01
2.507045865058898926e-01
2.529658973217010498e-01
2.544520199298858643e-01
2.558466196060181219e-01
2.564112246036528986e-01
2.577551603317260742e-01
2.591138780117034912e-01
2.599236369132996161e-01
2.610394954681396484e-01
2.622967362403869629e-01
2.647939920425415039e-01
2.661351561546325684e-01
2.672788798809051514e-01
2.685620784759520929e-01
2.711441516876221258e-01
2.724279463291168213e-01
2.735968232154846191e-01
2.704663872718811035e-01
2.713318765163421631e-01
2.722116112709044855e-01
2.746455371379852295e-01
2.755339443683624268e-01
2.763774394989013672e-01
2.770976424217224121e-01
2.791197896003723145e-01
2.798500955104827881e-01
2.806362807750701904e-01
2.812317311763763428e-01
2.818656861782073975e-01
2.824812829494476318e-01
2.823826074600219727e-01
2.829248905181884766e-01
2.835259437561035156e-01
2.841006815433502197e-01
2.849652767181396484e-01
2.855174243450164795e-01
2.860280573368072510e-01
2.863619923591613770e-01
2.868680953979492188e-01
2.874010801315308172e-01
2.905350625514984131e-01
2.912211418151855469e-01
2.918994724750518799e-01
2.930149734020233154e-01
2.937053740024567206e-01
2.944094240665435791e-01
2.950473725795745850e-01
2.923633456230164129e-01
2.927585840225219727e-01
2.932044267654418945e-01
2.927294373512268066e-01
2.930719256401062012e-01
2.934043705463408869e-01
2.934828996658325195e-01
2.937832176685333252e-01
2.940711975097656250e-01
2.943772673606873114e-01
2.955217361450195312e-01
2.958608567714691162e-01
2.961816787719726562e-01
2.980019450187683105e-01
2.983874678611755371e-01
2.987661957740784247e-01
2.994399666786193848e-01
2.998528480529785156e-01
3.002572953701019287e-01
3.006753623485565186e-01
3.011874258518218994e-01
3.016123175621033270e-01
3.020486831665039062e-01
3.009515702724456787e-01
3.012776374816894531e-01
3.016266226768493652e-01
3.052199780941008966e-01
3.057315349578856867e-01
3.062337040901184082e-01
3.067646622657775879e-01
3.083606362342834473e-01
3.089056015014648438e-01
3.094417452812194824e-01
3.094719946384429932e-01
3.099442124366760254e-01
3.103890120983123779e-01
3.105365037918090820e-01
3.109402060508728027e-01
3.113593757152556818e-01
3.131520152091979980e-01
3.135955929756165106e-01
3.140412569046020508e-01
3.144488632678985596e-01
3.170910179615020752e-01
3.175326883792877197e-01
3.179436922073364258e-01
3.192747831344604492e-01
3.196838498115540106e-01
3.200657367706298828e-01
3.168903589248657227e-01
3.169696033000946045e-01
3.169613778591156006e-01
3.168549537658691406e-01
3.160646557807922363e-01
3.158105313777924139e-01
3.157515525817871094e-01
3.172838091850280762e-01
3.173191845417023260e-01
3.172479569911956787e-01
3.164140284061431885e-01
3.162596225738524836e-01
3.160499632358551025e-01
3.157354295253753662e-01
3.155218362808227539e-01
3.152365088462829590e-01
3.150039911270141602e-01
3.162037432193756104e-01
3.162609934806823730e-01
3.162080347537994385e-01
3.157525658607482910e-01
3.157106637954711914e-01
3.156454563140869141e-01
3.154121339321136475e-01
3.153694868087769110e-01
3.153832256793975830e-01
3.153803944587707520e-01
3.138810098171234131e-01
3.138848841190338135e-01
3.138869106769561768e-01
3.142484426498413086e-01
3.142549395561218262e-01
3.142816126346588135e-01
3.161359727382659912e-01
3.161351382732391357e-01
3.163746893405914307e-01
3.165735602378845215e-01
3.162010610103607178e-01
3.163320124149322510e-01
3.164417445659636896e-01
3.185308277606964111e-01
3.187912702560424805e-01
3.190447688102722168e-01
3.201782405376434326e-01
3.204711973667144775e-01
3.207515478134155273e-01
3.212174773216248114e-01
3.228372037410736084e-01
3.231768012046813965e-01
3.235125839710236151e-01
3.251599967479705811e-01
3.255412578582764227e-01
3.259564340114592951e-01
3.253701627254486084e-01
3.257698416709899902e-01
3.259615600109100342e-01
3.254884481430053711e-01
3.256702125072479248e-01
3.257535696029663086e-01
3.256376385688781738e-01
3.272980153560638428e-01
3.273521661758422852e-01
3.273069560527800959e-01
3.278848230838776190e-01
3.279598951339721680e-01
3.278146982192993164e-01
3.266497850418090820e-01
3.263260722160339355e-01
3.262731134891510010e-01
3.260735869407653809e-01
3.260434865951538086e-01
3.258294463157653809e-01
3.256064951419830322e-01
3.244526684284210205e-01
3.241139352321624756e-01
3.238238394260406494e-01
3.216480314731597900e-01
3.212061822414398193e-01
3.208094537258148193e-01
3.203758895397186279e-01
3.164500296115875244e-01
3.158704936504364014e-01
3.153498172760010321e-01
3.154264092445372980e-01
3.148855268955231268e-01
3.144840300083160400e-01
3.146411180496215820e-01
3.142236173152924139e-01
3.138211369514464777e-01
3.136528730392456055e-01
3.132739663124084473e-01
3.130375444889069159e-01
3.128377497196196955e-01
3.120395839214324951e-01
3.117800951004028320e-01
3.116797804832458496e-01
3.113601505756378174e-01
3.111431300640106201e-01
3.111456036567687988e-01
3.134217560291290283e-01
3.136081695556641180e-01
3.137520849704742432e-01
3.139804899692535400e-01
3.166392147541046143e-01
3.170135617256165106e-01
3.173772394657135010e-01
3.155414164066315252e-01
3.158133029937744141e-01
3.159351050853729248e-01
3.164726197719573975e-01
3.166340291500092108e-01
3.167698681354523260e-01
3.161845803260803223e-01
3.163225650787352961e-01
3.163732886314392090e-01
3.163981437683104914e-01
3.197845220565795898e-01
3.199796080589294434e-01
3.201664388179779053e-01
3.213947713375092108e-01
3.215630948543549139e-01
3.216290175914764404e-01
3.219740986824036200e-01
3.221732079982757568e-01
3.222961127758026123e-01
3.226047158241271973e-01
3.228391110897064209e-01
3.230040669441223145e-01
3.231283426284790039e-01
3.248797059059143066e-01
3.249897658824921209e-01
3.250643908977508545e-01
3.222644627094268799e-01
3.221277594566345215e-01
3.219148218631744385e-01
3.216977715492248535e-01
3.241375386714935303e-01
3.240674734115601141e-01
3.238828182220458984e-01
3.227013349533081055e-01
3.224692046642303467e-01
3.221507966518402100e-01
3.222488164901732843e-01
3.219403028488159180e-01
3.216226994991302490e-01
3.222158849239348810e-01
3.219975531101226807e-01
3.217937052249908447e-01
3.215116858482360840e-01
3.210307359695434570e-01
3.206873238086700439e-01
3.203495442867279053e-01
3.185188770294188898e-01
3.180737793445587158e-01
3.176375627517700195e-01
3.164122402667999268e-01
3.159322440624237061e-01
3.154652416706085205e-01
3.150267004966735840e-01
3.150388002395629883e-01
3.147031068801879883e-01
3.143939673900604248e-01
3.138844370841979980e-01
3.134820759296417236e-01
3.131437599658966064e-01
3.128434121608734131e-01
3.126049041748046875e-01
3.122788369655609131e-01
3.120404481887816828e-01
3.113602101802825928e-01
3.110858201980590820e-01
3.108340203762054443e-01
3.107596933841704767e-01
3.106640577316284180e-01
3.105266392230987549e-01
3.086111545562744141e-01
3.084217905998229980e-01
3.081017434597015381e-01
3.078769743442535400e-01
3.080785274505615234e-01
3.077414333820343018e-01
3.077597320079803467e-01
3.066207170486450195e-01
3.063687682151794434e-01
3.062287569046020508e-01
3.067653477191925049e-01
3.067772686481475830e-01
3.066955506801605225e-01
3.063713908195496161e-01
3.062843084335327148e-01
3.062175810337067206e-01
3.060524463653564453e-01
3.077837228775024414e-01
3.078325688838958740e-01
3.079990148544311523e-01
3.063343167304993231e-01
3.064011335372924805e-01
3.063982129096984863e-01
3.048844933509827215e-01
3.047236800193786621e-01
3.046005666255950928e-01
3.045244812965393066e-01
3.046708703041077215e-01
3.046478033065795898e-01
3.046358525753021240e-01
3.016025722026824951e-01
3.013794124126434326e-01
3.010713160037994385e-01
3.028775751590728760e-01
3.026928007602692206e-01
3.024994432926177979e-01
3.022419512271881104e-01
3.005527853965759277e-01
3.003797829151153564e-01
3.002384006977080744e-01
3.001161813735961914e-01
2.998009026050568182e-01
2.995808124542236328e-01
2.978049218654633123e-01
2.975513339042664129e-01
2.973298132419586182e-01
2.975900769233704168e-01
2.972830533981323242e-01
2.969512939453125000e-01
2.965257167816162109e-01
2.977182865142822266e-01
2.974056303501129150e-01
2.971859574317932129e-01
2.964224219322205145e-01
2.961577475070952814e-01
2.958928644657135010e-01
2.944757938385010321e-01
2.940102517604827881e-01
2.935268580913544256e-01
2.930637300014495850e-01
2.943232655525207520e-01
2.938756942749023438e-01
2.937332689762115479e-01
2.940314114093780518e-01
2.937350869178771973e-01
2.936698794364929199e-01
2.982579469680786133e-01
2.984169721603393555e-01
2.987110018730164129e-01
3.013295531272888184e-01
3.017762303352355957e-01
3.022605776786804199e-01
3.027616143226623535e-01
3.028637468814849854e-01
3.034675717353820801e-01
3.038266897201538086e-01
3.036533892154693604e-01
3.041840493679046631e-01
3.043750524520874023e-01
3.063841760158538818e-01
3.067890703678131104e-01
3.071269094944000244e-01
3.074889779090880793e-01
3.101766407489777166e-01
3.106043934822082520e-01
3.111345171928405762e-01
3.149180114269257147e-01
3.155458271503448486e-01
3.161089420318603516e-01
3.146296441555023193e-01
3.149488866329193115e-01
3.154007196426392157e-01
3.155242204666137695e-01
3.128462731838226318e-01
3.128108978271484375e-01
3.128342628479003906e-01
3.113547861576080322e-01
3.111547231674194336e-01
3.107323348522186279e-01
3.105927705764770508e-01
3.103165030479431152e-01
3.098755180835723877e-01
3.090300559997558594e-01
3.085583448410034180e-01
3.081127107143402100e-01
3.076592087745666504e-01
3.052488267421722412e-01
3.047216832637786865e-01
3.042467534542083740e-01
3.027412593364716131e-01
3.022322058677672785e-01
3.016893267631530762e-01
3.037655353546142578e-01
3.033597171306610107e-01
3.030095994472504217e-01
3.026264309883117676e-01
3.037661015987396240e-01
3.035361170768737793e-01
3.033233582973480225e-01
3.013201355934143066e-01
3.010638058185576837e-01
3.007413744926453192e-01
3.027400970458984375e-01
3.024835288524628241e-01
3.022747635841369629e-01
3.021102845668792725e-01
2.993828058242797852e-01
2.990041077136992853e-01
2.986823022365570068e-01
2.983689308166503906e-01
2.979114949703217108e-01
2.974726557731628418e-01
2.970418334007263184e-01
2.965495884418487549e-01
2.959910035133361816e-01
2.954614758491516113e-01
2.972121536731719971e-01
2.968546748161315918e-01
2.964796423912048340e-01
2.946618199348449707e-01
2.943350970745087225e-01
2.939756214618682861e-01
2.966884672641754150e-01
2.965751290321350098e-01
2.965069115161895752e-01
2.952199876308441162e-01
2.949967682361602783e-01
2.949070632457733154e-01
2.947687208652496338e-01
2.937470972537994385e-01
2.935557067394257147e-01
2.932974100112915039e-01
2.925885021686553955e-01
2.922741472721099854e-01
2.920062243938446045e-01
2.934353649616240900e-01
2.934821248054504395e-01
2.933553755283356268e-01
2.934469580650329590e-01
2.926822304725646973e-01
2.927514612674713135e-01
2.928139865398406982e-01
2.925946414470673163e-01
2.926740944385529120e-01
2.928043305873870850e-01
2.958606183528900146e-01
2.961812019348144531e-01
2.969065606594085693e-01
2.971539497375488281e-01
2.977656424045562744e-01
2.981769442558289129e-01
2.988518476486206055e-01
3.004665374755859375e-01
3.009690344333649237e-01
3.015525341033935547e-01
3.021968901157379150e-01
3.026319742202758789e-01
3.032608032226562500e-01
3.032350540161132812e-01
3.037336468696594238e-01
3.042408525943756104e-01
3.047234416007996161e-01
3.046712577342987061e-01
3.051440119743347168e-01
3.055626153945922852e-01
3.033381700515747070e-01
3.035952150821685791e-01
3.038899004459381104e-01
3.038749098777770996e-01
3.041240572929382324e-01
3.045012950897216797e-01
3.047997057437896729e-01
3.075808882713317871e-01
3.079468905925750732e-01
3.083394765853881836e-01
3.099716901779174805e-01
3.104365468025207520e-01
3.108235001564025879e-01
3.085504174232482910e-01
3.088856935501098633e-01
3.091321587562561035e-01
3.108955919742584229e-01
3.111667335033416748e-01
3.114414215087890625e-01
3.117337822914123535e-01
3.141932785511016846e-01
3.144806623458862305e-01
3.147970438003540039e-01
3.150276541709899902e-01
3.152771890163421631e-01
3.153385818004608154e-01
3.169996440410614014e-01
3.170696198940277100e-01
3.171330392360687256e-01
3.172128200531005859e-01
3.171414732933044434e-01
3.171161711215972900e-01
3.170635998249053955e-01
3.172861039638519287e-01
3.171193301677703857e-01
3.168904483318328857e-01
3.164629638195037842e-01
3.161367475986481268e-01
3.157952427864075262e-01
3.153301775455474854e-01
3.165701627731323242e-01
3.162311613559722900e-01
3.158820867538452148e-01
3.151634931564331055e-01
3.146033883094788153e-01
3.142648637294768732e-01
3.126001358032226562e-01
3.119399845600128174e-01
3.111233413219451904e-01
3.062272071838378906e-01
3.052754998207092285e-01
3.041407167911528986e-01
3.031598329544067383e-01
3.020564913749694824e-01
3.010019063949584961e-01
3.000032305717468262e-01
2.955365777015686035e-01
2.942818701267242432e-01
2.929779291152954102e-01
2.918159365653992254e-01
2.906567752361297607e-01
2.895939052104949951e-01
2.884234488010406494e-01
2.880337834358215332e-01
2.869633734226226807e-01
2.860478460788726807e-01
2.863319218158721924e-01
2.856271266937255859e-01
2.848873734474182129e-01
2.848312854766845703e-01
2.842673957347869873e-01
2.839226126670836847e-01
2.836616635322570801e-01
2.812860906124114990e-01
2.810048758983612061e-01
2.809034287929534912e-01
2.768927216529846191e-01
2.768179476261138916e-01
2.764269113540648859e-01
2.759850919246673584e-01
2.758495211601256769e-01
2.755653858184814453e-01
2.754262089729309082e-01
2.769005596637725830e-01
2.770201563835144043e-01
2.770226299762725830e-01
2.767160236835480291e-01
2.768360376358032227e-01
2.768761217594146729e-01
2.815293371677399237e-01
2.817583084106444757e-01
2.822126746177672785e-01
2.832119464874268133e-01
2.835286557674407959e-01
2.839073240756988525e-01
2.845299541950225830e-01
2.860410213470458984e-01
2.866981327533721924e-01
2.872713506221771240e-01
2.882495522499084473e-01
2.888022661209106445e-01
2.893766164779663086e-01
2.898045480251312256e-01
2.903586328029633123e-01
2.907703518867493231e-01
2.912602126598358154e-01
2.919842302799224854e-01
2.922735512256622314e-01
2.927329838275908869e-01
2.917961478233336847e-01
2.920562922954559326e-01
2.923355400562286377e-01
2.937832474708557129e-01
2.940730154514312744e-01
2.943355441093444824e-01
2.950524389743804932e-01
2.953103184700012207e-01
2.955335378646850586e-01
2.956642508506774902e-01
2.945299744606018066e-01
2.946106195449829102e-01
2.946155369281768799e-01
2.917355298995972235e-01
2.914416491985321045e-01
2.912608683109283447e-01
2.903129458427429199e-01
2.900364100933074951e-01
2.897191941738129217e-01
2.895853221416472834e-01
2.916358709335327148e-01
2.915323078632354736e-01
2.913532555103302002e-01
2.893412113189697266e-01
2.891095578670501709e-01
2.888897955417633057e-01
2.905317246913909912e-01
2.905762493610382080e-01
2.906328141689300537e-01
2.908838391304016113e-01
2.893591821193695068e-01
2.894233465194702148e-01
2.894886732101440430e-01
2.861361503601074219e-01
2.861468791961669922e-01
2.860780656337738037e-01
2.878720760345458984e-01
2.879734039306641180e-01
2.883547246456146240e-01
2.873372137546539307e-01
2.876846194267272949e-01
2.879072129726409912e-01
2.883282601833343506e-01
2.898716628551483154e-01
2.903105616569519043e-01
2.908473014831542969e-01
2.913565933704376221e-01
2.917869985103607178e-01
2.923986911773681641e-01
2.895086109638214111e-01
2.899296581745148260e-01
2.903115451335906982e-01
2.906051874160766602e-01
2.929194569587707520e-01
2.932569384574890137e-01
2.936730384826660156e-01
2.979989945888519287e-01
2.985674440860748291e-01
2.990911602973937988e-01
2.975924313068389893e-01
2.979572117328643799e-01
2.984535992145538330e-01
2.988140583038330078e-01
2.999087870121002197e-01
3.004028499126434326e-01
3.005222976207733154e-01
3.023958802223205566e-01
3.025344610214232843e-01
3.030441403388977051e-01
3.013411462306976318e-01
3.014027178287506104e-01
3.013085722923278809e-01
3.026816546916961670e-01
3.027744293212890625e-01
3.029454946517944336e-01
3.031599521636962891e-01
3.018722236156464178e-01
3.018428683280944824e-01
3.020178079605102539e-01
3.029477596282958984e-01
3.028939962387084961e-01
3.027939498424530029e-01
3.046524822711945135e-01
3.045624196529388428e-01
3.046398162841796875e-01
3.045976161956787109e-01
3.049491643905640204e-01
3.049620389938354492e-01
3.046250641345977783e-01
3.032605350017548163e-01
3.030025660991669256e-01
3.025636374950408936e-01
3.015247583389282227e-01
3.012183308601379395e-01
3.008863925933837891e-01
3.003000617027283270e-01
3.005865514278411865e-01
3.000083267688751221e-01
3.000783026218414307e-01
2.985352575778961182e-01
2.984200716018676758e-01
2.982779145240784247e-01
2.961475551128387451e-01
2.958558499813079834e-01
2.956981658935546875e-01
2.953724563121796209e-01
2.931402921676635742e-01
2.929102778434752863e-01
2.924978733062744141e-01
2.935074567794799805e-01
2.933042049407958984e-01
2.930047512054443359e-01
2.922455668449401855e-01
2.921906411647797186e-01
2.920111417770385742e-01
2.928381562232971191e-01
2.925485968589783270e-01
2.926807701587677002e-01
2.926528155803680420e-01
2.938614487648010254e-01
2.939940392971038818e-01
2.942239344120025635e-01
2.936646342277526855e-01
2.936889231204986572e-01
2.938379645347595215e-01
2.941713929176330566e-01
2.942437529563903809e-01
2.943146526813507080e-01
2.943159043788909912e-01
2.953069508075714111e-01
2.952980697154998779e-01
2.954446673393248957e-01
2.928608059883117676e-01
2.927283346652985174e-01
2.928338348865509033e-01
2.936210036277770996e-01
2.935666441917419434e-01
2.936810553073883057e-01
2.931573688983917236e-01
2.932204902172089178e-01
2.933303415775299072e-01
2.932871580123900812e-01
2.934480011463164728e-01
2.935497164726256769e-01
2.935842871665954590e-01
2.953706681728363037e-01
2.955449223518372137e-01
2.954262793064116877e-01
2.972218990325927734e-01
2.974094152450560968e-01
2.975692451000213623e-01
2.977930009365081787e-01
2.994378507137298584e-01
2.996147274971008301e-01
2.999390363693236750e-01
3.004621267318725586e-01
3.007808327674865723e-01
3.008732199668884277e-01
3.011307120323181152e-01
3.011821210384368896e-01
3.013302385807036798e-01
3.014492392539978027e-01
2.992435693740844727e-01
2.991169691085815430e-01
2.990205287933349609e-01
2.992324829101562500e-01
2.991147041320800781e-01
2.989765405654907227e-01
2.970790565013884943e-01
2.969765067100524902e-01
2.966154813766479492e-01
2.973221242427825928e-01
2.971506714820861816e-01
2.968847751617432196e-01
2.967287600040435791e-01
2.965594232082366943e-01
2.963331639766693115e-01
2.961885929107666016e-01
2.955253422260284424e-01
2.953694164752960205e-01
2.951916456222534180e-01
2.932510077953338623e-01
2.929185330867767334e-01
2.927073836326599121e-01
2.926538884639739990e-01
2.921701073646544855e-01
2.920716702938079834e-01
2.919835746288300116e-01
2.925880849361420233e-01
2.925545573234558105e-01
2.925606071949005127e-01
2.927969694137573242e-01
2.927284240722656250e-01
2.927155792713164728e-01
2.928867042064666748e-01
2.923219501972198486e-01
2.923635244369506836e-01
2.923637926578521729e-01
2.914617359638214111e-01
2.915060222148895264e-01
2.917494475841522217e-01
2.935597300529479980e-01
2.937238514423370361e-01
2.938433587551116943e-01
2.927881777286528986e-01
2.929304838180541992e-01
2.931365668773651123e-01
2.934303283691406250e-01
2.930562198162078857e-01
2.931590378284454346e-01
2.932625710964202881e-01
2.913075089454650879e-01
2.914411425590515137e-01
2.915030717849731445e-01
2.909634709358215332e-01
2.910440564155578613e-01
2.909443974494934082e-01
2.909583747386932373e-01
2.920392751693725586e-01
2.920399904251098633e-01
2.920288443565369207e-01
2.924437522888184149e-01
2.925561666488647461e-01
2.925922572612762451e-01
2.934381067752838135e-01
2.936393320560455322e-01
2.936607003211975098e-01
2.938520312309265137e-01
2.925370931625366211e-01
2.925652861595153809e-01
2.925963103771209717e-01
2.920827269554138184e-01
2.919452488422393799e-01
2.920934259891510010e-01
2.903543412685394287e-01
2.901304066181182861e-01
2.900669574737548828e-01
2.900938987731933594e-01
2.902777791023254395e-01
2.901531755924224854e-01
2.900018692016601562e-01
2.915439605712890625e-01
2.916659116744995117e-01
2.917096316814422607e-01
2.912010252475738525e-01
2.912444770336151123e-01
2.912563681602478027e-01
2.936418950557708740e-01
2.938730418682098389e-01
2.939957678318024237e-01
2.941644489765167236e-01
2.927237749099731445e-01
2.928141653537750244e-01
2.930948734283447266e-01
2.918541133403778076e-01
2.919637858867645264e-01
2.920305132865905762e-01
2.903822660446166992e-01
2.904943525791168213e-01
2.905329763889312744e-01
2.905520796775817871e-01
2.892645299434661865e-01
2.893029451370239258e-01
2.891878187656402588e-01
2.908656001091003418e-01
2.908754348754882812e-01
2.909742593765258789e-01
2.890873551368712824e-01
2.891916930675506592e-01
2.891392707824707031e-01
2.898155450820922852e-01
2.899658679962158203e-01
2.900898456573486328e-01
2.901454269886016846e-01
2.902221679687500000e-01
2.903863191604614258e-01
2.903921604156494141e-01
2.907600700855255127e-01
2.910470664501189630e-01
2.910503149032592773e-01
2.901744842529296875e-01
2.902530431747436523e-01
2.903652489185333252e-01
2.903622984886168878e-01
2.909732758998870850e-01
2.911030650138854980e-01
2.913310229778289795e-01
2.895391285419464111e-01
2.897173762321472168e-01
2.897407710552216131e-01
2.901868820190429688e-01
2.900816798210144043e-01
2.903274893760681152e-01
2.903377711772919256e-01
2.892205417156219482e-01
2.892415523529052734e-01
2.893230915069580078e-01
2.887769639492034912e-01
2.888257205486297607e-01
2.888101041316986084e-01
2.891646027565002441e-01
2.892210781574249268e-01
2.892272472381591797e-01
2.884573340415954590e-01
2.884304523468017578e-01
2.885534167289733887e-01
2.885730862617493231e-01
2.886791825294494629e-01
2.886308133602142334e-01
2.886257469654083252e-01
2.876551151275634766e-01
2.878336310386657715e-01
2.878234386444091797e-01
2.889787852764129639e-01
2.890398204326629639e-01
2.893132865428925116e-01
2.893981337547302246e-01
2.918565869331359863e-01
2.921826243400573730e-01
2.924025952816008966e-01
2.925811707973480225e-01
2.929278016090393066e-01
2.932453453540802002e-01
2.933199405670166016e-01
2.935101687908173163e-01
2.940582633018493652e-01
2.944326996803284247e-01
2.955748140811920166e-01
2.959382832050323486e-01
2.962474524974822998e-01
2.967960536479949951e-01
2.970313429832458496e-01
2.974258363246917725e-01
2.996810674667358398e-01
3.002012372016906738e-01
3.007326126098632812e-01
3.008588254451752264e-01
3.011182844638824463e-01
3.014774024486541748e-01
3.018398582935333252e-01
3.025793135166168213e-01
3.029469549655914307e-01
3.032329082489013672e-01
3.019613027572631836e-01
3.021268546581268311e-01
3.022797405719757080e-01
3.000707030296325684e-01
2.999990582466124933e-01
2.999559640884399414e-01
2.998353540897368830e-01
2.982887625694274902e-01
2.980594336986541748e-01
2.978814840316772461e-01
2.974955439567565918e-01
2.974873781204224188e-01
2.971019446849822998e-01
2.992845177650452215e-01
2.991331517696381170e-01
2.988578379154204767e-01
2.989862263202667236e-01
2.996878921985626221e-01
2.996403872966766357e-01
2.995741367340087891e-01
2.975908219814300537e-01
2.975316643714904785e-01
2.974408864974976141e-01
2.982285618782043457e-01
2.981071770191193182e-01
2.980999648571014404e-01
2.979883253574371338e-01
2.952869534492493231e-01
2.952747046947479248e-01
2.950679361820220947e-01
2.927624285221099854e-01
2.924988865852355957e-01
2.923411428928375244e-01
2.944947779178619385e-01
2.944070696830748957e-01
2.941206097602844238e-01
2.950941324234008789e-01
2.951044738292694092e-01
2.949477732181549072e-01
2.950784564018248957e-01
2.943210899829864502e-01
2.944151759147644043e-01
2.944141924381256104e-01
2.947496175765991211e-01
2.949374914169311523e-01
2.947486340999603271e-01
2.944022119045257568e-01
2.944610416889191229e-01
2.943263947963714600e-01
2.945864796638488770e-01
2.914326488971710205e-01
2.912903130054473877e-01
2.910878658294677734e-01
2.907789945602416992e-01
2.905934154987335205e-01
2.903888523578643799e-01
2.924651801586151123e-01
2.923063337802886963e-01
2.923907041549682617e-01
2.912276685237884521e-01
2.909298241138458252e-01
2.906991541385650635e-01
2.904966473579406738e-01
2.865905165672302246e-01
2.862069010734558105e-01
2.859664857387542725e-01
2.838753163814545233e-01
2.834329605102539062e-01
2.831940948963164728e-01
2.849192619323730469e-01
2.849001884460449219e-01
2.846527397632598877e-01
2.844538390636444092e-01
2.834062874317169189e-01
2.831362485885620117e-01
2.830395996570587158e-01
2.802657186985015869e-01
2.801239490509033203e-01
2.799046337604523260e-01
2.809661328792572021e-01
2.807715833187103271e-01
2.805711030960083008e-01
2.806687951087952215e-01
2.803721725940704346e-01
2.801672816276550293e-01
2.800264656543732245e-01
2.811399698257446289e-01
2.811165750026702881e-01
2.809849977493286133e-01
2.816753685474395752e-01
2.819797992706298828e-01
2.820135653018951416e-01
2.831478118896484375e-01
2.833957970142364502e-01
2.836005687713623047e-01
2.838225960731506348e-01
2.835844457149505615e-01
2.835865914821624756e-01
2.835855185985565186e-01
2.835961282253264826e-01
2.835092544555664062e-01
2.834330201148986816e-01
2.848970890045166016e-01
2.848342955112457275e-01
2.848490774631500244e-01
2.849825918674468994e-01
2.845482230186462402e-01
2.845948636531829834e-01
2.845414876937866211e-01
2.847432196140288752e-01
2.846013009548187256e-01
2.844136059284210205e-01
2.836528420448303223e-01
2.835179865360260010e-01
2.831618487834930420e-01
2.830184996128082275e-01
2.817418575286865234e-01
2.816436588764191229e-01
2.812033891677856445e-01
2.809191942214965820e-01
2.806170880794525146e-01
2.802541553974152166e-01
2.801302075386047363e-01
2.796715497970581055e-01
2.792914211750030518e-01
2.786895036697388250e-01
2.786541879177092951e-01
2.778965532779693604e-01
2.775585949420928955e-01
2.756359279155731201e-01
2.756227254867553711e-01
2.749156355857849121e-01
2.733028233051300049e-01
2.724936902523040771e-01
2.716016471385955811e-01
2.715518474578856867e-01
2.708271145820617676e-01
2.703125178813934326e-01
2.696648836135864258e-01
2.692714333534240723e-01
2.687457501888275146e-01
2.681108713150024414e-01
2.675587236881256104e-01
2.668747007846832275e-01
2.665649354457855225e-01
2.644897699356079102e-01
2.643288075923920233e-01
2.639177143573760986e-01
2.636314332485198975e-01
2.615187168121337891e-01
2.609865963459014893e-01
2.604228854179382324e-01
2.582852244377136230e-01
2.575380504131317139e-01
2.569320797920227051e-01
2.566895782947540283e-01
2.560985982418060303e-01
2.554964721202850342e-01
2.532342374324798584e-01
2.525117993354796808e-01
2.520017623901367188e-01
2.509885728359222412e-01
2.483448982238768976e-01
2.476095408201217374e-01
2.470334023237228394e-01
2.462661415338515958e-01
2.456584572792052945e-01
2.450372427701950073e-01
2.448598444461822510e-01
2.444653511047363559e-01
2.441646754741668979e-01
2.439348250627517423e-01
2.433972209692001065e-01
2.429172694683074951e-01
2.423386126756668091e-01
2.421479076147079468e-01
2.417610585689544955e-01
2.415733039379119873e-01
2.414454221725463867e-01
2.412426471710205078e-01
2.410552054643630981e-01
2.409235537052154541e-01
2.418614029884338379e-01
2.419045567512511929e-01
2.421221435070037564e-01
2.431158870458602905e-01
2.431462705135344904e-01
2.440243959426880160e-01
2.451537698507308960e-01
2.454149127006531039e-01
2.454562038183212558e-01
2.452061623334884921e-01
2.463444918394089023e-01
2.474020868539810458e-01
2.479885965585708896e-01
2.496456056833266934e-01
2.502078711986541748e-01
2.507725358009338379e-01
2.533169388771057129e-01
2.539384961128234863e-01
2.547637522220612127e-01
2.513725161552429199e-01
2.516639530658721924e-01
2.519856691360473633e-01
2.526258230209350586e-01
2.522884607315063477e-01
2.526161074638367254e-01
2.528667151927947998e-01
2.523320615291595459e-01
2.528116106986999512e-01
2.531290054321289062e-01
2.521152794361114502e-01
2.524275183677672785e-01
2.528132200241088867e-01
2.528422474861145020e-01
2.528502047061919611e-01
2.528415322303771973e-01
2.532823085784912109e-01
2.531571686267852783e-01
2.533955574035644531e-01
2.535054981708526611e-01
2.533816099166869562e-01
2.533610761165618896e-01
2.536295652389526367e-01
2.523641884326934814e-01
2.522528171539306641e-01
2.523818016052246094e-01
2.524424493312836248e-01
2.518867552280426025e-01
2.526051104068756104e-01
2.523198425769805908e-01
2.509905993938446045e-01
2.516064047813415527e-01
2.519276738166809082e-01
2.510097324848175049e-01
2.513282597064971924e-01
2.514659762382507324e-01
2.523293495178223211e-01
2.552691996097565252e-01
2.557287216186523438e-01
2.563525140285491943e-01
2.571980357170104980e-01
2.578821480274200439e-01
2.589259445667266846e-01
2.590065002441406250e-01
2.600685656070709229e-01
2.609473466873168945e-01
2.615708708763122559e-01
2.612132430076599121e-01
2.620787918567656916e-01
2.627629339694976807e-01
2.608771324157714844e-01
2.614697813987731934e-01
2.619535923004150391e-01
2.604662775993347168e-01
2.611334323883057196e-01
2.618076801300048828e-01
2.637628912925719660e-01
2.645547389984130859e-01
2.651048004627227783e-01
2.662220895290374756e-01
2.655070424079895020e-01
2.663888037204742432e-01
2.670109570026397705e-01
2.648401260375977118e-01
2.654817402362823486e-01
2.658235728740692139e-01
2.674098610877990723e-01
2.682430446147919256e-01
2.689759433269500732e-01
2.696560323238372803e-01
2.703725695610046387e-01
2.711208462715148926e-01
2.719097435474395752e-01
2.719079256057739258e-01
2.725361287593841553e-01
2.729040980339050293e-01
2.769593000411987305e-01
2.777074277400970459e-01
2.785919308662414551e-01
2.797146439552307129e-01
2.827552556991577148e-01
2.839546501636505127e-01
2.850202918052672785e-01
2.858546376228332520e-01
2.871640026569366455e-01
2.883702814579010010e-01
2.887123227119445801e-01
2.900139987468719482e-01
2.910212278366088867e-01
2.934766709804534912e-01
2.948443591594696045e-01
2.959850132465362549e-01
2.969328165054320734e-01
2.983110845088958740e-01
2.992532551288604736e-01
3.006132543087005615e-01
2.980979681015014648e-01
2.988667488098144531e-01
2.995334565639495850e-01
3.007716238498687744e-01
3.014627397060394287e-01
3.019574582576752264e-01
3.025614321231842041e-01
3.019771277904510498e-01
3.023835420608520508e-01
3.027325570583343506e-01
3.027105927467346191e-01
3.030686676502227783e-01
3.035379052162170410e-01
3.025440871715545654e-01
3.027334213256835938e-01
3.028448820114135742e-01
3.029786646366119385e-01
3.016766309738159180e-01
3.015950918197631836e-01
3.017796576023101807e-01
3.018549382686614990e-01
3.018490076065063477e-01
3.018429279327393133e-01
3.011192679405212402e-01
3.012186586856842041e-01
3.010467886924744207e-01
2.999615669250488281e-01
2.999762296676635742e-01
3.000320494174957275e-01
3.001430034637451172e-01
2.995919585227966309e-01
2.996876835823059082e-01
2.999235689640045166e-01
2.989456653594971258e-01
2.990019321441650391e-01
2.990871369838714600e-01
2.970646917819976807e-01
2.971786856651306152e-01
2.973626852035522461e-01
2.976407110691070557e-01
3.004184365272521973e-01
3.008229434490203857e-01
3.012485802173614502e-01
3.007545769214630127e-01
3.012139499187468927e-01
3.017227649688721258e-01
3.018421232700347900e-01
3.023436665534973145e-01
3.028308451175689697e-01
3.032799959182739258e-01
3.069892823696136475e-01
3.077310919761657715e-01
3.085208535194396973e-01
3.113086521625518799e-01
3.122307062149047852e-01
3.135231435298920233e-01
3.143741190433502197e-01
3.153955936431884766e-01
3.167831003665924072e-01
3.188244104385375977e-01
3.200930058956146240e-01
3.213119208812713623e-01
3.224530220031738281e-01
3.237090110778809149e-01
3.248921632766724188e-01
3.260204195976256769e-01
3.246858716011047363e-01
3.255971372127532959e-01
3.265217542648315430e-01
3.269171416759490967e-01
3.276175260543823242e-01
3.285475969314575195e-01
3.294042944908142090e-01
3.304164111614227295e-01
3.311486840248107910e-01
3.319441080093383789e-01
3.327087759971619207e-01
3.333770036697388250e-01
3.339895308017731268e-01
3.356581330299376886e-01
3.362033963203430176e-01
3.369675576686859131e-01
3.375672399997711182e-01
3.396154642105102539e-01
3.401840925216674805e-01
3.407542109489440918e-01
3.395144343376160223e-01
3.399263024330139160e-01
3.402830660343170166e-01
3.400819003582000732e-01
3.403552472591400146e-01
3.405220806598663330e-01
3.375179469585419256e-01
3.374319970607757568e-01
3.374979794025421143e-01
3.374510109424591064e-01
3.342567384243011475e-01
3.340942263603210449e-01
3.338736295700073242e-01
3.348222076892852783e-01
3.347355723381042480e-01
3.347848057746887207e-01
3.321879506111145020e-01
3.322140574455261230e-01
3.322145640850067139e-01
3.320707082748413086e-01
3.330598771572113037e-01
3.332388103008269709e-01
3.336817324161528986e-01
3.329724967479705811e-01
3.332965970039368231e-01
3.333905935287476141e-01
3.335260152816772461e-01
3.338544070720673163e-01
3.341611623764038086e-01
3.346354961395264227e-01
3.385064303874968927e-01
3.391898274421691895e-01
3.399516046047211248e-01
3.388791084289550781e-01
3.395331501960754395e-01
3.404406011104583740e-01
3.413989245891571045e-01
3.421459496021270752e-01
3.429426252841948908e-01
3.422814309597015381e-01
3.431250751018524170e-01
3.439547121524810791e-01
3.447479903697967529e-01
3.447341620922089178e-01
3.453367054462432861e-01
3.460895419120789129e-01
3.489463627338408869e-01
3.498027026653289795e-01
3.507285416126251221e-01
3.488970994949340820e-01
3.497496247291564941e-01
3.506214916706085205e-01
3.518800735473632812e-01
3.542594015598297119e-01
3.552534878253936768e-01
3.564265668392180841e-01
3.561723530292510986e-01
3.571928143501281738e-01
3.582076430320739746e-01
3.596686422824860174e-01
3.608651757240295965e-01
3.618609309196472168e-01
3.631498217582703192e-01
3.661737740039825439e-01
3.676188886165618896e-01
3.688707947731018066e-01
3.722691237926483154e-01
3.734461963176726740e-01
3.748457729816436768e-01
3.732559978961945135e-01
3.741784393787384033e-01
3.754666447639464777e-01
3.764587044715880793e-01
3.778000175952911932e-01
3.788404464721680243e-01
3.796875476837158203e-01
3.789214789867401123e-01
3.794994056224822998e-01
3.802369832992553711e-01
3.799311816692351740e-01
3.804639279842377264e-01
3.812603950500487726e-01
3.823123872280120850e-01
3.829898536205291748e-01
3.834792077541350763e-01
3.839032351970673163e-01
3.878827691078186035e-01
3.883920311927794855e-01
3.889869153499603271e-01
3.892973363399505615e-01
3.898242712020874023e-01
3.902467489242553711e-01
3.881058096885681152e-01
3.882227540016174316e-01
3.883104920387268066e-01
3.884337842464447021e-01
3.892269134521484930e-01
3.893153667449951172e-01
3.891397416591643732e-01
3.851098418235778809e-01
3.847191333770751953e-01
3.842615783214569092e-01
3.834469914436339777e-01
3.828424513339995783e-01
3.821472227573394775e-01
3.814245760440825306e-01
3.816474378108978271e-01
3.808721601963043213e-01
3.803203403949737549e-01
3.792112469673156738e-01
3.784606158733367920e-01
3.778251707553864081e-01
3.795407414436339777e-01
3.791301548480988104e-01
3.786830008029937744e-01
3.761852085590362549e-01
3.756479620933533270e-01
3.751836121082305908e-01
3.745960891246796209e-01
3.773235082626342773e-01
3.770647048950194757e-01
3.765783309936522882e-01
3.782917559146881104e-01
3.781549334526062012e-01
3.778731226921081543e-01
3.763782382011413574e-01
3.759809434413909912e-01
3.755811750888825018e-01
3.752195239067077637e-01
3.723486959934234619e-01
3.717736601829528809e-01
3.713107109069824219e-01
3.703390359878540039e-01
3.695952892303466797e-01
3.689378499984741211e-01
3.689041435718535822e-01
3.682529628276824951e-01
3.676135838031768799e-01
3.669183552265167236e-01
3.659421205520629883e-01
3.650654852390288752e-01
3.643020987510681152e-01
3.654813766479492188e-01
3.646206557750701904e-01
3.640019893646239679e-01
3.627950549125671942e-01
3.619900047779083252e-01
3.611812889575958252e-01
3.558235168457031250e-01
3.547156453132628839e-01
3.535805940628051758e-01
3.527070283889770508e-01
3.499554097652435303e-01
3.488898873329162598e-01
3.478124439716339111e-01
3.426869511604309082e-01
3.414544463157653809e-01
3.401657938957214355e-01
3.382295370101929266e-01
3.370085656642913818e-01
3.357095718383789062e-01
3.347035050392150879e-01
3.353434801101685125e-01
3.344507813453674316e-01
3.334455192089080811e-01
3.308665454387664795e-01
3.298775851726531982e-01
3.291071355342864990e-01
3.302266895771026611e-01
3.295911550521850586e-01
3.289998173713684082e-01
3.308563530445098877e-01
3.306525051593780518e-01
3.304263949394226074e-01
3.300614655017852783e-01
3.290148973464965820e-01
3.286580443382263184e-01
3.282217979431152344e-01
3.290953040122985840e-01
3.288844823837280273e-01
3.286151587963104248e-01
3.313126266002655029e-01
3.313883244991302490e-01
3.312583565711975098e-01
3.312786519527435303e-01
3.296734094619750977e-01
3.295649290084838867e-01
3.294287621974945068e-01
3.265779912471771240e-01
3.262767493724822998e-01
3.258030712604523260e-01
3.281293213367462158e-01
3.278415799140930176e-01
3.275240659713745117e-01
3.270339667797089178e-01
3.274588882923126221e-01
3.272031843662261963e-01
3.268581926822662354e-01
3.290027379989624023e-01
3.287037611007690430e-01
3.284397721290588379e-01
3.277524113655090332e-01
3.272404372692108154e-01
3.270054459571838379e-01
3.260283172130585272e-01
3.255505859851837158e-01
3.251929283142089844e-01
3.249206542968750000e-01
3.226296007633209229e-01
3.222233355045318604e-01
3.217121958732604980e-01
3.189054429531096857e-01
3.181849718093872070e-01
3.173851370811462402e-01
3.184881210327148438e-01
3.178344964981079102e-01
3.172312676906585693e-01
3.164567351341248114e-01
3.172134160995483398e-01
3.166828751564025879e-01
3.163416087627410889e-01
3.138451278209686279e-01
3.131123781204224188e-01
3.124555051326752264e-01
3.096320331096649170e-01
3.087186217308044434e-01
3.080365061759948730e-01
3.071147203445434570e-01
3.063869774341583252e-01
3.055624067783356268e-01
3.047173917293549139e-01
3.005256354808807373e-01
2.994506359100341797e-01
2.983331084251403809e-01
2.952872514724731445e-01
2.942174077033997137e-01
2.932977974414824884e-01
2.922847867012023926e-01
2.926910817623138428e-01
2.918450832366943359e-01
2.912306785583496094e-01
2.895575463771820068e-01
2.888725697994232178e-01
2.882285416126251221e-01
2.856982350349426270e-01
2.851643562316894531e-01
2.845869362354278564e-01
2.832582890987396240e-01
2.827267050743103027e-01
2.821573913097381592e-01
2.814190089702606201e-01
2.827389240264893133e-01
2.824048697948455811e-01
2.821165323257446289e-01
2.816371023654937744e-01
2.812362909317017157e-01
2.811720073223114014e-01
2.814283668994904120e-01
2.813207805156707764e-01
2.812236845493317206e-01
2.813479006290435791e-01
2.814901173114777166e-01
2.816792130470275879e-01
2.817386984825134277e-01
2.829280197620391846e-01
2.832038104534149170e-01
2.834238708019257147e-01
2.830139100551605225e-01
2.833220064640045166e-01
2.835187315940856934e-01
2.851293087005615234e-01
2.855234444141387939e-01
2.857022881507872980e-01
2.861459255218505859e-01
2.849938869476318359e-01
2.851027250289916992e-01
2.852583825588226318e-01
2.849743664264678955e-01
2.849628329277038574e-01
2.850877344608306885e-01
2.844276130199432373e-01
2.844080924987792969e-01
2.843007445335388184e-01
2.841175198554993231e-01
2.845081984996796209e-01
2.842990458011627197e-01
2.841753363609313965e-01
2.838628888130187988e-01
2.835973501205444336e-01
2.834911048412322998e-01
2.810748219490051270e-01
2.807492613792419434e-01
2.804489135742187500e-01
2.801981270313262939e-01
2.794559299945831299e-01
2.790171504020690918e-01
2.787659168243408203e-01
2.798964977264404297e-01
2.795722782611846924e-01
2.793576121330261230e-01
2.780867815017700195e-01
2.778016626834868830e-01
2.776547372341156006e-01
2.787315845489501953e-01
2.786945402622222900e-01
2.786864936351776123e-01
2.786477804183959961e-01
2.768916189670562744e-01
2.769289910793304443e-01
2.768550813198089600e-01
2.750999033451080322e-01
2.748859226703643799e-01
2.747615277767180841e-01
2.771426737308502197e-01
2.771125435829162598e-01
2.772597968578338623e-01
2.773182988166809082e-01
2.782875001430511475e-01
2.783776819705963135e-01
2.785309255123138428e-01
2.777502238750457764e-01
2.779875397682189941e-01
2.781883180141448975e-01
2.767652273178101141e-01
2.769482135772705078e-01
2.770577669143676758e-01
2.770206630229949951e-01
2.763948738574981689e-01
2.764692604541778564e-01
2.764507830142974854e-01
2.769681215286254883e-01
2.771463692188262939e-01
2.773519754409790039e-01
2.764717936515808105e-01
2.764873802661895752e-01
2.767131328582764227e-01
2.747703790664672852e-01
2.746469974517822266e-01
2.747827768325805664e-01
2.748101651668549139e-01
2.772540450096130371e-01
2.775629162788391113e-01
2.777687311172484796e-01
2.772519886493682861e-01
2.773331403732299805e-01
2.775766849517822266e-01
2.781204581260681152e-01
2.781872153282164972e-01
2.783266603946685791e-01
2.783777713775634766e-01
2.765649557113647461e-01
2.764731347560882568e-01
2.766278684139252264e-01
2.768371403217316229e-01
2.768624126911163330e-01
2.769311666488647461e-01
2.776768207550048828e-01
2.778017222881317139e-01
2.779525220394134521e-01
2.783700227737426758e-01
2.756615579128264826e-01
2.759106755256652832e-01
2.760876417160034180e-01
2.758558392524719238e-01
2.758884131908416748e-01
2.758302092552185059e-01
2.756799459457396906e-01
2.757270336151123047e-01
2.756505012512207031e-01
2.757064998149871826e-01
2.765865623950958252e-01
2.766165733337402344e-01
2.768691182136536200e-01
2.768851220607757568e-01
2.769171595573424738e-01
2.770542800426483154e-01
2.754275798797607422e-01
2.752948999404907227e-01
2.751834690570831299e-01
2.731072902679443359e-01
2.729925513267517090e-01
2.727638483047484796e-01
2.725083231925964355e-01
2.721420526504517157e-01
2.718731462955474854e-01
2.717320621013640802e-01
2.707259953022003174e-01
2.704823017120360773e-01
2.702810764312744141e-01
2.693538963794708252e-01
2.690132260322570801e-01
2.687350213527679443e-01
2.687735259532928467e-01
2.680814564228057861e-01
2.681094408035278320e-01
2.679832279682159424e-01
2.661207020282744806e-01
2.659326195716857910e-01
2.657467722892761230e-01
2.653559446334838867e-01
2.652403414249419611e-01
2.652766704559326172e-01
2.672891616821289062e-01
2.674181759357452393e-01
2.675762176513671875e-01
2.677700817584991455e-01
2.670957148075103760e-01
2.672896683216094971e-01
2.675103247165679932e-01
2.679905295372009277e-01
2.681957483291625977e-01
2.686676979064940851e-01
2.703298628330231268e-01
2.707388103008269709e-01
2.711741626262664795e-01
2.717204391956328791e-01
2.713055014610290527e-01
2.716830968856811523e-01
2.722230255603790283e-01
2.725992798805236816e-01
2.730279266834259033e-01
2.734566628932952881e-01
2.751840054988861084e-01
2.758579552173614502e-01
2.763955891132354736e-01
2.769928276538848877e-01
2.753947675228118896e-01
2.757158577442169189e-01
2.761642336845397949e-01
2.757566571235656738e-01
2.761276066303253174e-01
2.765703201293944757e-01
2.759623229503632147e-01
2.762043774127960205e-01
2.764209508895874023e-01
2.784514129161835272e-01
2.788579761981964111e-01
2.792406976222991943e-01
2.793370783329010010e-01
2.838819622993469238e-01
2.843954563140869141e-01
2.848448157310485840e-01
2.836234867572784424e-01
2.840720713138580322e-01
2.844231426715850830e-01
2.828244268894196112e-01
2.830204963684082031e-01
2.830982506275177002e-01
2.834499776363372803e-01
2.841252088546752930e-01
2.844292223453521729e-01
2.845602035522460938e-01
2.848999500274658203e-01
2.850905358791351318e-01
2.853475213050842285e-01
2.829153239727019709e-01
2.830108106136322021e-01
2.829459011554718018e-01
2.830258011817932129e-01
2.815988957881927490e-01
2.813366353511810303e-01
2.813889086246490479e-01
2.815373539924621582e-01
2.814608216285705566e-01
2.815243899822235107e-01
2.811558246612548828e-01
2.812304496765137274e-01
2.813096940517424982e-01
2.812599241733551025e-01
2.812542021274567206e-01
2.812601625919342041e-01
2.815176844596862793e-01
2.842717468738555908e-01
2.847035229206085205e-01
2.849926650524139404e-01
2.826380431652069092e-01
2.826932668685913086e-01
2.829606831073760986e-01
2.841001152992248535e-01
2.844324111938477118e-01
2.846229672431945801e-01
2.849803268909454346e-01
2.834354639053344727e-01
2.836314737796783447e-01
2.838221192359924316e-01
2.836637496948242188e-01
2.837578654289245605e-01
2.839156985282897949e-01
2.807565331459044855e-01
2.808045744895935059e-01
2.807756662368774414e-01
2.806047797203063965e-01
2.811571061611175537e-01
2.811159491539000910e-01
2.811672687530517578e-01
2.815143465995789129e-01
2.815394997596740723e-01
2.814701497554779053e-01
2.827581465244293213e-01
2.829508781433104914e-01
2.830851674079895020e-01
2.833872437477111816e-01
2.815262675285339355e-01
2.816600203514099121e-01
2.818270623683928888e-01
2.825928330421447754e-01
2.828426063060760498e-01
2.832327783107757568e-01
2.829221487045288086e-01
2.833209931850432794e-01
2.835421264171600342e-01
2.847383320331572931e-01
2.851318120956420898e-01
2.856349945068359375e-01
2.858887314796447754e-01
2.837092578411102295e-01
2.838836312294006348e-01
2.844877243041992188e-01
2.849207222461700439e-01
2.853391766548156738e-01
2.856933176517486572e-01
2.866328358650207520e-01
2.870488464832305908e-01
2.875919044017791748e-01
2.882496416568756104e-01
2.896937727928161621e-01
2.903953790664672852e-01
2.909970283508300781e-01
2.922842800617218018e-01
2.927927970886230469e-01
2.933974862098693848e-01
2.935713231563568115e-01
2.941024899482727051e-01
2.946160435676575262e-01
2.929849624633789062e-01
2.932578325271606445e-01
2.936793267726898193e-01
2.938934564590454102e-01
2.920423448085784912e-01
2.920993268489837646e-01
2.923229336738586426e-01
2.903065681457519531e-01
2.900427877902985174e-01
2.901245951652526855e-01
2.879208326339721680e-01
2.877497375011444092e-01
2.875670492649078369e-01
2.873029112815856934e-01
2.859223186969757080e-01
2.856129407882690430e-01
2.854136824607849121e-01
2.882735729217528742e-01
2.882135808467864990e-01
2.881401777267456055e-01
2.867231369018555243e-01
2.867444753646850586e-01
2.866597473621368408e-01
2.866710126399993896e-01
2.846983969211578369e-01
2.844191193580627441e-01
2.845085561275482178e-01
2.848879694938660223e-01
2.850493490695952814e-01
2.850361168384552002e-01
2.847281098365784247e-01
2.846819162368774414e-01
2.847422659397125244e-01
2.865120768547058105e-01
2.866666018962860107e-01
2.867271900177001953e-01
2.869095504283905029e-01
2.885449528694152832e-01
2.888362407684326172e-01
2.890738248825073242e-01
2.886689305305480957e-01
2.888852357864379883e-01
2.891057729721068781e-01
2.884517610073089600e-01
2.887271344661713202e-01
2.888648509979248047e-01
2.889828979969025213e-01
2.900227308273315430e-01
2.902015149593353271e-01
2.904010117053985596e-01
2.905474007129669189e-01
2.906724810600280762e-01
2.910421192646026611e-01
2.946381568908691406e-01
2.951556742191315252e-01
2.954736053943634033e-01
2.959147095680236816e-01
2.964465022087097168e-01
2.967950701713562012e-01
2.972061038017272949e-01
2.960507571697235107e-01
2.965208888053894043e-01
2.967493534088134766e-01
2.957302331924438477e-01
2.961053848266601562e-01
2.963599860668182373e-01
2.965426146984100342e-01
2.986934185028076172e-01
2.990022599697113037e-01
2.990692257881165106e-01
2.979947030544281006e-01
2.982383370399475098e-01
2.982509434223175049e-01
2.980180084705352783e-01
2.981007695198059082e-01
2.981382906436920166e-01
2.994986474514008123e-01
2.996181845664978027e-01
2.995488047599792480e-01
2.997731268405914307e-01
2.975817024707794189e-01
2.974893450736999512e-01
2.975272238254547119e-01
2.988378703594207764e-01
2.989416420459747314e-01
2.988786697387695312e-01
2.993229031562805176e-01
2.992840111255645752e-01
2.993126213550568182e-01
2.993508577346801758e-01
2.971999943256378174e-01
2.971068918704986572e-01
2.969694733619689941e-01
2.972705960273743231e-01
2.971348464488983154e-01
2.970206737518310547e-01
2.944534718990325928e-01
2.943144440650939941e-01
2.941995561122894287e-01
2.939138114452362061e-01
2.926280498504639227e-01
2.925110459327697754e-01
2.923775613307952881e-01
2.908937931060791016e-01
2.906660437583923340e-01
2.903502881526947021e-01
2.894276976585388184e-01
2.891320884227753241e-01
2.890202701091766357e-01
2.901215851306915283e-01
2.899990677833557129e-01
2.897777855396270752e-01
2.895412445068359375e-01
2.920610606670380194e-01
2.922804653644561768e-01
2.924256324768066406e-01
2.901064455509185791e-01
2.899726033210754395e-01
2.900748848915100098e-01
2.913306355476379395e-01
2.913574278354644775e-01
2.915184199810028076e-01
2.917195558547973633e-01
2.912435531616210938e-01
2.914215624332427979e-01
2.916983366012573242e-01
2.932745218276976984e-01
2.936520874500275213e-01
2.938729524612426758e-01
2.931097149848937988e-01
2.933307290077208918e-01
2.935445606708526611e-01
2.924039661884307861e-01
2.925220429897308350e-01
2.924830615520476740e-01
2.927081584930419922e-01
2.914357185363768976e-01
2.915819883346557617e-01
2.916689515113830566e-01
2.935807108879088800e-01
2.938148677349090576e-01
2.939047813415527344e-01
2.937403917312622070e-01
2.939568459987640381e-01
2.941897809505462646e-01
2.942528426647186279e-01
2.948409318923950195e-01
2.950592339038848877e-01
2.950454652309417725e-01
2.931811213493347168e-01
2.932338714599608820e-01
2.932013571262360174e-01
2.934252023696899414e-01
2.933845520019531250e-01
2.933544218540192206e-01
2.935908138751984198e-01
2.919050753116608221e-01
2.918215095996857245e-01
2.920369803905487061e-01
2.952370345592498779e-01
2.954978048801422119e-01
2.957679629325867254e-01
2.932987511157988947e-01
2.933121323585510254e-01
2.932975590229034424e-01
2.940161526203155518e-01
2.940731048583984375e-01
2.942389845848083496e-01
2.942679524421691895e-01
2.946737408638000488e-01
2.946670055389404297e-01
2.948505878448486328e-01
2.920679748058319092e-01
2.921209037303925116e-01
2.921130359172821045e-01
2.931225001811981201e-01
2.933134138584136963e-01
2.933880686759948730e-01
2.936336696147919256e-01
2.916341423988342285e-01
2.917777299880980890e-01
2.918022274971008301e-01
2.915281057357788086e-01
2.916973531246184748e-01
2.916921973228454590e-01
2.901684045791625977e-01
2.900561690330504816e-01
2.898590862751007080e-01
2.899628579616546631e-01
2.896180450916290283e-01
2.894761860370635986e-01
2.894888818264008123e-01
2.905882894992828369e-01
2.906935214996337891e-01
2.908075153827667236e-01
2.884456217288970947e-01
2.883051037788391113e-01
2.882783114910125732e-01
2.882691323757172186e-01
2.859742343425750732e-01
2.858657538890838623e-01
2.856995463371276855e-01
2.857869863510131836e-01
2.855579853057860773e-01
2.855519056320190430e-01
2.843509316444396973e-01
2.842988371849060059e-01
2.841326594352722168e-01
2.852229475975037176e-01
2.852748632431030273e-01
2.853451371192932129e-01
2.854158878326416016e-01
2.869144380092620850e-01
2.870697081089019775e-01
2.873934209346771240e-01
2.881382107734680176e-01
2.885347008705139160e-01
2.888689339160919189e-01
2.911776006221771240e-01
2.917316854000092108e-01
2.922805845737457275e-01
2.927002310752869207e-01
2.911436557769775391e-01
2.916261255741119385e-01
2.917715907096862793e-01
2.913051247596740723e-01
2.915577590465545654e-01
2.918074131011962891e-01
2.906091511249542236e-01
2.907631695270538330e-01
2.908794283866882324e-01
2.912725806236267090e-01
2.913589477539062500e-01
2.915014624595642090e-01
2.916357219219207764e-01
2.932574450969696045e-01
2.934723794460297186e-01
2.937649488449097235e-01
2.936767339706420898e-01
2.938032150268555243e-01
2.940346598625183105e-01
2.929097115993499756e-01
2.930284738540648859e-01
2.930621504783630371e-01
2.932816445827484131e-01
2.936480045318603516e-01
2.936491668224335272e-01
2.937911450862884521e-01
2.936272621154785156e-01
2.937076389789580744e-01
2.937145531177520752e-01
2.943078875541687012e-01
2.944795489311218262e-01
2.946375906467437744e-01
2.945294380187988281e-01
2.918715178966522217e-01
2.919138371944427490e-01
2.917706966400146484e-01
2.881923317909240723e-01
2.880699932575225830e-01
2.878391444683074951e-01
2.870292663574218750e-01
2.866567969322205145e-01
2.865224778652191162e-01
2.899779379367828369e-01
2.900715470314025879e-01
2.900025546550750732e-01
2.900975942611694336e-01
2.908836007118225098e-01
2.911573052406311035e-01
2.912968397140502930e-01
2.893616259098052979e-01
2.894967496395111084e-01
2.895833253860473633e-01
2.888375818729401190e-01
2.888058423995972235e-01
2.887846529483795166e-01
2.889869511127471924e-01
2.894359230995178223e-01
2.896215319633483887e-01
2.897964417934417725e-01
2.902743220329285223e-01
2.902881503105164129e-01
2.905386090278624933e-01
2.900371551513671875e-01
2.903830111026763916e-01
2.907079756259918213e-01
2.909001708030701239e-01
2.910044193267822266e-01
2.912961542606353760e-01
2.914860546588897705e-01
2.926781475543975830e-01
2.929638922214508057e-01
2.934260666370391846e-01
2.920686006546020508e-01
2.922490835189819336e-01
2.926240265369415283e-01
2.941952645778656006e-01
2.945441901683807373e-01
2.948892712593078613e-01
2.951422929763793945e-01
2.946120202541351318e-01
2.949458360671997070e-01
2.950732409954071045e-01
2.985635101795196533e-01
2.988798022270202637e-01
2.994083464145660400e-01
2.988183498382568359e-01
2.991122603416442871e-01
2.994416952133179266e-01
2.996693551540374756e-01
2.997238636016845703e-01
2.999173700809478760e-01
3.002680838108062744e-01
2.971550822257996161e-01
2.972175478935241699e-01
2.971278727054595947e-01
2.949273884296417236e-01
2.948014736175537109e-01
2.944647669792175293e-01
2.942409515380859375e-01
2.943002283573150635e-01
2.941139638423920233e-01
2.938589751720428467e-01
2.945310771465300959e-01
2.944287359714508057e-01
2.942225933074951172e-01
2.934508323669433594e-01
2.932259738445281982e-01
2.932015955448150635e-01
2.930960655212402344e-01
2.940448522567749023e-01
2.940943837165832520e-01
2.940239906311035156e-01
2.926686704158782959e-01
2.927313745021820068e-01
2.925998866558074951e-01
2.921588718891143799e-01
2.922375202178955078e-01
2.921080887317656916e-01
2.908686399459838867e-01
2.909095585346221924e-01
2.908232212066650391e-01
2.909066379070281982e-01
2.905564308166503906e-01
2.905057668685913086e-01
2.906673848628997803e-01
2.907861769199371338e-01
2.908044457435607910e-01
2.910501360893248957e-01
2.919543683528900146e-01
2.921144962310791016e-01
2.923305630683898926e-01
2.924217283725738525e-01
2.938879728317260742e-01
2.942134737968444824e-01
2.944916486740112305e-01
2.926219701766967773e-01
2.928145825862884521e-01
2.929327785968780518e-01
2.912329733371734619e-01
2.911597788333892822e-01
2.913210988044738770e-01
2.925612926483154297e-01
2.926422357559204102e-01
2.927610576152800959e-01
2.928178906440734863e-01
2.908873260021209717e-01
2.909092307090759277e-01
2.910743057727813721e-01
2.909819185733795166e-01
2.910685837268828791e-01
2.912902832031250000e-01
2.921483814716339111e-01
2.921873927116394043e-01
2.924689650535583496e-01
2.925952672958374023e-01
2.938518226146697998e-01
2.940722405910491943e-01
2.942936122417449951e-01
2.964848875999451239e-01
2.967994809150695801e-01
2.971772551536560059e-01
2.991233468055725098e-01
2.995958030223846436e-01
3.000717163085936945e-01
3.005292713642120361e-01
3.030620515346527100e-01
3.036150932312012274e-01
3.043050169944763184e-01
3.062565326690673828e-01
3.068894445896149237e-01
3.073500096797943115e-01
3.050905764102935791e-01
3.055341243743896484e-01
3.057801425457000732e-01
3.063783049583435059e-01
3.067263364791870117e-01
3.069813847541809082e-01
3.071540594100952148e-01
3.055401742458343506e-01
3.057323992252349854e-01
3.057577013969420832e-01
3.082781434059143066e-01
3.084094226360321045e-01
3.084997534751892090e-01
3.074356913566588800e-01
3.074433803558349609e-01
3.074833750724792480e-01
3.073698282241820734e-01
3.043669462203979492e-01
3.041613101959228516e-01
3.039398789405822754e-01
3.030053973197937012e-01
3.026687800884246826e-01
3.023257851600646973e-01
3.028820455074310303e-01
3.026563525199890137e-01
3.022642731666564941e-01
3.020241856575012207e-01
3.010261952877045233e-01
3.007146716117858887e-01
3.002511560916901190e-01
2.975298762321472168e-01
2.969279587268828791e-01
2.965756356716156006e-01
2.957623600959777832e-01
2.953513562679290771e-01
2.950429618358612061e-01
2.954478859901428223e-01
2.951537966728210449e-01
2.949965596199036200e-01
2.945873737335205078e-01
2.937480509281158447e-01
2.935022115707396906e-01
2.934855222702026367e-01
2.945726215839385986e-01
2.945434153079986572e-01
2.946980297565460205e-01
2.945146858692169189e-01
2.945635914802551270e-01
2.946706712245941162e-01
2.947858572006225586e-01
2.926042675971984863e-01
2.926567196846008301e-01
2.928140163421630859e-01
2.915546894073486328e-01
2.916834950447082520e-01
2.916980385780334473e-01
2.931990027427672785e-01
2.932887375354766846e-01
2.934167385101318359e-01
2.936565577983856201e-01
2.919751107692718506e-01
2.919774949550629217e-01
2.921786606311798096e-01
2.931398749351500910e-01
2.931777834892272949e-01
2.931308746337890625e-01
2.950515449047089178e-01
2.952679097652435303e-01
2.955848574638367254e-01
2.965610921382904053e-01
2.966979742050170898e-01
2.971537709236145020e-01
2.974316775798797607e-01
2.979337275028228760e-01
2.982404828071594238e-01
2.984653115272521973e-01
2.985050380229949951e-01
2.988400161266326904e-01
2.991734147071838379e-01
2.996520102024078369e-01
2.999742031097412109e-01
3.002239763736724854e-01
3.005856871604919434e-01
3.022419810295104980e-01
3.025176227092742920e-01
3.027493953704833984e-01
3.011177778244018555e-01
3.012549579143524170e-01
3.012661039829254150e-01
3.005923032760620117e-01
3.005928099155426025e-01
3.005124032497406006e-01
3.004818260669708252e-01
2.993352413177489679e-01
2.992462813854216974e-01
2.991531789302825928e-01
2.997463345527648926e-01
2.997958958148956299e-01
2.996661365032196045e-01
2.999097704887390137e-01
2.999308407306671143e-01
2.997993528842926025e-01
3.018970787525177002e-01
3.020522594451904297e-01
3.020776212215424139e-01
3.023782372474670410e-01
3.016752004623413086e-01
3.017459511756896973e-01
3.017902672290802002e-01
3.009946644306182861e-01
3.009746670722960871e-01
3.010846972465515137e-01
3.020018041133881170e-01
3.020832538604736328e-01
3.021695315837860107e-01
3.022591173648834229e-01
3.025772869586945135e-01
3.025560975074768066e-01
3.027440011501312256e-01
3.014514446258544922e-01
3.014527261257172186e-01
3.014451861381530762e-01
3.022706508636474609e-01
3.021256029605864923e-01
3.022410869598389227e-01
3.022806048393248957e-01
3.003250062465667725e-01
3.000850677490234375e-01
2.999836802482604980e-01
2.972919642925262451e-01
2.970212399959564209e-01
2.966609895229340155e-01
2.989282608032226562e-01
2.987380027770996094e-01
2.983456552028656006e-01
2.968082726001739502e-01
2.966474592685699463e-01
2.960960268974304199e-01
2.960744798183441162e-01
2.927929461002349854e-01
