2.103099441528320312e+01
1.421169948577880682e+01
2.981788158416748047e+00
-8.620553970336914062e+00
-1.505264759063720703e+01
-1.738002014160156250e+01
-1.179013156890869318e+01
-8.221599578857423651e+00
-6.338713169097900391e+00
-4.625774383544921875e+00
1.918079376220703125e+00
1.088368511199951172e+01
1.956241226196289062e+01
2.465094184875488637e+01
2.305283737182617188e+01
1.606547355651855469e+01
7.443588733673096591e+00
-2.000814676284790039e+00
-1.009163284301757812e+01
-1.538367462158203303e+01
-1.732654190063476562e+01
-1.675103378295898438e+01
-1.472064971923827947e+01
-1.290949344635009766e+01
-8.099009513854980469e+00
2.336780071258544922e+00
1.257138538360595525e+01
1.692723464965820668e+01
1.566145324707031250e+01
8.232044219970701349e+00
-1.533477187156677246e+00
-1.130705928802490234e+01
-1.767646789550781250e+01
-2.100350761413574574e+01
-2.064447402954101562e+01
-1.764499855041503906e+01
-1.151901054382324219e+01
-6.660780429840087891e+00
-5.325942039489746094e+00
-6.498125553131104404e+00
-9.381450653076171875e+00
-1.273866748809814453e+01
-1.465093231201172053e+01
-1.268719959259033203e+01
-2.641725301742553711e+00
6.468862533569335938e+00
1.375540637969970703e+01
1.634043312072753906e+01
1.486213588714599432e+01
1.065174961090088068e+01
5.194327831268311435e+00
6.243641972541809082e-01
-2.910666465759277344e+00
-1.285656452178955078e+00
-1.388254404067993164e+00
1.594718456268310325e+00
4.877879619598388672e+00
7.258615970611572266e+00
7.571866035461425781e+00
5.464896678924560547e+00
3.711369276046752930e+00
-2.747756481170654297e+00
3.481521308422089178e-01
5.372158437967300415e-02
-4.385433718562126160e-02
4.727679491043091514e-02
2.085394620895385742e+00
3.151806831359863725e+00
4.156010150909423828e+00
4.854013442993164062e+00
4.046686649322509766e+00
2.706945180892944336e+00
1.585198163986206055e+00
1.769234418869018555e+00
2.266489982604980469e+00
-1.351917147636413574e+00
2.347397327423096147e+00
3.867769539356232245e-01
-7.279589772224426270e-01
-1.625024437904358132e+00
-2.093538999557495117e+00
-2.400507211685180664e+00
-3.927334547042847124e+00
-1.074142336845397949e+00
9.697136282920836015e-02
7.106978297233581543e-01
6.226910352706909180e-01
4.639787971973418496e-02
-3.204181790351868231e-01
-1.407787650823593140e-01
-2.409562021493912021e-01
-4.141353070735930841e-01
-3.157079219818115234e+00
-8.487591743469236505e+00
-1.113414573669433594e+01
-1.266732215881347479e+01
-9.650272369384765625e+00
-4.080163478851318359e+00
5.977770090103149414e-01
3.979440450668334961e+00
5.108093261718750000e+00
6.057448387145996094e+00
4.857417583465576172e+00
2.036032915115356445e+00
-1.951266169548034890e+00
-5.608967781066895419e+00
-7.459393501281737393e+00
-6.143350124359130859e+00
-4.080454826354980469e+00
-2.171114444732666016e+00
8.461260795593261719e-01
3.982561349868774414e+00
6.155667304992675781e+00
8.166090965270996094e+00
8.467534065246582031e+00
7.142757892608642578e+00
3.187574625015258789e+00
-1.293858408927917703e+00
-5.432279109954833984e+00
-7.558184623718262607e+00
-9.066591262817382812e+00
-6.571689128875732422e+00
-2.341189146041870117e+00
1.055127024650573508e+00
5.734997749328612393e+00
8.464107513427732599e+00
8.020165443420410156e+00
6.161132812500000000e+00
5.156551361083983487e+00
3.944327354431151900e+00
2.249070405960083008e+00
1.204159855842590332e+00
2.575365900993347168e-01
-1.457739174365997314e-01
1.713340401649475098e+00
3.507558703422546387e-01
5.498483180999755859e-01
-7.606137990951538086e-01
-4.302335679531097412e-01
7.001008838415145874e-02
1.871179103851318359e+00
2.655581712722778320e+00
3.495514631271362305e+00
4.765404701232910156e+00
5.880568504333496094e+00
2.614420175552368164e+00
2.663271903991699219e+00
9.971033930778504528e-01
-1.752012729644775391e+00
-4.065805435180663174e+00
-5.096620559692382812e+00
-4.729366779327393466e+00
-4.898174285888671875e+00
-4.539080142974853516e+00
-2.478039503097534180e+00
-2.293543100357056108e+00
-7.237633466720581055e-01
-1.209418296813964844e+00
-5.996453762054442471e+00
-8.948725700378417969e+00
-9.993308067321775567e+00
-6.640119552612304688e+00
-9.068652987480163574e-01
3.979722976684569424e+00
5.416227817535400391e+00
3.651948690414428711e+00
2.667898893356323242e+00
3.313348531723022461e+00
4.191517353057861328e+00
1.630169987678527832e+00
-1.607375502586364746e+00
-2.508862257003784180e+00
-8.025852441787719727e-01
3.651691198348998579e+00
6.910080909729003906e+00
4.736710071563721591e+00
2.848058640956879217e-01
-3.964008331298828125e+00
-6.201659679412842685e+00
-2.341026067733764648e+00
3.927700042724609819e+00
8.581600189208982599e+00
1.328495788574218750e+01
1.631635665893554688e+01
1.514131832122802734e+01
1.048592472076416016e+01
5.508112907409667969e+00
-6.031238436698913574e-01
-1.512180715799331387e-01
1.759390115737915039e+00
3.614823818206787109e+00
1.751331210136413574e+00
-1.235735654830932617e+00
-3.274803638458251953e+00
-4.233532428741455078e+00
-2.533491373062134233e+00
-5.469377636909484863e-01
7.372494935989379883e-01
1.226080656051635520e+00
2.685800313949584961e+00
2.045804023742676225e+00
-1.456199407577514648e+00
-6.840913295745849609e+00
-1.092452430725097656e+01
-6.948993682861327237e+00
-5.061796665191650391e+00
-1.755082011222839355e+00
2.735161781311035156e+00
4.135238647460937500e+00
3.987502574920654297e+00
7.388131022453308105e-01
-3.920582532882689542e+00
-8.454120635986326349e+00
-9.494138717651367188e+00
-9.080677032470703125e+00
-6.686923027038574219e+00
-1.700024366378784180e+00
3.616393804550171343e+00
6.007231235504150391e+00
4.172906875610352451e+00
1.057330489158630371e+00
-1.029325962066650391e+00
2.275455743074417114e-01
2.695304453372955322e-01
-3.374156951904296875e+00
-7.740523338317871094e+00
-9.441754341125488281e+00
-8.497785568237304688e+00
-4.105785369873046875e+00
2.027377128601073775e+00
1.808784723281860352e+00
-7.539479732513427734e-01
-7.794297695159912109e+00
-1.476617431640625000e+01
-1.881437492370605113e+01
-1.663378906250000000e+01
-7.204569339752197266e+00
3.087862491607666016e+00
1.367931747436523438e+01
1.863519287109375000e+01
1.944127845764160156e+01
1.859481239318848012e+01
1.502112102508544922e+01
5.014086723327636719e+00
-4.892701625823974609e+00
-1.170323181152343750e+01
-1.858315467834472656e+01
-1.855329704284667969e+01
-1.533492469787597479e+01
-9.832886695861816406e+00
-6.522851943969727451e+00
-1.528030514717101829e+00
4.884148597717285156e+00
9.276677131652832031e+00
7.601624965667724609e+00
4.811275005340576172e+00
3.490535914897919256e-01
-1.124648451805114746e+00
-1.965771913528442383e+00
9.009929895400999866e-01
3.356785774230957031e+00
4.931128025054931641e+00
5.110841751098632812e+00
3.509370088577270508e+00
-9.293896555900573730e-01
-3.390506982803344727e+00
-7.249590873718262607e+00
-5.364215373992919922e+00
-2.088915824890136719e+00
2.073735475540160689e+00
6.235146045684815341e+00
8.244998931884767401e+00
5.925024986267089844e+00
1.818928718566894309e+00
-8.998385667800903320e-01
-2.147429943084716797e+00
-2.394841194152832031e+00
-3.137104749679564986e+00
-2.248168230056762695e+00
1.056045532226562500e+00
4.836926460266113281e+00
7.971371650695800781e+00
8.033847808837888849e+00
9.172113418579101562e+00
8.034655570983888495e+00
2.384068965911864790e+00
-3.007694721221923828e+00
-7.437373638153076172e+00
-8.253338813781736505e+00
-5.781522274017333984e+00
-3.686543464660644975e+00
-2.693699598312377930e+00
-1.798381328582763672e+00
-3.101942300796508789e+00
-4.507793426513671875e+00
-2.401993989944458008e+00
5.252310633659362793e-01
9.775882363319395862e-01
7.914739102125167847e-02
3.033502817153930664e+00
4.297834396362305576e+00
3.160722970962524414e+00
2.585667848587036133e+00
-1.620728969573974609e+00
3.062831163406372070e-01
-1.276996493339538574e+00
-4.256775856018066406e+00
-8.634827613830566406e+00
-7.923610210418701172e+00
-5.537960052490233487e+00
-3.423668622970581055e+00
9.498134255409239612e-01
1.552149891853332297e+00
1.531745344400405884e-01
1.083869580179452896e-02
9.894168376922608532e-01
2.944586753845214844e+00
4.086493015289306641e+00
2.678389072418212891e+00
-7.535113096237182617e-01
-3.227222681045531782e+00
-5.931635379791259766e+00
-5.909817218780517578e+00
-4.072027206420897549e+00
-2.579796314239501953e-01
9.620734453201293945e-01
3.617488861083983931e+00
6.992524623870849609e+00
8.376466751098632812e+00
7.268440246582031250e+00
6.223614215850830078e+00
5.435213088989257812e+00
1.506262660026550293e+00
-1.580153822898864746e+00
-4.450906276702880859e+00
-4.216050148010253906e+00
-4.134151935577393466e+00
-1.962422370910644309e+00
-1.094144821166992188e+00
-1.706166028976440430e+00
-3.501000881195068359e+00
-5.498329639434815341e+00
-4.701269149780273438e+00
-4.184090137481689453e+00
-4.836323261260986328e+00
-1.914524435997009277e+00
3.672453880310058594e+00
8.674429893493652344e+00
6.172038555145263672e+00
5.403954982757568359e+00
4.869602203369141513e+00
3.998058319091796875e+00
4.008682250976562500e+00
4.958159446716308594e+00
6.070937156677246094e+00
6.972599506378173828e+00
6.616227149963378906e+00
8.400712966918945312e+00
8.991972923278808594e+00
7.393360137939452237e+00
3.741400003433227983e+00
-1.690230011940002441e+00
-5.644472122192382812e+00
-8.716938972473144531e+00
-9.692923545837402344e+00
-7.420169830322266513e+00
-3.126990079879760742e+00
1.444069266319274902e+00
2.689829587936401367e+00
2.055240392684936523e+00
2.502017021179199219e-01
-4.883654594421386719e+00
-4.679488658905028409e+00
-4.148625850677490234e+00
1.676305085420608521e-01
1.672909140586853027e+00
6.967049121856689453e+00
8.499611854553222656e+00
1.310023784637451172e+01
1.175540351867675781e+01
7.940542221069335938e+00
4.849997520446777344e+00
1.540676236152649148e+00
5.945073962211608887e-01
-2.630353212356567383e+00
-2.256338596343994141e+00
-2.360528230667114258e+00
-1.523611903190612793e+00
-4.229328155517578125e+00
-5.611907958984375000e+00
-9.506271362304687500e+00
-1.428823280334472656e+01
-1.642522239685058594e+01
-1.831738090515136719e+01
-1.905254936218261363e+01
-1.258192539215088068e+01
-2.070042848587035689e+00
7.032552242279052734e+00
1.265373611450195312e+01
1.584648227691650568e+01
1.527236747741699219e+01
1.118684387207031250e+01
1.085508227348327637e+00
-6.333372592926025391e+00
-1.537736892700195312e+01
-1.573577594757080078e+01
-1.296967315673827947e+01
-7.086763858795166016e+00
3.222629308700561079e+00
1.024800395965576172e+01
1.124835491180419922e+01
9.904022216796876776e+00
5.098485469818115234e+00
-8.321796059608459473e-01
-6.813300132751464844e+00
-1.174685096740722656e+01
-8.802316665649414062e+00
-4.420661926269531250e+00
-8.010549545288085938e-01
1.063030242919922053e+01
1.758953094482422230e+01
1.747360610961914062e+01
1.439832115173339844e+01
9.713211059570312500e+00
5.243981361389160156e+00
1.114113092422485352e+00
-2.522429227828979492e+00
-5.836357593536377841e+00
-7.832931995391846591e+00
-1.225551128387451172e+01
-1.600284957885742188e+01
-1.524562835693359553e+01
-1.200504684448242188e+01
-7.178929328918457031e+00
3.325805902481078657e+00
1.211100578308105469e+01
1.675395774841308594e+01
1.904112434387207031e+01
2.125825119018554688e+01
1.402779197692871271e+01
4.626642227172851562e+00
-7.708846092224121094e+00
-1.314441490173339844e+01
-1.154848861694335938e+01
-5.910024166107177734e+00
3.496126413345336914e+00
1.540487766265869318e+01
2.318806648254394531e+01
2.783080863952637074e+01
2.670264816284180043e+01
2.348836517333984375e+01
1.447019100189208984e+01
9.577157497406005859e-01
-1.035622310638427557e+01
-1.557337856292724432e+01
-1.047399711608886719e+01
-9.018437385559082031e+00
-4.192906379699707031e+00
1.590213656425475852e+00
9.987783432006835938e+00
1.235748291015625000e+01
1.937064552307128906e+01
1.974623489379882812e+01
1.838307952880859375e+01
1.015204238891601562e+01
-2.213260173797607422e+00
-4.838407516479492188e+00
-1.425568819046020508e+00
2.128696918487549272e+00
5.719245433807372159e+00
3.330933809280395508e+00
4.573694229125976562e+00
-3.122522830963134766e+00
4.622604846954346591e+00
5.376616001129150391e+00
9.414458274841306817e+00
1.442313480377197266e+01
1.468250560760498047e+01
1.091185569763183594e+01
1.872595787048340066e+00
-7.259818077087402344e+00
-1.171998786926269531e+01
-8.399503707885742188e+00
-2.493799924850463867e+00
7.396408081054686612e+00
1.567290210723876953e+01
2.233039093017578125e+01
2.049094200134277344e+01
1.243900585174560547e+01
-4.796586334705352783e-01
-1.179078006744384766e+01
-1.622774696350097301e+01
-1.584050464630126953e+01
-6.932033061981201172e+00
-3.436734676361083984e+00
2.736796379089355469e+00
7.810414791107177734e+00
9.668369293212890625e+00
1.302945995330810547e+01
1.310904312133789062e+01
8.428958892822267401e+00
-1.540465354919433594e+00
-8.622254371643066406e+00
-1.237162113189697266e+01
-9.691537857055664062e+00
-5.072144508361816406e+00
-1.442833781242370605e+00
-2.222969055175780806e+00
-5.919350147247314453e+00
-1.460992527008056463e+01
-2.007441902160644531e+01
-2.031935501098632812e+01
-2.395752334594726562e+01
-2.541474342346191406e+01
-2.724335861206055043e+01
-2.979504585266112926e+01
-2.129480934143066406e+01
-1.594109344482422053e+01
-1.100130558013916016e+01
-9.687066078186036933e+00
-9.378530502319335938e+00
-1.080239009857177557e+01
-1.583082389831542969e+01
-1.562403392791748047e+01
-1.096477508544922053e+01
-4.990483283996582031e+00
5.847005248069763184e-01
4.463767528533936435e+00
7.645032405853270596e+00
4.810024261474608487e+00
-3.707441568374633789e+00
-5.528475761413574219e+00
-1.286852169036865234e+01
-2.443782997131348012e+01
-3.238767623901367188e+01
-3.023673629760742543e+01
-2.037036895751953125e+01
-7.919165134429932529e+00
1.876380681991576704e+00
6.476208209991455078e+00
9.748377799987792969e+00
3.117410421371459961e+00
-1.665008068084716797e+00
-4.897205352783203125e+00
-7.193852901458740234e+00
-9.112921714782716620e+00
-1.394085979461669922e+01
-1.508050251007080078e+01
-2.027984237670898438e+01
-1.209712696075439453e+01
2.070018529891968218e+00
1.018772792816161932e+01
1.836339950561523438e+01
2.191893005371093395e+01
2.328038215637207031e+01
2.609306907653808949e+01
3.060637283325195312e+01
3.553796386718750000e+01
3.653777694702149148e+01
3.324765014648436789e+01
2.234166717529296875e+01
9.614354133605957031e+00
-4.313156127929688388e+00
-1.476003932952880682e+01
-2.324045181274414062e+01
-1.159093093872070490e+01
1.011908575892448425e-01
1.671835327148437500e+01
2.913545989990234375e+01
3.041730308532714844e+01
2.634912872314453125e+01
2.177243804931640625e+01
1.763448143005371094e+01
1.343532085418701172e+01
8.330405235290527344e+00
1.682100653648376465e+00
-1.696173906326293945e+00
-1.359455585479736328e+00
2.939923763275146484e+00
9.682969093322753906e+00
1.330277729034423828e+01
1.406618213653564453e+01
1.449126529693603516e+01
1.081136608123779297e+01
6.589396476745605469e+00
-3.366230964660644531e+00
-1.225210285186767578e+01
-1.616596603393554688e+01
-1.425696468353271484e+01
-7.902006626129150391e+00
-9.880573272705078125e+00
-2.332534551620483398e+00
2.168020009994506836e+00
1.203030395507812500e+01
1.910758209228515980e+01
1.377732086181640447e+01
4.796682834625244141e+00
-7.311839103698729581e+00
-1.434022331237792969e+01
-2.063409805297851918e+01
-2.255456161499023438e+01
-1.727273368835449219e+01
-1.183167743682861328e+01
-8.146352767944335938e+00
-6.017105102539063388e+00
-4.897411823272705078e+00
-5.536525249481201172e+00
-8.682859420776367188e+00
-1.852513313293457031e+01
-2.474067878723144531e+01
-2.536987495422363637e+01
-2.376319122314453125e+01
-1.059996700286865234e+01
3.997970521450042725e-01
9.881228446960449219e+00
1.066173076629638672e+01
1.185681629180908203e+01
1.260847663879394531e+01
8.940379142761230469e+00
-1.182443872094154497e-01
-6.294915199279785156e+00
-1.355806159973144531e+01
-1.489838027954101562e+01
-9.048922538757324219e+00
-3.180404901504516602e+00
-2.703850567340850830e-01
4.794020652770996094e+00
1.282232046127319114e+00
-2.909645557403564453e+00
-6.798072338104247159e+00
-1.093466377258300781e+01
-7.313973903656005859e+00
-2.822511196136474609e+00
3.682476520538330078e+00
9.400215148925779474e+00
7.519980430603027344e+00
-1.579536914825439675e+00
-8.109100341796875000e+00
-1.051829719543457031e+01
-1.265293598175048828e+01
-9.472741127014160156e+00
-6.987633228302002841e+00
-4.504024982452393466e+00
-3.173930883407592773e+00
1.278731107711791992e+00
2.381305217742919922e+00
5.910939216613769531e+00
8.939754486083984375e+00
1.503792762756347479e+01
1.657453155517577770e+01
1.419274711608886719e+01
4.796277523040772373e+00
-4.144264698028564453e+00
-6.165766239166259766e+00
-5.819088935852050781e+00
-4.807455062866210938e+00
3.685227632522583008e+00
1.095253086090088068e+01
1.517033290863037287e+01
1.707548332214355469e+01
1.614827728271484730e+01
1.243977069854736506e+01
9.631451606750488281e+00
4.160223960876464844e+00
-8.684425354003906250e+00
-1.615332984924316406e+01
-1.398678684234619318e+01
-5.304992675781250000e+00
3.475070476531982422e+00
8.483449935913085938e+00
8.585749626159667969e+00
5.897869110107422763e+00
-1.772497594356536865e-02
1.457154899835586548e-01
5.924559593200683594e+00
1.341584777832031250e+01
1.766041183471679688e+01
2.489353752136230469e+01
2.688401031494140980e+01
2.410860443115234375e+01
1.308480644226074219e+01
-6.141654253005981445e-01
-1.357559394836425781e+01
-1.523119735717773438e+01
-1.850050735473632812e+01
-9.928901672363279474e+00
9.203270673751832165e-01
1.137379455566406250e+01
2.231738090515136719e+01
2.597282409667969105e+01
2.126408767700195312e+01
1.321510505676269531e+01
-5.056365966796875000e+00
-1.385843944549560547e+01
-1.073309707641601562e+01
3.183735132217407227e+00
1.584656333923339844e+01
1.913476562500000000e+01
1.047861194610595703e+01
-4.436781883239746094e+00
-1.479634857177734553e+01
-2.347279357910155895e+01
-2.564975357055664062e+01
-3.281679916381835938e+01
-3.622516250610352273e+01
-3.221672058105469461e+01
-1.822108078002929688e+01
-6.545161247253417969e+00
6.802825927734375000e+00
1.754566955566406250e+01
2.201381492614746094e+01
1.527380561828613281e+01
3.789604187011719194e+00
4.348353669047356346e-02
-1.154796028137207031e+01
-1.795767211914062500e+01
-1.627938842773437500e+01
-1.103201198577880682e+01
-9.309203147888183594e+00
-2.754387855529785156e+00
5.362292289733886719e+00
1.163815498352050781e+01
1.155786132812500000e+01
1.389371013641357422e+01
1.519628143310546697e+01
-3.387040853500366211e+00
-1.263298416137695312e+01
-1.208513355255126953e+01
-1.877035140991210938e+01
-2.232155418395996094e+01
-2.159514427185058594e+01
-1.926069259643554688e+01
-9.815231323242187500e+00
1.135914802551269531e+00
3.364365577697753906e+00
7.015861034393311435e+00
6.337818622589111328e+00
2.992949008941650391e+00
-4.671360492706298828e+00
-1.041195011138916016e+01
-1.587312126159667969e+01
-1.596094131469726562e+01
-1.367070484161376953e+01
-4.998141288757324219e+00
7.186381340026856357e+00
1.799467468261718750e+01
1.394782733917236506e+01
7.707948207855224609e+00
4.667238235473632812e+00
-4.415241718292236328e+00
-9.665958404541015625e+00
-1.232639884948730469e+01
-3.864568471908568892e+00
3.703921735286713202e-01
5.201642036437988281e+00
5.466714382171630859e+00
2.112265825271606445e+00
-3.156783819198608398e+00
-3.752810716629027876e+00
-1.566377449035644531e+01
-1.402919197082519531e+01
-1.232993698120117188e+01
-1.687390708923340199e+01
-9.340727806091306817e+00
-8.372777104377746582e-01
7.115527153015137607e+00
1.471272850036621271e+01
2.035988616943359375e+01
2.168493080139160156e+01
1.778728866577148438e+01
1.073932552337646307e+01
6.136041164398192471e+00
3.607153892517089844e+00
2.405846357345581055e+00
4.044322013854980469e+00
4.320590019226073331e+00
6.711882591247558594e+00
7.309346675872802734e+00
6.583958148956298828e+00
5.468266963958740234e+00
5.238838672637940341e+00
3.839428424835205078e+00
3.019891262054443803e+00
2.915827751159667969e+00
1.288405895233154297e+00
3.523094892501831055e+00
3.062044620513916016e+00
3.698870182037353516e+00
5.472982406616210938e+00
4.961963653564453125e+00
3.806756258010863814e+00
2.437875747680664062e+00
7.709553837776184082e-01
-4.747615158557891846e-01
-1.904240608215331809e+00
-4.336880683898926669e+00
-6.299396514892577237e+00
-7.004182338714599609e+00
-5.266659259796143466e+00
-3.040009140968322754e-01
-5.864735841751098633e-01
-2.568870782852172852e-01
-2.957720458507537842e-01
-1.064142942428588867e+00
-2.481171369552612305e+00
-5.893634796142577237e+00
-5.068645954132080078e+00
-3.738515138626098189e+00
-1.978012084960937278e+00
-2.613742828369140625e+00
-1.866603255271912065e+00
-2.080596446990966797e+00
-3.113948345184326172e+00
-3.174912452697753906e+00
-2.511590480804443803e+00
-6.465600013732910156e+00
-1.574563741683959961e+00
-2.318164348602294922e+00
-2.725655317306518555e+00
-3.851669311523437500e+00
-3.776461839675903320e+00
-4.138400554656981534e+00
-3.561148166656493697e+00
-4.322820663452147549e+00
-2.393122673034667969e+00
-1.145494222640991211e+00
-1.094303488731384499e+00
-1.766495943069458008e+00
-2.688724756240844727e+00
-9.593498110771180309e-01
-5.958844184875487393e+00
-7.504343032836914062e+00
-7.213276863098143643e+00
-6.497056961059570312e+00
-7.526201248168945312e+00
-8.215106010437013495e+00
-6.316960334777832031e+00
-4.875306129455566406e+00
-2.709130287170410156e+00
-4.796923160552978516e+00
-3.201219558715820312e+00
-2.263319969177246094e+00
1.640976428985595703e+00
4.890340328216552734e+00
3.546749591827392578e+00
2.431424617767333984e+00
-1.757107973098754883e+00
-3.258214712142944336e+00
-4.140446186065673828e+00
-2.502676963806152344e+00
-1.457803249359130859e+00
4.326578140258788174e+00
5.404715538024902344e+00
7.326882839202880859e+00
5.229657649993896484e+00
4.711425304412841797e+00
4.038696289062500000e+00
1.778297066688537598e+00
1.249581456184387207e+00
1.692746400833130105e+00
3.112608671188354492e+00
4.442723274230957031e+00
7.159179687500000000e+00
5.290362358093261719e+00
3.430589199066162109e+00
1.666817069053649902e+00
2.262009620666503906e+00
3.574696540832519531e+00
2.503973245620727539e+00
3.197663545608520508e+00
-5.008064582943916321e-02
2.116455316543579102e+00
3.072540760040283203e+00
1.860465168952941895e+00
8.995146751403808594e-01
6.466594934463500977e-01
4.805632531642913818e-01
5.614792704582214355e-01
3.984024226665496826e-01
-4.862369894981384277e-01
-1.516440033912658691e+00
-2.630092144012451172e+00
-2.983049869537353072e+00
-2.161096334457397017e+00
-3.643478453159332275e-01
1.882803678512572798e+00
2.758707046508789062e+00
1.486819982528686301e+00
-3.674414753913879950e-01
-3.770524024963378906e+00
-6.010130405426025391e+00
-5.457814693450927734e+00
-4.754632949829101562e+00
-4.557607650756835938e+00
-2.643633127212524414e+00
-1.779774546623229980e+00
-8.353106379508972168e-01
-1.553845286369323508e+00
-2.110164642333984375e+00
-3.170978307723998579e+00
-3.144126415252685103e+00
-3.496017217636108398e+00
-4.316629886627196377e+00
-6.378764152526856357e+00
-3.454058408737182617e+00
-3.074452161788940430e+00
-3.072012424468993697e+00
5.718813538551330566e-01
2.681736469268798828e+00
2.819840908050537109e+00
1.374335646629333496e+00
-2.388597093522548676e-02
-2.132535934448241743e+00
-1.676631569862365501e+00
-2.693417549133300781e+00
-1.981415748596191628e+00
-1.021801233291625977e-01
1.382001876831054910e+00
4.678922176361083984e+00
3.812143564224243164e+00
1.874480366706847922e+00
3.490983843803405762e-01
-1.027926087379455566e+00
-2.524572849273681641e+00
-2.350188493728637695e+00
-4.944497346878051758e-01
1.771024346351623535e+00
7.710157632827758789e-01
3.236292123794556108e+00
3.034910202026366743e+00
1.682578444480895996e+00
5.124657750129699707e-01
-1.820374011993407981e+00
-2.034065723419189009e+00
-3.225156784057616743e+00
-2.678845405578613281e+00
-1.126808643341064453e+00
-6.031785607337951660e-01
2.116839647293090820e+00
3.968812227249145508e+00
6.185486316680907315e+00
1.874103426933288796e+00
3.711436390876770020e-01
-4.064008235931396484e+00
-5.418583393096923828e+00
-5.625931739807128906e+00
-1.554777503013610840e+00
6.456190347671508789e-01
-6.748771071434020996e-01
1.178406238555908203e+00
2.029802322387695757e+00
1.982225298881530762e+00
3.710097551345825195e+00
1.898862957954406738e+00
-7.010831832885742188e-01
-4.366001605987548828e+00
-5.858496665954589844e+00
-5.874778747558593750e+00
-2.336293458938598189e+00
4.149787425994873047e+00
8.496059417724611151e+00
5.359452247619628906e+00
5.757333636283874512e-01
1.515689790248870850e-01
-1.901798963546753152e+00
-4.980892539024353027e-01
9.176703095436096191e-01
7.694333791732788086e-01
9.276703596115112305e-01
2.738343238830566406e+00
2.644873559474945068e-01
5.388807058334350586e-01
1.917785882949829102e+00
3.121559381484985352e+00
4.504292488098144531e+00
2.229183435440063477e+00
-6.542554497718811035e-01
-1.795703053474426492e+00
-1.203194379806518555e+00
-1.123575121164322038e-01
4.193615436553955078e+00
-7.086796760559082031e-01
9.561676383018493652e-01
2.182547330856323242e+00
-3.166671097278594971e-01
1.027205348014831543e+00
2.949892282485961914e+00
4.713706970214843750e+00
4.085186004638671875e+00
2.974103927612304688e+00
8.631075620651245117e-01
-8.001925945281982422e-01
-2.779430389404296875e+00
-5.015699386596679688e+00
-3.011556386947631836e+00
-2.643119335174560547e+00
2.594842910766601562e+00
9.484128952026367188e+00
9.020035743713380683e+00
4.343553543090819424e+00
3.502442836761474609e+00
-2.488832473754883257e+00
-3.411933898925780806e+00
-4.566983282566071112e-01
-3.026270866394042969e-01
5.897404551506042480e-01
6.232573986053467685e+00
6.342703342437744141e+00
-1.936567783355713113e+00
-5.200498104095458984e+00
-1.680271983146667703e+00
5.594456672668457031e+00
9.038307189941406250e+00
8.057502746582031250e+00
7.834065437316894531e+00
4.883596897125244141e+00
5.912600040435791016e+00
3.920087575912476030e+00
-4.316713809967041016e+00
-9.178152084350585938e+00
-1.051678276062011719e+01
-5.105757713317871094e+00
-5.192024111747741699e-01
2.781330108642578125e+00
1.565269708633422852e+00
4.997819364070891779e-01
-1.477775573730468750e+00
3.806167840957641602e+00
6.484190464019775391e+00
1.061756134033203303e+01
1.261186122894287287e+01
3.203953027725220171e+00
-1.239709949493408203e+01
-1.682957839965820668e+01
-1.858066368103027344e+01
-1.684522056579590199e+01
-6.721796512603759766e+00
6.062661647796630859e+00
8.831999778747558594e+00
1.011099910736083984e+01
1.704193651676177979e-01
-1.423093414306640447e+01
-2.197846031188964844e+01
-2.479967880249023438e+01
-1.470722961425781250e+01
-3.007574796676636186e+00
3.793673276901245117e+00
-2.039103031158447710e+00
-1.531530284881591797e+01
-2.212757682800292969e+01
-1.800821113586425781e+01
-6.471674919128417969e+00
2.842787742614746094e+00
1.582636684179306030e-01
-8.392305374145507812e+00
-7.285166263580322266e+00
-1.236184501647949219e+01
-1.818088340759277344e+01
-2.145458793640136719e+01
-1.417972946166992188e+01
-3.149822354316711426e-01
-6.372911453247070312e+00
-1.020460987091064453e+01
-1.087968921661376953e+01
-1.036452579498291016e+01
8.789128065109252930e-01
2.758200407028198242e+00
-4.259780406951903409e+00
-4.351814746856689453e+00
7.133003711700440341e+00
1.103517913818359375e+01
5.527683734893798828e+00
-7.480895042419433594e+00
-1.372580623626708984e+01
-9.084360122680664062e+00
5.932666301727294922e+00
2.186749267578125000e+01
2.088466453552246094e+01
9.572060585021972656e+00
-5.394221305847167969e+00
-1.526514530181884766e+01
-9.806469917297363281e+00
-1.937879204750061035e+00
-1.005446338653564453e+01
-1.615784263610840199e+01
-7.190186023712157315e+00
4.983961582183837891e+00
1.701617813110351562e+01
2.709406280517578125e+01
3.200839614868164062e+01
3.210131835937500000e+01
2.247347640991210938e+01
1.499520683288574219e+01
-5.351507663726806641e+00
-1.587270641326904475e+01
-1.411754608154296697e+01
-3.942038536071776900e+00
1.512621784210205078e+01
2.247817802429199219e+01
7.503094196319580078e+00
-7.914188385009766513e+00
-6.253745555877685547e+00
7.034416675567627841e+00
2.364739990234375000e+01
3.142466163635253906e+01
1.907493591308593395e+01
-2.444860458374023438e+00
-1.825922966003417969e+01
-2.720853424072265625e+01
-2.625623512268066406e+01
-1.270442867279052734e+01
-2.402163028717041016e+00
4.072145819664001465e-01
3.881098031997680664e+00
2.277594566345214844e+01
3.562871932983398438e+01
2.781960296630859375e+01
7.132643699645996094e+00
-1.407159233093261541e+01
-2.676103401184082031e+01
-3.259741210937500000e+01
-3.077874374389648438e+01
-1.717682266235351562e+01
-7.839685916900634766e+00
1.140878486633300781e+01
2.856451797485351918e+01
3.587861633300781250e+01
2.529340744018555043e+01
8.824747085571289062e+00
-7.293484687805175781e+00
-5.866440296173096591e+00
3.434112787246703657e+00
6.632288932800292969e+00
4.882004261016846591e+00
3.976663589477538618e+00
3.890265226364136186e+00
4.288652896881104404e+00
1.104953765869140625e+01
1.585737514495849432e+01
1.444154834747314453e+01
2.728593587875365767e+00
-3.827784538269042969e+00
-5.468379497528076172e+00
-7.372453212738037109e+00
-2.680559396743774414e+00
-7.761782646179199219e+00
-8.274816513061521661e+00
-2.735443592071533203e+00
5.773243427276611328e+00
1.737346839904784801e+01
1.303328704833984553e+01
7.425179004669188565e+00
3.089168667793273926e-01
1.067551255226135254e+00
4.850209236145020419e+00
-6.572398543357849121e-02
-1.046479606628417969e+01
-1.174891281127929510e+01
-7.409810543060302734e+00
-2.224910736083984375e+00
8.017265319824218750e+00
1.779347991943359375e+01
1.653049087524414062e+01
1.708415985107422230e+01
1.308366298675537287e+01
-7.458952903747558594e+00
-2.203498649597167969e+01
-2.427989006042480469e+01
-1.643922424316406250e+01
-1.243230938911437988e+00
1.286317539215088068e+01
2.077052879333496094e+01
2.281899261474609020e+01
1.748530006408691406e+01
4.686585426330566406e+00
-1.377780914306640447e+01
-3.366339111328125000e+01
-3.483377838134765625e+01
-2.266983795166015980e+01
-8.312008857727049005e+00
5.436044692993164062e+00
1.392164325714111328e+01
2.354524040222167969e+01
2.441378784179687500e+01
2.051827049255371094e+01
9.725633621215820312e+00
-4.148731708526611328e+00
-1.506860828399658203e+01
-1.815070724487304688e+01
-1.912082552909850852e+00
8.029916763305664062e+00
9.496929168701171875e+00
6.534255295991897583e-02
-7.821976661682128906e+00
-1.387230682373046697e+01
-1.602110481262207031e+01
-5.755600929260253906e+00
1.078286767005920410e+00
1.281386971473693848e+00
1.076705694198608398e+00
1.269730687141418457e+00
6.448202133178710938e+00
5.601111412048339844e+00
2.408683300018310547e+00
-9.776653647422790527e-01
4.743652343750000000e+00
1.097651195526123047e+01
1.002678203582763672e+01
2.322169691324234009e-01
-7.421130180358887607e+00
-1.415971040725708008e+00
-2.180398225784301758e+00
1.023350834846496582e+00
-3.340111672878264687e-02
-1.139924168586730957e+00
-2.952705621719360352e+00
-4.767109870910644531e+00
-2.694068193435668945e+00
-1.107499718666076882e+00
4.649274826049804688e+00
8.545366287231445312e+00
1.044089221954345703e+01
1.102211856842041016e+01
8.248757362365722656e+00
5.665928363800048828e+00
2.200016260147094727e+00
4.932123184204101562e+00
6.258464336395263672e+00
2.185762643814086914e+00
-3.256650209426879883e+00
-7.230139255523682529e+00
-3.687494993209838867e+00
3.008344888687133789e+00
8.798951148986816406e+00
8.035676956176757812e+00
1.063349151611327947e+01
8.433566093444824219e+00
7.497571945190429688e+00
9.254131317138671875e+00
4.263057231903076172e+00
1.720285892486572488e+00
1.905331946909427990e-02
-1.345799922943115234e+00
-6.566616058349608487e+00
-6.424328804016112393e+00
-4.357693672180176669e+00
-3.142666578292846680e+00
5.750028133392333984e+00
7.114189147949218750e+00
5.420827388763427734e+00
8.673860430717468262e-01
-2.867859125137328657e+00
-5.829392433166503906e+00
-6.624074935913085938e+00
-4.745647907257080078e+00
-1.973601102828979492e+00
2.020947933197021040e+00
8.074323654174804688e+00
9.782883644104003906e+00
8.912216186523437500e+00
1.058968067169189675e+00
-5.423301696777343750e+00
-1.172030925750732422e+01
-1.592675399780273438e+01
-1.461474418640136719e+01
-9.648241996765136719e+00
-2.283930540084838867e+00
2.860620737075805664e+00
8.612565040588378906e+00
1.008426189422607422e+01
1.106359481811523438e+01
6.880393028259277344e+00
1.766828656196594238e+00
-2.393673419952392578e+00
-3.694837331771850586e+00
-2.556974887847900391e+00
-3.442702116444706917e-03
2.915469884872436523e+00
5.256201267242431641e+00
6.307765960693358487e+00
3.175677776336669922e+00
-2.356345415115356445e+00
-6.445104598999022549e+00
-7.705301284790039062e+00
-6.044002532958983487e+00
-2.526192665100097656e+00
2.753326654434204102e+00
8.552506446838378906e+00
8.313058853149414062e+00
5.660619735717772549e+00
-1.304792523384094238e+00
-6.991474151611327237e+00
-1.008142375946044922e+01
-1.014497756958007812e+01
-8.473967552185058594e+00
-3.903017044067383257e+00
2.330654382705688477e+00
8.295091629028320312e+00
7.684917926788330078e+00
3.667730331420897549e+00
-6.676718592643737793e-01
-5.553301811218261719e+00
-9.570620536804199219e+00
-9.468582153320312500e+00
-6.445951461791992188e+00
-1.483029603958130105e+00
1.664985895156860352e+00
4.694370746612548828e+00
5.855144500732422763e+00
5.720324516296387607e+00
3.309268712997436523e+00
1.032106757164001687e+00
-4.720489978790283203e+00
-9.652272224426269531e+00
-1.229493713378906250e+01
-1.054060554504394354e+01
-6.044806957244872159e+00
-1.411960124969482422e+00
2.527063846588134766e+00
5.073794364929199219e+00
4.115777015686035156e+00
-9.348637610673904419e-02
-1.872164964675903542e+00
-3.313596248626708984e+00
-4.095227241516113281e+00
-4.840982913970947266e+00
-3.440543413162231445e+00
-3.146398067474364790e+00
-2.816807270050048828e+00
-3.762990236282348633e+00
-7.918848395347595215e-01
-1.981217861175536887e+00
-2.036393433809280396e-01
7.838519215583801270e-01
1.304599523544311523e+00
5.820160508155822754e-01
9.482554793357848011e-01
7.362233996391296387e-01
9.604915380477904163e-01
1.679410219192504883e+00
-1.008648276329040389e-01
-3.175062894821166992e+00
-4.123952388763428623e+00
-5.724071979522705078e+00
-3.736158847808837891e+00
1.470097899436950684e-01
5.595252037048339844e+00
7.482595443725585938e+00
8.524400711059570312e+00
6.800395965576172763e+00
4.944531917572021484e+00
3.013860225677490234e+00
1.510681271553039551e+00
2.032433748245239702e+00
2.864354133605957031e+00
1.007177233695984109e+00
8.262109160423278809e-01
3.456656932830810547e+00
6.701362609863281250e+00
5.068914413452148438e+00
2.982009649276733398e+00
5.509767532348632812e-01
1.004912018775939941e+00
-2.602433443069458008e+00
-3.320971012115478516e+00
-1.720514178276061790e+00
-2.402864098548888883e-01
4.557761192321777344e+00
5.068349838256835938e+00
4.043594360351562500e+00
9.814084768295288086e-01
-3.278033494949341264e+00
-1.595344185829162598e+00
-4.401946067810058594e+00
-4.956989765167236328e+00
-3.809902429580688921e+00
-9.167461395263671875e-01
3.202026367187500000e+00
1.556119322776794434e+00
3.150857686996459961e-01
-2.194902300834656039e-01
1.374513804912567139e-01
9.203190207481384277e-01
2.615194797515869141e+00
2.455634593963623047e+00
1.365636467933654785e+00
-3.096590638160705566e-01
-4.963572621345520020e-01
-1.231400012969970703e+00
1.340655326843261497e+00
8.960921764373779297e-01
6.509357094764710583e-01
-8.976444602012634277e-01
-3.103801488876342773e+00
-4.196049690246582031e+00
-5.826836585998535156e+00
-7.361500740051268643e+00
-6.753948688507080078e+00
-4.223221778869628906e+00
-2.646304845809936523e+00
-1.094891205430030684e-01
1.970960736274719238e+00
2.135460138320923296e+00
1.021034836769104004e+00
-1.055577039718627930e+00
-4.596190929412841797e+00
-5.471991062164306641e+00
-5.915340423583983487e+00
-3.471647024154663086e+00
-9.489524364471435547e-01
3.218878030776977095e+00
3.642544984817504883e+00
2.246419668197631836e+00
-5.283841490745544434e-01
-6.149600148200988770e-01
4.759536683559417725e-01
2.845838785171508789e+00
2.321091890335083008e+00
5.062296390533447266e-01
1.532120108604431152e+00
1.844426870346069114e+00
1.882059454917907937e+00
6.464712619781494141e-01
2.423794865608215610e-01
-3.096787035465240479e-01
-2.036233425140380859e+00
-2.166513204574584961e+00
-1.496715068817138894e+00
-4.025531709194182794e-01
8.882523179054259144e-01
1.760702967643737793e+00
3.235599279403686523e+00
-3.364217877388000488e-01
-7.769896388053894043e-01
-1.766728878021240234e+00
-1.902984499931335671e+00
3.736203536391258240e-02
9.049214720726012073e-01
3.803514242172241211e+00
5.161200523376464844e+00
5.511910438537597656e+00
2.500731229782104492e+00
2.642332017421722412e-01
-2.886112213134765625e+00
-2.247351169586181641e+00
-1.502311587333679199e+00
-7.489932775497436523e-01
1.950160384178161621e+00
5.658748626708983487e+00
8.231170654296875000e+00
8.710996627807617188e+00
6.839414596557617188e+00
-7.454233765602111816e-01
-3.046543836593627930e+00
-4.495197772979736328e+00
-2.626423835754394531e+00
8.084781169891357422e-01
3.141220331192016602e+00
5.154965400695800781e+00
5.578540802001953125e+00
3.526738643646239790e+00
3.478789031505585272e-01
-3.168217897415161133e+00
-5.089774608612060547e+00
-3.123710393905640093e+00
-6.331272125244140625e-01
1.814454078674316406e+00
1.941675543785095215e+00
4.451700210571289062e+00
4.360845088958740234e+00
3.330146074295043945e+00
-1.338499188423156738e+00
-2.520735859870910645e-01
2.365777969360352007e+00
-2.793926000595092773e+00
-3.865120887756348100e+00
-3.270348548889160156e+00
-7.840296030044555664e-01
1.462516307830810325e+00
2.802698373794556108e+00
5.038168907165527344e+00
4.172654628753662109e+00
3.376066207885741743e+00
6.266037225723266602e-01
-2.262214660644531250e+00
-2.008758544921875000e+00
-2.324426412582397017e+00
-3.770850896835326704e+00
-2.851878404617309570e+00
-1.712902069091796875e+00
-2.860128641128540039e+00
4.205668866634368896e-01
2.124537467956543413e+00
2.988102674484252930e+00
2.841813564300537109e+00
5.826730132102966309e-01
-5.426635742187500000e-01
-3.001065492630004883e+00
-4.052423954010009766e+00
-4.125031948089600498e+00
-2.057111263275146484e+00
2.441667392849922527e-02
1.488517284393310325e+00
1.152800917625427246e+00
-6.740195751190185547e-01
2.229080200195312500e+00
2.104974269866943803e+00
1.075989603996276855e+00
2.816964685916901190e-01
-1.224506855010986328e+00
-1.549464583396911621e+00
-2.974991083145141602e+00
-3.373476028442383257e+00
-2.867551326751708984e+00
-2.297930240631103516e+00
-1.848252892494201660e+00
-8.613239526748657227e-01
2.773990631103516180e-01
1.971002221107483132e+00
2.048936605453490767e+00
2.543564081192016602e+00
5.472695231437683105e-01
-4.686729907989501953e+00
-3.679885625839233398e+00
-1.569083809852600098e+00
-2.872913122177123579e+00
-7.641915082931518555e-01
-2.036851793527603149e-01
1.781677484512329102e+00
2.585258007049560547e+00
-2.240846157073974609e-01
-1.614380598068237305e+00
-2.727716922760009766e+00
-3.225782155990600586e+00
-4.699097633361816406e+00
-3.798956394195556641e+00
-3.070308446884155718e+00
-4.165276587009429932e-01
1.599168658256530762e+00
2.183351755142211914e+00
2.112719535827636719e+00
1.754028439521789551e+00
2.140561342239379883e+00
3.133416175842285156e-01
-5.894923210144042969e-01
-3.562271595001220703e+00
1.045594692230224609e+00
3.944265842437744141e-01
3.030797004699707031e+00
3.639114141464233398e+00
2.808372259140014204e+00
3.270131587982177734e+00
1.427178978919983132e+00
-2.085109055042266846e-01
-2.451929569244384766e+00
-3.948987245559692827e+00
-2.981707572937012163e+00
-2.821608066558837891e+00
-1.277724027633666992e+00
1.605941534042358398e+00
3.435305356979370117e+00
3.093076705932616743e+00
2.261059761047363725e+00
3.068904876708984375e-01
-5.827050190418959531e-03
-1.986499786376952903e+00
-2.211034059524536133e+00
-1.554343700408935547e+00
-2.785642385482788086e+00
9.097834229469300427e-01
2.218539476394653320e+00
-2.670546531677246094e+00
4.552199840545653742e-01
-1.008836746215820312e+00
-4.785806834697722834e-01
-6.591318249702453613e-01
-7.529740333557128906e-01
-8.819134235382080078e-01
-8.493116497993469238e-01
2.426350414752959928e-01
-7.212253808975219727e-01
4.075145721435546875e-02
-1.667287707328796387e+00
-1.659201622009277122e+00
-7.314031720161437988e-01
-7.289382219314575195e-01
9.987366199493408203e-01
-7.623805999755859375e-01
-2.223251819610596147e+00
-1.475971043109893799e-01
7.589750885963441052e-01
1.203788042068481445e+00
2.245026826858520508e+00
2.418988645076751987e-01
-1.038547158241271973e+00
-1.570598363876342773e+00
-1.726608872413635254e+00
-1.714864492416381836e+00
-1.963094949722290039e+00
5.973485112190246582e-01
-3.187600672245025635e-01
4.344293177127838135e-01
1.827392458915710449e+00
-8.593346476554870605e-01
-1.563316881656646729e-01
-5.702300071716308594e-01
-1.485575079917907493e+00
-2.859397411346435547e+00
-1.698093891143798828e+00
-3.373377561569213867e+00
-3.303707361221313032e+00
-3.628960847854614258e+00
-2.016414880752563477e+00
1.872175097465515137e+00
9.835390448570251465e-01
4.819310009479522150e-01
-8.117097616195678711e-01
-1.349396705627441406e+00
-1.107684969902038574e+00
-1.018984079360962136e+00
4.173683524131774902e-01
1.558146476745605691e+00
1.246539950370788574e+00
1.442884564399719238e+00
2.738084197044373114e-01
7.619732618331909180e-01
-1.656692624092102051e-01
-2.175580024719238281e+00
-2.967769861221313032e+00
-3.550487995147705078e+00
-2.772670984268188477e+00
-1.975175142288208008e+00
-1.393477201461791992e+00
-2.345608547329902649e-02
6.478909254074096680e-01
1.914160728454589622e+00
2.195313930511474609e+00
-3.380247592926025391e+00
-4.116608142852783203e+00
-7.240468502044677734e+00
-5.921459674835205078e+00
-1.620452642440795898e+00
2.305837869644165039e+00
1.130506157875061035e+00
1.409907221794128418e+00
3.047833681106567383e+00
2.544533729553222656e+00
1.886256933212280495e+00
-8.784283995628356934e-01
-3.470422923564910889e-01
1.582112431526184082e+00
2.633970022201538086e+00
1.550752401351928711e+00
8.846766948699951172e-01
2.431089282035827914e-01
-1.923128128051757590e+00
8.348495513200759888e-02
-2.067163944244384766e+00
-7.928150296211242676e-01
-7.568945288658142090e-01
6.579218506813049316e-01
1.046234369277954102e+00
1.052605152130127175e+00
1.178076267242431641e+00
1.713753819465637207e+00
4.463783264160156250e+00
4.168339252471923828e+00
3.775727748870849609e+00
3.215311288833618164e+00
4.901267528533936435e+00
2.674431562423706055e+00
2.293078660964965820e+00
-4.429394245147705078e+00
-4.434393405914306641e+00
-5.698640823364257812e+00
-3.436034917831420898e-01
3.192815065383911133e+00
6.026218891143798828e+00
7.168167829513549805e-01
4.611118316650391513e+00
2.819046974182128906e+00
4.910221993923187256e-01
-1.531778216361999512e+00
-1.093615293502807617e+00
-5.849198251962662437e-02
-5.996353551745414734e-02
-1.490632295608520508e+00
3.669612705707550049e-01
4.498721659183502197e-02
-1.499115824699402078e+00
-5.758687019348144531e+00
-2.655236959457397017e+00
-2.261657953262329102e+00
1.967941761016845703e+00
1.376105308532714844e+00
3.141562461853027788e+00
5.055929660797119141e+00
4.514243602752685547e+00
1.667331099510192871e+00
3.566385433077812195e-02
-2.000011920928955078e+00
-3.356165647506713867e+00
-4.264923095703125000e+00
-4.034683704376221591e+00
-2.080966711044311523e+00
-1.260953068733215110e+00
-5.048314332962036133e-01
5.239517688751220703e-01
-6.121768951416015625e-01
-1.929050564765930398e+00
-2.843652009963989258e+00
8.027058094739913940e-02
-6.939377188682556152e-01
-2.552390694618225098e-01
-2.306412935256958008e+00
-3.739498138427734375e+00
-4.549711227416992188e+00
-5.901154518127441406e+00
-3.976246833801269531e+00
-2.567083835601806197e+00
-1.205157756805419922e+00
-1.714422464370727539e+00
-6.471236348152160645e-01
6.519482731819152832e-01
6.841130256652832031e-01
1.781626105308532715e+00
4.312204837799071377e+00
6.456123828887940341e+00
3.781389951705932617e+00
2.002565383911133257e+00
3.877008259296417236e-01
-1.028741821646690369e-01
7.440583109855651855e-01
3.821677684783935991e+00
6.777881145477294922e+00
9.619376182556152344e+00
9.877603530883787286e+00
8.006729125976562500e+00
6.272770404815673828e+00
-9.775995016098022461e-01
5.812394022941589355e-01
-2.715417861938477007e+00
-3.837072372436522993e+00
-2.665871858596801758e+00
3.173352241516113281e+00
6.982118129730224609e+00
8.301523208618164062e+00
5.174722194671630859e+00
3.746717929840087891e+00
3.683708667755126953e+00
1.409857511520385520e+00
5.392345041036606529e-02
-3.259109556674957275e-01
-2.027456648647784840e-02
-1.519753481261432171e-03
1.211220920085906982e-01
7.120674848556518555e-01
1.043843746185302734e+00
9.714708477258682251e-02
-5.280947685241699219e+00
-5.339502334594726562e+00
-2.251281023025512695e+00
-2.023310184478760210e+00
-4.810064315795898438e+00
-1.906054377555847168e+00
1.970288515090942383e+00
-1.825769901275634766e+00
-9.508211910724639893e-02
-1.624348521232604980e+00
-2.521605014801025391e+00
-2.879236936569213867e+00
-2.685500860214233398e+00
-2.957376003265381303e+00
-1.185238242149353027e+00
-2.402884960174560547e+00
-1.262474417686462402e+00
6.806648969650268555e-01
2.806250572204589844e+00
1.262596487998962402e+00
4.609219551086425781e+00
2.012464284896850586e+00
-3.350421786308288574e-02
-2.484591722488403764e+00
-3.004338741302490234e+00
-3.569798231124877930e+00
-3.274988174438477007e+00
-2.347131013870239702e+00
-1.636280298233032227e+00
-9.957543611526488148e-01
-1.665753602981567383e+00
-2.455681562423706055e+00
-4.023348808288573331e+00
-4.450837135314941406e+00
-1.908499002456665039e+00
-3.288487911224364790e+00
-2.187447547912597656e+00
-2.183393716812134233e+00
-1.562018156051635520e+00
-2.073388814926147461e+00
-5.536862015724182129e-01
-5.124288558959960938e+00
-6.508150577545166016e+00
-8.955368041992187500e+00
-4.362704753875731534e+00
-4.917587757110596591e+00
4.526053905487060547e+00
5.647814750671387607e+00
1.191550850868225098e+00
-1.558677315711975098e+00
-1.397717475891113281e+00
-4.605343341827393466e+00
-6.077895641326903409e+00
-2.292805433273315430e+00
-2.878886222839355469e+00
-4.753208160400391180e-01
-2.058545827865600586e+00
5.491189956665039062e+00
3.465630292892456055e+00
1.342430830001831055e+00
-3.421558380126953125e+00
-6.314429283142089844e+00
-2.667176723480224609e+00
1.125012755393981934e+00
-1.707710862159729004e+00
-1.265549421310424805e+00
3.486625432968140093e+00
-2.435529083013534546e-01
-7.167820334434509277e-01
-2.307847738265990767e+00
-4.340030670166016513e+00
-1.654796153306961060e-01
-1.479951262474060059e+00
5.626715183258056641e+00
9.303203225135804333e-01
-2.463789463043212891e+00
-2.666498422622680664e+00
5.422653555870056152e-01
3.649413347244263139e+00
4.156955242156981534e+00
-1.629580616950988770e+00
-1.085827732086181641e+01
-1.545512866973876953e+01
-6.809891462326049805e-01
4.428273200988769531e+00
8.046336174011230469e+00
1.128872394561767578e+01
4.527692794799804688e+00
-5.220384597778320312e+00
-4.821812629699707031e+00
-2.931421041488647461e+00
-3.158923149108886719e+00
4.182853698730468750e+00
5.515939712524414062e+00
-3.292465686798096147e+00
-1.333324909210205078e+01
-1.939388847351074574e+01
-1.302371597290039062e+01
-2.995480537414551225e+00
1.125566577911376953e+01
1.864216995239257457e+01
1.897478866577148438e+01
1.175627326965332031e+01
-3.091895341873168945e+00
-1.374732685089111328e+01
-1.846930313110351918e+01
-1.462140369415283203e+01
-3.429388046264648438e+00
1.051405334472656250e+01
1.394537067413330078e+01
7.007407188415527344e+00
1.305625081062317117e+00
-2.249591588973999023e+00
5.541283264756203392e-02
-2.611253261566162109e+00
-7.134910583496093750e+00
-8.116979598999021661e+00
-1.193837046623229980e+00
6.108357429504394531e+00
1.411203575134277344e+01
1.341643810272216797e+01
5.591298580169677734e+00
4.444832324981689453e+00
8.403162956237792969e-01
1.093156933784484863e+00
3.985636234283447266e+00
2.516424894332885742e+00
6.149322509765625000e+00
5.804855346679688388e+00
6.367211818695067471e+00
2.693102598190308061e+00
-1.016519069671630721e-01
5.542728900909423828e-01
3.005486965179443803e+00
4.734037816524506170e-01
7.446128129959106445e-01
-1.522428035736083984e+00
-5.468241214752197266e+00
1.224026298522949219e+01
8.872124671936035156e+00
-6.542486697435379028e-02
-1.558124780654907227e+00
6.633494853973388672e+00
8.723134040832519531e+00
9.799778938293457031e+00
6.976997375488281250e+00
-9.626228809356690563e-01
-1.819178581237792969e+01
-1.654567337036132812e+01
-1.762779045104980469e+01
-1.541287708282470703e+01
-9.610412597656250000e+00
4.805670261383056641e+00
9.829133033752439630e+00
9.688875198364257812e+00
5.770091533660888672e+00
7.415521144866942471e+00
-1.697911739349365234e+00
-2.310096740722655895e+01
-4.000056076049804688e+01
-4.088784027099609375e+01
-2.233825302124023438e+01
2.524467945098876953e+00
1.529479885101318537e+01
1.567087364196777344e+01
1.738430786132812500e+01
2.059035110473632812e+01
5.868364334106445312e+00
-1.132976150512695312e+01
-2.973134994506835938e+01
-2.583860397338867188e+01
-2.714799118041992188e+01
-1.766868782043457031e+01
-2.950258016586304155e+00
1.289381408691406250e+01
2.298012351989746094e+01
1.761373710632324219e+01
1.351229953765869318e+01
8.366369247436521661e+00
-3.784438133239746094e+00
-8.637105941772460938e+00
-6.402870178222656250e+00
-5.361486673355102539e-01
8.826272487640380859e-01
9.275445938110351562e+00
1.063644027709960938e+01
8.521187782287597656e+00
1.045171546936035156e+01
1.340011119842529297e+01
-1.804159641265868697e+00
-1.126450061798095525e+01
-7.758979797363281250e+00
-6.492690563201903409e+00
5.500924110412597656e+00
1.640950584411621094e+01
1.995221710205078125e+01
1.783362197875976562e+01
2.180195045471191406e+01
1.881726264953613281e+01
4.337626457214356357e+00
-4.145545482635498047e+00
-9.727847576141356034e-02
1.777006745338439941e+00
-2.655357837677001953e+00
2.541303634643555243e-01
7.281400680541992188e+00
9.667391777038574219e+00
8.861520767211914062e+00
5.500431060791016513e+00
-1.035559654235839844e+01
-1.127789115905761541e+01
-3.978782653808593750e+00
1.163580298423767090e+00
-8.975338935852050781e+00
-7.126484870910644531e+00
-1.754931569099426492e+00
9.580302238464355469e+00
1.363305568695068537e+01
1.637063407897949219e+01
2.339415740966796875e+01
2.997496986389160156e+01
1.736017990112304688e+01
-5.476219177246093750e+00
-1.857581329345703125e+01
-2.628491592407226562e+01
-2.632453536987305043e+01
-2.179775428771972656e+01
-1.849708938598632812e+01
-1.063304328918457031e+01
-3.240419149398804155e+00
1.138753032684326172e+01
2.413827323913574574e+01
2.177564239501953125e+01
8.733042716979980469e+00
-1.367614269256591797e+01
-2.590459060668944957e+01
-1.945305442810058594e+01
-9.318070411682127130e+00
4.288278102874756748e+00
1.983213305473328081e+00
-7.728708744049072266e+00
-1.953174018859863637e+01
-2.754641151428223012e+01
-1.262305164337158203e+01
4.586209952831267755e-01
1.547956585884094238e+00
2.388605833053588867e+00
5.910604000091552734e+00
2.030142068862915039e+00
-9.445271492004396308e+00
-1.534277534484863281e+01
-6.375062942504882812e+00
1.184791278839111328e+01
1.824721527099609375e+01
2.348890304565429688e+01
2.653780746459960938e+01
1.994280624389648438e+01
9.129208564758300781e+00
-4.060365200042725498e+00
-2.008654975891113281e+01
-2.998460578918457031e+01
-3.248028182983398438e+01
-3.119175910949707031e+01
-1.068101882934570312e+01
1.342402267456054688e+01
2.307176971435546875e+01
2.789762496948242543e+01
2.898859596252441051e+01
1.656476783752441406e+01
1.107631587982177557e+01
1.040722608566284180e+00
-4.257987022399901456e+00
-2.166759252548217773e+00
5.737286210060120739e-01
1.181918525695800781e+01
2.260701370239257457e+01
1.842820549011230469e+01
1.819792938232421875e+01
1.257609844207763494e+01
9.147807121276855469e+00
6.158864974975585938e+00
-2.245445013046264648e+00
-2.105617141723632812e+01
-2.445207023620605113e+01
-1.483400821685791016e+01
-6.069807052612304688e+00
-3.294495582580566406e+00
-5.546902656555175781e+00
-8.058175086975097656e+00
-6.313032150268554688e+00
3.367540836334228516e+00
6.926531314849853516e+00
-5.334757804870605469e+00
-1.679071807861327770e+01
-7.466473102569580078e+00
1.878321051597595215e+00
2.519358992576599121e-01
-2.899002790451049805e+00
-2.171991825103760210e+00
1.582531690597534180e+00
1.958222031593322754e+00
-5.757918834686278409e+00
-2.477411079406738637e+01
-3.165250778198242543e+01
-2.052681732177734375e+01
-8.609082221984861505e+00
4.037337303161621094e+00
1.783152008056640625e+01
1.878222084045410156e+01
1.783898735046386719e+01
1.137007713317871271e+01
1.168410587310791016e+01
7.186571121215820312e+00
-1.193293556571006775e-01
-7.900833606719971591e+00
-1.981367874145507812e+01
-1.520282840728759766e+01
-2.151324510574340820e+00
7.612442493438721591e+00
1.904406738281250000e+01
2.446352386474609020e+01
2.256353569030761363e+01
1.551290798187256037e+01
-3.030667066574096680e+00
-9.288684844970703125e+00
-5.290059447288513184e-01
-4.659852027893066406e+00
-7.532088279724121094e+00
-8.048845291137695312e+00
-3.759857416152953657e+00
1.179435920715332031e+01
1.639582443237304688e+01
1.628883552551269531e+01
7.434084892272949219e+00
2.142100095748901367e+00
-1.305381178855895996e+00
6.102501749992370605e-01
2.886266231536864790e+00
7.760816574096679688e+00
1.473649215698242188e+01
2.301802062988280895e+01
2.952517890930176137e+01
2.397331047058105113e+01
6.997349262237548828e+00
-3.829232454299927202e+00
-6.515891075134277344e+00
-2.822081804275512695e+00
-4.399905204772949219e+00
1.098562955856323242e+00
-5.415333271026611328e+00
-1.379234981536865234e+01
-1.639347076416015270e+01
-1.039418506622314453e+01
5.481757164001464844e+00
1.873549270629882812e+01
2.340740394592285156e+01
2.047770690917968750e+01
1.536278724670410156e+01
3.081097841262817383e+00
-8.167463302612304688e+00
-2.233302497863769176e+01
-3.066249465942382812e+01
-2.759930419921875000e+01
-1.673856163024902699e+01
4.140805721282958984e+00
2.023645210266113281e+01
3.433767700195312500e+01
3.321022415161132812e+01
2.221077919006348012e+01
-3.926064252853393555e+00
-2.681318855285644531e+01
-3.310263061523436789e+01
-2.100522804260253906e+01
-1.194738769531250000e+01
-7.430987358093262607e+00
-2.657697677612304688e+00
1.896014094352722390e+00
-2.638590574264526367e+00
-1.506704425811767578e+01
-1.962438201904296875e+01
-1.511186218261718750e+01
-8.727997779846191406e+00
-4.489975452423096591e+00
-3.925497055053711382e+00
-1.165318775177001953e+01
-9.028712272644042969e+00
7.296002388000487393e+00
1.594434356689453303e+01
1.416025352478027344e+01
2.731673002243041992e+00
-1.143096446990966797e+01
-2.007533645629882812e+01
-1.885437393188476562e+01
-1.286403179168701172e+01
-6.213751792907714844e+00
-1.244342923164367676e+00
2.650253534317016602e+00
7.506642341613769531e+00
6.634315013885497159e+00
5.016332149505615234e+00
2.385784387588500977e+00
-1.365732789039611816e+00
-6.002182006835937500e+00
-4.840829849243164062e+00
-1.605510830879211426e+00
5.567630290985106534e+00
1.440787029266357422e+01
1.580913448333740234e+01
1.590558052062988459e+01
1.186930942535400568e+01
4.391200542449951172e+00
-5.467394828796386719e+00
-1.237870502471923828e+01
-1.134739685058593750e+01
1.198884606361389160e+00
1.068553638458251953e+01
1.746608734130859730e+01
2.078800392150878906e+01
2.029936218261718750e+01
1.312573051452636719e+01
6.050810813903808594e+00
3.405463993549346924e-01
-7.430954456329346591e+00
-1.293846511840820490e+01
-1.487072563171386719e+01
-1.545635414123535156e+01
-9.823335647583007812e+00
5.596497535705566406e+00
1.996575164794921875e+01
1.754758453369140270e+01
1.283810520172119318e+01
6.102083683013916016e+00
2.871348619461060014e+00
2.219098567962646484e+00
6.940897703170776367e-01
-2.474586218595505038e-01
-1.648594021797180176e+00
3.353401720523834229e-01
2.250529050827026367e+00
3.786140918731689453e+00
3.859862804412841797e+00
2.372549772262572798e+00
8.420717120170593262e-01
2.529936313629150391e+00
4.363913059234618252e+00
5.497515678405761719e+00
4.322750568389893466e+00
-1.488238722085952759e-01
-4.795974731445312500e+00
-8.646924972534179688e+00
-4.007780075073241299e+00
6.086840629577636719e-01
4.111550807952881748e+00
7.348542690277099609e+00
7.057759761810302734e+00
2.227951526641845703e+00
-3.805643558502196822e+00
-8.371791839599611151e+00
-9.642954826354980469e+00
-8.754404067993164062e+00
-5.143307209014893466e+00
-1.952756285667419656e+00
1.480731606483459695e+00
2.915089130401611772e+00
-3.718754160217941349e-04
-3.320032119750977007e+00
-6.297941207885742188e+00
-7.866831779479980469e+00
-7.113478660583496094e+00
-8.620419502258299005e+00
-9.820261001586914062e+00
-9.795998573303224433e+00
-9.547291755676269531e+00
-7.989037513732910156e+00
-4.684043884277343750e+00
-3.631481170654296875e+00
-3.800333738327025479e+00
-3.368322849273681641e+00
-2.208236217498779741e+00
-1.114457368850708008e+00
-3.555552363395690918e-01
5.141723155975341797e-01
7.712768912315368652e-01
1.385085105895995872e+00
5.941276550292968750e-01
-1.992597937583923562e+00
-5.236823558807373047e+00
-6.014639854431152344e+00
-5.499652385711669922e+00
-2.961298704147338867e+00
1.015646308660507202e-01
1.437348604202270508e+00
1.016397595405578613e+00
1.238199710845947266e+00
2.194904565811156782e+00
1.363053917884826882e+00
1.539068579673766868e+00
1.294107556343078613e+00
6.649659276008605957e-01
-1.673257648944854736e-01
-1.306167840957641602e+00
-2.417914867401123047e+00
7.771716713905334473e-01
3.840755701065063921e+00
8.182216644287111151e+00
9.207928657531738281e+00
7.701301574707031250e+00
4.578643321990966797e+00
1.232589110732078552e-01
-2.036860466003418413e+00
-8.995327353477478027e-01
1.336977481842041016e+00
3.077593564987182617e+00
6.323391437530517578e+00
9.121087074279783380e+00
1.018512916564941406e+01
8.958272933959960938e+00
6.757821083068847656e+00
4.290822982788086826e+00
8.891258835792541504e-01
1.999571561813354492e+00
1.452106237411499023e-01
3.756139278411865234e-01
7.564221024513244629e-01
-4.599999785423278809e-01
-3.175124168395996094e+00
-3.641174077987671343e+00
-2.924101591110229048e+00
-8.614972829818725586e-01
2.210672616958618164e+00
4.162271976470946377e+00
5.622602939605712891e+00
4.486824989318847656e+00
2.153873682022094727e+00
-6.553230285644531250e-01
4.171862602233887274e-01
-3.898088932037353516e+00
-3.843363761901855913e+00
-8.230420112609861505e+00
-5.904798984527587891e+00
-3.372896671295166016e+00
3.075331449508666992e-01
3.117210626602173296e+00
4.742839336395263672e+00
4.985146999359130859e+00
4.002447605133056641e+00
1.067623376846313699e+00
-9.955646395683287464e-01
-3.244636535644531250e+00
-6.072582244873047763e+00
-6.567835330963134766e+00
-1.072539138793945312e+01
-8.351247787475585938e+00
-6.288340091705322266e+00
-1.170142412185668945e+00
3.235352516174316406e+00
5.291119575500488281e+00
7.100379943847656250e+00
4.064632892608643466e+00
9.810342192649840198e-01
-1.469106197357177512e+00
-3.638072490692138228e+00
-4.873503208160400391e+00
-2.543443202972412109e+00
1.800021529197692871e-01
3.497393369674682617e+00
4.971960544586181641e+00
1.931512951850891113e+00
-2.040339469909668413e+00
-5.661106586456298828e+00
-5.882925510406494141e+00
-6.114009857177733487e+00
-3.664108037948607954e+00
-4.786763787269591730e-01
3.106452465057373047e+00
3.873841285705566406e+00
3.509412527084350586e+00
1.157561838626861433e-01
-4.565172672271728516e+00
-7.255466938018798828e+00
-7.437190055847167969e+00
-5.920859813690185547e+00
-9.933856725692747913e-01
3.764070034027100053e+00
6.480811119079589844e+00
7.114201545715332031e+00
5.895907878875732422e+00
3.629427433013916016e+00
1.036289215087890625e+00
-1.991549849510192871e+00
-3.197229146957397017e+00
-2.971784591674804688e+00
-2.747288465499877930e+00
-1.885393381118774414e+00
4.349272549152374268e-01
2.851091146469116211e+00
4.525743007659912109e+00
4.825855731964111328e+00
4.576853275299072266e+00
1.715559840202331543e+00
-1.594007968902588113e+00
-4.348258018493651456e+00
-5.075832843780518466e+00
-4.051823616027832031e+00
-2.347941875457764116e+00
-5.527259707450866699e-01
4.382533073425292969e+00
4.921542644500731534e+00
6.093201637268066406e+00
6.937557697296142578e+00
5.341434001922606534e+00
2.058969020843505859e+00
-3.226110696792602539e+00
-4.432658195495605469e+00
-5.819013595581054688e+00
-4.929558753967285156e+00
-3.767585754394531250e+00
-2.037005662918090820e+00
2.224342107772826704e+00
6.251469612121582031e+00
8.079586029052732599e+00
7.078292846679688388e+00
3.333890914916991743e+00
-7.227914929389953613e-01
-5.251253128051757812e+00
-7.562381267547607422e+00
-5.194934368133544922e+00
-2.708183526992798296e+00
2.469241142272949219e+00
4.851545333862304688e+00
5.469320297241210938e+00
2.976874589920043945e+00
1.668906331062316895e+00
-4.958693981170653409e+00
-8.173262596130371094e+00
-8.638491630554200995e+00
-8.974645614624023438e+00
-5.195672512054443359e+00
-1.082315325736999512e+00
2.738903999328613281e+00
3.464680671691894531e+00
-1.472226977348327637e-01
-2.438578844070434570e+00
-2.984934329986572266e+00
-3.088089942932128906e+00
-2.671137809753417969e+00
-2.412714958190917969e-01
2.033560723066329956e-01
8.174342513084411621e-01
2.790152728557587225e-01
-1.718795597553253174e-01
-1.833843350410461204e+00
-3.908771514892578125e+00
-5.003801822662353516e+00
-2.641647577285766602e+00
-1.044198721647262573e-01
2.741131782531738281e+00
2.917558193206787109e+00
2.905248641967772993e+00
2.579620838165283203e+00
-3.307113945484160822e-01
-8.512374877929687500e+00
-4.437905788421630859e+00
-2.864664793014526367e+00
-1.909409403800964355e+00
3.116917371749877930e+00
3.736454486846923828e+00
2.791487455368041992e+00
8.146590590476990856e-01
-6.685166954994201660e-01
-1.915032505989074707e+00
-1.321806788444519043e+00
-4.539218544960021973e-01
7.237737774848937988e-01
3.834112644195556641e+00
4.058432102203368252e+00
5.186452388763427734e+00
5.630068302154541016e+00
2.925582647323608398e+00
-6.549365520477294922e-01
-3.921816587448120117e+00
-3.667626619338988814e+00
-2.556150197982788086e+00
-2.325131416320800781e+00
-8.942624181509017944e-02
-8.338567614555358887e-01
7.730236053466796875e-01
3.170153141021728516e+00
4.391400337219238281e+00
4.211231231689453125e+00
-1.977408766746520996e+00
-7.141454696655272549e+00
-6.403429985046387607e+00
-5.172699928283691406e+00
-2.210945844650268999e+00
8.749854564666748047e-01
3.703567981719970259e+00
6.919853210449218750e+00
5.773865222930907315e+00
1.669012546539306641e+00
-1.501472830772399902e+00
-3.349562168121337891e+00
-4.381873607635498047e+00
-4.193094730377196377e+00
-2.284948348999023438e+00
1.916937679052352905e-01
4.500011444091796875e+00
4.983220100402832031e+00
5.167141914367675781e+00
2.995961189270019531e+00
1.096481680870056152e+00
7.745779752731323242e-01
-1.696483135223388894e+00
-1.112727403640747070e+00
-3.097429037094116211e+00
-2.674858331680298296e+00
-8.346277475357055664e-01
2.156916618347168413e+00
5.916247367858887607e+00
7.343753337860107422e+00
7.452611446380615234e+00
7.828362464904785156e+00
6.178592681884766513e+00
4.385968685150146484e+00
1.621233105659484863e+00
-5.490962266921997070e-01
8.287683725357055664e-01
-4.666189670562744141e+00
-1.276301980018615501e+00
-3.682361841201782227e+00
-2.769114255905151811e+00
7.284157723188400269e-02
2.144844055175780806e+00
3.573258638381958008e+00
6.181442260742188388e+00
4.313238620758056641e+00
1.384648203849792480e+00
-1.792916178703308105e+00
-7.730415821075438565e+00
-9.694547653198242188e+00
-1.036063098907470703e+01
-7.274001598358153409e+00
-1.563834190368652344e+00
2.569926977157592773e+00
4.880897045135498047e+00
6.083684444427490234e+00
4.545330524444580078e+00
4.173206984996796209e-01
-3.665992736816406250e+00
-8.091078758239746094e+00
-9.451515197753906250e+00
-8.228484153747558594e+00
-3.558330297470092773e+00
1.204316854476928711e+00
7.679839134216308594e+00
8.829679489135742188e+00
9.820779800415039062e+00
7.329934597015380859e+00
3.212369203567504883e+00
-2.843598842620849609e+00
-7.006932735443115234e+00
-6.408477306365967685e+00
-3.927748441696166992e+00
1.365438699722290039e+00
5.297620296478272373e+00
6.377131938934326172e+00
7.429826259613037109e+00
7.933783531188964844e+00
5.417420864105224609e+00
7.411478042602539062e+00
6.011762142181396484e+00
1.905251979827880859e+00
-3.025304377079010010e-01
-7.201314926147460938e+00
-9.542072296142578125e+00
-9.631687164306640625e+00
-3.920654296875000000e+00
-1.289928317070007102e+00
3.672545671463012695e+00
8.033251762390138495e+00
7.305895805358887607e+00
1.021162509918212713e+01
3.628521442413330078e+00
-4.520289897918701172e-01
-5.656938076019287109e+00
-1.028136634826660156e+01
-1.054300498962402344e+01
-9.778385162353515625e+00
-5.546407222747802734e+00
2.606356441974639893e-01
5.790978431701660156e+00
7.817311286926268643e+00
5.069590091705322266e+00
1.292159676551818848e+00
-2.854451894760131836e+00
-1.004701519012451172e+01
-8.346446037292480469e+00
-5.770497798919677734e+00
-2.491637945175170898e+00
3.796571969985961914e+00
6.955681324005127841e+00
6.331471920013427734e+00
3.584649801254272461e+00
3.183606564998627264e-01
-2.742413282394409180e+00
-4.909242630004882812e+00
-5.355437278747558594e+00
-3.935046672821044922e+00
-5.021489858627319336e-01
2.254253149032592773e+00
3.556863069534301758e+00
4.702368259429931641e+00
2.310874700546264648e+00
6.959299445152282715e-01
-1.007835745811462402e+00
-3.299011707305908203e+00
-4.072953224182128906e+00
-8.096204996109008789e-01
2.125682115554809570e+00
3.745415925979614258e+00
5.616559028625488281e+00
3.620430231094359796e-01
-9.877226829528806817e+00
-1.990206909179687500e+01
-2.614217185974121094e+01
-2.734976196289062500e+01
-2.013137626647948863e+01
-1.649480438232422230e+01
-9.460201263427734375e+00
-3.897429466247559038e+00
-3.051213026046752930e-01
4.645925760269165039e-01
1.290653705596923828e+00
1.887724995613097867e-01
-2.036898851394653320e+00
-6.398702621459960938e+00
-1.183789253234863281e+01
-1.460521030426025568e+01
-1.361443996429443537e+01
-8.510804176330566406e+00
-3.016075849533081055e+00
5.877917289733887607e+00
7.887961864471435547e+00
7.529798030853270596e+00
9.669770598411558948e-01
-4.869923889636993963e-01
-5.202071666717528409e+00
-5.019660472869873047e+00
-4.162824153900146484e+00
-1.577311396598815918e+00
1.205148339271545410e+00
4.769469261169433594e+00
6.586412906646728516e+00
5.077705383300781250e+00
4.587538242340087891e+00
3.704453945159912109e+00
2.186938524246215820e+00
2.361646413803100586e+00
1.436607122421264648e+00
-2.093989998102188110e-01
7.126017808914184570e-01
8.203508377075195312e+00
5.860731601715087891e+00
2.218801498413085938e+00
4.673804759979248047e+00
4.058463871479033314e-01
-5.416106581687927246e-01
-3.917561471462249756e-01
3.793197631835937500e+00
1.095697999000549094e+00
4.782251834869384766e+00
4.783089160919189453e+00
6.199315547943115234e+00
6.189398288726807529e+00
3.365109920501708984e+00
-9.817381501197816052e-01
-4.874755382537841797e+00
-7.150339603424072266e+00
-1.484536767005920410e+00
-1.611842513084411621e+00
2.379349708557128906e+00
5.310605049133300781e+00
7.027114391326903409e+00
9.467332839965820312e+00
6.788555145263672763e+00
4.644913196563721591e+00
1.787142038345336914e+00
-1.695937514305114746e-01
-4.373161792755126953e+00
-3.064382314682006836e+00
2.777203321456909180e+00
5.057541370391846591e+00
5.670533657073974609e+00
6.773349761962891513e+00
4.694759845733643466e+00
6.229639530181884766e+00
3.227936744689941406e+00
1.838460564613342507e+00
1.324522644281387329e-01
-6.139813065528870739e-01
1.820128411054611206e-01
5.637987256050109863e-01
1.611406803131103516e+00
3.791312456130981001e+00
8.573999404907226562e-01
1.125144243240356445e+00
1.626573562622070312e+00
2.016654491424560547e+00
3.582178592681884766e+00
1.211916565895080566e+00
-2.509029865264892578e+00
-4.417438507080078125e+00
-5.133924484252929688e+00
-2.754975795745849609e+00
-1.086309432983398438e+00
-1.059738039970397949e+00
1.849621295928955078e+00
-4.753151237964629572e-01
-1.234632492065429688e+00
-9.382198452949523926e-01
-1.342652440071105957e+00
-1.204738736152649148e+00
-2.230972290039062500e+00
-5.306292772293090820e-01
-2.275879621505737305e+00
-1.629575014114380105e+00
9.394498467445373535e-01
-1.723947644233703613e+00
-1.216892600059509277e+00
-5.606703758239746094e-01
2.220463752746582031e+00
3.206009387969970703e+00
2.715842485427856445e+00
2.122098207473754883e+00
2.272585391998291016e+00
3.369253396987915039e+00
-6.734550595283508301e-01
-3.600625753402709961e+00
-5.431403160095214844e+00
-6.485110282897949219e+00
-4.176455020904541016e+00
-1.399307996034622192e-01
-4.129273295402526855e-01
-2.236500501632690430e+00
6.429866552352905273e-01
1.331297874450683594e+00
-4.969818115234375000e+00
-2.002246856689453125e+00
-2.547166585922240767e+00
4.212850928306580145e-01
1.712522983551025391e+00
1.322049975395202637e+00
1.303944587707519531e+00
1.469715356826782227e+00
-9.610919952392578125e-01
-1.854680895805358887e+00
-5.542383670806884766e+00
-7.612733840942382812e+00
-4.734337806701660156e+00
2.470751553773880005e-01
1.805354118347168191e+00
2.996210813522338867e+00
3.079009771347046343e+00
2.758647203445434570e+00
3.967644214630126953e+00
8.208333849906921387e-01
1.425086021423339844e+00
-3.517158627510070801e-01
-1.407445549964904785e+00
-2.896513938903808594e+00
-1.696970701217651367e+00
-5.495842456817626953e+00
-2.680835485458374023e+00
-1.717401981353759766e+00
-5.330879688262940563e-01
-1.487956149503588676e-03
1.866258382797240767e+00
1.969336420297622681e-01
2.338132381439208984e+00
-1.870342135429382324e+00
-3.194000005722046343e+00
-3.648463487625122070e+00
-3.010534286499023438e+00
2.476132154464721680e+00
-5.375747680664062500e-01
-1.124264597892761230e+00
2.089730262756348100e+00
3.406625270843506303e+00
4.020603179931641513e+00
3.826668977737426314e+00
5.241367816925048828e+00
1.893184423446655495e+00
1.600683093070984109e+00
1.909043639898299893e-01
-7.454027533531188965e-01
-4.419332981109619141e+00
-3.337797880172729048e+00
3.789473176002502441e-01
2.768138170242309570e+00
5.660968780517577237e+00
3.253217458724976030e+00
2.907872915267944336e+00
-4.115992188453673761e-01
-2.509465932846069336e+00
-2.748589754104614258e+00
-1.901653647422790305e+00
-1.407085180282592773e+00
-1.811656117439270020e+00
-3.292717039585112832e-02
1.109342217445373535e+00
2.110621690750121626e+00
9.443932771682740368e-01
-6.735680699348449707e-01
-1.839944362640380859e+00
-1.405887007713318093e+00
-1.424066305160522461e+00
-2.699793338775634766e+00
-1.574387311935424805e+00
-9.061509132385253906e+00
-6.770905017852782315e+00
-3.963694810867309570e+00
-2.324574232101440430e+00
-2.942422151565552202e+00
-1.715367913246154785e+00
-2.919831752777100053e+00
-4.537909984588623047e+00
-4.311922550201416016e+00
-3.928572654724121094e+00
-3.009170055389404297e+00
-9.244709610939025879e-01
-7.602300494909286499e-02
1.490187048912048340e+00
2.308115243911743164e+00
2.422857522964477095e+00
1.683348298072814941e+00
1.337940692901611106e+00
1.121138930320739524e+00
5.940723419189453125e-01
1.087484598159790039e+00
1.990505099296569602e+00
2.215880453586578369e-01
1.815653920173645020e+00
2.741066932678222656e+00
5.172224521636962891e+00
3.624683856964111328e+00
4.490686416625976562e+00
3.956287145614623579e+00
1.507495760917663574e+00
-1.023229718208312988e+00
-6.456062197685243087e-02
-1.819672107696532759e+00
-2.037540912628174272e+00
-1.742258667945861816e+00
6.268447041511535645e-01
1.359778404235839844e+00
2.733860731124877930e+00
3.434110879898071733e+00
3.105761528015136719e+00
5.588613748550415039e-01
3.118269443511962891e+00
1.356827974319458008e+00
3.862119436264038086e+00
1.254306435585021973e-01
-1.030275821685790794e+00
-1.707635760307311790e+00
-1.959831357002258301e+00
-9.655587077140808105e-01
-1.667495965957641602e+00
-9.738478660583496094e-01
-1.075672656297683577e-01
2.459589004516601562e+00
1.437116980552673118e+00
1.544068455696105957e+00
2.712785720825195757e+00
1.649944186210632324e+00
2.378990411758423296e+00
3.396035671234131303e+00
-1.378207087516784890e+00
-1.682191967964172363e+00
2.094015359878540039e+00
3.861621618270873579e+00
6.133511543273925781e+00
6.722172260284423828e+00
7.511244297027587891e+00
3.638255357742309570e+00
-2.143624544143676758e+00
-4.757334232330322266e+00
-5.874567031860352451e+00
-5.712315559387207031e+00
-2.147938489913940430e+00
1.441886186599731445e+00
3.066273927688598189e+00
2.289869785308837891e+00
1.624472737312316895e+00
-6.214021444320678711e-01
-1.996631026268005371e-01
-2.089364290237426758e+00
-2.622909545898437056e+00
-7.368828773498535156e+00
-1.500568747520446777e+00
-3.631418466567993164e+00
7.244227409362792969e+00
5.357205867767333984e+00
4.757211685180664062e+00
2.199659824371337891e+00
5.206278562545776367e-01
-4.142058193683624268e-01
-2.866028547286987749e+00
-2.869240045547484796e-01
2.727780580520629883e+00
5.529203891754150391e+00
5.414747714996337891e+00
1.933617115020751953e+00
-2.009312868118285689e+00
2.554135620594025213e-01
2.005802392959594727e+00
6.474186897277832031e+00
7.290851593017577237e+00
9.610593795776367188e+00
1.049717807769775391e+01
2.619742631912231445e+00
1.221554994583130105e+00
-4.430533885955810547e+00
-5.182709217071533203e+00
-3.986763954162597656e+00
-7.808297276496887207e-01
-3.020901679992676225e+00
3.816047191619873047e+00
9.807609915733336292e-01
3.062874078750610352e+00
-1.948715448379516824e+00
-2.029032230377197266e+00
-1.385463476181030495e+00
-3.808591604232788086e+00
-6.693276405334472656e+00
-7.278376102447509766e+00
-5.767918109893798828e+00
-2.981749773025512695e+00
-6.087393283843994141e+00
-3.601270198822021040e+00
-6.696175932884216309e-01
-5.037105083465576172e-01
-8.769968152046203613e-01
-2.272621393203735796e+00
-2.114932298660278320e+00
-3.016374588012695757e+00
-2.027730226516724077e+00
-5.115240097045898438e+00
-1.993938326835632324e+00
-1.727681875228881836e+00
-3.361885070800780806e+00
-2.569362878799438477e+00
-1.288372159004211426e+00
-4.283728897571564276e-01
2.407985925674438477e-01
7.262063771486282349e-02
-1.912142187356948853e-01
-1.179964661598205566e+00
-7.209933996200561523e-01
-2.837759256362915039e-01
-6.422159671783447266e-01
-1.003937721252441406e+00
-3.347440481185913086e+00
-3.445285558700561079e+00
-3.805273532867432085e+00
-2.085222959518432617e+00
-1.984321773052216131e-01
4.896641075611113947e-01
-3.804621994495391846e-01
-2.470793485641479492e+00
-5.399506568908691406e+00
-1.544236779212951660e+00
1.062028855085372786e-01
1.782496213912964089e+00
2.430067539215087891e+00
5.065199136734008789e-01
-3.546781241893768311e-01
-1.557888269424438477e+00
1.703901410102844238e+00
1.798153758049011230e+00
3.115174531936645064e+00
-9.275194406509400524e-01
-2.101614952087402344e+00
-2.937179088592529297e+00
-1.293400287628173828e+00
-4.994365692138671875e+00
-3.353595256805419922e+00
-2.834284782409667969e+00
1.532622575759887695e+00
5.358121871948242188e+00
6.254945278167724609e+00
3.258026599884033203e+00
-3.147346496582031250e+00
-1.484457015991210938e+00
-3.225154876708984375e+00
-2.726234436035155806e+00
-3.154856443405151811e+00
-5.256618022918701172e+00
-4.210616350173950195e-01
1.548754334449768066e+00
2.852949142456054688e+00
3.455389738082885742e+00
3.700933456420897549e+00
-8.295557498931884766e-01
3.711885809898377020e-01
2.621432065963745117e+00
5.395229339599608487e+00
7.020316123962402344e+00
7.342791557312012607e+00
5.268295288085937500e+00
1.713400006294250488e+00
-2.239843606948852539e+00
-4.448096752166748047e+00
-2.930224180221557617e+00
-1.033033251762389915e+00
1.507697701454162598e+00
-9.228575825691224255e-01
2.357155084609985352e+00
1.702479958534240723e+00
2.837951898574828657e+00
1.952762007713317649e+00
1.153006911277770996e+00
1.558937549591064453e+00
-4.762209057807921808e-01
-1.003087162971496582e+00
-1.256318092346191406e+00
-3.205605149269104004e-01
-6.874856948852539062e-01
-1.655666351318359375e+00
-1.322913050651550293e+00
-2.356250286102294922e+00
-6.779407262802124023e-01
2.865391731262207031e+00
2.356976270675659180e+00
3.962633132934569424e+00
-1.235033720731735229e-01
-2.548494100570678711e+00
-2.820000648498535156e+00
-2.615975141525268999e+00
-2.658972263336181641e+00
-3.432792901992798296e+00
