2.077955484390259233e+00
2.103440761566161665e+00
2.189215421676636186e+00
2.066534280776977095e+00
2.095989227294921875e+00
2.171258687973022461e+00
2.233969449996947798e+00
2.278222560882568359e+00
2.288014888763428178e+00
2.314106702804564986e+00
2.321774244308472124e+00
2.360673189163208008e+00
2.399857759475708008e+00
2.422343254089355469e+00
2.442417383193969727e+00
2.453227996826171875e+00
2.444937467575072798e+00
2.449296236038208008e+00
2.416985988616943803e+00
2.424775600433349609e+00
2.420748472213745117e+00
2.414838790893554688e+00
2.399545669555664062e+00
2.383785724639892578e+00
2.374984741210937056e+00
2.373882293701171875e+00
2.364802122116088867e+00
2.354670763015747070e+00
2.340843677520751953e+00
2.334290981292724609e+00
2.302955389022826704e+00
2.309785604476928711e+00
2.254342794418334961e+00
2.252871274948120117e+00
2.250461339950561079e+00
2.232701778411864790e+00
2.215936899185180664e+00
2.216847181320190430e+00
2.179648160934447798e+00
2.167088508605956587e+00
2.165246725082397017e+00
2.149762153625488281e+00
2.148212194442749023e+00
2.142065048217772993e+00
2.116446733474731445e+00
2.113900184631348100e+00
2.091394901275634766e+00
2.078723192214965820e+00
2.084560155868530273e+00
2.070588111877441406e+00
2.056468486785888672e+00
2.034255743026733398e+00
1.815191030502319558e+00
1.821306347846984863e+00
1.824292659759521262e+00
1.838260412216186301e+00
1.865092754364013672e+00
1.889513731002808061e+00
1.881813287734985130e+00
1.880925774574280007e+00
1.895598053932189941e+00
1.877049684524535911e+00
1.874125242233276367e+00
1.865985751152038352e+00
1.856481552124023660e+00
1.856022715568542480e+00
1.858193039894104004e+00
1.863624215126037598e+00
1.870453596115112305e+00
1.869107842445373091e+00
1.874192237854004128e+00
1.879604816436768022e+00
1.892540097236633301e+00
1.896563887596130371e+00
1.893950939178466797e+00
1.885285735130310059e+00
1.862634062767028809e+00
1.880205631256103516e+00
1.888938903808593528e+00
1.901594400405884011e+00
1.904814124107360840e+00
1.908543705940246360e+00
1.912088274955749290e+00
1.927344202995300293e+00
1.907617926597595215e+00
1.929622054100036843e+00
1.941008329391479492e+00
1.948822736740112305e+00
1.958757519721984863e+00
1.955318927764892800e+00
1.963237643241882324e+00
1.971322655677795632e+00
1.973074793815612793e+00
1.983934640884399636e+00
1.989609003067016824e+00
1.993112444877624290e+00
2.001629352569580078e+00
2.003149747848510742e+00
1.999821901321411133e+00
2.002231121063232422e+00
2.004277944564819780e+00
1.995754003524780495e+00
1.993553400039672852e+00
1.990103363990783913e+00
1.979030966758728027e+00
1.972446084022521973e+00
1.970586061477660911e+00
1.970822572708129661e+00
1.972403407096862793e+00
1.969427466392516868e+00
1.972150206565856934e+00
1.972241759300231934e+00
1.972009778022765891e+00
1.965111494064331055e+00
1.964975357055664062e+00
1.961744785308838113e+00
1.957480430603027566e+00
1.955264329910278320e+00
1.956964612007140891e+00
1.960005283355713113e+00
1.965943098068237305e+00
1.967694520950317161e+00
1.981735110282898171e+00
1.988455772399902344e+00
1.991087317466736062e+00
1.988759756088256836e+00
1.992905855178833008e+00
1.998944997787476030e+00
2.000560760498046875e+00
1.998339056968688965e+00
1.992483019828796387e+00
1.994346022605895996e+00
2.000830173492432085e+00
2.005262136459350586e+00
2.006398916244506836e+00
2.004612445831299272e+00
1.997527360916137695e+00
2.002357482910155806e+00
2.010817289352416992e+00
1.991642475128173606e+00
1.978455543518066406e+00
1.968195319175719993e+00
1.961675047874450906e+00
1.961245656013488770e+00
1.959895968437194824e+00
1.959047794342041016e+00
1.951862454414367898e+00
1.923978805541991965e+00
1.889834880828857200e+00
1.877833843231200728e+00
1.866427183151244895e+00
1.860392689704895020e+00
1.875515580177307129e+00
1.870610475540160911e+00
1.847998499870300293e+00
1.842290759086608887e+00
1.806468009948730469e+00
1.791616559028625710e+00
1.776291251182556152e+00
1.758532643318176492e+00
1.740206122398376465e+00
1.722329616546630859e+00
1.701784968376159668e+00
1.671327233314514160e+00
1.662075161933899148e+00
1.635387897491455078e+00
1.627773523330688477e+00
1.597403764724731445e+00
1.568893074989318848e+00
1.542978763580322488e+00
1.518227219581604004e+00
1.481881737709045410e+00
1.466716766357422097e+00
1.446338534355163574e+00
1.413492083549499512e+00
1.385720968246459961e+00
1.369551420211791992e+00
1.360424518585205078e+00
1.340118646621704102e+00
1.340849041938781516e+00
1.341602325439453125e+00
1.352868437767028809e+00
1.380409479141235352e+00
1.388466119766235352e+00
1.414013743400573508e+00
1.427088618278503418e+00
1.440211772918701172e+00
1.449526786804199219e+00
1.468286395072936790e+00
1.471431612968444824e+00
1.488325119018554910e+00
1.490501642227172852e+00
1.503131270408630371e+00
1.495612978935241699e+00
1.467676520347595215e+00
1.437223434448242188e+00
1.411747455596923828e+00
1.382440924644470215e+00
1.355526804924011230e+00
1.324901938438415527e+00
1.314936041831970215e+00
1.299312710762024148e+00
1.275566697120666504e+00
1.244624733924865501e+00
1.243888497352600098e+00
1.222916483879089355e+00
1.212752580642700195e+00
1.218875050544738770e+00
1.206647157669067383e+00
1.236099481582641602e+00
1.263479232788085938e+00
1.323772549629211426e+00
1.376805067062377930e+00
1.414638519287109375e+00
1.439715027809143066e+00
1.495444536209106445e+00
1.553877949714660645e+00
1.613517403602600098e+00
1.652263641357422097e+00
1.692407965660095215e+00
1.720477223396301270e+00
1.724586844444274902e+00
1.739771962165832297e+00
1.730528116226196289e+00
1.734552264213561790e+00
1.737795591354369895e+00
1.740045666694641113e+00
1.751800298690795898e+00
1.745846033096313699e+00
1.730878353118896484e+00
1.713214635848999023e+00
1.709646940231323242e+00
1.711859822273254395e+00
1.715096473693847656e+00
1.739190936088561790e+00
1.734339952468871848e+00
1.717403531074524148e+00
1.696457386016845703e+00
1.680532097816467285e+00
1.680311441421508789e+00
1.651524424552917703e+00
1.651529550552368164e+00
1.638171911239624023e+00
1.628677606582641602e+00
1.614826679229736328e+00
1.648059248924255371e+00
1.677087068557739258e+00
1.695782184600830078e+00
1.722218394279479980e+00
1.696178078651428223e+00
1.680380582809448242e+00
1.701458692550659180e+00
1.692996382713318093e+00
1.680821895599365234e+00
1.671176791191100852e+00
1.661196231842041016e+00
1.643218755722045898e+00
1.629938721656799094e+00
1.593696951866149902e+00
1.561448693275451660e+00
1.511096239089965820e+00
1.462895870208740234e+00
1.392712831497192383e+00
1.324013113975524902e+00
1.261571884155273438e+00
1.185764074325561523e+00
1.144938945770263672e+00
1.050713777542114480e+00
9.727761149406431995e-01
8.559931516647338867e-01
7.344477176666259766e-01
5.987115502357482910e-01
5.641018152236938477e-01
4.566941559314727783e-01
3.697713613510131836e-01
2.675493359565734863e-01
1.715775579214096069e-01
1.532478183507919312e-01
1.447711139917373380e-01
1.109686791896819930e-01
8.178686350584030151e-02
9.572690352797508240e-03
-4.999152570962906578e-02
-7.156984508037567139e-02
-8.984055370092391968e-02
-1.140215545892715454e-01
-1.474785506725311279e-01
-1.611702293157577515e-01
-1.540465801954269409e-01
-1.689651161432266235e-01
-1.892392337322235107e-01
-2.421400099992752075e-01
-3.012454211711883545e-01
-3.521482050418853760e-01
-4.296360015869141180e-01
-5.040744543075561523e-01
-5.863187313079833984e-01
-6.766269803047180176e-01
-7.989803552627563477e-01
-9.227502942085266113e-01
-1.017579555511474609e+00
-1.128707051277160645e+00
-1.222306966781616211e+00
-1.326564550399780495e+00
-1.404795289039611816e+00
-1.466773748397827148e+00
-1.521493673324584961e+00
-1.563665151596069114e+00
-1.559051036834716797e+00
-1.585750341415405273e+00
-1.613783597946166992e+00
-1.608085036277770996e+00
-1.609879732131958008e+00
-1.581728219985961914e+00
-1.557373523712158203e+00
-1.522356748580932617e+00
-1.514419794082641602e+00
-1.507369995117187500e+00
-1.441798925399780495e+00
-1.473574757575988770e+00
-1.454288244247436301e+00
-1.420097947120666504e+00
-1.410476922988891602e+00
-1.379388332366943359e+00
-1.393614172935485840e+00
-1.329892516136169434e+00
-1.328102469444274902e+00
-1.272971153259277122e+00
-1.215489983558654785e+00
-1.208836674690246582e+00
-1.147798895835876465e+00
-1.051838397979736328e+00
-1.021170377731323242e+00
-9.764295816421507679e-01
-8.987052440643309437e-01
-8.762668967247009277e-01
-8.020467162132263184e-01
-6.949207782745361328e-01
-5.683801174163818359e-01
-4.474903345108032227e-01
-3.488492667675018311e-01
-2.695268094539642334e-01
-1.773934513330459595e-01
-2.262061983346939087e-01
-1.036731675267219682e-01
3.671172261238098145e-02
1.184433475136756758e-01
2.688032686710357666e-01
3.944771587848662775e-01
4.667346477508544922e-01
5.919700860977172852e-01
6.774397492408752441e-01
7.773053050041198730e-01
8.145718574523925781e-01
9.063249826431274414e-01
9.663265943527221680e-01
1.058762669563293679e+00
1.134112000465393066e+00
1.216616153717041016e+00
1.304817318916320801e+00
1.338651418685913086e+00
1.389761209487915039e+00
1.458515167236327903e+00
1.531646490097045898e+00
1.587540626525879128e+00
1.666752696037292480e+00
1.711856126785278320e+00
1.775680303573608398e+00
1.791810989379882812e+00
1.826189279556274414e+00
1.828953981399535911e+00
1.875051021575927956e+00
1.921145558357238770e+00
1.978093266487121582e+00
2.034935951232909712e+00
2.035382270812988281e+00
2.044698476791381836e+00
2.006901025772094727e+00
1.991877675056457297e+00
1.943273663520813210e+00
1.879863023757934348e+00
1.846484065055847168e+00
1.870338797569274902e+00
1.938093662261963113e+00
1.934874653816223145e+00
1.958182096481323242e+00
1.992180347442626953e+00
1.987416744232177512e+00
1.934094548225402832e+00
1.895973801612854004e+00
1.808618426322936790e+00
1.781351804733276367e+00
1.716278791427612305e+00
1.631816029548645020e+00
1.691893100738525391e+00
1.683660626411438210e+00
1.708488464355468750e+00
1.704413414001464844e+00
1.709823012351989524e+00
1.861393332481384499e+00
1.870062351226806419e+00
1.882140755653381126e+00
1.841386198997497559e+00
1.819102525711060014e+00
1.791805267333984375e+00
1.789617419242858887e+00
1.805314064025879128e+00
1.790705800056457520e+00
1.772029757499694824e+00
1.752952575683593750e+00
1.684480428695678711e+00
1.693962454795837402e+00
1.735771417617798074e+00
1.729648828506469505e+00
1.722198605537414551e+00
1.697947502136230469e+00
1.765437602996826172e+00
1.827322483062743919e+00
1.882143735885619895e+00
1.917173147201538086e+00
1.934247732162476030e+00
1.997126460075378418e+00
2.007747173309325728e+00
2.037876844406128374e+00
1.960468292236327903e+00
1.930114030838012695e+00
1.889090895652770996e+00
1.761901974678039551e+00
1.644897937774658203e+00
1.511915922164916992e+00
1.375797629356384499e+00
1.270519971847534180e+00
1.169356822967529297e+00
1.098535776138305664e+00
9.748379588127136230e-01
9.309616684913636364e-01
8.757619261741638184e-01
7.471418380737304688e-01
6.911291480064392090e-01
6.013520359992980957e-01
5.029956698417663574e-01
4.008139967918395996e-01
2.958243191242218018e-01
2.041472792625427246e-01
1.557819396257400513e-01
6.266380101442337036e-02
2.421981468796730042e-02
-1.090491190552711626e-01
-1.387130022048950195e-01
-2.114912569522857388e-01
-2.559443712234497070e-01
-2.288193851709365567e-01
-2.746922969818115234e-01
-2.794618308544158936e-01
-3.067583143711090088e-01
-3.549874424934387207e-01
-3.121702075004577637e-01
-3.693328797817229669e-01
-2.958124279975891113e-01
-3.169628977775573730e-01
-2.740673720836639404e-01
-1.512927263975143433e-01
-1.951824575662612915e-01
-1.439953893423080444e-01
-2.375308275222778598e-01
-2.639176249504088800e-01
-2.477384209632872980e-01
-2.766095697879791260e-01
-3.183247447013854980e-01
-3.774801492691040039e-01
-3.637715876102448065e-01
-3.760314583778380793e-01
-3.898633420467377264e-01
-3.541801273822784424e-01
-3.530768752098083496e-01
-3.278219997882843018e-01
-3.451422154903411865e-01
-3.084620237350463867e-01
-2.378637194633483887e-01
-1.679178774356842041e-01
-1.118245944380760193e-01
-7.655704021453857422e-02
-4.782788455486297607e-02
-7.192529737949371338e-02
-1.169721335172653198e-01
-6.731569021940231323e-02
-7.993303984403610229e-02
-9.246369451284407182e-02
-1.287227720022201538e-01
-1.647479981184005460e-01
-1.733335554599761963e-01
-1.872019618749618530e-01
-1.659855246543884555e-01
-2.256854474544524869e-01
-2.364045679569244385e-01
-2.328089028596878052e-01
-2.869552075862884521e-01
-2.852891087532043457e-01
-3.382899463176727295e-01
-3.699945807456970215e-01
-4.123949706554412842e-01
-4.822624921798706055e-01
-5.573362708091735840e-01
-6.493749618530273438e-01
-7.269464135169982910e-01
-8.287916779518127441e-01
-8.972349166870117188e-01
-8.994171619415283203e-01
-9.297344684600830078e-01
-9.759266972541807972e-01
-1.078963637351989524e+00
-1.124048829078674316e+00
-1.238933563232422097e+00
-1.417610883712768555e+00
-1.614310145378112793e+00
-1.742236971855163574e+00
-1.895682573318481223e+00
-1.982159376144408736e+00
-2.057767629623413086e+00
-2.055701255798340288e+00
-2.002520084381103516e+00
-2.074331760406494141e+00
-2.080526828765869141e+00
-2.090243339538573775e+00
-2.160810470581054688e+00
-2.224316358566284180e+00
-2.261908054351806197e+00
-2.250057458877563477e+00
-2.220269680023193359e+00
-2.218588590621947798e+00
-2.267058849334716797e+00
-2.225688457489013672e+00
-2.196882724761963335e+00
-2.199615478515625000e+00
-2.242196559906005859e+00
-2.213648080825805664e+00
-2.265389442443848100e+00
-2.307571649551392046e+00
-2.365970611572265625e+00
-2.429276466369628906e+00
-2.531668186187744141e+00
-2.523904323577880859e+00
-2.558928251266479492e+00
-2.581509828567504883e+00
-2.600128650665283203e+00
-2.600906133651733398e+00
-2.576895713806152344e+00
-2.529177427291870117e+00
-2.558745622634888139e+00
-2.570253849029541016e+00
-2.576752185821533203e+00
-2.540598869323730469e+00
-2.440230369567871094e+00
-2.532307147979736328e+00
-2.490442752838134766e+00
-2.652683973312377930e+00
-2.691870212554932085e+00
-2.815606355667114258e+00
-2.913930654525756836e+00
-2.933158397674560547e+00
-3.053333759307861328e+00
-3.062331438064575195e+00
-3.022991895675658736e+00
-3.088739395141601562e+00
-3.143783569335937056e+00
-3.142623662948608398e+00
-3.115618944168091264e+00
-3.029828548431396484e+00
-3.079897642135620117e+00
-3.106422901153564453e+00
-3.231480121612548828e+00
-3.315859079360961914e+00
-3.400209903717041016e+00
-3.508834123611450195e+00
-3.599021673202514204e+00
-3.734392404556273526e+00
-3.767956018447876421e+00
-3.712512731552123579e+00
-3.757380723953247070e+00
-3.701813697814940962e+00
-3.663236856460571289e+00
-3.636351585388184038e+00
-3.649187088012695312e+00
-3.665277481079101562e+00
-3.610301256179809570e+00
-3.661758184432983843e+00
-3.624568700790404829e+00
-3.666991233825684038e+00
-3.635222911834716797e+00
-3.630386114120483398e+00
-3.642739057540893555e+00
-3.584715843200684038e+00
-3.618304491043091264e+00
-3.634715795516968218e+00
-3.663493394851685014e+00
-3.558483839035033736e+00
-3.518435955047607422e+00
-3.622212648391724077e+00
-3.587986946105957031e+00
-3.575180292129516602e+00
-3.591815710067748579e+00
-3.527787923812866211e+00
-3.482302665710448775e+00
-3.375288009643554688e+00
-3.266227245330810547e+00
-3.235009908676147461e+00
-3.152036190032958984e+00
-3.068084478378296343e+00
-3.054678678512572798e+00
-3.071241140365600586e+00
-3.142472505569458008e+00
-3.079774856567383257e+00
-3.057847023010253906e+00
-3.048700809478760210e+00
-3.116364955902100053e+00
-3.104528427124023438e+00
-3.047456502914428711e+00
-2.989267587661743164e+00
-2.987263679504394531e+00
-3.018725872039794922e+00
-3.158161401748656782e+00
-3.144323825836181641e+00
-3.157485723495483398e+00
-3.274182558059692383e+00
-3.416852235794067383e+00
-3.651669502258301225e+00
-3.764570713043212891e+00
-4.007822990417480469e+00
-4.218307495117188388e+00
-4.429591655731201172e+00
-4.523575305938721591e+00
-4.715926170349121094e+00
-4.917449474334716797e+00
-4.884564399719238281e+00
-4.916177272796630859e+00
-4.876253604888916016e+00
-4.939283370971679688e+00
-4.980140209197998047e+00
-4.984838485717773438e+00
-4.852286338806152344e+00
-4.851736068725585938e+00
-4.796374797821044922e+00
-4.635333538055419922e+00
-4.500631332397460938e+00
-4.375480651855468750e+00
-4.237946987152100498e+00
-4.135280609130858487e+00
-3.970991134643554243e+00
-3.728014469146728960e+00
-3.530324459075928178e+00
-3.307571172714233398e+00
-3.095083236694336382e+00
-2.889071464538573775e+00
-2.623912572860717773e+00
-2.455043077468872070e+00
-2.241122484207153320e+00
-2.060849905014038086e+00
-2.000780105590820312e+00
-1.745610833168029785e+00
-1.547641038894653098e+00
-1.475826025009155273e+00
-1.458037495613097922e+00
-1.471241712570190430e+00
-1.454025268554687500e+00
-1.409822106361389160e+00
-1.344636797904968484e+00
-1.335981965065002441e+00
-1.341324448585510476e+00
-1.323554992675781250e+00
-1.233027100563049094e+00
-1.177901864051818848e+00
-1.079151391983032227e+00
-1.024128317832946777e+00
-9.272710084915160023e-01
-9.353353381156920276e-01
-9.286813735961914062e-01
-9.129788279533386230e-01
-9.088462591171263538e-01
-8.231108784675598145e-01
-7.751722335815429688e-01
-6.289387941360473633e-01
-6.766200065612792969e-01
-6.672196388244628906e-01
-6.433942317962646484e-01
-5.486021041870117188e-01
-4.381512403488159180e-01
-3.399075269699097235e-01
-2.843966186046600342e-01
-1.500969678163528442e-01
-8.310531079769134521e-02
-4.013490676879882812e-02
2.895308658480643879e-02
7.044854015111921830e-02
1.349824368953704834e-01
1.912257820367813110e-01
3.205131590366363525e-01
3.944693803787232000e-01
5.435404181480407715e-01
5.939192771911621094e-01
7.018222808837890625e-01
8.517628312110900879e-01
9.976677298545836292e-01
1.120418071746826172e+00
1.205479860305785911e+00
1.325249195098876953e+00
1.533489823341369629e+00
1.678864240646362305e+00
1.827222824096679910e+00
1.827138423919677512e+00
1.969886183738708496e+00
2.038178443908691406e+00
2.160518407821655718e+00
2.285807371139526367e+00
2.274677515029907227e+00
2.279683589935302734e+00
2.143523931503295898e+00
2.009652614593505859e+00
1.866441965103149192e+00
1.574261188507080078e+00
1.321942090988159180e+00
9.978189468383787952e-01
6.574668884277343750e-01
4.324112236499785267e-01
2.325776666402817050e-01
7.845824956893920898e-02
-7.144012302160263062e-02
-1.930000185966491977e-01
-1.055593639612198015e-01
-1.638996228575706135e-02
5.552766099572181702e-02
7.269276678562164307e-02
4.958674684166908264e-02
3.638403117656708458e-02
-4.969956353306770325e-02
-7.946810871362686157e-02
-2.539719939231873114e-01
-4.067497849464417059e-01
-4.503062367439270020e-01
-5.107076764106749378e-01
-4.329018294811248779e-01
-3.690383434295654297e-01
-2.398248761892319003e-01
-8.024588972330091996e-02
1.068648919463157654e-01
2.767821550369263250e-01
2.739188671112060547e-01
3.821524083614348810e-01
5.241115689277648926e-01
5.759387612342834473e-01
7.003822922706604004e-01
8.906270265579223633e-01
9.169545769691468395e-01
9.800205826759338379e-01
9.963192939758299671e-01
1.172103047370910645e+00
1.199366092681884766e+00
1.193648219108581543e+00
1.215984225273132324e+00
1.173977375030517578e+00
1.201616048812866211e+00
1.085918545722961426e+00
1.061067342758178711e+00
9.676680564880372204e-01
9.578799605369567871e-01
9.724930524826049805e-01
8.966446518898009144e-01
8.396667242050170898e-01
6.765295267105102539e-01
5.512154102325439453e-01
5.488237738609313965e-01
2.408565729856491089e-01
2.626231312751770020e-01
5.725644528865813515e-02
-9.615301340818403764e-02
-1.047208905220031600e-01
-1.982291638851165494e-01
-2.818699479103088379e-01
-4.831305742263793945e-01
-6.726838946342468262e-01
-8.183335661888122559e-01
-1.126498937606811523e+00
-1.297090172767639160e+00
-1.508332967758178711e+00
-1.657988548278808594e+00
-1.738133907318115234e+00
-1.966754555702209251e+00
-2.141243934631348100e+00
-2.344038248062134233e+00
-2.527840375900268999e+00
-2.919188261032104492e+00
-2.958002805709838867e+00
-3.152298450469970703e+00
-3.439633607864379883e+00
-3.707828283309936968e+00
-3.858383417129516602e+00
-4.035970211029053623e+00
-4.081822872161865234e+00
-4.118975639343261719e+00
-4.139242649078368252e+00
-4.322863578796386719e+00
-4.360474586486816406e+00
-4.515111446380615234e+00
-4.496103763580322266e+00
-4.539808750152587891e+00
-4.642405986785888672e+00
-4.736095905303955078e+00
-4.765887260437011719e+00
-4.825253486633300781e+00
-4.850373268127441406e+00
-4.938367843627929688e+00
-5.013788700103759766e+00
-4.886832714080810547e+00
-4.857253551483153409e+00
-4.728641033172606534e+00
-4.791204929351806641e+00
-4.509315490722656250e+00
-4.353685855865479404e+00
-4.287056922912598544e+00
-4.143750667572021484e+00
-4.098040103912353516e+00
-4.251092433929443359e+00
-4.232260227203368252e+00
-4.340820312500000000e+00
-4.247990131378173828e+00
-4.083230495452881748e+00
-3.910444021224976030e+00
-3.787084341049193448e+00
-3.769615411758423296e+00
-3.547010898590087891e+00
-3.450923204421997070e+00
-3.255446910858154297e+00
-3.080903768539428711e+00
-2.913438558578491211e+00
-2.629799127578735796e+00
-2.357346773147583008e+00
-2.163418769836426225e+00
-2.106385946273804155e+00
-1.971948027610778809e+00
-1.940389990806580034e+00
-1.998700380325317161e+00
-1.854234457015991211e+00
-1.956499218940734863e+00
-1.901254177093505637e+00
-1.779450774192810059e+00
-1.737107872962951660e+00
-1.585035681724548340e+00
-1.554387450218200906e+00
-1.476923227310180886e+00
-1.565976262092590332e+00
-1.595308184623718484e+00
-1.496943712234496848e+00
-1.476698279380798340e+00
-1.379894852638244629e+00
-1.296857595443725586e+00
-1.304476141929626465e+00
-1.363863348960876465e+00
-1.380268335342407227e+00
-1.488115191459655762e+00
-1.677841901779174805e+00
-1.714854717254638894e+00
-1.835744261741638406e+00
-1.952588558197021262e+00
-2.002648353576659712e+00
-1.978955149650573508e+00
-1.969363451004028320e+00
-1.945564508438110352e+00
-1.944870233535766380e+00
-1.959090232849120872e+00
-1.967547059059143066e+00
-2.013353109359740767e+00
-2.072080850601196289e+00
-2.071679592132568359e+00
-2.063764810562134233e+00
-2.023511171340942383e+00
-1.944555997848510742e+00
-1.910153269767760786e+00
-1.849839210510254128e+00
-1.849502682685851829e+00
-1.819304823875427246e+00
-1.806651711463928001e+00
-1.849803805351257102e+00
-1.895664453506469505e+00
-1.852229118347168191e+00
-1.742899298667907493e+00
-1.699183821678161621e+00
-1.773412704467773438e+00
-1.754094362258911133e+00
-1.699743986129760742e+00
-1.668039441108703613e+00
-1.578259348869323508e+00
-1.547723889350891113e+00
-1.456818819046020508e+00
-1.408151030540466309e+00
-1.400536298751831055e+00
-1.392543792724609375e+00
-1.414595127105713113e+00
-1.442704319953918457e+00
-1.405647754669189675e+00
-1.457206487655639648e+00
-1.405551075935363770e+00
-1.390609264373779297e+00
-1.345839619636535645e+00
-1.354548215866088867e+00
-1.362399578094482422e+00
-1.325604915618896484e+00
-1.152903318405151367e+00
-1.173060774803161621e+00
-1.173158764839172363e+00
-1.221984863281250000e+00
-1.237408876419067383e+00
-1.245756864547729492e+00
-1.223310351371765137e+00
-1.193168401718139648e+00
-1.214968562126159668e+00
-1.165282964706420898e+00
-1.239699363708495872e+00
-1.263953804969787598e+00
-1.247113823890686035e+00
-1.326725244522094727e+00
-1.282356142997741699e+00
-1.377797126770019531e+00
-1.393673300743103027e+00
-1.450455904006958008e+00
-1.407402634620666504e+00
-1.370479941368103027e+00
-1.426887392997741699e+00
-1.481078505516052246e+00
-1.527357697486877441e+00
-1.510772347450256348e+00
-1.485147714614868164e+00
-1.552944898605346902e+00
-1.538424372673034890e+00
-1.495362758636474609e+00
-1.527997970581054910e+00
-1.449658274650573508e+00
-1.405412316322326882e+00
-1.359601855278015137e+00
-1.371067523956298828e+00
-1.403451919555664062e+00
-1.304156184196472168e+00
-1.176548361778259277e+00
-1.158464670181274414e+00
-1.178527832031250000e+00
-1.182991266250610352e+00
-1.188872456550597922e+00
-1.152364730834960938e+00
-1.086928844451904297e+00
-1.076158523559570312e+00
-9.861003756523132324e-01
-9.410701394081115723e-01
-8.648376464843750000e-01
-7.847703099250793457e-01
-7.053245902061462402e-01
-6.567963957786560059e-01
-6.177108287811279297e-01
-5.476804375648498535e-01
-3.570114672183990479e-01
-2.051313966512680054e-01
-1.053886860609054565e-01
-1.624853610992431363e-01
-8.852373808622360229e-03
9.602564573287963867e-02
1.785861402750015259e-01
3.078957498073577881e-01
3.909440040588378906e-01
6.873154044151306152e-01
7.502188682556152344e-01
8.160594105720520020e-01
9.008179903030395508e-01
9.086071848869323730e-01
9.727083444595335804e-01
1.039589643478393555e+00
1.069869399070739524e+00
1.130876660346984863e+00
1.097342729568481445e+00
1.111602425575256348e+00
1.161892533302307129e+00
1.238587617874145508e+00
1.329180717468261497e+00
1.326618909835815430e+00
1.359860539436340332e+00
1.475029945373535156e+00
1.516943573951721191e+00
1.587085604667663574e+00
1.648172736167907493e+00
1.709213495254516602e+00
1.727660894393920898e+00
1.742421865463256836e+00
1.730013132095336914e+00
1.794829368591308594e+00
1.808268785476684792e+00
1.707586526870727539e+00
1.635873913764953613e+00
1.547924757003784180e+00
1.477687239646911621e+00
1.384860157966613770e+00
1.310977101325988770e+00
1.201136469841003418e+00
1.085655570030212402e+00
9.692562818527221680e-01
8.291256427764892578e-01
6.575248837471008301e-01
4.322135448455810547e-01
2.978135049343109131e-01
1.468994617462158203e-01
-1.906952820718288422e-02
-1.927336901426315585e-01
-3.041584491729736328e-01
-4.685010015964508057e-01
-6.652001738548278809e-01
-7.680605053901672363e-01
-9.207761287689207874e-01
-1.012421011924743652e+00
-1.175277590751647949e+00
-1.261456966400146484e+00
-1.367580890655517578e+00
-1.530907392501831055e+00
-1.643855214118957520e+00
-1.750589132308959961e+00
-1.912076354026794434e+00
-1.985314130783081055e+00
-2.155644893646239790e+00
-2.268246650695800781e+00
-2.372801303863525391e+00
-2.508857250213623047e+00
-2.647612094879150391e+00
-2.843331336975097656e+00
-2.897650718688964844e+00
-3.107136964797973633e+00
-3.224083900451660156e+00
-3.333091497421264648e+00
-3.451543807983398438e+00
-3.526098966598510742e+00
-3.619013071060180664e+00
-3.701134920120239258e+00
-3.752013206481933594e+00
-3.886557579040527344e+00
-4.018641471862792969e+00
-4.099428653717041016e+00
-4.192282676696776456e+00
-4.243033885955810547e+00
-4.296805381774901456e+00
-4.322690010070801669e+00
-4.406979084014893466e+00
-4.494908809661865234e+00
-4.485273361206054688e+00
-4.602962970733643466e+00
-4.617468357086181641e+00
-4.630242824554443359e+00
-4.617074012756347656e+00
-4.519454002380371094e+00
-4.440002918243408203e+00
-4.304411411285399502e+00
-4.203597068786621094e+00
-4.139083862304688388e+00
-4.039066314697266513e+00
-3.964392185211181641e+00
-3.825772285461426225e+00
-3.765126228332519975e+00
-3.719394207000732866e+00
-3.635485410690308061e+00
-3.562981605529785156e+00
-3.437472343444823775e+00
-3.356971740722655806e+00
-3.294898748397826704e+00
-3.235302686691283736e+00
-3.240277290344238281e+00
-3.262617588043212891e+00
-3.334143161773681641e+00
-3.341782569885253906e+00
-3.328148365020751953e+00
-3.280584812164306197e+00
-3.254194259643554688e+00
-3.239299535751342773e+00
-3.223089456558227539e+00
-3.251333475112915039e+00
-3.283950090408325195e+00
-3.277266263961791992e+00
-3.276786804199218750e+00
-3.328666687011718750e+00
-3.413288354873656782e+00
-3.414754867553711382e+00
-3.380436420440673828e+00
-3.405966520309447798e+00
-3.405008316040038618e+00
-3.341201782226562500e+00
-3.269862413406372070e+00
-3.249036550521850586e+00
-3.185927867889404297e+00
-3.115772008895873579e+00
-3.015390157699584961e+00
-2.855381250381469727e+00
-2.783972263336181641e+00
-2.670689344406127930e+00
-2.567864418029785156e+00
-2.446913957595825195e+00
-2.385008335113525391e+00
-2.289372444152832031e+00
-2.197974205017090288e+00
-2.094063758850097656e+00
-2.068387031555176225e+00
-1.967258691787719949e+00
-1.874586343765258789e+00
-1.797019243240356445e+00
-1.699267745018005371e+00
-1.648137211799621582e+00
-1.561308860778808594e+00
-1.430534958839416504e+00
-1.357462048530578613e+00
-1.194312334060668945e+00
-1.058115720748901367e+00
-8.685148954391479492e-01
-7.495152354240417480e-01
-6.530763506889343262e-01
-5.379703640937805176e-01
-4.485914707183837891e-01
-3.649196326732636053e-01
-2.745073139667510986e-01
-1.802478879690170566e-01
-7.836914807558059692e-02
8.717671036720275879e-02
2.592020928859711248e-01
3.534505665302277166e-01
4.908313453197479248e-01
5.899839997291564941e-01
6.678836345672607422e-01
7.465014457702636719e-01
8.429476618766784668e-01
9.221402406692503773e-01
1.001515030860900879e+00
1.049738407135009766e+00
1.100921511650085449e+00
1.133622169494629128e+00
1.183328151702880859e+00
1.218923807144165039e+00
1.282819986343383789e+00
1.273947119712829590e+00
1.271955013275146484e+00
1.309392333030700906e+00
1.318921327590942383e+00
1.304395794868469238e+00
1.317666172981262207e+00
1.318613409996032715e+00
1.388828873634338379e+00
1.486957192420959695e+00
1.574717998504638894e+00
1.708830952644347922e+00
1.784220337867736816e+00
1.860303759574889915e+00
1.894034028053283913e+00
1.925092816352844016e+00
1.985402464866638406e+00
2.075880765914916992e+00
2.136260271072388139e+00
2.119290351867676225e+00
2.136096000671386719e+00
2.114078283309936523e+00
2.181882858276366743e+00
2.243455886840820312e+00
2.286745071411133257e+00
2.281205415725708008e+00
2.231061220169067383e+00
2.195611476898193359e+00
2.257249355316162109e+00
2.136425733566284180e+00
2.157481670379638672e+00
2.150141954421996626e+00
2.261971473693848100e+00
2.290609359741210938e+00
2.256585836410522461e+00
2.317651987075805664e+00
2.344498157501220703e+00
2.380916833877563477e+00
2.402557611465454102e+00
2.372648000717163086e+00
2.388605833053588867e+00
2.327126741409301758e+00
2.398248195648193359e+00
2.352910041809082031e+00
2.332198143005371094e+00
2.279460906982421875e+00
2.277505159378052202e+00
2.304271221160888672e+00
2.289477586746215820e+00
2.249056816101074219e+00
2.268242359161376953e+00
2.262927293777465820e+00
2.264040470123291016e+00
2.230922698974609375e+00
2.266885757446289062e+00
2.317318916320800781e+00
2.302365303039550781e+00
2.268158674240112305e+00
2.305641174316406250e+00
2.364377260208129883e+00
2.430186986923217773e+00
2.439378976821899414e+00
2.439382791519165039e+00
2.461200952529907227e+00
2.509424209594726562e+00
2.504705905914306197e+00
2.529747962951660156e+00
2.545262575149536133e+00
2.646096467971801758e+00
2.638345241546630859e+00
2.720877408981323242e+00
2.733630895614624023e+00
2.766170263290405273e+00
2.653297185897826704e+00
2.633216857910155806e+00
2.600958108901977095e+00
2.552129983901977095e+00
2.546841859817504883e+00
2.399075031280517578e+00
2.284595966339111772e+00
2.193993091583251953e+00
2.105109453201293945e+00
2.011775732040405273e+00
1.907440304756164773e+00
1.818506836891174316e+00
1.809713363647460938e+00
1.769065618515014648e+00
1.718422174453735352e+00
1.631865262985229492e+00
1.609994649887084961e+00
1.522115230560302734e+00
1.489105582237243652e+00
1.406758785247802734e+00
1.383475065231323242e+00
1.389526724815368874e+00
1.343446254730224609e+00
1.324083566665649414e+00
1.357550263404846191e+00
1.321603775024414062e+00
1.352394580841064453e+00
1.320369243621826172e+00
1.324319124221801758e+00
1.449858307838439941e+00
1.471353292465209961e+00
1.543630838394165039e+00
1.569946050643920898e+00
1.702207684516906738e+00
1.786884427070617676e+00
1.792580008506774902e+00
1.856279253959655984e+00
1.818253636360168457e+00
1.871334314346313255e+00
1.899602055549621582e+00
1.872579336166381614e+00
1.864961028099060059e+00
1.854798793792724831e+00
1.791071653366088867e+00
1.792154192924499512e+00
1.751620411872863770e+00
1.621520161628723145e+00
1.606592893600464089e+00
1.570761680603027122e+00
1.512389421463012695e+00
1.458169579505920410e+00
1.402233600616455078e+00
1.352630019187927246e+00
1.260136485099792480e+00
1.286495804786681907e+00
1.183319926261902078e+00
1.124721646308899148e+00
1.071526408195495605e+00
1.003028392791747825e+00
9.096903204917907715e-01
8.977200984954833984e-01
8.536492586135864258e-01
8.154982924461364746e-01
8.131042122840881348e-01
7.619596123695373535e-01
7.926329970359802246e-01
7.485032081604003906e-01
6.841600537300109863e-01
7.142165303230285645e-01
6.353991031646728516e-01
6.241151690483093262e-01
6.390952467918395996e-01
5.813567042350769043e-01
5.823186039924621582e-01
5.459235310554504395e-01
5.038716793060302734e-01
4.769661128520966131e-01
3.968110680580139160e-01
4.169010221958159845e-01
3.898806273937224787e-01
3.342205882072448730e-01
3.227366805076599121e-01
2.071338444948196411e-01
1.584742814302444458e-01
1.378120630979537964e-01
7.554890215396881104e-02
5.546297878026961586e-02
7.186117768287658691e-02
5.349970981478691101e-02
-3.817494213581085205e-02
-6.507439166307449341e-02
-7.480748742818832397e-02
-1.377222537994384766e-01
-1.976242214441299438e-01
-3.337756097316741943e-01
-4.046343564987183172e-01
-4.114237725734711248e-01
-4.559908211231232245e-01
-4.955945014953612726e-01
-5.353821516036987305e-01
-5.641265511512756348e-01
-6.132945418357849121e-01
-6.516085267066955566e-01
-7.040435671806335449e-01
-6.924415826797485352e-01
-7.364709377288818359e-01
-8.556880950927734375e-01
-9.388124346733092151e-01
-9.398365616798399769e-01
-9.815384745597840466e-01
-9.684085249900817871e-01
-1.020298361778259277e+00
-1.014606118202209695e+00
-9.968190193176270641e-01
-1.032544851303100586e+00
-1.052905201911926492e+00
-1.129275202751159668e+00
-1.197479605674743652e+00
-1.163138628005981445e+00
-1.212620139122009277e+00
-1.223070859909057617e+00
-1.281713247299194336e+00
-1.292444348335265891e+00
-1.324659347534179688e+00
-1.283518671989440918e+00
-1.249372720718383789e+00
-1.323010921478271706e+00
-1.366101264953613281e+00
-1.364300012588500977e+00
-1.362846851348876953e+00
-1.294951438903808594e+00
-1.330724120140075684e+00
-1.369501113891601562e+00
-1.444188952445984109e+00
-1.441505193710327148e+00
-1.416514515876770020e+00
-1.419257164001464844e+00
-1.381281614303588867e+00
-1.297290444374084473e+00
-1.301117300987243652e+00
-1.285383820533752441e+00
-1.290927767753600852e+00
-1.253648281097412109e+00
-1.235630750656127930e+00
-1.184186458587646484e+00
-1.191705465316772461e+00
-1.190791130065917969e+00
-1.167156219482422097e+00
-1.166845202445984109e+00
-1.139512658119201660e+00
-1.114946484565734863e+00
-1.121672391891479492e+00
-1.177378416061401367e+00
-1.253463745117187500e+00
-1.253501296043395996e+00
-1.261218309402465820e+00
-1.237133622169494629e+00
-1.249058604240417703e+00
-1.278537869453430176e+00
-1.250897526741027832e+00
-1.290911197662353516e+00
-1.342755436897277832e+00
-1.331290602684020996e+00
-1.330777645111083984e+00
-1.289380311965942383e+00
-1.275998353958130105e+00
-1.274132966995239258e+00
-1.314098358154296875e+00
-1.341368556022644043e+00
-1.361440539360046387e+00
-1.434114217758178711e+00
-1.490520119667053223e+00
-1.529827237129211426e+00
-1.576050043106079102e+00
-1.589118361473083496e+00
-1.553877472877502441e+00
-1.581796169281006081e+00
-1.587822794914245605e+00
-1.601774930953979492e+00
-1.613659262657165527e+00
-1.723297595977783203e+00
-1.732023835182189941e+00
-1.752477288246154785e+00
-1.811887264251708984e+00
-1.834850192070007546e+00
-1.863848328590393066e+00
-1.839896798133850098e+00
-1.809523820877075195e+00
-1.824476361274719238e+00
-1.796902537345886230e+00
-1.823852539062500000e+00
-1.797043561935424805e+00
-1.764711976051330566e+00
-1.750977277755737305e+00
-1.685042619705200195e+00
-1.697039484977722168e+00
-1.685117721557617188e+00
-1.680030345916748047e+00
-1.654804587364196777e+00
-1.615278363227844238e+00
-1.646470904350280762e+00
-1.568919181823730469e+00
-1.572927832603454590e+00
-1.533851027488708496e+00
-1.477656841278076172e+00
-1.486791014671325684e+00
-1.402392506599426492e+00
-1.396728038787841797e+00
-1.355864405632019043e+00
-1.284207344055175781e+00
-1.184816360473632812e+00
-1.060740947723388894e+00
-1.086029648780822754e+00
-1.008479833602905273e+00
-8.995729088783264160e-01
-9.171906113624571644e-01
-8.441087603569030762e-01
-8.450536727905273438e-01
-8.151834011077880859e-01
-6.761020421981811523e-01
-6.501311659812927246e-01
-5.770632028579711914e-01
-5.290056467056274414e-01
-5.149276852607727051e-01
-3.632938563823699951e-01
-3.235065340995789129e-01
-2.689356505870819092e-01
-2.378465235233306885e-01
-2.516840994358062744e-01
-1.965597420930862427e-01
-1.668378114700317383e-01
-7.697787880897521973e-02
-1.679691970348358154e-01
-1.218990609049797058e-01
-1.463773697614669800e-01
-1.665170192718506137e-01
-1.247305870056152483e-01
-1.084892228245735307e-01
-3.728195652365685203e-02
-1.963815651834011078e-03
-2.280951291322708130e-02
-4.905474837869406614e-03
-3.565530478954315186e-02
2.363983541727066040e-03
-5.659060552716254321e-03
-5.646928772330283425e-02
-2.357493899762630463e-02
-3.386653214693069458e-02
-2.628310583531856190e-02
4.197969287633896568e-02
5.314224213361740112e-02
6.000532954931258461e-02
1.688845828175544739e-02
1.007748022675514221e-02
-4.159686714410781860e-02
-7.104548811912538009e-02
-7.323522120714187622e-02
-7.341443002223968506e-02
-5.694864690303802490e-02
-6.217604875564575195e-02
-8.566828072071075439e-02
-8.836121857166290283e-02
-1.064418554306030412e-01
-1.009263843297958374e-01
-1.372540742158889771e-01
-1.575274318456649780e-01
-1.502633839845657349e-01
-1.394280642271041870e-01
-1.520238220691680908e-01
-2.281690537929534912e-01
-2.411487996578217108e-01
-2.794667780399322510e-01
-3.210357725620269775e-01
-3.430513143539429266e-01
-3.944954872131348211e-01
-4.227351844310761053e-01
-4.538689851760864258e-01
-4.298732876777648926e-01
-4.301458597183228094e-01
-4.890118539333344061e-01
-5.195477604866027832e-01
-5.392087697982788086e-01
-5.406556129455566406e-01
-4.541755318641663153e-01
-4.679821133613585871e-01
-4.258051514625548761e-01
-4.672632515430449884e-01
-4.579169750213623047e-01
-4.215510487556457520e-01
-4.148835837841033936e-01
-3.816268444061278742e-01
-4.021698236465454102e-01
-3.726670742034912109e-01
-3.686291277408599854e-01
-3.799930512905120850e-01
-3.506205379962921143e-01
-3.404798805713653564e-01
-3.285700380802154541e-01
-3.279636204242706299e-01
-3.210890889167785645e-01
-2.953699529170989990e-01
-2.252378761768341064e-01
-2.084434926509856623e-01
-1.376975625753402710e-01
-1.659622043371200562e-01
-1.121598109602928300e-01
-1.380490064620971402e-01
-1.073093563318252563e-01
-9.112216532230375809e-02
-9.597478061914443970e-02
-1.001232042908668379e-01
-1.603578776121139526e-01
-1.542453616857528687e-01
-9.626125544309616089e-02
-1.054555773735046387e-01
-8.471726626157760620e-02
-7.863996922969818115e-02
-1.198571696877479553e-01
-1.469440013170242587e-01
-1.649046987295150757e-01
-4.692816361784934998e-02
-9.213510155677796798e-02
3.931576386094093323e-03
1.297934213653206825e-03
5.291087925434112549e-02
-3.020977787673473011e-02
-5.243078246712685325e-02
-1.860995660535991409e-03
6.002592854201793671e-03
3.827361389994621277e-02
1.186394467949867249e-01
1.297813951969146729e-01
2.077451199293136874e-01
1.724745929241180420e-01
2.084960639476776123e-01
2.418784052133559903e-01
2.497099637985228937e-01
3.014768362045288086e-01
3.156138360500336248e-01
3.715449869632720947e-01
4.160817265510559082e-01
4.341436326503753662e-01
5.188177227973937988e-01
5.172315835952758789e-01
5.615159869194030762e-01
5.894168019294738770e-01
6.144198775291442871e-01
5.912616848945617676e-01
5.677757859230041504e-01
5.730152726173400879e-01
6.001010537147521973e-01
5.980756878852844238e-01
6.377503871917724609e-01
6.064993143081665039e-01
6.386697292327880859e-01
5.986297726631164551e-01
5.767539739608764648e-01
6.104550361633300781e-01
6.271269321441650391e-01
6.486631631851196289e-01
5.742460489273071289e-01
5.330046415328979492e-01
7.075524330139159046e-01
7.524309158325195312e-01
8.076284527778625488e-01
6.103662848472595215e-01
6.134080886840820312e-01
6.212038993835449219e-01
6.705965995788574219e-01
6.843634843826293945e-01
6.599256992340087891e-01
6.480070352554321289e-01
7.097872495651245117e-01
7.408364415168762207e-01
7.888917922973632812e-01
7.942389845848083496e-01
7.950739264488220215e-01
7.830668687820434570e-01
7.759395837783813477e-01
7.979901432991027832e-01
7.795842885971069336e-01
7.858344912528991699e-01
7.952702641487121582e-01
7.823522090911865234e-01
8.187226653099058948e-01
8.113356232643127441e-01
8.396962285041809082e-01
8.207125067710876465e-01
7.990953922271728516e-01
8.118707537651062012e-01
8.368530869483947754e-01
9.008272886276244007e-01
9.061918854713441052e-01
8.783795237541198730e-01
8.630656599998474121e-01
8.713016510009765625e-01
8.639603257179259144e-01
8.004264831542968750e-01
7.470532059669494629e-01
7.640799880027770996e-01
7.853608727455139160e-01
8.120651841163635254e-01
8.263120651245117188e-01
8.660244941711425781e-01
8.532884120941162109e-01
8.643285036087036133e-01
8.531229496002197266e-01
8.685004711151123047e-01
8.804093599319458008e-01
8.816739320755004883e-01
8.422671556472778320e-01
8.657405972480773926e-01
8.367673158645629883e-01
8.780994415283203125e-01
8.813598752021790661e-01
8.987719416618347168e-01
9.009816050529479980e-01
8.623439073562622070e-01
8.754695057868957520e-01
8.987709879875183105e-01
9.190676212310792126e-01
9.489164352416992188e-01
9.509816169738770641e-01
9.872434735298155628e-01
9.744520187377929688e-01
9.970487356185911976e-01
1.029414415359497070e+00
1.049963593482971191e+00
1.037490010261535645e+00
1.030294656753540039e+00
1.080921769142150879e+00
1.158512949943542480e+00
1.115607619285583496e+00
1.139660596847534180e+00
9.532234072685241699e-01
9.817843437194824219e-01
9.800971746444702148e-01
9.362877011299132191e-01
1.002758741378784180e+00
9.497243165969847523e-01
9.966677427291870117e-01
1.038831591606139915e+00
1.003136277198791504e+00
1.008755564689636230e+00
1.033517122268676758e+00
1.075318455696105957e+00
1.087886452674865501e+00
1.095183134078979492e+00
1.061800479888915794e+00
9.916242957115172230e-01
1.043442487716674805e+00
1.034676074981689675e+00
1.029488801956176758e+00
1.019665598869323508e+00
9.958301186561584473e-01
9.974477887153624378e-01
1.016497135162353516e+00
1.045644402503967285e+00
1.073353290557861106e+00
1.011905670166015625e+00
1.082051873207092507e+00
1.094157338142395020e+00
1.076430797576904297e+00
1.097414970397949219e+00
1.027138471603393555e+00
1.052797913551330566e+00
1.047004580497741699e+00
1.037935972213745117e+00
1.044839024543762207e+00
9.688119292259216309e-01
9.879384636878968395e-01
9.922740459442139782e-01
9.992321729660034180e-01
9.991915225982666016e-01
9.664182662963868298e-01
9.852588772773743786e-01
9.558128714561462402e-01
9.961373805999755859e-01
9.686502218246459961e-01
1.007842779159545898e+00
1.031837582588195801e+00
9.905254244804382324e-01
1.025072216987610085e+00
1.039953351020812988e+00
1.075211524963379128e+00
1.082865953445434570e+00
1.130349874496459961e+00
1.167274475097656250e+00
1.200382113456725852e+00
1.232943892478942871e+00
1.258153200149535911e+00
1.228018045425415039e+00
1.288276433944701926e+00
1.351621627807617188e+00
1.360560297966003418e+00
1.408642530441284180e+00
1.467438817024230957e+00
1.488922119140625000e+00
1.529085874557495117e+00
1.528429627418518066e+00
1.601415038108825684e+00
1.555216431617736816e+00
1.558988094329833984e+00
1.513154983520507812e+00
1.503458857536315918e+00
1.511092424392700195e+00
1.510283708572387695e+00
1.543467998504638894e+00
1.527772784233093262e+00
1.538112282752990723e+00
1.519638776779174805e+00
1.556215763092041016e+00
1.599009275436401367e+00
1.589702486991882324e+00
1.602235436439514160e+00
1.626791715621948242e+00
1.623385071754455566e+00
1.713699460029601829e+00
1.723116278648376465e+00
1.781255245208740234e+00
1.848374128341674805e+00
1.855229496955872026e+00
1.878349065780640093e+00
1.828575372695922852e+00
1.842797756195068359e+00
1.844762086868285911e+00
1.830415844917297141e+00
1.826404690742492898e+00
1.843683719635009544e+00
1.861902832984924316e+00
1.891123294830322488e+00
1.875643730163574441e+00
1.911760687828063965e+00
1.911744832992553711e+00
1.941917657852172852e+00
1.897092819213867188e+00
1.942488670349120872e+00
2.022327899932861328e+00
2.006903171539306197e+00
2.008762359619140625e+00
2.002169370651245117e+00
2.045295953750610352e+00
2.044684171676636186e+00
1.995958805084228294e+00
2.017053604125977007e+00
1.954640626907348855e+00
1.967639923095703125e+00
1.956979513168334961e+00
1.966593265533447710e+00
1.966205000877380371e+00
1.903983235359191895e+00
1.902260780334472878e+00
1.882779479026794434e+00
1.863233208656311035e+00
1.886620640754699929e+00
1.814706206321716309e+00
1.767459750175475852e+00
1.749229192733764648e+00
1.795811414718628152e+00
1.814610004425048828e+00
1.753747582435608132e+00
1.758293628692626953e+00
1.743418335914611816e+00
1.757449150085449219e+00
1.792198419570922852e+00
1.746920347213745117e+00
1.751671195030212402e+00
1.742384314537048340e+00
1.721401929855346902e+00
1.697412848472595215e+00
1.708129525184631126e+00
1.723799109458923118e+00
1.670645236968993919e+00
1.667505264282226562e+00
1.696612238883972168e+00
1.630017995834350586e+00
1.655837297439575195e+00
1.670618891716003418e+00
1.673578381538391113e+00
1.713210105895995872e+00
1.707549810409545898e+00
1.732943654060363770e+00
1.720495581626891868e+00
1.719040036201476829e+00
1.721388816833495872e+00
1.693090081214904785e+00
1.656130671501159668e+00
1.602242588996887207e+00
1.579162001609802246e+00
1.559292435646057129e+00
1.533204793930053711e+00
1.550427556037902832e+00
1.502652168273925781e+00
1.544963836669922097e+00
1.535518527030944824e+00
1.564089179039001687e+00
1.548674702644347922e+00
1.525046706199645996e+00
1.531343221664428711e+00
1.519194126129150391e+00
1.503240227699279785e+00
1.513115048408508301e+00
1.460519790649414062e+00
1.449841141700744629e+00
1.366728305816650391e+00
1.323162436485290305e+00
1.299324512481689675e+00
1.220554232597350852e+00
1.215640306472778320e+00
1.172279119491577148e+00
1.261045336723327637e+00
1.247444033622741699e+00
1.190286397933959961e+00
1.213483691215515137e+00
1.133448004722595215e+00
1.134164929389953613e+00
1.172107458114624023e+00
1.120852112770080566e+00
1.030361771583557129e+00
9.440431594848631702e-01
9.563955068588255726e-01
9.499011635780334473e-01
9.570714831352233887e-01
9.209999442100523792e-01
8.182874321937561035e-01
7.950960993766784668e-01
8.532918691635131836e-01
8.745656013488770641e-01
8.931132555007934570e-01
8.853068947792053223e-01
9.032734632492064319e-01
8.790787458419799805e-01
8.249109983444213867e-01
8.448934555053710938e-01
8.465146422386169434e-01
8.813741207122802734e-01
8.965126276016235352e-01
8.747370243072509766e-01
8.592479228973388672e-01
7.975062727928161621e-01
8.066177368164062500e-01
7.864372134208679199e-01
8.107722401618957520e-01
8.198161125183105469e-01
7.695276141166687012e-01
8.285763859748840332e-01
7.991429567337036133e-01
7.827500700950622559e-01
7.741147875785827637e-01
7.220373749732971191e-01
7.596512436866759144e-01
7.449647188186645508e-01
7.840580344200134277e-01
8.096043467521667480e-01
7.503600716590881348e-01
7.766282558441162109e-01
7.156355977058410645e-01
7.602505087852478027e-01
7.783123850822448730e-01
6.860900521278381348e-01
7.044344544410705566e-01
6.624872088432312012e-01
6.854622364044189453e-01
6.574724912643432617e-01
6.054028868675231934e-01
6.379995942115783691e-01
6.255061626434326172e-01
6.309976577758789062e-01
6.780670285224914551e-01
6.307786703109741211e-01
6.386761069297789417e-01
5.403994917869567871e-01
5.472254753112792969e-01
5.397225618362426758e-01
5.528596043586730957e-01
6.186237335205078125e-01
6.177999377250671387e-01
6.872642636299133301e-01
6.912922859191894531e-01
7.406046390533447266e-01
8.099045157432556152e-01
7.792493700981140137e-01
8.068372011184692383e-01
7.682659029960632324e-01
8.032057285308837891e-01
8.310000300407409668e-01
7.863146066665649414e-01
8.497653603553771973e-01
8.048000335693359375e-01
8.457142114639282227e-01
8.518729209899902344e-01
7.696543931961059570e-01
8.393376469612121582e-01
7.911888957023620605e-01
7.887243628501892090e-01
7.972186207771301270e-01
7.839397192001342773e-01
7.910959124565124512e-01
7.863217592239379883e-01
8.576530814170837402e-01
8.790542483329772949e-01
9.040716290473937988e-01
9.777106046676635742e-01
9.755734801292420544e-01
1.021463155746459961e+00
1.059721112251281516e+00
1.097208857536315918e+00
1.144366383552551270e+00
1.166382431983947754e+00
1.214531421661376953e+00
1.239601969718932883e+00
1.246244311332702637e+00
1.301985740661620872e+00
1.277711629867553711e+00
1.294413685798645020e+00
1.265283942222595215e+00
1.269838213920593262e+00
1.329847931861877441e+00
1.335670113563537598e+00
1.407462239265441895e+00
1.402213573455810325e+00
1.441375017166137695e+00
1.506181836128234863e+00
1.493834614753723145e+00
1.534138321876526101e+00
1.482880592346191406e+00
1.525451898574829102e+00
1.498587727546691895e+00
1.427759528160095215e+00
1.467130303382873535e+00
1.406820058822631836e+00
1.398641109466552734e+00
1.400815725326538086e+00
1.364087104797363281e+00
1.347089290618896484e+00
1.318688035011291504e+00
1.289459586143493652e+00
1.242551803588867188e+00
1.202170372009277122e+00
1.213184714317321777e+00
1.180811643600464089e+00
1.194790124893188477e+00
1.186858057975769043e+00
1.148026704788208008e+00
1.119532823562622070e+00
1.078817248344421387e+00
1.067611694335937500e+00
1.092193841934204102e+00
1.037873387336730957e+00
1.069808244705200195e+00
1.037633061408996582e+00
1.053036689758300781e+00
9.987164139747620739e-01
9.917321801185607910e-01
9.653490185737609863e-01
9.737440347671507679e-01
1.029075145721435547e+00
9.516295194625854492e-01
9.311193227767944336e-01
9.055283665657043457e-01
8.549340963363647461e-01
8.401614427566528320e-01
7.860985398292541504e-01
8.404250144958496094e-01
8.843640685081481934e-01
8.239299058914184570e-01
8.317695260047912598e-01
7.627169489860534668e-01
7.876319885253906250e-01
7.953063845634459339e-01
7.901452183723449707e-01
8.099343776702880859e-01
7.806696891784667969e-01
7.766269445419311523e-01
7.653023600578308105e-01
6.962173581123352051e-01
6.688601374626159668e-01
5.885496139526367188e-01
6.098862886428833008e-01
6.223127245903015137e-01
6.189324855804443359e-01
5.867422223091125488e-01
5.132142901420593262e-01
4.977176785469055176e-01
4.809952378273010254e-01
4.898742735385894775e-01
4.820744991302489679e-01
3.863478004932404120e-01
3.887152671813964844e-01
3.658991158008575995e-01
3.466610908508300781e-01
3.190672993659973145e-01
2.854741513729095459e-01
3.360927999019622803e-01
3.091796636581420898e-01
3.350403904914855957e-01
3.285494148731232245e-01
2.542750537395476740e-01
2.703120112419128418e-01
1.687369048595428467e-01
2.549268007278442383e-01
2.932008206844329834e-01
2.989099621772766113e-01
2.978953421115875244e-01
2.132292538881301880e-01
1.953981667757034579e-01
2.087327241897583008e-01
1.887255162000656128e-01
2.162711918354034424e-01
1.753841936588287631e-01
1.771220266819000244e-01
1.250706166028976440e-01
1.356950253248214722e-01
1.062862649559974809e-01
9.552670270204544067e-02
1.149892061948776245e-01
7.562536001205444336e-02
3.408781439065933228e-02
2.656894735991954803e-02
1.837368123233318329e-02
5.724439863115549088e-03
7.069745915941894054e-04
-1.345811784267425711e-02
-2.385816909372806202e-02
-3.345430269837379456e-02
-1.026583649218082428e-02
-2.299346588551998138e-02
-6.144923344254493713e-02
-5.231641978025437095e-02
-1.257976591587066650e-01
-9.893863648176191850e-02
-5.067767947912216187e-02
-3.667639195919036865e-02
-5.950890108942984841e-02
-1.425434499979019165e-01
-1.077079847455024719e-01
-9.963124245405195756e-02
-3.306375816464423439e-02
-2.525006979703903198e-02
-7.030823826789855957e-02
-5.885024741291999817e-02
-1.150055304169654707e-01
-7.886916399002075195e-02
-3.557485342025756836e-02
-3.996616974473000267e-02
-5.053728073835372925e-02
-3.917876258492469788e-02
-7.944555953145027161e-03
-1.811378076672554016e-02
-1.542188972234725952e-02
-3.050772473216056824e-03
-2.789152972400188446e-02
4.154727980494498513e-02
9.047491848468780518e-02
1.047854796051979065e-01
1.535582095384597778e-01
1.324263215065002441e-01
1.643864512443542480e-01
1.719222217798233032e-01
1.710830777883529386e-01
1.979326456785202026e-01
2.330989241600036899e-01
3.118560910224914551e-01
2.916905283927916925e-01
3.376027941703796387e-01
3.882971107959746759e-01
3.777624070644378662e-01
4.250283539295197088e-01
4.309059381484985352e-01
4.287784099578857422e-01
4.210467636585236151e-01
4.214027822017669678e-01
4.914383292198181152e-01
4.192929863929749090e-01
4.669407904148101807e-01
4.748682379722595215e-01
5.215845108032226562e-01
5.729930400848388672e-01
6.024435758590698242e-01
6.401559114456176758e-01
6.161357164382934570e-01
6.403416395187377930e-01
6.777057647705078125e-01
6.831426024436950684e-01
7.511327266693115234e-01
7.424464225769042969e-01
7.293811440467834473e-01
7.869823575019836426e-01
7.214316725730895996e-01
7.460852861404418945e-01
7.283673882484436035e-01
7.316977381706237793e-01
6.990796923637390137e-01
6.770251989364624023e-01
7.227261662483215332e-01
7.288286685943603516e-01
7.219187617301940918e-01
7.749533057212829590e-01
7.105576395988464355e-01
7.801749706268309437e-01
7.860704660415649414e-01
7.776731252670288086e-01
7.800843119621276855e-01
7.583954930305480957e-01
7.730006575584411621e-01
7.314137220382690430e-01
7.688098549842834473e-01
8.008751869201659046e-01
7.944310903549194336e-01
8.253617286682128906e-01
7.721044421195983887e-01
8.169346451759338379e-01
8.457390069961547852e-01
8.213047981262207031e-01
8.406994938850402832e-01
7.839415073394775391e-01
7.438421845436096191e-01
6.930606365203857422e-01
6.810230612754821777e-01
7.016775012016296387e-01
6.493262052536010742e-01
7.016026377677917480e-01
6.749846339225769043e-01
6.338548064231872559e-01
6.400093436241149902e-01
5.820613503456115723e-01
6.144038438796997070e-01
5.880029797554016113e-01
5.774503350257873535e-01
6.463875174522399902e-01
5.682894587516784668e-01
5.756945013999938965e-01
4.787707924842833918e-01
4.890752434730529785e-01
5.044932365417479359e-01
4.336511790752410889e-01
4.863115251064301092e-01
4.752799570560454767e-01
4.379168152809143066e-01
4.218781888484954834e-01
3.352954983711243231e-01
2.948567569255828857e-01
2.037252336740493497e-01
1.851131916046142578e-01
2.828200161457061768e-01
2.588231861591339111e-01
2.759850323200225830e-01
2.408015578985214511e-01
2.441582530736922940e-01
2.738744020462036133e-01
2.349333614110946933e-01
2.651111185550689697e-01
2.271877080202102939e-01
2.135812789201736450e-01
1.750666350126266479e-01
1.661242693662643433e-01
1.727162897586822510e-01
1.403421610593795776e-01
1.701636463403701782e-01
1.698845475912094116e-01
1.714020967483520508e-01
2.266184836626053134e-01
1.836590468883514404e-01
1.794436424970626831e-01
1.546567082405090610e-01
1.649948358535766602e-01
2.053765207529067993e-01
1.606824845075607300e-01
1.966480165719985962e-01
1.788985878229141235e-01
1.934200227260589600e-01
1.651613265275955200e-01
1.358743011951446533e-01
1.836092174053192139e-01
1.525505334138870239e-01
1.729367673397064209e-01
1.840349137783050537e-01
9.757071733474732833e-02
1.543193310499191284e-01
1.822986304759979248e-01
2.694288194179534912e-01
3.303459286689758301e-01
3.246696889400482178e-01
3.404865264892578125e-01
3.236826956272125244e-01
3.163611292839050293e-01
2.917898893356323242e-01
2.845903337001800537e-01
3.342526257038116455e-01
2.819192409515380859e-01
2.908992171287537176e-01
3.005912005901337225e-01
3.082533180713653564e-01
2.952536046504974365e-01
1.849391907453536987e-01
1.891385167837142944e-01
1.502987146377563477e-01
1.257400959730148593e-01
1.205234006047248702e-01
7.417331635951995850e-02
1.055042073130607605e-01
1.188782602548599243e-01
1.581612527370452881e-01
1.834208667278289517e-01
1.267644464969635010e-01
1.527137160301208496e-01
1.367157548666000366e-01
1.217253953218459944e-01
1.156452894210815568e-01
6.908862292766571045e-02
1.104522347450256348e-01
6.187104433774947426e-02
1.022413000464439392e-01
1.151384562253952026e-01
4.931153357028961182e-02
7.072570919990539551e-02
4.941397160291671753e-02
8.231588453054428101e-02
2.660977281630039215e-02
-8.632496930658817291e-03
-2.264580316841602672e-02
-1.028465852141380310e-01
-3.064869530498981129e-02
-1.446970459073781794e-02
-4.758951067924500206e-02
-3.720331192016601562e-02
-7.185395807027818160e-02
-4.391255602240561745e-02
-1.998373679816723217e-02
-2.101537026464939117e-02
-7.364685181528329849e-03
-5.777345225214957497e-02
-1.259986497461795807e-02
-1.421599276363849640e-02
-3.137992694973945618e-02
6.609912030398845673e-03
1.024269382469356060e-03
1.862856559455394745e-02
-3.527931123971939087e-02
-2.609437331557274212e-02
-6.698152422904966874e-02
-6.956523656845092773e-02
-6.034305784851313505e-03
-5.366195365786551735e-02
6.715016905218363676e-03
3.293798491358757019e-02
2.124506793916225433e-02
1.117804124951362610e-01
1.453201621770858765e-01
1.585475057363509854e-01
1.428473293781280518e-01
1.277547180652618408e-01
1.930983960628509244e-01
2.426846921443938931e-01
2.778437435626984198e-01
2.995759546756744385e-01
3.268444836139678955e-01
4.183818995952606201e-01
4.118345081806182861e-01
4.514988958835601807e-01
4.985443949699401855e-01
5.233806371688842773e-01
5.694523453712463379e-01
5.521251559257507324e-01
5.876257419586181641e-01
6.057600975036621094e-01
6.297463178634643555e-01
6.535615921020507812e-01
6.437258720397949219e-01
6.963152885437011719e-01
6.924313306808471680e-01
7.018865346908569336e-01
6.676323413848876953e-01
6.288496255874633789e-01
6.547026634216308594e-01
6.664038896560668945e-01
6.970147490501403809e-01
6.842405200004577637e-01
6.844567656517028809e-01
6.927561759948729359e-01
6.826282739639282227e-01
7.166573405265808105e-01
7.706526517868041992e-01
7.662587761878967285e-01
8.049765229225158691e-01
8.033643960952758789e-01
8.228377103805541992e-01
8.462719321250915527e-01
8.029014468193054199e-01
8.786689639091491699e-01
8.480186462402343750e-01
8.846831321716308594e-01
8.962755203247070312e-01
8.995437622070312500e-01
9.535576701164245605e-01
9.396551251411437988e-01
9.681558609008787952e-01
9.780944585800172009e-01
9.731520414352415882e-01
1.018350601196289062e+00
9.785606265068054199e-01
1.018501758575439675e+00
1.020522117614745872e+00
1.006620883941650391e+00
1.017316222190857156e+00
9.528733491897584118e-01
9.611307978630065918e-01
9.406734704971312366e-01
9.245799183845520020e-01
9.199043512344359241e-01
8.510962128639221191e-01
8.433622717857360840e-01
8.281847834587097168e-01
8.120738267898559570e-01
8.093185424804687500e-01
7.664313316345214844e-01
7.478492856025695801e-01
7.009169459342956543e-01
7.028108835220336914e-01
6.902652382850646973e-01
6.369276046752929688e-01
6.038926839828491211e-01
5.775147676467895508e-01
5.504223704338073730e-01
5.364828109741210938e-01
5.049031972885131836e-01
5.085669755935668945e-01
4.799169600009918213e-01
4.865757524967194159e-01
4.449466466903687079e-01
4.292137920856475830e-01
4.128725528717041016e-01
3.767741322517395020e-01
3.818921446800231934e-01
4.025218784809113104e-01
3.918884992599486750e-01
4.304817318916320801e-01
3.967396318912506104e-01
4.034981131553649902e-01
3.801971673965454102e-01
3.365923166275024414e-01
3.382577300071716309e-01
2.951238453388214111e-01
2.900405526161193848e-01
2.365999817848205566e-01
2.403716892004013062e-01
2.582346498966217041e-01
1.925725042819976807e-01
1.793161928653717041e-01
1.153237372636795044e-01
6.385567039251327515e-02
5.965502932667732239e-02
1.929112710058689117e-02
3.042369149625301361e-02
2.653086790814996199e-03
2.952469512820244269e-03
6.740965764038264751e-04
-2.630670182406902660e-02
-1.542607974261045629e-02
-3.457773104310036399e-02
-7.500656694173812866e-02
-1.137194409966468811e-01
-1.633777916431427002e-01
-1.845929026603698730e-01
-2.083304971456527988e-01
-2.282867133617401123e-01
-2.201691567897796631e-01
-2.419028431177139560e-01
-2.217570543289184848e-01
-2.276671081781387607e-01
-1.936238557100296021e-01
-2.363347709178925116e-01
-2.685384750366210938e-01
-2.787877917289733887e-01
-2.942985594272612970e-01
-2.868483066558837891e-01
-2.546844184398651123e-01
-2.509900629520416260e-01
-2.652765214443206787e-01
-2.712722122669219971e-01
-2.687991857528686523e-01
-2.725563347339630127e-01
-2.670598030090332031e-01
-2.719164192676544189e-01
-3.119226992130279541e-01
-3.340293765068054199e-01
-3.630779087543488104e-01
-3.254567682743072510e-01
-3.048821687698364258e-01
-3.399800658226013184e-01
-3.142183423042296808e-01
-3.930530846118927002e-01
-3.806425929069519043e-01
