8.413209915161132812e-01
8.630013465881347656e-01
8.644297719001770020e-01
8.984802365303040661e-01
9.051148295402527966e-01
1.025146603584289551e+00
9.765517711639404297e-01
1.074983358383178711e+00
1.082028627395630105e+00
1.047415018081665039e+00
1.148184061050415039e+00
1.132531166076660156e+00
1.138542056083679199e+00
1.162031412124633789e+00
1.137863278388977051e+00
1.132843732833862305e+00
1.175817847251892090e+00
1.241288185119629128e+00
1.274796009063720703e+00
1.216689944267272949e+00
1.146147727966308594e+00
1.148307800292968750e+00
1.177303671836853027e+00
1.173109412193298340e+00
1.161421895027160645e+00
1.079038977622985840e+00
1.182170629501342773e+00
1.136485695838928223e+00
1.116778254508972168e+00
1.127821803092956321e+00
1.150840878486633301e+00
1.110718250274658203e+00
1.066363453865051270e+00
1.067980527877807617e+00
1.068544745445251687e+00
1.099179863929748313e+00
1.039286971092223899e+00
1.078485727310180886e+00
1.005164623260497825e+00
9.327894449234007679e-01
1.003186941146850586e+00
1.003510594367980957e+00
9.523461461067199707e-01
9.402744770050047718e-01
1.026698827743530495e+00
9.717665910720824085e-01
9.121371507644652210e-01
9.038144946098327637e-01
8.530795574188232422e-01
9.414333701133728027e-01
9.060285687446594238e-01
8.655852675437927246e-01
9.613791704177856445e-01
1.036283612251281516e+00
9.789966940879821777e-01
8.832159042358398438e-01
9.002826809883117676e-01
9.143472313880920410e-01
9.119282960891723633e-01
9.396049976348875843e-01
9.415269494056701660e-01
9.680529832839965820e-01
9.617502093315124512e-01
1.006237983703613281e+00
9.793500900268555798e-01
9.822955727577209473e-01
9.702640771865843616e-01
9.732953310012816273e-01
9.848830103874207653e-01
9.479082822799683727e-01
9.195000529289245605e-01
9.291578531265259899e-01
1.007363677024841309e+00
9.354300498962402344e-01
9.363529682159423828e-01
9.877724051475523792e-01
9.832599759101867676e-01
9.571084380149840198e-01
9.766444563865661621e-01
9.816823601722716175e-01
9.714871048927308239e-01
9.283266067504883923e-01
9.933319687843323864e-01
9.780868291854858398e-01
9.679638147354125977e-01
9.637068510055541992e-01
1.019273161888122559e+00
9.809070825576782227e-01
9.988567829132080078e-01
9.710458517074583851e-01
1.029189109802245872e+00
9.661419391632080078e-01
9.986034631729125977e-01
9.714177250862121582e-01
1.018123269081115501e+00
9.311028718948364258e-01
1.009885549545287864e+00
9.669688344001770020e-01
1.010456085205077903e+00
9.399874806404113770e-01
1.009280681610107422e+00
9.780195951461791992e-01
1.032187461853027122e+00
9.640069007873536266e-01
1.013426303863525391e+00
1.009976267814636230e+00
1.017951130867004395e+00
1.016308307647704856e+00
9.517718553543091931e-01
1.036920905113220215e+00
1.000686883926391602e+00
1.048916220664978027e+00
1.007593274116515891e+00
9.579272270202635609e-01
1.022561430931091309e+00
9.862434864044190563e-01
1.061438679695129395e+00
9.818103909492491566e-01
9.909108281135560192e-01
1.015958547592162864e+00
1.014916419982910156e+00
1.001936078071594238e+00
1.025287747383117676e+00
9.740261435508728027e-01
1.016281723976135254e+00
9.430806636810303845e-01
1.058563709259033203e+00
9.485729932785034180e-01
1.012939929962158203e+00
9.571616053581237793e-01
1.052567481994629128e+00
9.435770511627196155e-01
1.018081545829772949e+00
1.007124423980713113e+00
1.020198225975036621e+00
1.009151101112365501e+00
9.740114808082579456e-01
1.054744839668274148e+00
9.718986153602600098e-01
1.004884481430053711e+00
1.016459107398986816e+00
9.886327385902403675e-01
1.001882195472717285e+00
1.000352025032043679e+00
9.855505824089050293e-01
1.043617486953735352e+00
9.571775794029235840e-01
1.022160410881042480e+00
9.860615134239195667e-01
9.753997325897215687e-01
1.010832071304321289e+00
9.642128348350523792e-01
9.830701351165771484e-01
9.879827499389648438e-01
9.836760759353637695e-01
9.593562483787535511e-01
9.948272705078123890e-01
9.377982020378111683e-01
1.035577058792114480e+00
9.289580583572387695e-01
1.024894118309020996e+00
9.486898183822631836e-01
9.910628199577331543e-01
9.918009042739868164e-01
9.630506634712220349e-01
9.835703372955322266e-01
9.921845197677612305e-01
9.917013049125672497e-01
9.925050735473631702e-01
9.739753007888793945e-01
1.004351615905761497e+00
9.914540052413940430e-01
9.870229959487916149e-01
1.001706957817077637e+00
1.000455379486084206e+00
1.011682510375976562e+00
9.877911210060120739e-01
1.033128023147583008e+00
9.900947213172911487e-01
1.001735925674438477e+00
1.043838262557983398e+00
9.978826642036437988e-01
9.994943141937255859e-01
1.063620686531067117e+00
9.701807498931883655e-01
1.033528685569763184e+00
1.022155165672302246e+00
1.009583711624145508e+00
1.026137232780456321e+00
1.043057322502136230e+00
1.028111338615417703e+00
1.022865653038025124e+00
9.928650856018066406e-01
1.024251699447631836e+00
9.928424954414367676e-01
1.012136697769165039e+00
9.966196417808531605e-01
9.942996501922608532e-01
9.949334859848022461e-01
1.000552892684936301e+00
9.845759868621826172e-01
1.005397558212280495e+00
9.867074489593505859e-01
9.911641478538512073e-01
9.977353215217590332e-01
9.737992882728575550e-01
1.018416285514831543e+00
9.555155038833618164e-01
9.953176975250244141e-01
9.818806052207947888e-01
9.807488918304444470e-01
9.767791032791137695e-01
1.019333600997924805e+00
9.932479858398437500e-01
9.926009774208067737e-01
1.006268382072448730e+00
9.651173949241638184e-01
9.692004323005676270e-01
1.010729551315307617e+00
1.009655833244323508e+00
9.478991031646728516e-01
9.780182838439940296e-01
9.940038919448852539e-01
1.014099717140197754e+00
9.582571387290955700e-01
9.240644574165344238e-01
9.704211354255676270e-01
1.013271331787109375e+00
9.565045237541199841e-01
1.043667912483215110e+00
1.016916871070861816e+00
9.771950244903564453e-01
1.050761818885803223e+00
9.793421626091004528e-01
1.039679288864135520e+00
1.015158176422119141e+00
1.013230204582214355e+00
9.897047877311707653e-01
1.034936428070068359e+00
9.886376857757568359e-01
9.608394503593443714e-01
1.063702106475829856e+00
9.737167954444884144e-01
9.909360408782960095e-01
9.858127236366271973e-01
1.028656482696533203e+00
9.587625265121459961e-01
1.023273944854736328e+00
1.007616043090820312e+00
9.667454957962036133e-01
1.022244215011596902e+00
8.845913410186767578e-01
9.625934958457947888e-01
9.652389883995056152e-01
9.815286993980407715e-01
9.565159082412719727e-01
8.915010094642639160e-01
1.030689954757690430e+00
1.029447436332702637e+00
9.513763785362243652e-01
1.086137175559997559e+00
9.382942914962768555e-01
1.111170530319214089e+00
1.021968007087707520e+00
1.119259119033813699e+00
9.865997433662415661e-01
1.047380328178405762e+00
1.066699862480163574e+00
9.783808588981628418e-01
1.111172795295715110e+00
9.515763521194458008e-01
1.079622745513915794e+00
9.608529210090636097e-01
1.072475671768188477e+00
9.574515223503111683e-01
9.789974093437195934e-01
9.201340675354003906e-01
1.038463592529296875e+00
9.910230636596679688e-01
9.907113313674927868e-01
1.020849347114562988e+00
1.036592245101928711e+00
9.833669662475585938e-01
9.680907726287841797e-01
9.433055520057678223e-01
9.857068657875059925e-01
1.012740612030029297e+00
9.892178177833556019e-01
9.654832482337951660e-01
9.866560697555541992e-01
9.711831808090209961e-01
1.057613611221313699e+00
1.030756235122680886e+00
9.889748692512512207e-01
9.639499783515930176e-01
9.501169323921203613e-01
9.633811712265015759e-01
9.784242510795592151e-01
1.016674757003784180e+00
9.880539178848267712e-01
9.884213209152221680e-01
9.510959982872008167e-01
9.327099323272703968e-01
9.422452449798583984e-01
9.825029969215391956e-01
9.683831334114075817e-01
9.544863700866700329e-01
9.784822463989257812e-01
9.794862866401672363e-01
9.463849663734436035e-01
9.396562576293944202e-01
9.701830744743348278e-01
9.799036979675291859e-01
9.668452143669128418e-01
9.650872349739075817e-01
9.799058437347412109e-01
9.974911212921143688e-01
9.993835687637327991e-01
9.890378713607788086e-01
1.035589218139648438e+00
1.011246800422668457e+00
1.017859220504760742e+00
1.041714549064636230e+00
1.014963388442993164e+00
9.949597120285034180e-01
1.055197596549987793e+00
1.037707328796386719e+00
9.972380995750428356e-01
1.049073457717895508e+00
9.506409168243408203e-01
9.573977589607239880e-01
1.086478710174560325e+00
9.714217782020567737e-01
1.028555035591125710e+00
1.045362114906310813e+00
9.811833500862121582e-01
9.741456508636475720e-01
9.832187294960021973e-01
1.009591579437256081e+00
1.033702611923217773e+00
9.635592103004455566e-01
1.035171985626220703e+00
1.032985091209411621e+00
1.015193819999694824e+00
1.012862801551818848e+00
1.010218024253845215e+00
1.032200455665588379e+00
1.012437820434570312e+00
1.046806454658508301e+00
1.047294378280639648e+00
1.025797367095947266e+00
1.043921589851379395e+00
8.629190921783447266e-01
9.619867205619812012e-01
9.557596445083618164e-01
9.825496077537535511e-01
1.019807577133178711e+00
9.800564050674438477e-01
9.796907305717468262e-01
1.010499358177185059e+00
9.738546609878540039e-01
1.045698285102844238e+00
1.010038256645202637e+00
1.016014695167541504e+00
1.066490888595580833e+00
1.029164314270019531e+00
9.655085802078248181e-01
9.656607508659363903e-01
9.239444136619567871e-01
1.099982619285583496e+00
9.989537596702575684e-01
1.000047445297241211e+00
9.797874093055723987e-01
9.647852182388305664e-01
9.722293615341187634e-01
9.973190426826475941e-01
1.031684160232544167e+00
9.565193653106690563e-01
1.015286803245544434e+00
9.889037609100341797e-01
9.933606982231140137e-01
1.023109793663025124e+00
9.833765625953674316e-01
9.496712088584899902e-01
1.080553412437439187e+00
9.831342101097108044e-01
9.418400526046751819e-01
9.203053116798399769e-01
9.925327301025391735e-01
9.413951635360717773e-01
9.605316519737243652e-01
9.620324969291688122e-01
9.203257560729979359e-01
1.053217768669128418e+00
1.000120759010314941e+00
9.603314995765686035e-01
1.006637454032897949e+00
9.794326424598693848e-01
1.016715288162231445e+00
1.010638952255249023e+00
1.036299824714660645e+00
1.091437935829162598e+00
1.034554123878479004e+00
1.028411149978637695e+00
1.023938059806823508e+00
9.883635044097900391e-01
1.013555049896240234e+00
1.043766140937805176e+00
9.846216440200805664e-01
1.056776762008666992e+00
9.923112392425535999e-01
1.003498435020446777e+00
1.031034111976623535e+00
1.005703806877136230e+00
1.023018956184387207e+00
1.024801135063171387e+00
9.818608760833740234e-01
1.026741504669189675e+00
1.123904466629028320e+00
1.065297245979309082e+00
9.698856472969056286e-01
1.020888924598693848e+00
1.042907953262329102e+00
1.021307945251464844e+00
1.010083317756652832e+00
1.036140680313110352e+00
1.053433418273925781e+00
9.785740971565247692e-01
9.758867621421813965e-01
9.973699450492859997e-01
1.033932447433471680e+00
1.022724628448486328e+00
9.824424982070923962e-01
1.008467793464660645e+00
1.046875715255737305e+00
1.004339456558227539e+00
1.037415146827697754e+00
1.017267823219299094e+00
1.005873203277588113e+00
1.050195336341857910e+00
1.006736993789672852e+00
1.053522348403930886e+00
1.029688239097595215e+00
9.153488278388975941e-01
9.732304811477660023e-01
1.065952062606811523e+00
1.028504490852355957e+00
1.004259824752807617e+00
1.044977664947509766e+00
1.042510271072387695e+00
1.007251381874084473e+00
1.045104026794433594e+00
1.068984031677245872e+00
9.899448156356811523e-01
1.012633323669433594e+00
9.990161061286926270e-01
1.023728847503661887e+00
1.067970395088195801e+00
1.029816627502441406e+00
1.052376985549926758e+00
1.070175647735595703e+00
1.007750749588012695e+00
1.080332875251770020e+00
1.062407493591308594e+00
1.000469207763672097e+00
1.086769223213195801e+00
1.033396720886230469e+00
1.013485550880431907e+00
1.045043826103210449e+00
1.005147099494934082e+00
1.038972020149230957e+00
9.704241156578063965e-01
1.035573124885559082e+00
9.853396415710448109e-01
1.060736656188964844e+00
1.030414938926696777e+00
1.009206652641296387e+00
1.016479730606079102e+00
9.855983853340147816e-01
9.691162705421447754e-01
1.017145752906799094e+00
9.795482754707336426e-01
9.403584599494934082e-01
9.589675068855285645e-01
8.880392313003540039e-01
9.253222942352296032e-01
8.891074061393737793e-01
8.924700617790222168e-01
8.881305456161499023e-01
9.418608546257020153e-01
8.932958245277404785e-01
9.086617827415466309e-01
9.484516978263856091e-01
9.251878857612609863e-01
9.590140581130980335e-01
9.066847562789915882e-01
9.545832276344300427e-01
9.010778069496155895e-01
9.011230468750000000e-01
9.510408639907835804e-01
9.554408192634583630e-01
9.507278800010680042e-01
9.490306973457336426e-01
9.113407731056212269e-01
9.768043160438537598e-01
9.355125427246093750e-01
9.843065738677979626e-01
9.806516766548155628e-01
9.577972888946532093e-01
1.001817703247070312e+00
1.023373961448669434e+00
9.674572348594665527e-01
1.002962827682495117e+00
9.536310434341431774e-01
1.034776926040649414e+00
9.995787143707276501e-01
1.042475342750549094e+00
1.030688047409057617e+00
1.052542328834533691e+00
1.074564218521118164e+00
1.076506376266479492e+00
1.045266032218932883e+00
1.084808588027954102e+00
1.125840544700622559e+00
1.064748525619506836e+00
1.115922331809997559e+00
1.116834640502929688e+00
1.074110627174377441e+00
1.058633685111999512e+00
1.074414014816284180e+00
1.047447919845580833e+00
1.091747760772704856e+00
9.516800642013549805e-01
9.632068872451782227e-01
1.039458036422729492e+00
1.012622475624084473e+00
1.071791887283325195e+00
9.989520907402039684e-01
9.841459989547729492e-01
1.125029444694519043e+00
1.069614887237548828e+00
1.053353667259216309e+00
9.603230357170103870e-01
1.064069747924804910e+00
1.020298957824707031e+00
1.027518033981323242e+00
9.316425919532775879e-01
9.874517321586607776e-01
9.481699466705322266e-01
9.771056175231933594e-01
1.015951752662658691e+00
9.303613901138305664e-01
9.806531071662903942e-01
1.018119812011718750e+00
9.171182513236999512e-01
9.349932074546813965e-01
9.753509163856506348e-01
9.527190327644348145e-01
9.959186315536500134e-01
9.189895391464232288e-01
9.530298709869383655e-01
9.316298961639404297e-01
9.053044915199279785e-01
9.294601082801819958e-01
9.938513636589050293e-01
1.026674747467040794e+00
9.752863049507140003e-01
9.866672158241271973e-01
1.028728842735290305e+00
9.654662609100341797e-01
1.003028154373169167e+00
1.019236922264099121e+00
1.024773597717285156e+00
1.003976941108703613e+00
9.775643348693847656e-01
9.669592976570128284e-01
9.600983262062071644e-01
1.039673089981079102e+00
1.031991958618164062e+00
9.784252643585203968e-01
1.067502140998840332e+00
1.012635827064514160e+00
1.030994892120361106e+00
1.017249107360839844e+00
1.072503805160522461e+00
1.043313980102539062e+00
1.078957796096801758e+00
1.048160672187805176e+00
1.073711872100829856e+00
1.038702249526977539e+00
1.065285921096801758e+00
1.053230047225951926e+00
1.003592729568481445e+00
1.030889630317687988e+00
1.015650153160095215e+00
1.014855027198791504e+00
1.043266177177429199e+00
9.954046010971068226e-01
1.010143995285034180e+00
1.009662866592407227e+00
9.783884882926939808e-01
9.839341640472412109e-01
1.092467546463012695e+00
1.054918885231017844e+00
1.029670000076294167e+00
9.776010513305664062e-01
9.634405970573424183e-01
9.939992427825927734e-01
9.933715462684632458e-01
1.002479672431945801e+00
1.002307891845703125e+00
9.867243170738220215e-01
9.027469158172608532e-01
9.084827899932860218e-01
9.090067744255065918e-01
1.031802296638488770e+00
9.057799577713011585e-01
9.612436890602111816e-01
9.164040684700012207e-01
1.027209162712097168e+00
9.323129653930664062e-01
9.687139987945555530e-01
9.951727986335754395e-01
9.837525486946105957e-01
9.645977020263671875e-01
9.649705290794371448e-01
9.717438220977784313e-01
9.369997978210448109e-01
9.905204176902772106e-01
9.778113365173340954e-01
9.437227249145507812e-01
9.641317725181579590e-01
9.990872740745544434e-01
9.134544730186462402e-01
1.005197405815124290e+00
9.671769142150880016e-01
9.872313737869263806e-01
9.938507676124571644e-01
1.041875600814819114e+00
9.765974283218383789e-01
1.007968664169311523e+00
9.948413372039796032e-01
1.038757085800170898e+00
1.045836448669433594e+00
9.817938208580015980e-01
1.007437229156493919e+00
9.279114007949827991e-01
9.928982257843017578e-01
9.803746342658995472e-01
1.088928818702697754e+00
9.872325062751770020e-01
1.019216418266296387e+00
1.058000802993774414e+00
1.034590721130370872e+00
1.039109706878661887e+00
1.096695184707641602e+00
1.085720658302307129e+00
1.013406395912170410e+00
1.032599806785583496e+00
1.013212323188781516e+00
9.990434050559997559e-01
1.032775402069091797e+00
1.011910200119018555e+00
1.025271415710449219e+00
1.027964234352111816e+00
9.746051430702209473e-01
9.920942783355711780e-01
1.002711892127990723e+00
1.031124830245971680e+00
9.782286882400511585e-01
1.000941276550292969e+00
1.004733443260192871e+00
9.998009204864501953e-01
9.612986445426939808e-01
1.027206897735595703e+00
9.788381457328796387e-01
9.975131154060363770e-01
9.815797805786131702e-01
1.057254195213318093e+00
9.737797975540160023e-01
1.022114992141723633e+00
9.972928166389464222e-01
1.023429393768310325e+00
1.012374281883239524e+00
1.014366030693054199e+00
1.007485508918762207e+00
1.003183722496032715e+00
9.780389666557312012e-01
1.014653682708740234e+00
1.001381993293762207e+00
1.028961181640625000e+00
9.603933095932007946e-01
1.040741801261902078e+00
1.015738368034362793e+00
1.002693891525268555e+00
9.985434412956237793e-01
1.041696906089782715e+00
1.011834025382995605e+00
1.000185847282409668e+00
9.858267307281494141e-01
1.051044583320617676e+00
9.207107424736024059e-01
1.012792110443115234e+00
9.937371611595153809e-01
1.034698963165283203e+00
9.780484437942503773e-01
1.028471827507019043e+00
1.003169894218444824e+00
9.996537566184997559e-01
1.020047187805175781e+00
9.729541540145874023e-01
1.007965445518493652e+00
1.001143455505370872e+00
9.535599350929259144e-01
1.028154492378234863e+00
9.793522357940673828e-01
9.936236739158629261e-01
9.864203333854676403e-01
9.844875931739808239e-01
9.838198423385620117e-01
9.951778054237365723e-01
9.808788299560547985e-01
9.919030070304871716e-01
9.771001935005187988e-01
1.001943349838256836e+00
9.907557964324952282e-01
1.009990096092223899e+00
9.945496916770936169e-01
1.006037950515747070e+00
9.950974583625792347e-01
9.978050589561462402e-01
9.832859039306639515e-01
1.011767745018005371e+00
9.833371639251707874e-01
1.033733487129211426e+00
9.930471777915955700e-01
1.013400793075561523e+00
1.019619703292846902e+00
1.019392132759094238e+00
1.000080108642577903e+00
1.058073163032531516e+00
9.999691247940063477e-01
1.020821809768676758e+00
1.036335110664367676e+00
1.070565462112426758e+00
9.885869026184082031e-01
1.059669137001037598e+00
9.907045960426331677e-01
1.024396181106567383e+00
1.010317444801330566e+00
1.032419323921203613e+00
9.702962636947631836e-01
1.018298268318176492e+00
1.005605101585388184e+00
1.007871627807617188e+00
9.724553823471068226e-01
1.021222949028015137e+00
9.769461154937744141e-01
9.630899429321287952e-01
1.057690620422363281e+00
9.082766771316528320e-01
1.018793106079101562e+00
9.743371605873107910e-01
9.391172528266907849e-01
1.025420784950256348e+00
9.480569362640379749e-01
9.870255589485168457e-01
9.380241632461547852e-01
9.974968433380128063e-01
1.000689029693603516e+00
9.848576188087464489e-01
1.000180482864380105e+00
9.874751567840576172e-01
9.999650716781616211e-01
1.001578450202942117e+00
1.001987457275390625e+00
1.004038810729980469e+00
9.050094485282897949e-01
1.004955053329467773e+00
1.037778615951537864e+00
1.002904415130615234e+00
1.008120417594909668e+00
1.034749627113342507e+00
9.644958972930908203e-01
9.885577559471129261e-01
9.438005089759827770e-01
1.026688694953918457e+00
1.034265398979187012e+00
9.974299669265748181e-01
1.045661568641662598e+00
1.037228584289550781e+00
1.020898818969726562e+00
9.958555698394776501e-01
1.070333123207092507e+00
1.016805648803710938e+00
9.990271925926208496e-01
1.034877061843872070e+00
1.010962843894958496e+00
9.734458327293395996e-01
1.012051105499267578e+00
1.015704035758972168e+00
1.017745733261108398e+00
9.841218590736388050e-01
9.917214512825012207e-01
1.000238776206970215e+00
9.890590310096739612e-01
9.886261224746704102e-01
9.877545833587646484e-01
9.781333208084106445e-01
9.394130706787108265e-01
1.019658565521240234e+00
9.583433270454407849e-01
1.018824696540832297e+00
9.849627614021300159e-01
9.776279330253599964e-01
9.861267209053040661e-01
9.778296351432800293e-01
9.804825782775880016e-01
9.912304878234864391e-01
1.002354383468627930e+00
9.800876379013061523e-01
1.031516909599304199e+00
9.902423024177552380e-01
1.023617506027221680e+00
9.062973856925964355e-01
9.543195366859436035e-01
9.953493475914000355e-01
9.572890996932984509e-01
9.093860387802124023e-01
9.552018046379088245e-01
9.917153120040893555e-01
9.844456911087036133e-01
9.884724020957947888e-01
1.014754533767700195e+00
1.067346096038818359e+00
9.379185438156127930e-01
1.040647029876709206e+00
9.972930550575256348e-01
1.035179018974304199e+00
9.428499937057496227e-01
1.055725216865539551e+00
9.807430505752563477e-01
9.708959460258483887e-01
1.018831372261047363e+00
1.028858304023742898e+00
9.769081473350523792e-01
1.017841696739196777e+00
1.006485462188720703e+00
1.010508656501770020e+00
9.460543990135191761e-01
1.042313456535339355e+00
9.760254025459290661e-01
1.002356529235839844e+00
9.560270309448242188e-01
9.778506755828856312e-01
1.010213375091552734e+00
9.844205379486083984e-01
9.973565340042114258e-01
9.804581999778747559e-01
1.008164048194885254e+00
1.046810269355774148e+00
9.877907037734984241e-01
9.899560213088988148e-01
1.001829147338867188e+00
9.586974978446959339e-01
1.025268077850341797e+00
1.026721000671386719e+00
9.829516410827635609e-01
1.052622675895690918e+00
9.828429818153380237e-01
1.035662412643432617e+00
9.827654361724853516e-01
9.896593093872070312e-01
1.051505684852599876e+00
1.022579312324524148e+00
1.005510210990905762e+00
1.007215619087219238e+00
1.056807637214660645e+00
9.724656343460084118e-01
1.021323800086974876e+00
1.011369347572326882e+00
1.013307452201843262e+00
9.939228892326356091e-01
9.888663887977600098e-01
1.010851860046386719e+00
9.945512413978575550e-01
9.636881947517396130e-01
9.492229819297790527e-01
9.929358959197998047e-01
1.004701852798462136e+00
9.724576473236083984e-01
9.300001859664915882e-01
1.009745955467223899e+00
9.881852865219116211e-01
9.532936215400695801e-01
9.897885918617248535e-01
9.485408663749695934e-01
8.890653252601623535e-01
9.968771338462829590e-01
9.572431445121764026e-01
9.678927659988404431e-01
8.892558813095092773e-01
9.863182902336119495e-01
1.028587102890014648e+00
1.020831108093261497e+00
9.984571933746337891e-01
1.013798475265502930e+00
9.337540268898009144e-01
9.936761260032653809e-01
1.020529985427856445e+00
8.895093798637390137e-01
9.904326796531676136e-01
1.055379748344421387e+00
1.002348899841308594e+00
1.037768840789795144e+00
9.803044199943542480e-01
1.029724836349487305e+00
1.007712602615356445e+00
1.024204492568969505e+00
1.044619321823119895e+00
1.055133104324340820e+00
9.539279937744139515e-01
1.015091180801391602e+00
9.771541953086851917e-01
1.001555681228637695e+00
1.006874322891235352e+00
9.867094159126281738e-01
1.092668056488036887e+00
1.025092601776122825e+00
9.831269979476927601e-01
9.418554306030272327e-01
1.024923920631408691e+00
9.664603471755980335e-01
9.713304042816162109e-01
9.980310797691344105e-01
9.881384372711181641e-01
1.057151079177856445e+00
9.912862777709959827e-01
9.689480662345886230e-01
1.008257269859314187e+00
1.021609306335449219e+00
1.103697299957275391e+00
1.043200731277465820e+00
1.021918058395385520e+00
1.020201206207275391e+00
1.025340914726257102e+00
9.670634269714355469e-01
9.882661700248718262e-01
1.016900181770324707e+00
9.002355933189392090e-01
1.060982942581176758e+00
1.055007696151733398e+00
9.794326424598693848e-01
9.464294314384459339e-01
9.163136482238770641e-01
9.225222468376159668e-01
9.681492447853088379e-01
1.034775018692016602e+00
1.017358541488647683e+00
9.560358524322509766e-01
1.021465420722961426e+00
9.854487776756287731e-01
1.035629987716674805e+00
1.037012219429015891e+00
9.315167665481568493e-01
9.734577536582947888e-01
1.086980819702148438e+00
1.033427596092223899e+00
8.979893922805786133e-01
1.076387643814087136e+00
1.067035198211670144e+00
1.030120253562927246e+00
1.023731827735900879e+00
1.001535534858703613e+00
1.010042905807495117e+00
1.031522870063781516e+00
1.035285472869872825e+00
9.971591830253599964e-01
9.788174629211425781e-01
1.011588573455810325e+00
1.074534416198730469e+00
1.121359229087829590e+00
1.066608667373657227e+00
1.000625133514404297e+00
1.022697448730468750e+00
1.025860071182250977e+00
1.006731271743774414e+00
1.068387389183044434e+00
1.084071159362792969e+00
1.030659317970276101e+00
9.063066244125366211e-01
9.688917398452759899e-01
1.004165291786193848e+00
9.440400004386901855e-01
1.012842297554015891e+00
1.057318806648254395e+00
1.095265269279479980e+00
9.679343104362487793e-01
9.985741376876832165e-01
1.170453906059265137e+00
1.061887264251709206e+00
1.065914869308471680e+00
1.034615635871887207e+00
1.057750701904296875e+00
1.055473208427429199e+00
1.089924931526184082e+00
9.991657733917236328e-01
1.026267409324645996e+00
9.753620624542236328e-01
9.642253518104552112e-01
9.699672460556030273e-01
1.004931926727295144e+00
9.681211709976196289e-01
1.038339614868164062e+00
9.826409220695495605e-01
1.038093328475951926e+00
1.086301565170287864e+00
1.050505638122558594e+00
1.040777444839477539e+00
1.053155303001403809e+00
1.015498995780944824e+00
1.051396369934082031e+00
1.006238341331482156e+00
1.093838691711425781e+00
1.070685982704162598e+00
9.524051547050476074e-01
1.014057159423827903e+00
9.849146008491516113e-01
9.825016856193542480e-01
1.026689171791076882e+00
9.594372510910034180e-01
9.606373310089112438e-01
9.770920276641845703e-01
9.878331422805786133e-01
9.504107236862183727e-01
9.531991481781005859e-01
1.006548404693603516e+00
1.049069166183471680e+00
9.593576192855836071e-01
9.650342464447020374e-01
1.019158840179443359e+00
9.932701587677001953e-01
1.051138281822204590e+00
1.038879394531250000e+00
1.042720556259155273e+00
1.058219432830810325e+00
9.999277591705322266e-01
1.051774621009826882e+00
8.934634923934936523e-01
9.158746004104614258e-01
8.721289634704590954e-01
9.931774139404295765e-01
1.024870395660400391e+00
1.050973296165466309e+00
1.027693390846252441e+00
1.070774674415588379e+00
9.990528821945190430e-01
1.024874329566955566e+00
9.448735713958740234e-01
1.004784822463989258e+00
9.903109669685363770e-01
9.573991894721983753e-01
1.002975821495056152e+00
1.054292082786560059e+00
1.186549186706542969e+00
1.110278010368347168e+00
1.033530831336974876e+00
1.013900756835937500e+00
9.661903977394104004e-01
9.612763524055479847e-01
1.015261888504028320e+00
9.648260474205015980e-01
9.786652326583862305e-01
9.987057447433471680e-01
1.052271604537964089e+00
1.030037999153137207e+00
1.021140575408935547e+00
1.081988811492920144e+00
1.030416727066040039e+00
8.511908650398254395e-01
9.147089719772339977e-01
9.500247240066528320e-01
9.437296390533448376e-01
9.667776823043824352e-01
1.042404174804687500e+00
1.020832061767577903e+00
1.049170494079589844e+00
1.004287481307983398e+00
1.019239664077758789e+00
9.652045965194702148e-01
9.090691208839416504e-01
9.845056533813475452e-01
9.705235958099364124e-01
9.373495578765868030e-01
9.715852141380308948e-01
1.029569745063781516e+00
1.120800018310546875e+00
1.067661643028259277e+00
9.695953130722045898e-01
1.021997809410095215e+00
1.038862824440002441e+00
9.550398588180541992e-01
9.588683843612672009e-01
9.718518853187559925e-01
9.943299293518066406e-01
9.767822027206419788e-01
9.856175184249877930e-01
9.470245838165284313e-01
9.717569947242735706e-01
1.028278946876526101e+00
1.045277476310729980e+00
9.852406382560729980e-01
1.072188138961791992e+00
1.049772739410400391e+00
9.473631978034972034e-01
9.848963618278504528e-01
1.036702632904052734e+00
9.908105134963988148e-01
1.003335475921630859e+00
1.016484022140502930e+00
9.446126818656920276e-01
9.714731574058531605e-01
1.007432818412780762e+00
9.731530547142027698e-01
9.700285792350767933e-01
1.017431735992431641e+00
9.874747991561890759e-01
9.164906740188599743e-01
9.771683812141418457e-01
8.935260176658629261e-01
9.481850862503051758e-01
1.015022754669189675e+00
9.412310719490052380e-01
9.842529296875000000e-01
9.825124740600585938e-01
1.045199275016784890e+00
1.065705657005310059e+00
1.050847053527832031e+00
1.020107507705688477e+00
9.984604716300964355e-01
1.014167428016662598e+00
9.660829305648803711e-01
1.030788421630859375e+00
1.056303977966308594e+00
1.075560212135314941e+00
1.033103704452514648e+00
1.070492267608642578e+00
1.060767650604247825e+00
1.005362987518310325e+00
1.017057418823242188e+00
9.158245325088499866e-01
9.848874211311340332e-01
1.071226835250854492e+00
1.089479565620422363e+00
1.033326745033264160e+00
1.041640400886535645e+00
1.047317624092102051e+00
1.146026134490966797e+00
1.101231217384338379e+00
1.105636000633239524e+00
9.561868309974670410e-01
9.510278105735779919e-01
9.646016359329223633e-01
9.629943966865540661e-01
9.713355898857115589e-01
9.926116466522215687e-01
1.024030804634094238e+00
9.927378296852111816e-01
1.022155761718750000e+00
9.827954769134520374e-01
9.228436946868896484e-01
9.924529790878295898e-01
9.730691313743592419e-01
9.948506951332092285e-01
9.669726490974426270e-01
9.549486637115479626e-01
9.608069658279420056e-01
9.996201395988464355e-01
1.009493708610534890e+00
1.040588021278381126e+00
9.539808034896851696e-01
9.923341870307922363e-01
9.792490601539611816e-01
1.034478425979614480e+00
9.953748583793640137e-01
9.602784514427183948e-01
9.785441756248474121e-01
9.739388227462768555e-01
1.012958407402038574e+00
9.679146409034727894e-01
1.032663941383361816e+00
9.971371293067932129e-01
1.033214926719665527e+00
9.735645651817321777e-01
9.481557011604307972e-01
9.716138839721679688e-01
9.976089000701904297e-01
9.910025000572203480e-01
9.623351693153380237e-01
1.017456173896789551e+00
1.038721799850464089e+00
1.024861812591552734e+00
9.365245699882508434e-01
9.689323902130128063e-01
1.042264699935912864e+00
9.798811674118041992e-01
9.541071653366087757e-01
1.026434898376464844e+00
1.047151446342468484e+00
9.910694956779479980e-01
9.991209506988524280e-01
9.725546836853028454e-01
1.022052168846130371e+00
9.874674081802368164e-01
9.689914584159852184e-01
1.012909173965454102e+00
1.006079792976379395e+00
1.006189107894897683e+00
1.060481905937194824e+00
1.042149186134338379e+00
1.005494475364685059e+00
1.024187207221984863e+00
1.091252684593200906e+00
1.002414822578430176e+00
1.040469884872436301e+00
1.079299569129943848e+00
9.476174712181092419e-01
9.814568161964416504e-01
1.034564256668090820e+00
1.006940245628357156e+00
1.026300668716430886e+00
9.904367327690124512e-01
1.018897533416747825e+00
9.368869662284852184e-01
1.008955717086791992e+00
1.026539325714111106e+00
9.892701506614683948e-01
1.024049878120422363e+00
9.767106175422668457e-01
1.065423846244812012e+00
9.757938385009765625e-01
1.020780563354492188e+00
1.014618039131164551e+00
9.786035418510435901e-01
1.012405037879943848e+00
1.025185823440551758e+00
1.008190155029296875e+00
1.007947564125060813e+00
1.012361764907837136e+00
1.006445288658142090e+00
9.962015151977540173e-01
1.007652163505554199e+00
9.902497529983520508e-01
1.016819357872009277e+00
9.924711585044859730e-01
9.998736977577209473e-01
9.871108531951904297e-01
1.004791140556335449e+00
9.885620474815367542e-01
1.001535177230834961e+00
9.894889593124390759e-01
1.002506852149963379e+00
1.008816719055175781e+00
9.721327424049376331e-01
1.064963698387145996e+00
9.471428394317628063e-01
1.034055352210998313e+00
9.875406026840209961e-01
9.529493451118468128e-01
9.717161059379577637e-01
9.768390655517578125e-01
9.881420731544495739e-01
1.033311128616333008e+00
9.413697719573975720e-01
1.026209950447082297e+00
9.762951135635375977e-01
9.880272746086119495e-01
1.026119589805603027e+00
9.615755081176757812e-01
9.801389575004577637e-01
9.971880912780761719e-01
9.569824934005736194e-01
9.712324142456055798e-01
1.005006909370422363e+00
9.701754450798035778e-01
9.797351360321043812e-01
9.959041476249695934e-01
9.677438139915466309e-01
9.097797274589539684e-01
9.567016959190367542e-01
9.545564055442808948e-01
9.977086782455444336e-01
9.893326759338380016e-01
9.838339090347290039e-01
9.707293510437011719e-01
9.629784822463988148e-01
9.711399674415588379e-01
1.021516203880310059e+00
9.841057062149047852e-01
9.296987652778624378e-01
9.575557708740234375e-01
9.486888647079467773e-01
9.657467007637023926e-01
9.794153571128844105e-01
9.658412337303161621e-01
9.017847776412963867e-01
9.175971746444702148e-01
9.502478837966920056e-01
9.795185327529908337e-01
9.424660205841064453e-01
1.002375364303588867e+00
9.920635819435120739e-01
1.033037304878234863e+00
1.008992075920104980e+00
9.795237779617309570e-01
9.734990000724792480e-01
1.010084509849548340e+00
9.714778661727904163e-01
9.860250949859620251e-01
1.015320181846618874e+00
9.865407347679138184e-01
1.043795585632324219e+00
1.009035944938659668e+00
1.017452716827392578e+00
1.012185215950012207e+00
1.055779933929443359e+00
9.797341227531431995e-01
1.029719233512878418e+00
1.072143793106079102e+00
9.696022272109984241e-01
1.026106953620910645e+00
1.030094861984252930e+00
1.057493329048156738e+00
9.621957540512083851e-01
1.060740232467651367e+00
1.012577056884765625e+00
9.968503117561340332e-01
9.862703084945679821e-01
1.056681752204895020e+00
9.604003429412841797e-01
1.019965887069701926e+00
1.023646116256714089e+00
1.025616765022277832e+00
9.721565246582032360e-01
1.061327099800110085e+00
1.016964077949524148e+00
9.903234839439392090e-01
1.020742535591125710e+00
1.019440770149230957e+00
9.932007193565367542e-01
9.913230538368223987e-01
1.031411290168762207e+00
9.922583699226380505e-01
1.006399273872375710e+00
1.023362517356872559e+00
9.955914020538330078e-01
9.932762384414671741e-01
1.003821611404419167e+00
9.929005503654479980e-01
9.900135397911071777e-01
1.021070361137389915e+00
9.949651956558227539e-01
9.941539764404295765e-01
1.015273571014404297e+00
1.017848134040832297e+00
9.870454668998718262e-01
1.010763049125671387e+00
1.008238911628723145e+00
9.778493642807007946e-01
1.004896640777588113e+00
9.899989366531372070e-01
9.823669791221619763e-01
9.988747239112854004e-01
9.977916479110717773e-01
9.878755807876588024e-01
9.954106211662292480e-01
1.018834948539734109e+00
9.180684685707092285e-01
1.005715489387512207e+00
1.025188803672790305e+00
1.009773969650268555e+00
1.023052573204040305e+00
9.997088909149169922e-01
1.012760639190673828e+00
1.019224882125854492e+00
1.033158063888549805e+00
9.833119511604307972e-01
1.007995128631591797e+00
9.634445309638975941e-01
1.012832045555114746e+00
9.976283907890319824e-01
1.027439355850219505e+00
9.689267873764038086e-01
1.057237148284911887e+00
9.914466142654420056e-01
1.015515923500060813e+00
1.016138315200805664e+00
9.940519928932191052e-01
9.899272918701171875e-01
1.016099095344543679e+00
1.002833962440490723e+00
9.665322899818420410e-01
1.055247426033020020e+00
9.432367086410522461e-01
1.043548583984375000e+00
9.962527751922608532e-01
9.724293947219847523e-01
1.040026545524597168e+00
9.325048923492431641e-01
1.037401914596557617e+00
9.833139777183531605e-01
9.841360449790955700e-01
1.015161752700805664e+00
9.454363584518431507e-01
1.003493785858154297e+00
9.825865626335144043e-01
9.990897774696350098e-01
9.774318933486938477e-01
9.879018664360046387e-01
1.002867221832275391e+00
9.862931966781616211e-01
1.008762717247009277e+00
1.013540387153625710e+00
9.999051094055175781e-01
1.003735542297363281e+00
1.018029212951660156e+00
1.012391209602355957e+00
1.022361993789672852e+00
1.008351325988769531e+00
1.010914206504821777e+00
1.042721509933471680e+00
9.984553456306457520e-01
1.027669072151184082e+00
1.029234409332275391e+00
1.025956749916076882e+00
9.843571782112121582e-01
1.081701636314392090e+00
9.689199924468994141e-01
1.045375943183899148e+00
1.000476002693176492e+00
1.014073491096496582e+00
1.021661400794982910e+00
9.943777322769163929e-01
1.016767382621765137e+00
1.015289425849914551e+00
1.009937167167663574e+00
9.961310029029846191e-01
1.008170723915099876e+00
1.022518396377563699e+00
9.807589054107666016e-01
1.032620906829834206e+00
9.764832258224488415e-01
1.036372661590576172e+00
9.930789470672608532e-01
9.965136051177979626e-01
1.023513674736022949e+00
9.956568479537963867e-01
1.004093766212463379e+00
9.817175865173340954e-01
1.051674962043762207e+00
9.573623538017271839e-01
1.021115779876709206e+00
9.829999208450316273e-01
9.896379113197327770e-01
9.966956973075867809e-01
1.000891804695129395e+00
9.752058982849119984e-01
9.977236986160278320e-01
9.662178754806519665e-01
9.531221985816955566e-01
1.011644721031189187e+00
1.032345533370971680e+00
1.051103949546814187e+00
1.006157755851745605e+00
9.669784903526306152e-01
1.026643872261047363e+00
9.777284860610961914e-01
1.036047697067260742e+00
9.771143794059752308e-01
9.883461594581604004e-01
1.005565881729125977e+00
1.011890053749084473e+00
9.788050651550291859e-01
1.013051390647888184e+00
1.014870524406432883e+00
1.011785507202148438e+00
1.004577755928039551e+00
1.042143940925597922e+00
1.024323344230652078e+00
1.004956841468810813e+00
1.026884913444519043e+00
9.984898567199708141e-01
1.038588643074035645e+00
1.001494646072387695e+00
1.043919682502746582e+00
9.216398596763611950e-01
1.011770486831665039e+00
9.956523776054382324e-01
1.087076544761657493e+00
1.026891589164734109e+00
1.038102984428405762e+00
1.006412386894225852e+00
1.031801104545593262e+00
9.992431998252867542e-01
1.043958663940429688e+00
9.898670315742491566e-01
1.048485279083252175e+00
1.000026941299438477e+00
1.016394376754760742e+00
1.029324650764465110e+00
9.879624843597412109e-01
1.049615740776062012e+00
9.720858335494996227e-01
1.048940181732177512e+00
9.547232389450072132e-01
1.035486221313476562e+00
1.053142309188842773e+00
1.010028958320617676e+00
1.015120387077331543e+00
9.830186367034912109e-01
1.011437535285949707e+00
9.776916503906250000e-01
1.003503680229187012e+00
9.653794765472412109e-01
9.859280586242675781e-01
9.726666808128355823e-01
9.475062489509583630e-01
9.841876626014709473e-01
9.819802045822143555e-01
9.995619058609007679e-01
9.899149537086487927e-01
9.833245873451231800e-01
9.870252013206481934e-01
9.377819299697875977e-01
1.011302113533020020e+00
1.010026812553405762e+00
9.356495141983032227e-01
1.024427175521850586e+00
9.906673431396484375e-01
9.763989448547364391e-01
1.076939821243285911e+00
1.019443154335021973e+00
9.960152506828308105e-01
9.733030796051024280e-01
9.930032491683959961e-01
1.006838083267212136e+00
9.817793369293211780e-01
9.896644949913023792e-01
1.008656740188598633e+00
9.700887203216551624e-01
1.024832606315612793e+00
9.579752683639526367e-01
1.014057278633117676e+00
1.001925945281982422e+00
9.781729578971863903e-01
1.009705901145935059e+00
9.683020114898681641e-01
1.005286574363708496e+00
9.981131553649902344e-01
9.759618639945983887e-01
1.017362475395202637e+00
1.008857011795044167e+00
9.886978268623352051e-01
1.040040135383605957e+00
9.864760041236876331e-01
1.010613560676574707e+00
1.016425251960754395e+00
9.865792989730836071e-01
1.041117548942565918e+00
9.815489649772644043e-01
1.044411182403564453e+00
9.236617088317872204e-01
1.012844800949096902e+00
9.814334511756895862e-01
1.051002860069275124e+00
9.963997006416319691e-01
1.038091659545898438e+00
1.025775074958801270e+00
1.033913254737854004e+00
1.019643545150756836e+00
1.064623236656189187e+00
9.924202561378480114e-01
1.096110582351684570e+00
9.964376091957092285e-01
1.036850333213806152e+00
1.063356161117553711e+00
1.004321217536926492e+00
1.068410754203796387e+00
1.027747750282287598e+00
1.033571481704712136e+00
1.046057462692260742e+00
1.021685719490051270e+00
1.057076811790466309e+00
9.952780604362487793e-01
1.080483436584472878e+00
9.978316426277159534e-01
9.354244470596312366e-01
1.001736283302307129e+00
9.737174510955809437e-01
1.045342326164245605e+00
9.933655858039855957e-01
9.905431866645811878e-01
1.007363438606262207e+00
9.635073542594909668e-01
1.015371799468993919e+00
9.852117896080015980e-01
9.916515350341795765e-01
1.000675320625305176e+00
9.770248532295228161e-01
9.578061103820799671e-01
9.914323687553405762e-01
9.469102025032043457e-01
9.694383144378662109e-01
9.361602663993835449e-01
9.542499184608459473e-01
9.798372387886048474e-01
9.767317175865172230e-01
9.848448038101196289e-01
9.726560711860655628e-01
9.713525176048279919e-01
9.718209505081175648e-01
9.855205416679382324e-01
9.617016315460203968e-01
1.010127544403076172e+00
9.575831890106200062e-01
9.539895653724670410e-01
9.816920757293700062e-01
9.734066724777221680e-01
9.666311144828796387e-01
9.774706959724426270e-01
9.940051436424256481e-01
9.650734663009643555e-01
1.113793134689331055e+00
1.080510258674621582e+00
1.088221430778503418e+00
1.015270948410034180e+00
9.852592349052428089e-01
9.611911773681639515e-01
1.022191882133484109e+00
9.701447486877440296e-01
9.965760111808775745e-01
9.872052073478699841e-01
9.201397299766540527e-01
9.848484396934508167e-01
9.492258429527283825e-01
9.665115475654602051e-01
1.001978158950805664e+00
1.002023816108703613e+00
1.018712043762207031e+00
9.576011896133423962e-01
1.032899498939514160e+00
9.689339995384216309e-01
1.024294614791869895e+00
1.034701824188232422e+00
9.682459831237791859e-01
9.772694706916807972e-01
9.852684736251832165e-01
9.781941771507264294e-01
1.023624062538146973e+00
1.000486850738525391e+00
1.015894293785095215e+00
1.033478856086730957e+00
1.056779742240905762e+00
9.980835914611816406e-01
1.040628790855407493e+00
1.017076253890991211e+00
1.051841616630554199e+00
1.052713632583618164e+00
9.989643096923828125e-01
1.065088510513305664e+00
1.000802516937256081e+00
1.055032134056091309e+00
1.051488041877746582e+00
1.027505874633789062e+00
1.035664796829223633e+00
1.075950026512145996e+00
9.947949647903442383e-01
1.058392524719238503e+00
1.056568026542663574e+00
9.931746125221252441e-01
1.094589591026306152e+00
1.008697152137756348e+00
1.053214430809020996e+00
1.013793945312500000e+00
1.082458615303039551e+00
9.809185862541199841e-01
1.073567986488342507e+00
9.970334768295288086e-01
1.037647366523742898e+00
1.032385706901550293e+00
1.051895499229431152e+00
1.017953515052795410e+00
1.032869458198547363e+00
1.022255539894104004e+00
9.742075204849244274e-01
1.059570193290710449e+00
9.448172450065611683e-01
1.035916566848754883e+00
9.782988429069520153e-01
1.004945874214172363e+00
9.790061116218568005e-01
9.935184717178343616e-01
9.412555098533629261e-01
1.024790644645690918e+00
9.609197378158568226e-01
9.539861083030699573e-01
9.930031895637512207e-01
9.592906236648559570e-01
9.617198109626770020e-01
9.512030482292176403e-01
9.523407816886901855e-01
9.361651539802552380e-01
9.246620535850523792e-01
9.612098336219787598e-01
9.717065095901488148e-01
9.560920000076293945e-01
9.877613782882690430e-01
9.087815284729003906e-01
9.586828947067259632e-01
9.842354655265808105e-01
9.973041415214539684e-01
9.644885063171387829e-01
1.037902474403381126e+00
9.619690179824827991e-01
1.045913219451904297e+00
9.806223511695861816e-01
9.810364842414855957e-01
1.047059416770935059e+00
9.715340137481690563e-01
1.050510048866271973e+00
1.001337409019470215e+00
1.032827615737915039e+00
9.869958758354188122e-01
1.022704839706420898e+00
1.013388633728027122e+00
1.022074580192565918e+00
1.010542035102844238e+00
1.016493320465088113e+00
1.009715914726257102e+00
1.031472444534301758e+00
1.042672514915466309e+00
9.750590920448304333e-01
1.069823622703552246e+00
1.058259963989257812e+00
1.069344401359557883e+00
1.017788887023925781e+00
1.020430922508239524e+00
9.633122682571412243e-01
1.045488357543945090e+00
9.508751630783079944e-01
1.015747547149658203e+00
9.716749787330628552e-01
9.814873933792114258e-01
9.884130358695983887e-01
1.030190467834472878e+00
9.170541763305664062e-01
1.019006252288818359e+00
9.537388682365416370e-01
9.717563390731811523e-01
9.732244610786437988e-01
1.032194972038269043e+00
9.334562420845031738e-01
9.695889949798583984e-01
9.595790505409239612e-01
9.811630845069884144e-01
9.924493432044984020e-01
1.017636060714721680e+00
9.591290950775146484e-01
1.027643322944641113e+00
9.729350805282591663e-01
1.045129776000976562e+00
9.892449975013731800e-01
1.011858820915222168e+00
1.015572071075439675e+00
9.967675805091857910e-01
1.035156846046447754e+00
1.005907177925110085e+00
1.003187537193298340e+00
1.011736512184142844e+00
1.014594912528991699e+00
1.040215849876403809e+00
9.882196784019470215e-01
1.033711910247802734e+00
9.913856983184814453e-01
1.025163173675536887e+00
1.019927263259887695e+00
1.010910630226135254e+00
1.005324959754943848e+00
1.032444357872009277e+00
1.007806539535522461e+00
1.042289257049560325e+00
9.781357049942015491e-01
1.020551085472107156e+00
1.008880853652954102e+00
1.010867476463318093e+00
1.012854099273681641e+00
9.867127537727355957e-01
1.015403985977172852e+00
9.968675374984740101e-01
1.001438975334167703e+00
1.005743503570556641e+00
9.899029731750488281e-01
1.005751967430114746e+00
1.019085645675659180e+00
9.680010080337524414e-01
1.046105504035949707e+00
9.336367845535278320e-01
1.052443861961364746e+00
9.564845561981200062e-01
1.011027216911315918e+00
1.005221724510192871e+00
9.819488525390623890e-01
9.856060743331908069e-01
1.009875059127807617e+00
9.772134423255920410e-01
1.022186994552612305e+00
9.690459370613098145e-01
9.948577880859376110e-01
1.005952119827270508e+00
9.881559014320373535e-01
1.008049249649048074e+00
1.014186024665832297e+00
1.008693695068359375e+00
9.845157861709595837e-01
1.022692799568176492e+00
9.963626861572265625e-01
1.010290145874023438e+00
9.953214526176451526e-01
1.001387953758239524e+00
1.031536102294922097e+00
9.831054210662841797e-01
1.018973708152770996e+00
1.007418274879455566e+00
9.964882135391236462e-01
1.015886425971984863e+00
9.928064942359924316e-01
1.003288269042968750e+00
1.006633281707763672e+00
9.746784567832947888e-01
1.037875294685363770e+00
9.693644046783448376e-01
9.802904725074768066e-01
1.021629691123962402e+00
9.338136315345764160e-01
1.032935380935669167e+00
9.829405546188354492e-01
9.868644475936890759e-01
1.001684904098510742e+00
1.019610166549682617e+00
9.490055441856384277e-01
1.046402454376220703e+00
9.615287780761719860e-01
1.032432079315185547e+00
9.935168027877807617e-01
9.979205131530761719e-01
1.008789062500000000e+00
1.010803699493408203e+00
9.952600002288818359e-01
1.043190836906432883e+00
1.009179711341857910e+00
1.033357381820678711e+00
1.008886575698852317e+00
1.033391833305358887e+00
1.010775446891784890e+00
1.011452555656432883e+00
1.040692090988159180e+00
9.989182949066162109e-01
1.011156201362610085e+00
9.729757308959959827e-01
1.029044628143310325e+00
1.028553962707519531e+00
9.717676043510435901e-01
1.054137825965881126e+00
9.695659875869752087e-01
1.050699114799499512e+00
9.486010074615479626e-01
9.948139786720275879e-01
9.691736698150635876e-01
9.987853169441224255e-01
1.033808946609497070e+00
9.747480750083924450e-01
1.035783171653747559e+00
9.813370108604432263e-01
1.035743951797485352e+00
9.871927499771118164e-01
1.030678987503051758e+00
1.009056448936462402e+00
9.922847747802734375e-01
1.019081592559814453e+00
1.017407298088073508e+00
9.934093356132508434e-01
1.017601966857910156e+00
9.959450960159301758e-01
1.018532872200012207e+00
9.860973358154295765e-01
1.021080136299133301e+00
9.907062053680419922e-01
9.871364831924438477e-01
1.016023278236389160e+00
1.018359661102295144e+00
9.521056413650511585e-01
1.036327481269836426e+00
9.720585942268371582e-01
1.013064384460449219e+00
9.871755242347716175e-01
9.964736104011535645e-01
9.805269241333007812e-01
1.015420794486999512e+00
9.485518932342528187e-01
1.040870428085327148e+00
9.745309948921203613e-01
9.927914142608643688e-01
1.024441957473754883e+00
9.752166867256164551e-01
9.895330071449279785e-01
9.775396585464477539e-01
9.941878318786619984e-01
9.757851362228393555e-01
1.035283207893371582e+00
9.519473910331726074e-01
1.024232864379882812e+00
1.065959692001342773e+00
9.485858082771300159e-01
1.033058166503906250e+00
9.819401502609251819e-01
1.007786273956298828e+00
9.850499629974364124e-01
9.985682964324952282e-01
9.912199974060059704e-01
1.024579644203185813e+00
9.766591787338255726e-01
9.879220128059388317e-01
1.005902647972107156e+00
9.660234451293944202e-01
1.019540429115295410e+00
9.887937307357788086e-01
1.000010013580322488e+00
9.942283034324645996e-01
9.923310875892640270e-01
9.863994717597960316e-01
1.000666737556457520e+00
1.015873789787292480e+00
9.923374652862547718e-01
1.019517540931701660e+00
1.019987702369689941e+00
1.008449316024780495e+00
1.022672057151794434e+00
9.960142374038696289e-01
1.027028083801269531e+00
1.014342308044433594e+00
1.017627954483032227e+00
1.028706073760986328e+00
1.026381373405456321e+00
1.019617676734924316e+00
1.053519129753112793e+00
1.009455084800720215e+00
1.047161579132079856e+00
1.050523281097411887e+00
9.829103946685792126e-01
1.067914724349975586e+00
9.973489642143249512e-01
1.036068558692931907e+00
1.016499638557434082e+00
1.036376595497131126e+00
9.847081899642944336e-01
1.134534358978271706e+00
9.998264908790588379e-01
1.004164934158325195e+00
1.013688206672668457e+00
1.011527299880981445e+00
9.777162671089172363e-01
1.024459004402160645e+00
9.621778726577759899e-01
9.962629079818725586e-01
9.859729409217834473e-01
9.477040767669677734e-01
9.724487662315367542e-01
9.861094951629639782e-01
9.698047041893004261e-01
9.560396075248718262e-01
1.000665187835693359e+00
9.410639405250548206e-01
9.858263134956359863e-01
9.818183183670043945e-01
9.856026768684388317e-01
9.743399620056152344e-01
9.733140468597412109e-01
9.871550798416137695e-01
9.157969355583192028e-01
1.003547191619872825e+00
9.777170419692992054e-01
9.912400841712951660e-01
9.814524054527283825e-01
1.014556527137756348e+00
1.004348874092102051e+00
1.012901782989502175e+00
1.025640606880187988e+00
1.010805130004882812e+00
1.067640423774719238e+00
1.003797292709350586e+00
1.014996051788329856e+00
1.045910358428954856e+00
1.001311898231506348e+00
1.032580256462097168e+00
1.021358489990234375e+00
1.009308457374572754e+00
1.019381284713745117e+00
1.007695794105529785e+00
9.966137409210203968e-01
1.048218131065368874e+00
9.732502102851867676e-01
1.023440599441528320e+00
1.002614378929138184e+00
1.006012320518493652e+00
1.017360329627990723e+00
9.777855277061462402e-01
1.011234164237975852e+00
9.815549254417420544e-01
1.003835201263427512e+00
9.963513612747192383e-01
9.923585653305053711e-01
1.021022558212280495e+00
9.622183442115783691e-01
1.038304209709167703e+00
9.677748084068298340e-01
1.011076450347900391e+00
9.924218058586119495e-01
9.797003269195555530e-01
1.028549075126647949e+00
9.673355221748352051e-01
1.024217724800110085e+00
9.843184947967528187e-01
1.003314018249511497e+00
9.917286634445190430e-01
9.918600320816040039e-01
9.576722383499145508e-01
1.058036804199218750e+00
9.300938844680786133e-01
1.030674934387207031e+00
9.831500649452209473e-01
9.964526891708374023e-01
1.013844847679138184e+00
9.937844276428223766e-01
9.773309230804444470e-01
1.021198272705077903e+00
9.254217743873596191e-01
1.000143527984619141e+00
1.006517052650451660e+00
9.920938611030579724e-01
1.047495484352111816e+00
9.470529556274414062e-01
1.059277653694152832e+00
9.764562845230103649e-01
1.018759965896606445e+00
1.022988677024841309e+00
9.841333031654357910e-01
1.049674510955810325e+00
9.735757708549499512e-01
1.098149418830871582e+00
9.799836874008179821e-01
1.021892189979553223e+00
1.005635976791381836e+00
9.831511378288267933e-01
1.011896252632141113e+00
9.834800362586976208e-01
1.020777583122253418e+00
9.918776154518128552e-01
9.970203638076782227e-01
9.429244995117187500e-01
1.003123402595520020e+00
1.010757803916931152e+00
1.005082607269286887e+00
1.015091776847839355e+00
1.015607595443725586e+00
9.916269183158875622e-01
1.013808727264404297e+00
1.027535438537597656e+00
9.484785795211791992e-01
1.060148119926452637e+00
9.854223132133483887e-01
1.038893342018127441e+00
1.012351989746093750e+00
1.023477077484130859e+00
9.510115385055541992e-01
1.069825053215026855e+00
9.697873592376707874e-01
9.963359832763671875e-01
1.004410624504089355e+00
9.777595996856690563e-01
1.025590181350708008e+00
9.759926795959471546e-01
1.019778013229369895e+00
9.740622639656068005e-01
1.030912637710571289e+00
9.814360141754150391e-01
1.008710145950317383e+00
9.841653704643249512e-01
1.020007610321045144e+00
9.877968430519104004e-01
9.872794151306152344e-01
9.847031831741331898e-01
1.051009535789489524e+00
9.541897177696228027e-01
1.034864187240600586e+00
9.887657165527343750e-01
9.895252585411071777e-01
1.005248785018920898e+00
1.027972340583801270e+00
9.962334036827088513e-01
9.962553381919859730e-01
1.044057488441467285e+00
1.030363082885742188e+00
1.028853178024291992e+00
9.911311268806457520e-01
1.035074830055236816e+00
1.027468204498290794e+00
9.972150921821594238e-01
1.021554112434387207e+00
1.021206021308899148e+00
1.010700821876526101e+00
9.886799454689025879e-01
1.013436079025268555e+00
1.028434634208679199e+00
9.900301098823548474e-01
1.020534753799438477e+00
1.018436789512634499e+00
1.019079923629760742e+00
9.813633561134338379e-01
1.022406101226806641e+00
1.030367612838745117e+00
1.012390136718750000e+00
1.003289222717285156e+00
1.049968361854553223e+00
1.009797334671020508e+00
9.989693164825440563e-01
9.882062673568725586e-01
1.049686193466186301e+00
9.616287350654602051e-01
1.006658196449279785e+00
1.009453415870666504e+00
1.037044882774353027e+00
9.530126452445983887e-01
1.038563251495361106e+00
9.963061809539796032e-01
9.862959384918211780e-01
9.525380134582520641e-01
1.035779356956482156e+00
9.365612864494323730e-01
1.001065135002136230e+00
1.017122507095337136e+00
9.582015275955200195e-01
1.038323521614074707e+00
9.869015216827391468e-01
1.023514032363891602e+00
1.003754258155822754e+00
9.960674047470091663e-01
9.653208255767822266e-01
1.019819378852844238e+00
9.709957242012023926e-01
9.863929748535156250e-01
1.009979009628295898e+00
9.359278678894044079e-01
1.034815192222595215e+00
9.460046291351318359e-01
1.042543411254882812e+00
9.924167990684508167e-01
1.012489557266235352e+00
1.029168128967285156e+00
9.737714529037475586e-01
1.014008522033691406e+00
1.026897907257079856e+00
9.804250001907347523e-01
1.064221739768982156e+00
1.037014126777649148e+00
9.860956668853759766e-01
1.031490325927734375e+00
1.054743051528930886e+00
1.007663488388061523e+00
1.049953579902649148e+00
9.808347225189207874e-01
1.047832369804382324e+00
1.003942966461181641e+00
9.949629306793211780e-01
1.020869493484497070e+00
1.027702808380127175e+00
9.798613190650941052e-01
1.055159568786620872e+00
1.042729973793029785e+00
1.055011153221130371e+00
9.930799007415771484e-01
9.840850830078123890e-01
1.013195037841796875e+00
9.836122393608092151e-01
9.632413983345031738e-01
9.651179313659667969e-01
1.003662228584289551e+00
9.500852227210999645e-01
9.734504818916319691e-01
9.841333031654357910e-01
9.689921140670776367e-01
9.692641496658324085e-01
1.010405421257019043e+00
9.436432719230651855e-01
1.000929236412048340e+00
9.730144143104552112e-01
9.584407806396484375e-01
9.477650523185729980e-01
9.877974390983581543e-01
9.622645378112791859e-01
9.706098437309264026e-01
1.022901415824889915e+00
9.438656568527221680e-01
1.030213713645935059e+00
9.714125394821168102e-01
9.984707832336425781e-01
1.012366652488708496e+00
9.913350343704223633e-01
1.034327626228332297e+00
9.734443426132202148e-01
1.049315810203552246e+00
9.632188081741331898e-01
1.052142024040222168e+00
9.760288596153260388e-01
1.043656468391418457e+00
1.004907369613647683e+00
1.019614934921264648e+00
1.018075823783874290e+00
1.039334535598754883e+00
9.616923332214355469e-01
1.082645535469055176e+00
1.009868144989013672e+00
1.038338065147400124e+00
1.080705404281616211e+00
9.747077226638793945e-01
1.034615397453307883e+00
1.016677379608154297e+00
1.001061677932739258e+00
1.029772639274597168e+00
1.069214224815368874e+00
9.771199226379395641e-01
1.063646793365478294e+00
9.524285793304444470e-01
9.803541898727415882e-01
9.454107284545898438e-01
1.030408263206482156e+00
1.013559818267822488e+00
9.966143369674683727e-01
1.032521605491638184e+00
1.015130281448364480e+00
1.070742011070251687e+00
1.075543284416198730e+00
9.701503515243530273e-01
1.059606909751892090e+00
9.900454282760620117e-01
1.035902380943298340e+00
1.066541671752929688e+00
1.061500191688537598e+00
9.981881976127624512e-01
1.047675609588622825e+00
1.001338481903076172e+00
1.030987858772277832e+00
1.005779862403869629e+00
1.009238839149474876e+00
1.017290115356445090e+00
9.781622886657715954e-01
1.038687467575073242e+00
9.719502329826356091e-01
1.040942907333374023e+00
9.404050111770629883e-01
9.832466244697571911e-01
9.521170854568480335e-01
1.052460908889770508e+00
9.630719423294068493e-01
1.029083967208862305e+00
9.855280518531800427e-01
1.006855010986327903e+00
9.971899986267090954e-01
1.003415703773498313e+00
1.002563476562500000e+00
9.992720484733581543e-01
1.006632089614868164e+00
1.000208616256714089e+00
9.865160584449768066e-01
1.024522304534911887e+00
9.799810647964477539e-01
1.020194292068481445e+00
1.011704683303833008e+00
9.991385340690611683e-01
1.015037298202514648e+00
9.914482235908508301e-01
1.024139761924743652e+00
9.675451517105103649e-01
1.029928565025329590e+00
9.732941985130308948e-01
1.011660456657409668e+00
9.260677099227904163e-01
9.734629988670348011e-01
9.638273715972900391e-01
9.156430959701538086e-01
9.831134080886839710e-01
1.016463518142700195e+00
9.923670291900635876e-01
1.029509067535400391e+00
9.846551418304444470e-01
1.004941463470459206e+00
1.001331567764282227e+00
1.000031352043152078e+00
1.002725124359130859e+00
9.453273415565491833e-01
9.928439259529113770e-01
1.000228881835937500e+00
1.011056900024414062e+00
1.003724098205566406e+00
1.062217235565185547e+00
1.033272743225097656e+00
1.010306119918823242e+00
9.896616339683531605e-01
1.005751967430114746e+00
1.009382247924804910e+00
9.707426428794859730e-01
1.031918168067931907e+00
9.384641647338868298e-01
1.003134489059448242e+00
9.558823704719543457e-01
9.612064361572265625e-01
9.914437532424927868e-01
9.926871657371519886e-01
1.003193140029907227e+00
9.598393440246582031e-01
1.020252227783203125e+00
9.974946379661558948e-01
9.909763336181639515e-01
1.002754807472229004e+00
9.864985346794128418e-01
1.050886154174804910e+00
1.024282813072204590e+00
1.000190854072570801e+00
1.016481518745422363e+00
1.054442882537841797e+00
9.549582600593568005e-01
1.014399766921997070e+00
1.014160275459289551e+00
9.808612465858459473e-01
9.878604412078856312e-01
9.862571954727171741e-01
9.851813316345215954e-01
9.888915419578552246e-01
1.024865388870239258e+00
9.787009358406068005e-01
1.039493918418884499e+00
9.731263518333436169e-01
1.044882774353027122e+00
9.855767488479614258e-01
1.029158234596252441e+00
1.004510879516601562e+00
9.990804791450500488e-01
9.451688528060911976e-01
9.859793186187744141e-01
1.018107891082763672e+00
9.906162619590760388e-01
1.007675647735595703e+00
1.000049471855163574e+00
1.052701830863952637e+00
9.853438735008240856e-01
1.048242092132568359e+00
1.002901911735534890e+00
1.026664376258849876e+00
1.057099223136902078e+00
1.025367975234985352e+00
1.025404334068298340e+00
9.801751375198364258e-01
1.082930326461791992e+00
1.040724635124206321e+00
9.908736348152159534e-01
1.016686916351318359e+00
8.896479606628417969e-01
9.267791509628295898e-01
9.796780347824095569e-01
1.003892302513122559e+00
9.529883265495300293e-01
9.925182461738586426e-01
9.945524334907531738e-01
1.003552079200744629e+00
9.944577813148499645e-01
1.015973806381225586e+00
1.011536478996276855e+00
9.807803630828856312e-01
1.001037001609802246e+00
1.005891203880310059e+00
9.969042539596557617e-01
9.918060898780823864e-01
1.018452286720276101e+00
9.759403467178343616e-01
9.742648005485535778e-01
1.047577023506164551e+00
9.626665115356444202e-01
1.101181030273437500e+00
1.052170991897583008e+00
1.008263945579528809e+00
9.985466599464416504e-01
