8.182607591152191162e-03
8.830034732818603516e-02
1.751388311386108398e-01
2.106311172246932983e-02
-6.291617173701524734e-03
7.643710821866989136e-02
1.429071873426437378e-01
5.763759836554527283e-03
-1.191280316561460495e-02
-1.553174555301666537e-01
5.221632309257984161e-03
-7.240655273199081421e-02
2.414351142942905426e-02
-6.354477256536483765e-02
-4.314400255680083535e-02
1.033738628029823303e-01
-2.983199059963226318e-02
-5.366897210478783348e-02
-1.701766625046730042e-02
-4.905176907777786255e-02
6.087995693087577820e-02
2.138611674308776855e-02
2.451277151703834534e-02
-7.195808924734592438e-03
-4.895964637398719788e-02
1.061891764402389665e-01
1.018228977918624739e-01
6.478006392717361450e-02
3.585851937532424927e-02
8.240685798227787018e-03
8.554725348949432373e-02
2.080842554569244385e-01
1.321520954370498657e-01
2.281454205513000141e-02
-8.158604055643083053e-02
-9.357284009456635909e-02
-3.560893982648849487e-02
2.152890199795365334e-03
-4.139087721705436707e-02
-5.301698110997677717e-03
-2.051999270915985107e-01
-5.304497107863426208e-02
-3.690706565976142883e-03
-4.171787574887276390e-02
-2.024580462602898479e-04
-1.155902892351150513e-01
-2.365168035030364990e-01
-1.651788502931594849e-01
-8.817889541387557983e-02
1.020808890461921518e-02
-4.947128519415856102e-02
-3.352950513362884521e-02
9.113842248916625977e-02
1.111920326948166032e-01
-3.865526616573333740e-02
-6.211084872484207153e-02
-1.858252845704555511e-02
-1.355277597904205322e-01
-5.879221111536026001e-02
-4.469542205333709717e-02
3.159792348742485046e-02
-1.890341565012931824e-02
-9.084845893085004634e-03
-1.167255416512489319e-01
2.791023580357432365e-03
-4.753848537802696228e-02
-1.097278669476509268e-02
-6.221506744623183510e-02
-4.586594551801682212e-02
1.043771699187345803e-04
1.610018126666545868e-02
-4.787380620837211609e-02
-1.355973910540342331e-02
4.892032127827405930e-03
-5.457422137260437012e-02
-1.088008135557174683e-01
-2.311902642250061035e-01
-6.705305725336074829e-02
5.834960192441940308e-02
1.330202538520097733e-02
-4.716402851045131683e-03
-4.910988360643386841e-02
-5.392226576805114746e-02
-1.299585774540901184e-02
-4.688932001590728760e-02
-1.266908179968595678e-02
1.102819740772247314e-01
6.700836122035980225e-02
-1.071375459432602067e-01
-1.214821077883243561e-02
-4.958146438002585671e-02
3.435809910297393799e-02
-1.114038843661546881e-02
5.795814096927642822e-03
-1.178544387221336504e-01
-9.941273182630540328e-02
-2.691331878304481159e-02
-1.053817337378859520e-03
-9.824825078248977661e-02
-1.668719947338104248e-01
-7.055706530809402466e-02
-6.425862759351730347e-02
6.598170101642608643e-02
3.699330240488052368e-02
5.698629468679427407e-02
1.589238941669464111e-01
1.451705489307641810e-02
1.929721236228943218e-02
-1.589371077716350555e-02
2.970829419791698109e-02
-2.002829127013683666e-02
-9.278224408626556396e-02
-1.307393759489059448e-01
-2.826917171478271831e-02
-2.897568978369236339e-02
-1.133078336715698242e-01
-4.069812968373297951e-02
-2.133950591087341309e-01
-9.472508728504179520e-02
-7.966804504394531250e-02
-9.825543314218519730e-02
-1.550225317478179932e-01
-1.117844134569167952e-01
2.908182702958583832e-02
-3.949831053614616394e-02
5.729718133807182312e-03
1.454134471714496613e-02
7.389222830533981323e-02
6.385099887847900391e-02
-2.451774477958679199e-02
3.344462811946868896e-02
-2.739522233605384827e-02
-4.729848727583885193e-02
-1.294956803321838379e-01
-2.053501829504966736e-02
2.391455620527267456e-01
1.730825752019882202e-01
1.464197319000959396e-02
-2.802431699819863385e-04
-4.474814981222153404e-02
-1.395688857883214951e-03
6.937871873378753662e-02
4.975575208663940430e-02
8.376632630825042725e-02
3.727943077683448792e-02
1.198230683803558523e-02
2.646531723439693104e-02
5.147463642060756683e-03
9.857951104640960693e-02
7.646548748016357422e-02
-1.677982509136199951e-02
1.211510598659515520e-01
8.368756622076034546e-02
2.952825278043746948e-02
4.780396819114685059e-02
1.121078655123710632e-01
7.117578387260437012e-02
-2.673297375440597187e-02
-9.839052706956863403e-02
-2.060516476631164828e-01
-1.836892217397689542e-01
1.419920474290847778e-02
-3.308653086423873901e-02
3.947403281927108765e-02
6.667796522378922897e-02
-4.363625496625900269e-02
-1.136703789234161516e-01
-4.500190541148186424e-02
-6.225731968879700401e-02
-9.680067189037799835e-03
1.418060157448053360e-02
2.632220974192023277e-03
-1.032469794154167314e-01
-5.829650908708572388e-02
-6.124678626656532288e-02
-3.939666599035263062e-02
-5.389583110809326172e-02
-4.494094103574752808e-02
-1.536244712769985372e-02
-1.097071543335914612e-01
-2.195663899183273315e-01
-1.565827429294586182e-01
-7.381004840135574341e-02
-5.361589789390563965e-02
2.345982007682323803e-02
-8.502298034727573395e-03
4.164731875061988831e-02
-7.795558124780654907e-02
-6.413943320512772994e-02
2.859930507838726391e-02
-3.890037909150123596e-02
3.446991741657257080e-02
1.133382692933082581e-02
7.120769470930100355e-03
-8.429904282093048096e-02
-7.708588987588882446e-02
-9.880110621452332931e-02
6.206359830684959888e-04
2.714214473962784160e-02
-7.537978887557982011e-02
1.141792256385087967e-02
3.870056243613361879e-03
-5.359242856502532959e-02
3.254552930593490601e-02
-3.400400280952453613e-02
1.708869822323322643e-02
-2.125756349414587021e-03
-3.009361401200294495e-02
-4.199106618762016296e-02
-2.597166039049625397e-02
-5.865506455302238464e-02
-3.664642805233597755e-03
9.068357944488524003e-02
1.525098234415054599e-01
1.531423181295394897e-01
5.512743722647428513e-03
-7.577444612979888916e-02
-2.024526447057723999e-01
-8.425378799438477950e-02
1.253586169332265854e-02
1.603765785694122661e-02
-4.652484133839606545e-02
-6.040219217538833618e-02
-4.028837196528911591e-03
2.990445680916309357e-02
-5.037742853164672852e-02
-4.077822342514991760e-02
7.553060352802277999e-02
1.732032746076584209e-02
-3.059734031558036804e-02
7.483636960387229919e-03
2.415357902646064758e-02
3.397131338715553284e-03
-4.862755164504051208e-02
-1.014106813818216324e-02
1.925542391836643219e-02
-1.997392997145652771e-02
-2.404487319290637970e-02
-1.914531551301479687e-02
2.521187253296375622e-02
4.907681792974472046e-02
1.622828468680381775e-02
-1.670553814619779587e-03
6.127277389168739319e-03
9.193779528141023116e-02
-4.792892187833786011e-02
-1.621648371219635010e-01
5.286257714033127698e-03
9.680280461907386780e-03
-3.114878199994563709e-02
7.821010425686836243e-03
2.311585843563079834e-02
2.057096548378468254e-02
1.324852276593446905e-02
1.375155597925186157e-01
2.342336922883987427e-01
1.905201375484466553e-01
9.144413284957407170e-03
-4.048559442162513733e-02
3.727224841713905334e-02
-1.378421671688556888e-03
-7.601418346166610718e-02
-8.779414743185041947e-02
-4.934779927134513855e-02
1.284874882549047644e-02
-1.687987148761748921e-02
-1.215381324291229248e-01
-3.916508704423903725e-02
-3.549371659755706787e-02
3.549462929368018410e-02
3.800491616129875183e-02
-3.963454440236091614e-02
1.214556489139795130e-02
1.312199980020523071e-01
1.149270758032798767e-01
1.015057414770126343e-01
-2.755712158977985382e-02
-7.197578251361846924e-02
-5.270547419786453247e-02
-7.963474839925765991e-02
-1.653543412685394565e-01
-4.405520111322402954e-02
2.448755316436291088e-02
8.233048766851425171e-02
6.496271491050720215e-02
-1.165637299418449541e-01
-2.047189511358737946e-03
6.075214128941297531e-03
7.171264290809631348e-02
-5.061507225036621094e-02
-2.423482574522495617e-02
7.154183834791182084e-02
7.368545234203338623e-02
7.780548930168151855e-02
-5.164587870240212181e-02
-9.150466881692409515e-03
-9.825693815946580367e-02
-4.327140003442763588e-02
-8.144607394933700562e-02
-4.173616692423820496e-02
-1.384433172643184835e-02
-9.250518679618836837e-02
5.987729132175444863e-02
2.481230720877647400e-02
3.513051196932793097e-03
-8.827759325504302979e-02
-5.347543582320213318e-02
-6.044848635792732239e-02
-1.779956370592117310e-02
-2.969050314277410507e-03
4.638686031103133461e-02
-5.004260316491127014e-02
-4.573148116469383240e-02
2.472673729062080383e-02
1.806130260229111065e-02
9.181777015328407288e-03
6.413242220878601074e-02
8.004084229469299316e-02
3.307648748159408569e-02
1.278328448534011841e-01
-7.935250550508499146e-02
-9.228448569774627686e-02
1.669772155582904816e-02
-7.178732007741928101e-02
-1.115428879857063293e-01
-1.259007304906845093e-01
-8.518985658884047074e-02
-2.591820433735847473e-02
4.130392894148825905e-02
9.894265234470367432e-02
-6.354139000177382035e-02
4.194264858961105347e-02
2.377698943018913269e-02
-1.956713013350963939e-02
-9.955540299415586644e-03
-2.154507674276828766e-02
-1.640791893005371094e-01
-1.734661012887954712e-01
-1.251884400844573975e-01
-3.821498155593872070e-02
-5.048161745071411133e-02
-8.896819315850734711e-03
4.368070140480995178e-02
6.243402138352393410e-02
1.090171858668327193e-01
-2.711112238466740001e-02
1.233368460088968450e-02
-9.447290562093257904e-03
1.434182049706578472e-03
-5.106505006551743248e-02
-6.334597710520029068e-03
-1.291415095329284841e-02
-4.204932972788811424e-02
3.041472285985947002e-02
-2.266440726816654205e-02
-1.297220867127179926e-02
-3.861265257000923157e-02
6.125673279166220925e-02
4.918989911675453186e-02
-2.048625983297824860e-02
-4.182530194520950317e-02
-5.595580860972405174e-02
-8.749801665544509888e-02
-1.207584291696548462e-01
-5.477447062730788491e-02
-1.301914826035499573e-02
-1.172376982867717743e-02
1.506799482740461826e-03
3.749742358922958374e-02
1.317941844463348389e-01
6.346263736486434937e-02
3.000678680837154388e-02
-1.521614938974380320e-02
-4.094936326146126487e-02
-2.996018342673778187e-02
-2.628778852522372853e-02
-3.280624747276306152e-02
-7.783742249011992020e-02
-4.368640482425689697e-02
-5.001083388924598694e-02
1.393957287073135376e-01
9.017814695835113525e-02
1.177958250045776506e-01
3.117330744862556111e-02
-1.123916879296302795e-01
-3.226954117417335510e-02
-4.812975600361824036e-02
-2.460270375013351440e-02
-6.594923883676528931e-02
-1.226524114608764510e-01
-1.162435114383697510e-01
-4.292783886194228432e-02
2.159714326262474060e-02
9.836837649345397949e-02
5.056677013635634682e-02
8.807711303234100342e-02
8.562682196497917175e-03
3.113147243857383728e-02
-1.574657484889030457e-02
1.414825487881898707e-02
4.107012227177619934e-02
-4.600826185196638107e-03
-1.186552941799163818e-01
-9.551844000816343827e-02
3.644879441708326773e-03
-1.317958086729049405e-01
-1.069295331835746765e-01
-2.654771879315376282e-02
-1.709344051778316151e-02
-8.912286162376403809e-02
-2.498840726912021637e-02
-2.769518271088600159e-02
2.979071065783500671e-02
-1.214614361524582048e-01
-3.737361729145050049e-02
-2.774597704410552979e-02
-3.217084333300590515e-02
-7.573284208774568038e-02
-4.289314895868300698e-02
5.288214236497879028e-02
-6.212778016924857399e-02
-6.016916036605834961e-02
-1.327218711376190186e-01
-1.749522984027862549e-01
-4.175030067563056946e-02
8.612652122974395752e-02
7.585202902555465698e-02
7.868878543376922607e-02
1.616012454032897949e-01
8.060538023710250854e-02
-1.923521608114242554e-02
-3.569383919239043496e-02
4.131852462887763977e-02
-1.879759505391120911e-02
-2.900400385260581970e-02
-5.897055938839912415e-02
1.256490796804428101e-01
-1.113837002776563384e-03
-8.828932791948317094e-02
-8.895862102508544922e-02
-1.541151106357574463e-01
-1.059019789099693298e-01
-1.100069954991340637e-01
-2.592302858829498291e-01
-1.900161057710648138e-01
-5.308299139142037132e-02
-1.735789887607097626e-02
-6.431268155574798584e-02
-4.016378149390220642e-02
-6.251145154237747192e-03
-5.113478749990463257e-03
-1.611744984984398235e-02
7.822021096944808960e-02
2.233985578641295433e-03
-5.597281455993651650e-02
-7.352980971336364746e-02
1.533434819430112839e-02
1.081471443176269670e-01
6.176273897290229797e-02
1.344191431999206543e-01
-2.034831233322620392e-02
-3.469812497496604919e-02
-8.802525699138641357e-02
3.132410347461700439e-02
1.638426072895526886e-02
-3.774591954424977303e-03
1.057759858667850494e-02
9.327840059995652633e-02
2.196144685149192810e-02
6.852560210973024368e-03
1.435500103980302811e-02
-5.043555982410907745e-03
-1.192516759037971497e-01
-1.815838515758514404e-01
1.011497601866721968e-01
-7.953643053770065308e-02
-9.696174412965775924e-02
-3.243899345397948525e-02
-7.264300435781478882e-02
-9.865286946296691895e-02
-1.601866483688354492e-01
-1.384924650192260742e-01
1.550673693418502808e-01
8.220305293798448043e-02
8.327061682939529419e-02
1.816037460230290673e-03
-3.897676477208733559e-03
1.180673297494650061e-02
6.646976340562104311e-03
-3.912104293704032898e-02
-5.642532557249068520e-02
-1.517743170261383057e-01
1.668789191171526909e-03
1.144231855869293213e-01
1.441015601158142090e-01
1.753916889429092407e-01
1.156177818775177002e-01
4.815701767802239158e-02
-6.790646351873874664e-03
2.452924102544784546e-02
9.774141944944858551e-03
-6.485736370086669922e-02
-1.196366697549819946e-01
-1.992755383253097187e-02
1.382738202810287476e-01
4.844287782907485962e-02
2.521511912345886230e-02
-1.155213043093681197e-01
-6.323616951704025269e-02
-3.356350958347320557e-02
-1.308198422193527222e-01
-6.979886442422866821e-02
2.755037508904933929e-02
8.121931552886962891e-02
4.698396474123001099e-02
-1.323481928557157690e-02
-4.372924566268921592e-02
-6.015438959002494812e-02
-6.643760204315186935e-02
-3.901749476790428162e-02
-4.722997173666954041e-02
-4.741695192933548242e-06
-4.864989779889584455e-03
4.054271429777145386e-02
-1.918654888868331909e-02
-1.068673562258481979e-02
9.087934345006944137e-02
-1.821704395115375519e-02
1.022387016564607620e-02
-3.538247197866439819e-02
3.122871369123458862e-02
1.552697420120239258e-01
6.834863126277923584e-02
-2.099047973752021443e-02
-8.337406814098358154e-02
-1.158170551061630249e-01
7.213984429836273193e-02
3.474848344922065735e-03
2.422457747161388397e-02
5.019379779696465232e-02
-2.265009656548500061e-02
1.600986346602439880e-02
1.183364167809486528e-01
1.262332648038864136e-01
1.541913598775863370e-01
1.228983923792839050e-01
-3.580217435956001282e-02
-1.440383493900299072e-01
-1.388801187276840210e-01
3.131765127182006836e-02
3.723506256937980652e-02
2.972301281988620758e-02
-9.346269071102142334e-03
2.350932336412370476e-04
-3.743409365415573120e-02
-1.300754994153976440e-01
-1.963107138872146606e-01
3.977596759796143272e-02
4.780682548880577087e-02
3.076243773102760662e-02
-7.252410054206848145e-02
-1.397276995703577995e-03
4.457129538059234619e-02
-5.655695497989655235e-02
-1.039008945226669312e-01
-3.639362007379531860e-02
1.630403101444244385e-02
6.175866350531578064e-03
1.901609264314174652e-02
-2.762571536004543651e-02
1.111028119921684404e-01
6.693597882986068726e-02
-9.704669564962387085e-02
6.557650864124297228e-03
6.780860573053359985e-02
1.435696333646774570e-01
-3.968820348381996155e-02
-1.210206560790538788e-02
3.461918560788035393e-03
-1.785972863435745239e-01
-6.785967946052551270e-02
7.061389833688735962e-02
-7.196051627397537231e-02
-4.592555761337280273e-02
-2.176215499639511108e-02
9.562757611274720626e-02
-1.485279947519302368e-01
-2.751147150993347168e-01
-1.497083455324172974e-01
-2.411982417106628418e-02
3.968557342886924744e-02
-1.407063845545053656e-02
-4.618000984191895225e-02
-1.581557653844356190e-02
1.469272654503584082e-02
2.039723284542560924e-02
-9.911702014505864924e-03
8.068629354238510132e-02
1.880069077014923096e-02
-1.139846071600914001e-01
-2.673909366130828857e-01
-5.626276135444641113e-02
-8.864014595746994019e-02
-2.095296978950500141e-02
4.963061213493347168e-02
-5.072816088795661926e-02
-5.561829730868340232e-02
-1.462539948988706145e-04
7.963700592517852783e-02
-5.996491760015487671e-02
-2.082980237901210785e-02
-5.446216836571692727e-02
-3.388091223314404488e-03
1.759384199976921082e-02
1.896014437079429626e-02
5.531796067953109741e-02
4.211864247918128967e-02
-9.345895797014236450e-02
-8.310883492231369019e-02
9.636561572551727295e-02
5.947500094771385193e-02
-4.849259182810784080e-02
1.393985655158758163e-02
-2.141124568879604773e-03
-6.716519594192504883e-02
-9.678968787193296952e-02
-3.681849688291549683e-02
1.272333264350891113e-01
-3.872756147757172585e-03
5.920371972024440765e-03
-3.091185912489891399e-02
7.779497653245926771e-03
-2.697042748332023968e-02
-6.384045630693435669e-02
-2.322736009955406189e-02
1.283841729164123535e-01
3.841182217001914978e-02
2.838553115725517620e-02
-2.883765101432800640e-02
-1.423359215259552002e-01
-3.877127543091773987e-02
-3.638897836208343506e-02
1.097036823630332947e-01
5.823181197047233582e-02
1.907045952975749969e-02
-3.309836611151695251e-02
-1.131052523851394792e-01
-8.909188210964202881e-02
-1.336742378771305084e-02
4.574357718229293823e-02
-4.562313109636306763e-02
-4.106214642524718544e-02
9.690784662961959839e-02
2.397384494543075908e-02
-7.898908108472824097e-02
-7.023632526397705078e-02
3.237746655941009521e-02
-6.684222817420959473e-02
7.141744345426559448e-02
-3.145370632410049438e-02
-4.131692647933959961e-02
2.266533672809600830e-02
-6.753437966108322144e-02
-6.237166374921798706e-02
-1.362549420446157629e-02
-1.129784993827342987e-02
-7.722137495875359449e-03
1.581560936756432056e-03
7.138327509164810181e-02
4.474651440978050232e-02
-4.731266293674707413e-03
6.519392132759094238e-02
1.239601001143455505e-01
4.507567360997200012e-02
-1.621653437614440918e-01
-2.462228946387768139e-02
-7.870227843523026900e-02
-2.285007685422897061e-01
-2.080618292093276978e-01
1.736388541758060455e-02
1.095006167888641357e-01
-3.850273787975311279e-02
-7.034036517143249512e-02
2.169673703610896717e-02
9.185289591550827026e-02
1.946308463811874390e-02
-2.417557314038277019e-02
-6.537314970046281815e-03
-6.611704826354980469e-02
-1.391707360744476596e-01
-2.646687813103199005e-02
-4.583351686596870422e-02
-4.907655715942382812e-02
-2.413065545260906219e-02
-5.521399527788161538e-02
-1.940329791978001595e-03
7.526961714029312134e-02
1.407259404659271240e-01
1.767720095813274384e-02
-5.130355060100554726e-02
-3.118525631725788116e-02
3.188215196132659912e-02
-3.638356551527976990e-02
4.103590734302997589e-03
5.299915093928575516e-03
4.455853998661041260e-02
-7.925450056791306930e-02
3.105219639837741852e-02
-1.307375263422727585e-03
4.095738381147385337e-02
5.100962519645690918e-02
-1.840050891041756023e-02
-3.673328086733818054e-02
-2.706353366374969135e-02
4.435747116804122925e-02
5.158786196261643496e-03
-1.933861203724518418e-04
2.642379142343997955e-02
-1.593746431171894073e-02
-4.531323909759522178e-02
3.572570905089378357e-02
2.688297443091869007e-02
8.279100060462953048e-02
8.229576796293258667e-02
8.162585645914077759e-02
7.963147014379501343e-02
-7.804370671510696411e-02
6.563518196344375610e-03
-9.519241750240325928e-02
-5.091739445924758911e-02
-8.587268181145191193e-03
2.945793978869915009e-02
5.172953475266695023e-03
8.449582755565641923e-02
-4.696442559361457825e-02
-3.054752759635448109e-02
-9.069964289665222168e-02
8.313720673322677612e-02
9.873270988464356857e-02
-1.297907382249832153e-01
-7.499912381172180176e-02
-9.319555014371871948e-02
-1.753042638301849365e-01
-1.356261875480413437e-02
1.405030302703380585e-02
-2.317758277058601379e-02
3.863780060783029036e-03
3.968973457813262939e-02
4.129285365343093872e-02
3.689376870170236068e-03
3.035444021224976280e-02
-6.792022846639156342e-03
-1.309155393391847610e-02
2.866634540259838104e-02
-8.907938003540039062e-02
-7.927714847028255463e-03
-8.882600069046020508e-02
-1.287405937910080234e-01
-1.006475687026977678e-01
-5.733779817819595337e-02
3.740582987666130066e-02
-9.445736557245255904e-02
-1.733388304710388184e-01
-1.144483685493469238e-02
2.360752783715724945e-02
2.046893932856619629e-04
2.207928802818060355e-03
7.558184862136840820e-02
8.461005240678787231e-02
1.478165537118911466e-01
-6.263581570237874985e-03
-8.156118541955947876e-02
2.999000996351241718e-02
4.942105337977409363e-02
-4.437380656599999168e-02
-7.308560609817504883e-02
3.401098400354384682e-02
-4.110035300254821777e-02
6.871833652257919312e-02
1.777162402868270874e-01
-6.374894827604293823e-02
-1.974219083786010742e-01
-6.207279860973357460e-02
1.612387225031852722e-02
3.322681412100791931e-02
-5.465559288859368064e-02
-2.817578986287117004e-02
-7.018526643514633179e-02
4.216383397579193115e-02
5.974319763481616974e-03
1.432919315993785858e-02
1.016078442335128784e-01
1.237410306930541992e-02
-3.860652446746826172e-02
4.678313620388507843e-03
-1.712478101253509521e-01
-8.879649639129638672e-02
-1.696256175637245178e-02
2.565861120820045471e-02
2.121572569012641907e-02
8.440867811441422897e-02
1.223303377628326555e-01
4.546258971095085144e-02
-2.422012947499752045e-02
-1.417460199445485895e-02
3.420642763376235962e-02
3.476540371775627136e-02
-1.480563431978225430e-01
-3.734764754772185724e-01
-4.799698013812303543e-03
3.647905588150023720e-02
1.198717486113310034e-02
-1.497062481939792460e-02
3.472122177481651306e-02
-8.357795327901840210e-02
-2.294427305459975919e-01
-5.322518572211265564e-02
-2.574870595708488984e-03
1.103870719671249390e-01
-1.638953574001789093e-02
1.446000114083289927e-02
1.672206521034240723e-01
1.208854280412197113e-02
-3.900331631302833557e-02
3.265282884240150452e-02
4.464782029390335083e-02
-2.732882276177406311e-02
-2.279442548751831055e-02
-4.883637279272080162e-02
8.225910365581512451e-03
1.957758888602256775e-02
-8.590248972177505493e-02
-1.440248340368270874e-01
-1.599795073270797452e-01
-3.240511938929557800e-02
-5.400874465703963540e-02
-7.166724652051926527e-03
-3.525041788816452026e-02
1.044127047061920305e-01
1.247763708233833313e-01
4.188358038663863442e-02
-5.739293992519378662e-02
7.843907922506332397e-02
6.656275689601898193e-02
1.537086665630340576e-01
4.958450421690941551e-02
-3.358723223209381104e-02
7.341971504501997340e-04
4.805562272667884827e-02
1.374660581350326538e-01
-9.752863645553587479e-02
-1.365984529256820679e-01
-2.510388847440480752e-03
-1.320880372077226639e-02
-5.853106081485747597e-02
2.469658665359019886e-02
2.792962081730365753e-02
-2.262230031192302704e-02
1.173348398879170418e-03
-8.266082964837551117e-03
-4.349039494991303184e-02
-5.733838304877281189e-02
2.246568538248538971e-02
7.380769401788712936e-02
-2.848598361015320171e-02
-4.268585890531539917e-02
3.943302482366561890e-02
9.391817450523376465e-02
8.575715869665145874e-02
2.926726266741752625e-02
3.754494711756706238e-02
5.371528095565736294e-05
-7.376385387033223238e-03
2.123903855681419720e-02
-1.110407244414091284e-02
1.245690137147903442e-01
-4.127462953329086304e-02
-6.273771822452545166e-02
-4.564557224512099526e-02
1.696778386831283569e-01
-5.738669261336327293e-02
-1.903982250951230526e-03
-7.584895938634871569e-03
3.057635389268398285e-02
3.098655678331851959e-02
4.585288092494010925e-02
3.823643550276756287e-02
-1.648040115833282471e-02
2.022258341312408447e-01
7.044526934623716874e-02
5.016415193676948547e-02
-1.213208492845296860e-02
8.414790779352188110e-02
6.246533989906311035e-02
4.650567471981048584e-02
-6.646833568811418014e-02
-3.900023549795151451e-02
1.509232819080352783e-02
-1.043963897973299026e-02
-1.397179905325174332e-02
-2.003701776266098022e-02
-3.469888120889663696e-02
6.994117051362990466e-03
-4.439596831798553467e-02
-5.586818605661392212e-02
3.091266565024852406e-02
3.125870600342750549e-02
9.894739836454392867e-02
7.920008152723312378e-02
7.427162490785121918e-03
-1.849477365612984051e-02
-8.234434761106967926e-03
-8.723422884941101074e-02
-2.723568119108676910e-02
1.783494837582111359e-02
6.652455776929855347e-04
-1.922995597124100078e-02
-1.183484774082899267e-02
1.783409155905246735e-02
-1.302296761423349380e-02
8.061463944613933563e-03
1.528194732964038675e-02
4.150973260402680137e-02
-4.193117842078208923e-02
-1.770945042371749878e-01
-2.596943080425262451e-02
-9.323202073574066162e-02
3.834222629666328430e-02
3.592997044324874878e-02
7.587627321481704712e-02
3.692866116762161255e-02
-1.293367147445678711e-01
-6.226730346679687500e-02
5.419489741325377724e-02
-4.192339256405830383e-02
-2.115808576345444003e-01
-2.484432011842727939e-01
-6.378721445798873901e-02
1.195129007101058960e-01
-1.393797099590301514e-01
-6.642302870750427246e-02
1.558451354503631592e-02
-8.961911313235759735e-03
7.391798775643109408e-03
-4.809075966477394104e-03
1.281666457653045377e-01
-2.418827451765537262e-02
-1.654275655746459961e-01
-5.386120080947875977e-02
1.784166693687438965e-02
-1.027381494641304016e-01
4.982120916247367859e-02
5.209015309810638428e-02
-2.656447887420654297e-02
-9.191597253084184127e-02
2.862301282584667553e-02
3.103135153651237488e-02
-9.594886563718320674e-03
4.096676409244537354e-02
3.100351057946681976e-02
-2.506387606263161053e-02
-8.414765447378158569e-02
-1.988508999347686768e-01
-2.308697812259196888e-02
-3.148377873003482819e-03
-1.016042893752455711e-03
-1.551279425621032715e-01
-5.168752744793891907e-02
-5.247041583061218262e-02
-6.554891169071197510e-02
2.773013897240161896e-03
-1.712067574262619019e-01
-1.041217967867851257e-01
-6.260583549737930298e-02
-1.892887242138385773e-02
-1.139749288558959961e-01
-7.506405562162399292e-02
-3.458673134446143410e-02
-2.072815597057342529e-02
1.654380932450294495e-02
1.295520812273025513e-01
1.704726815223693848e-01
8.703801780939102173e-02
-3.289853921160101891e-03
-5.626496300101280212e-02
8.513046801090240479e-02
1.120729371905326843e-02
2.942523360252380718e-02
1.169272139668464799e-01
-7.198753207921981812e-02
-1.993958652019500732e-01
7.734473049640656905e-02
-9.243917465209959550e-02
-1.434899419546127319e-01
-1.401099003851413553e-02
-9.459462016820907593e-02
-5.712176859378814697e-02
-1.953948661684989929e-02
-4.119038954377174377e-02
-6.832585483789443970e-02
-1.317217294126749039e-02
-3.208281695842742920e-01
-2.409470081329345426e-01
-2.150228470563888550e-01
-9.710197336971759796e-03
-9.350144118070602417e-02
-8.260614424943923950e-02
1.999140530824661255e-02
5.058857798576354980e-02
8.749438822269439697e-02
6.409796327352523804e-02
3.358974680304526589e-02
-6.170213688164949417e-03
2.911905944347381939e-02
-5.781093146651982394e-03
-4.214967042207717896e-02
3.920583799481391907e-02
2.965195477008819927e-02
6.498804688453674316e-02
-2.036151848733425140e-02
-3.885095193982123635e-02
-2.129351347684859883e-02
1.282902210950851440e-01
-7.245424669235945615e-03
-4.631766676902770996e-02
-6.304015405476093292e-03
7.963328808546066284e-02
6.527259945869445801e-02
4.276924580335617065e-02
4.486727993935346603e-03
-1.035998985171318054e-01
7.992129027843475342e-02
3.693098202347754738e-02
-1.063321009278297424e-01
6.349312514066696167e-02
-6.809878349304199219e-02
-2.703307010233402599e-02
5.100586637854576111e-02
5.673196166753768921e-03
-4.950722679495812156e-02
-9.679864160716533661e-03
7.440240681171417236e-02
1.281387656927108765e-01
6.099319458007812500e-02
4.866872914135456085e-04
-3.769310563802718422e-02
-1.852308213710784912e-02
3.272434696555137634e-02
2.291768975555896759e-02
-1.775182038545608521e-02
-1.875885576009750366e-02
-1.680865325033664703e-02
8.413691073656080419e-03
1.567858457565307617e-02
-6.382843106985092163e-02
-2.212628349661826740e-02
-5.026268307119607925e-03
1.914702542126178741e-02
-3.052800334990024914e-02
-2.177219279110432018e-02
1.701960712671279907e-02
-1.151903904974460602e-02
1.043031215667724609e-01
4.928402230143547058e-02
-7.515221834182739258e-02
-5.773326754570007324e-02
-6.329481303691864014e-02
-6.484960764646530151e-02
9.802696295082569122e-03
5.362217873334885337e-02
1.152156665921211243e-02
9.651085361838340759e-03
-6.879040598869323730e-02
-1.240487322211265564e-01
-1.222968921065330505e-01
9.877962619066237016e-02
8.950504660606384277e-02
1.074922010302543640e-01
1.076600402593612810e-01
-2.335025928914546967e-03
-6.947530806064605713e-02
-1.754548102617263794e-01
2.648495323956012726e-02
-3.657299280166625977e-02
-6.929908692836761475e-02
7.728324830532073975e-02
5.012980476021766663e-02
-9.038569405674934387e-03
-1.091150417923927307e-01
-4.135110229253768921e-02
-3.800191357731818459e-02
-1.842079125344753265e-02
-3.207170637324452400e-03
4.518223926424980164e-02
5.084070563316345215e-02
5.903196334838867188e-02
9.797076694667341060e-03
5.352235212922096252e-02
1.711718142032623291e-01
7.913479954004287720e-02
1.179192587733268738e-02
1.059382222592830831e-02
1.094259768724441667e-01
4.967621341347694397e-02
4.760941118001937866e-02
-5.068489164113998413e-02
7.940471917390821976e-02
-7.499992847442626953e-02
-1.733707636594772616e-01
-3.357033431529998779e-02
-1.195787545293569565e-02
-1.373207662254572088e-02
1.254217028617858887e-01
2.244748622179031372e-01
1.131708398461341997e-01
3.472027927637100220e-02
-5.207241047173738480e-04
2.726267836987972606e-02
-6.065366417169570923e-02
-5.515720322728157043e-02
-4.217354953289031982e-02
-1.704074256122112621e-02
1.863682568073272705e-01
-6.340341176837682724e-03
-1.267403662204742432e-01
3.959479555487633445e-02
-4.905463010072708130e-02
-5.766104906797409058e-02
2.918145805597304951e-02
2.720694243907928467e-02
1.099427491426468034e-01
6.092905998229981163e-02
-3.701743669807910919e-03
7.022907584905624390e-02
7.046324759721755981e-02
8.858279325067996979e-03
-2.008992247283458710e-02
-6.588330119848251343e-02
-1.089817844331264322e-02
-4.284941405057907104e-02
-2.196522988379001617e-02
4.028650745749473572e-02
8.133620023727416992e-02
1.169249974191188812e-02
-3.604203229770063920e-03
3.121137060225009918e-02
-2.929062116891145272e-03
-1.414278149604797537e-02
-1.206246539950370789e-01
-3.631917759776114724e-02
2.590819494798779488e-03
5.229477770626544952e-03
-1.467720698565244675e-02
2.222519181668758392e-02
3.798420308157801628e-03
1.191902672871947289e-03
-7.174444198608397050e-02
4.701456427574158409e-02
2.531803026795387615e-02
6.007400155067443848e-02
-7.248686626553534594e-03
-1.130911484360694746e-01
-1.227734014391899248e-01
4.093135520815848610e-02
-1.047983858734369278e-02
7.670796662569046021e-02
7.298839092254638672e-02
-1.416798494756221945e-02
-6.603716313838958740e-02
-1.891221106052398682e-02
3.208712907508016066e-03
-9.339213371276856857e-02
-3.311922550201416016e-01
-1.083623170852661272e-01
9.148527681827543778e-02
4.208739846944808960e-02
-1.648067831993103027e-01
-2.040055990219115933e-01
-1.251035369932651520e-02
1.021001115441322327e-01
-6.191089004278182290e-02
2.932922728359699249e-02
3.984517976641654968e-02
-4.317011684179306030e-03
-7.143121957778930664e-02
-8.862774819135665894e-02
-3.196329250931739807e-02
-4.104399681091308594e-02
-1.039893403649330000e-01
-7.296758890151977539e-02
6.315472722053527832e-02
2.612182311713695526e-02
6.867312639951705933e-02
3.062093630433082581e-02
-7.989428192377090454e-02
-7.263862341642379761e-02
-4.538194090127944946e-02
3.409266844391822815e-02
8.965615183115005493e-02
-5.526312813162803650e-02
-8.394205570220947266e-02
5.861658975481987693e-02
-4.484923183917998574e-02
-1.727838441729545593e-02
7.430221885442733765e-02
1.001861761324107647e-03
2.069554291665554047e-02
1.490305922925472433e-02
3.765748813748359680e-02
-4.367610812187194824e-02
-1.247991248965263505e-01
-1.086011379957199235e-01
-3.001379221677780151e-02
9.213028848171234131e-02
1.152983084321022034e-01
4.755260795354843140e-02
-6.828587502241134644e-02
-4.186176508665084839e-02
-1.244348846375942230e-02
5.188376456499099731e-02
-1.347643230110406876e-02
-3.279461339116096497e-02
5.485523864626885154e-02
-5.242011696100234985e-02
-6.356626749038696289e-02
-1.521197264082729600e-03
-8.314396440982818604e-02
-3.770258277654647827e-02
6.725162267684937911e-02
7.257515937089920044e-02
-2.581266872584820141e-02
-1.967946141958236694e-01
-3.933169692754745483e-02
1.385740586556494236e-03
3.332295641303062439e-02
2.779084630310535778e-02
9.531974792480467362e-02
2.436071820557117115e-02
-2.141292206943035126e-02
-1.402047872543334961e-01
-5.929872393608092568e-02
5.229149386286736229e-02
1.448518037796020508e-01
3.860417380928993225e-02
8.380903303623199463e-02
4.514794051647186279e-02
4.034946858882904053e-02
-3.539939597249031067e-02
-1.875570788979530334e-02
-1.095042284578084946e-02
-4.173876717686653137e-02
3.784711286425591209e-02
2.687308192253112793e-02
-2.369988942518830299e-03
-1.063942983746528625e-01
-1.515612900257110596e-01
-5.797368660569190979e-02
3.903230652213096619e-02
1.629339158535003662e-02
-4.844628274440764687e-02
-4.724957980215550336e-03
1.052440181374550005e-01
3.554112091660500267e-02
5.470519140362740257e-02
-7.833733409643171830e-02
-1.376532316207885465e-01
-5.588090047240256569e-02
-4.138653352856636047e-02
-4.573630914092063904e-02
-6.570890080183743563e-03
2.877360396087169300e-02
-9.814085066318511963e-02
-1.110704168677330017e-01
-8.288355916738510132e-02
-1.116070449352264404e-01
1.992458105087280273e-02
1.533524226397275925e-02
-1.372113227844238559e-01
-9.019350260496139526e-02
-3.093237429857253681e-02
-3.523838520050048828e-02
-3.699560463428496621e-02
-7.471990305930376920e-03
-4.907646402716636658e-02
-1.924922689795494080e-02
-3.054192755371332169e-03
-2.025131881237030029e-02
2.631829865276813160e-02
-4.292412474751472473e-02
-8.595184236764907837e-02
-1.689701974391937256e-01
-8.271521329879760742e-02
-9.008862078189849854e-03
2.158851362764835705e-02
-1.049751183018088341e-03
-5.702063441276550293e-02
1.111744809895754034e-02
8.893834054470062256e-02
2.813699282705784191e-02
-1.391661018133163452e-01
-1.557910740375518799e-01
-4.588636755943298340e-02
-2.989834360778331757e-02
-1.268724724650382996e-02
3.070062492042779922e-03
-5.300511419773101807e-02
-3.933605272322893143e-03
4.913877695798873901e-03
-1.138227712363004858e-02
1.264847964048385620e-01
1.319842487573623380e-01
6.793892383575439453e-02
-8.481107652187347412e-02
4.701591283082962036e-02
-4.437871277332305908e-02
-1.601585149765014371e-01
-3.311112523078918457e-02
3.033426776528358113e-02
8.188649266958238082e-02
2.932991087436676372e-02
-3.548003360629081726e-02
-2.245034463703632355e-02
2.855759114027023662e-02
-5.668515339493752220e-02
-6.402859091758728027e-02
-1.889000181108712933e-03
8.237402886152267456e-03
9.467782825231552124e-02
9.488547593355180221e-02
-2.163060568273067474e-02
2.802977897226810455e-02
6.124841794371604919e-02
7.802812010049819946e-02
5.159121379256248474e-02
2.826371230185031891e-03
2.411927841603755951e-02
2.042027376592159618e-02
-5.182762816548348167e-02
-3.315069526433944702e-02
-1.089559793472290039e-01
-4.696585983037948608e-02
-4.382304102182388306e-02
2.181881852447986256e-02
1.680662035942077637e-01
-2.529444172978400837e-02
-1.645293682813644409e-01
-5.013169348239898682e-02
-2.756222523748874664e-02
2.371356124058365822e-03
2.317770570516586304e-02
-1.500285137444734747e-02
-2.218306809663772930e-02
1.818863116204738270e-02
9.793271124362945557e-02
-4.062490165233612061e-02
2.471316792070865631e-02
-4.443811625242233276e-02
-1.528015825897455389e-02
8.047895878553390503e-02
-3.135750070214271545e-02
1.206804662942886491e-01
7.150829583406446976e-02
-5.951252952218056419e-02
-5.790322273969650269e-02
3.610976273193954554e-03
6.112971529364586570e-02
-3.690489393193274736e-04
-9.556822478771209717e-02
-5.568953603506088257e-02
6.909165531396865845e-02
-1.667552739381790161e-01
-9.392284601926803589e-02
6.919431686401367188e-02
4.102391004562377930e-02
-1.171542704105377197e-02
6.437347829341887040e-02
7.161898910999298096e-02
3.539500385522842407e-02
-2.489897608757019043e-02
-6.188024953007697365e-02
1.664566062390804291e-02
6.788269430398941040e-02
1.935585215687751770e-02
-1.390398293733596802e-01
-6.347156316041946411e-02
8.104617148637772994e-02
1.785502284765243530e-01
6.943082064390182495e-02
2.960106916725635529e-02
-1.019261032342910767e-02
-3.522044792771339417e-02
-2.430172637104988098e-02
2.327363193035125732e-02
-8.540639281272888184e-02
-1.080751940608024597e-01
4.064752161502838135e-02
2.647295221686363220e-02
-9.495791047811508179e-02
-1.034224480390548706e-01
2.987280115485192039e-02
-4.289217665791511536e-02
5.714712664484977722e-03
-6.815983355045318604e-02
-1.552215218544006625e-01
-6.081102788448333740e-02
1.829560659825801849e-02
2.365572005510330478e-01
1.007698327302932739e-01
2.989008650183677673e-02
4.954189062118530273e-02
-1.806757529266178608e-03
-2.894771099090576172e-02
1.178772747516631941e-01
9.312696009874343872e-02
2.018233686685562134e-01
1.720665693283081055e-01
1.514344215393066406e-01
6.259166449308395386e-02
3.264320641756058433e-02
1.181318461894989014e-01
6.682462990283966064e-02
-6.029554177075625333e-03
-2.146673016250133167e-02
-1.080795824527740340e-01
4.361294955015183189e-02
7.554524391889572144e-02
-4.524081945419312217e-02
-1.158926486968994002e-01
-3.029291927814484198e-01
-1.104417517781257629e-01
6.528703868389129639e-02
1.406695842742919922e-01
1.706328690052032471e-01
6.699077785015106201e-02
2.528173625469207764e-01
2.387363463640213013e-01
-4.676837474107742310e-03
-1.196856726892292500e-03
3.818448632955551147e-02
2.873947843909263611e-02
2.517483010888100017e-02
-5.602528527379035950e-02
-1.513357087969779968e-02
5.663416534662247398e-02
3.459224849939346313e-02
-9.765458293259143829e-03
-2.157377265393733978e-02
1.403603050857782364e-02
4.114414751529693604e-02
-7.441735360771418485e-03
2.937525976449251175e-03
-8.603235706686973572e-03
-7.591513544321060181e-02
-1.343552768230438232e-01
-1.138856709003448486e-01
8.240517973899841309e-02
3.403762727975845337e-02
1.823242008686065674e-02
-8.114303462207317352e-03
4.512425884604454041e-02
-6.158405542373657227e-02
1.005374789237975935e-01
-1.064394833520054600e-03
4.043975844979286194e-03
4.690229147672653198e-02
-1.635721139609813690e-02
-2.568906359374523163e-02
2.366730011999606739e-02
-9.757295250892640548e-02
-5.176389124244452390e-03
-8.788791485130786896e-03
-1.178412581793964126e-03
-1.058377996087074419e-01
-1.300486177206039429e-01
-3.786435723304748535e-02
9.196258336305616898e-02
1.147684678435325484e-01
7.431346178054809570e-02
1.102005597203969955e-02
-1.666327193379401814e-02
-3.059178590774536133e-02
-1.815412789583206454e-01
2.202451787889004101e-02
-3.913862630724906921e-02
8.392303436994552612e-02
-6.011588126420974731e-02
-6.206516548991202614e-02
5.652403086423873901e-02
2.507831715047359813e-02
-6.772068142890930176e-02
-2.075703442096710483e-01
1.511617284268140966e-02
4.697039723396300402e-03
-4.988439753651618958e-02
8.701034635305404663e-02
4.552177339792251587e-02
8.508023893227802082e-05
-7.109638303518295288e-02
-7.496868818998338180e-02
6.179404444992542267e-03
-1.278059091418981552e-02
-6.560224108397960663e-03
3.158483887091279030e-03
9.445692598819732666e-02
2.416514977812767029e-02
4.291531164199113846e-03
-6.587356328964232011e-02
-4.494332708418368426e-03
-1.080485805869102339e-01
-1.460334807634353638e-01
-2.351173907518387118e-01
-1.345747988671064377e-02
2.527539804577827454e-02
-8.592906408011913300e-03
1.738497987389564514e-02
-1.484563648700714111e-01
1.075246371328830719e-02
-4.655016958713532188e-02
-2.722526527941226959e-02
3.603639453649521568e-02
2.813901379704475750e-02
-5.334864929318428040e-02
-6.197796668857336044e-03
-1.845151931047439922e-02
9.840327315032480412e-03
-5.249510332942008972e-02
-6.272442638874053955e-02
-7.352408487349748611e-03
9.929551929235456986e-02
5.048286914825440147e-02
-1.208775937557220459e-01
-3.151822090148926475e-02
1.621674932539463043e-02
-1.787582971155643810e-02
-1.565338075160980225e-01
-5.678196623921393654e-02
-1.283009722828865051e-02
6.593950092792510986e-02
-6.370276212692260742e-02
-1.056404225528240204e-02
4.586415365338325500e-03
-1.594561152160167347e-02
2.886758372187614441e-02
-3.614288941025733948e-02
2.601033821702003826e-02
-3.728524968028068542e-02
-3.810144215822219849e-02
-3.689369186758995056e-02
2.466673031449318279e-02
-2.091579139232635498e-02
3.901190590113401413e-03
-2.367397025227547039e-02
-9.981047362089157104e-03
-5.727433040738106468e-02
1.050456985831260855e-02
-6.671997718513011932e-03
8.726802468299865723e-02
2.313309535384178162e-02
2.807926386594772339e-02
-1.027941033244132996e-01
-7.498819380998611450e-02
-1.005957275629043579e-01
5.113091319799422350e-03
-4.319280758500098488e-02
8.244640380144119263e-02
-3.564706305041909218e-03
2.335742115974426270e-02
-3.656464442610741356e-02
-1.179033704102039164e-02
8.240425586700439453e-02
-4.146544262766838074e-02
-1.868599951267242432e-01
-5.352246016263961792e-02
-1.583564653992653240e-02
-1.234189514070749283e-02
-2.393522113561630249e-02
-1.970313489437103618e-02
1.468191854655742472e-02
3.428836166858673096e-02
9.664401412010192871e-02
1.383386999368667603e-01
1.044387072324752808e-01
5.920288711786270142e-02
-7.825504988431930542e-03
-5.101511627435683510e-02
-5.341239273548126221e-02
-1.637629568576812744e-01
-5.709217861294745011e-02
3.016476519405841827e-02
7.428928464651107788e-02
3.826612979173660278e-02
-4.480516165494918823e-02
3.136017359793185754e-03
-6.835491210222244263e-02
-3.178422525525093079e-02
-1.139044091105461259e-01
-7.565327733755113082e-02
8.903055638074874878e-02
-7.962854206562042236e-02
1.169016305357217789e-02
2.392812259495258331e-02
-7.693063467741012573e-03
1.190253496170043945e-01
6.590532511472702026e-02
-2.010390534996986389e-02
-2.265509450808167458e-03
6.082569062709807656e-02
4.004921019077301025e-02
7.882010191678999120e-03
-3.438423201441764832e-02
-2.066528191789984703e-03
1.746973954141139984e-02
-5.335749685764313438e-02
-8.549276739358901978e-02
-1.427139192819595337e-01
-2.422982081770896912e-02
-7.861644774675369263e-02
-1.516866087913513184e-01
-3.387775123119354248e-01
-1.858385354280472079e-01
-1.050590649247169633e-01
-8.311598561704158783e-03
2.708496758714318275e-03
-4.004279896616936424e-02
-2.364804223179816853e-02
4.783880338072776794e-02
-1.514605619013309652e-02
-2.465697377920151104e-02
-9.923608601093292236e-02
-1.805584877729415894e-01
-2.969516813755035400e-01
-1.373289972543716431e-01
-3.993494063615798950e-02
-3.434737771749496460e-02
-3.677880764007568359e-02
-4.887654632329941490e-02
1.059029437601566488e-02
-2.089158892631530762e-01
-2.099194824695587158e-01
3.285087272524833679e-02
9.948113001883029938e-03
-1.032513082027435303e-01
-1.601556241512298584e-01
3.860617801547050476e-02
-5.196889862418174744e-02
-8.611551485955715179e-03
-1.459831837564706802e-02
-3.382393345236778259e-02
-3.616081923246383667e-02
-6.594142317771913009e-02
-5.787261575460433960e-02
-2.213330194354057312e-02
-2.030923031270503998e-02
1.834501139819622040e-02
-1.539903692901134317e-02
-3.099472224712371826e-01
-3.660540878772736151e-01
1.657602377235889435e-02
3.558530658483505249e-02
9.520320594310760498e-02
1.550547480583190918e-01
-1.419869214296340942e-01
-7.408278435468673706e-02
7.485487032681704435e-03
1.202534213662147522e-01
1.680617928504943848e-01
5.209609493613243103e-02
-1.532864421606063843e-01
3.877427428960800171e-02
-2.119276672601699829e-02
-7.274728734046219912e-03
-3.426491748541593552e-03
1.635801792144775391e-01
1.633942723274230957e-01
7.284925132989882035e-02
-1.682032365351915359e-03
-3.364682570099830627e-02
-3.394348174333572388e-02
-3.687502443790436485e-02
-1.338561531156301498e-02
-2.625324996188282967e-03
-1.247572433203458786e-02
-7.195436209440231323e-02
-6.318367272615432739e-02
-5.889443680644035339e-02
1.999305002391338348e-02
-5.236557126045227051e-02
1.371897608041763306e-01
-1.580580323934555054e-01
-1.843568682670593262e-02
2.688565663993358265e-02
-4.917536396533250809e-03
3.633250296115875244e-02
-8.951792120933532715e-02
-3.074860014021396984e-02
2.572086825966835022e-02
5.124832689762116172e-02
-9.667016565799713135e-02
-3.511935845017433167e-02
1.506772935390472412e-01
5.150175094604492188e-02
-9.445124305784702301e-03
6.139672361314296722e-03
5.850927438586950302e-03
-2.360774204134941101e-02
-6.912448909133672714e-03
2.939624898135661732e-02
-4.320560395717621543e-02
-8.976974338293075562e-02
-7.440163195133209229e-02
-1.523776911199092865e-02
-6.058347225189208984e-02
-4.580006469041109085e-03
-1.099618747830390791e-01
-1.203889921307563782e-01
-2.983746491372584950e-02
-5.712144821882247231e-02
-1.266447920352220535e-02
-2.111407220363616943e-01
-1.604944020509719849e-01
-4.317492619156837463e-02
-9.949848055839539962e-02
-1.681992560625076572e-01
-1.732594668865204135e-01
-5.812210589647292397e-02
1.607489399611949921e-02
-1.583234779536724091e-02
-5.028504133224486611e-02
-1.707185357809066772e-01
1.855359971523284912e-02
-3.217256069183349609e-02
-6.020129472017287514e-02
-1.379545032978057861e-01
-1.365618109703063965e-01
-5.740753561258316040e-02
-3.045600093901157379e-02
-1.046153679490089417e-01
-2.420806884765625000e-01
-2.154738456010818481e-01
-4.017756134271621704e-02
-5.255837365984916687e-02
9.275763481855392456e-02
1.682735234498977661e-02
5.255030095577239990e-02
-3.880453482270241478e-02
-9.063614159822463989e-02
-1.709007322788238525e-01
-8.110573887825012207e-02
-1.984326541423797607e-02
6.855804473161697388e-02
-7.187734544277191162e-02
6.878608372062445554e-03
1.635181456804275513e-01
8.665520697832107544e-02
-6.996918469667434692e-02
-1.952263712882995952e-02
1.501995623111724854e-01
1.579264700412750244e-01
6.648684293031692505e-02
1.552505511790513992e-02
-9.838516265153883500e-02
-2.182303816080093384e-01
-1.910350620746612549e-01
-3.253992646932601929e-02
4.738930147141218185e-03
8.352005481719970703e-02
9.802949428558349609e-02
1.426901668310165405e-01
-4.101497121155261993e-03
-1.751417294144630432e-02
6.564013659954071045e-03
5.930818989872932434e-02
1.375021785497665405e-01
7.504234462976455688e-02
1.434962172061204737e-02
5.911625921726227501e-02
5.302721261978148720e-02
-4.795097559690476158e-02
-3.313348442316055298e-02
4.740546643733978271e-02
-4.474657773971557617e-02
3.556091338396072388e-02
6.468161195516586304e-02
-1.565011739730834961e-01
-3.580913320183753967e-02
1.245820987969637091e-02
4.690860956907271645e-02
-4.729603882879018784e-03
-1.593108773231506625e-01
-4.321247935295104980e-01
-3.240532875061035156e-01
-6.664723902940750122e-02
2.979998709633946419e-03
-4.736092314124107361e-02
-2.657385170459747661e-02
-2.607053220272064209e-01
-3.283048570156096857e-01
-5.515765026211737893e-02
1.056241802871227264e-02
-1.754374615848064423e-02
-4.446817189455031655e-02
1.368964016437530518e-01
-1.273116916418075562e-01
-9.664590470492839813e-03
2.753980457782745361e-02
2.576612681150436401e-02
-6.391064077615737915e-02
-1.425401121377944946e-01
1.210674121975898743e-01
1.341216415166854858e-01
7.891142368316650391e-02
2.544920193031430678e-03
-3.491195617243648009e-03
-1.982049830257892956e-02
8.338454365730285645e-02
2.440360933542251864e-01
1.967571228742599487e-01
-3.557609394192696312e-02
2.621741406619548798e-02
1.777764596045017242e-02
-5.261731520295143127e-02
2.487984113395214081e-02
5.345363169908523560e-02
5.368942022323608398e-02
1.577753759920596729e-02
-4.147354047745465555e-05
4.247952997684478760e-02
4.964696615934371948e-02
7.163327932357788086e-02
2.029890194535255779e-02
7.062628865242004395e-02
-3.794325143098831177e-02
-8.627912402153015137e-02
-3.337099775671958923e-02
1.502499356865882874e-02
-7.211982738226651278e-03
-1.066251471638679643e-01
-3.378601744771003723e-02
3.070338442921638142e-02
-1.011490002274513245e-01
-4.037046805024147034e-02
-3.904226422309876182e-02
-6.435687094926834106e-02
-1.012667864561080933e-01
-1.006938219070434570e-01
-1.397622078657150546e-01
-1.244639903306961060e-01
-1.097752619534730738e-02
-3.469370771199464798e-03
-3.480906412005424500e-02
-1.446550786495208740e-01
1.171200443059206009e-02
-2.260625660419464111e-01
-4.502291232347488403e-02
-2.490953542292118073e-03
1.531701628118753433e-02
-8.967819809913635254e-02
-1.267813444137573242e-01
2.885319851338863720e-02
9.647527337074279785e-02
6.695849448442459106e-02
-2.380558103322982788e-02
-1.408708561211824417e-02
7.296761870384216309e-02
1.698324643075465809e-02
-2.618882991373538971e-02
-3.975005820393561450e-03
-1.700975745916366577e-02
9.781308472156522923e-03
-6.849287450313568115e-02
-8.718147128820419312e-02
-4.144332930445671082e-02
6.085277721285820007e-02
-1.226264517754316330e-02
-7.209786027669908004e-02
-1.229643914848565882e-02
-5.152535066008567810e-02
-1.831759810447692871e-01
1.532612275332212448e-02
6.554068624973297119e-02
1.764443144202232361e-02
5.725216120481491089e-02
1.354033499956130981e-02
1.709184609353542328e-02
3.974361345171928406e-03
-1.174938399344682867e-02
-1.028213091194629496e-02
-5.482450127601623535e-02
-1.360404789447784424e-01
-1.797850430011749268e-01
-1.053801625967025757e-01
-3.830146789550781250e-02
-3.006298653781413685e-02
-1.443291604518890381e-01
-2.999513177201151848e-03
3.414270281791687012e-02
4.099649563431739807e-02
9.465558081865310669e-02
-1.841777819208800793e-03
7.584863901138305664e-02
2.132184244692325592e-02
-4.582566674798727036e-03
6.494537740945816040e-02
-5.533599480986595154e-02
-2.382986806333065033e-02
1.688298583030701031e-02
-8.207968436181545258e-03
8.248012512922286987e-02
1.241389438509941240e-01
-1.866263896226883282e-02
-3.454098850488663414e-02
2.086359821259975780e-02
-1.854471489787101399e-02
4.006457701325416565e-02
-3.134547499939799742e-03
5.032044276595116356e-02
-4.225751385092735291e-02
-1.557209063321351832e-02
8.141067810356616974e-03
-3.559163585305213928e-02
-4.930921271443367004e-02
-7.142475247383117676e-02
-4.890636354684829712e-02
-8.520868420600891113e-02
-5.385055392980576255e-02
-3.784605115652085044e-02
-2.459801286458969116e-01
-2.310926914215087891e-01
-5.076687783002852700e-02
3.859443590044975281e-02
-1.986322738230228424e-02
1.282317005097865885e-02
-6.867238879203796387e-02
4.966101795434951782e-02
4.103722795844078064e-02
-2.217397838830948223e-02
-7.882249541580677032e-03
2.259502187371253967e-03
-1.560445129871368408e-02
3.890800848603248596e-02
-1.191058568656444376e-02
1.487100422382354736e-01
1.165430396795272688e-01
7.939476519823072606e-03
2.327960729598999023e-02
-9.558924287557601929e-02
-9.044077992439270020e-02
-4.463569074869156578e-02
-1.708989962935447346e-02
-4.128961358219385147e-03
-5.499088391661643982e-02
-7.602860778570175171e-02
-9.037418663501739502e-02
-3.379218652844429016e-02
4.254012182354927063e-02
1.597392000257968903e-02
-7.759432494640350342e-02
3.996152896434068680e-03
-1.049426123499870439e-01
-6.850454956293106079e-02
-1.232150592841207981e-03
5.020337924361228943e-02
4.342551529407501221e-02
3.873004764318466187e-02
-3.093294240534305573e-02
1.280025094747543335e-01
-1.402111649513244629e-01
-3.119229972362518311e-01
-8.016296476125717163e-02
-5.343115888535975543e-03
1.152585539966821497e-02
-3.132060915231704712e-02
-3.896496025845408006e-03
1.391108483076095581e-01
-9.012307226657867432e-02
-2.387399524450302124e-01
6.630967254750431668e-04
5.442892760038376548e-02
-3.223001258447766304e-03
-1.533364295028150082e-03
-5.875050276517867348e-02
-7.313869148492813110e-02
-4.766665026545525291e-02
1.130329631268977945e-02
-7.352571934461593628e-02
1.433587223291397095e-01
9.301893413066864014e-02
-1.693961396813392639e-02
-6.566405296325683594e-02
-1.328153312206268588e-01
-5.479259788990021446e-02
-9.962117671966552734e-02
-2.317590452730656017e-02
-7.880780845880507035e-02
-1.711359620094298969e-02
3.244433552026748657e-03
5.791075527667998574e-02
4.333742428570985794e-03
-2.181141264736652374e-02
1.675521135330200195e-01
1.333252936601638794e-01
2.297659963369369160e-02
3.941013291478157043e-02
-5.208379775285721519e-02
-1.430911198258399963e-02
-3.754915669560431740e-02
-1.202844642102718353e-02
-5.020130053162574768e-02
-7.792782783508300781e-02
-5.522811040282249451e-02
1.419960148632526224e-02
9.808591753244400024e-02
8.932961151003837585e-03
-2.534841373562812805e-02
6.576675456017256650e-03
-2.333703823387623180e-02
-6.485454738140106201e-02
-3.652591407299041748e-01
-2.598416507244110107e-01
-1.063422858715057373e-02
4.638269171118736267e-02
5.589475855231285095e-02
1.370049118995666504e-01
1.440411359071731567e-01
-6.260256469249725342e-02
-2.063143998384476055e-02
-3.894217312335968018e-02
1.973940245807170868e-02
6.436382979154588180e-02
2.866581454873085022e-02
1.933775469660758972e-02
1.010168418288230757e-01
1.306737214326858521e-01
6.808888167142868042e-02
-4.616631194949150085e-02
-6.749897263944149017e-03
9.534407407045364380e-03
-9.520103223621843511e-03
-3.958752378821372986e-02
7.481453567743301392e-02
3.139051422476767800e-02
-8.843833953142166138e-02
-2.759758569300174713e-02
-2.645257301628589630e-02
1.036572605371475220e-01
1.130971387028694292e-01
8.909730613231658936e-02
-2.677847146987915039e-01
-8.923480659723281860e-02
3.087970660999417305e-03
-3.105361945927143097e-02
-1.811451278626918793e-02
-1.274842675775289536e-02
-1.183918192982673506e-01
-1.710956692695617398e-01
-5.065331980586051941e-02
4.322670027613639832e-02
-3.353342711925506592e-01
-4.441250860691071112e-01
6.866689026355742020e-02
3.966410830616950989e-02
1.710697449743747364e-02
-1.845218986272811890e-02
4.425538703799248436e-02
2.983537502586841930e-02
-9.992806613445281982e-02
4.988444037735461321e-03
-1.562261879444122592e-01
-1.268253773450851440e-01
-3.723361715674399636e-02
-2.128926571458578110e-03
-6.242059916257857582e-02
-1.708234846591949463e-01
-2.149930894374847412e-01
-7.424072921276092529e-02
5.766875296831130981e-02
-4.242364782840013504e-03
2.843317203223704945e-02
-3.376419097185134888e-02
1.333622727543115616e-02
7.689920812845230103e-02
-1.124012563377618790e-02
1.303053647279739380e-01
1.291051656007766724e-01
2.379873767495155681e-02
-4.139045719057321548e-03
-3.345865011215209961e-02
-3.604597225785256126e-02
-2.025810629129409790e-02
-5.785701423883437416e-02
-1.274393592029809952e-02
-5.223830789327622154e-02
-1.099959462881088396e-01
-2.772788330912590027e-02
-5.453620851039887168e-02
-5.283144488930702209e-02
-6.293208152055740356e-02
-1.290295571088790894e-01
-5.938284844160079956e-02
-1.335273589938879013e-02
-1.549419667571783066e-02
-1.561684533953666860e-02
-7.181297987699509534e-03
4.440848156809806824e-02
3.287204727530479431e-02
-1.333610527217388153e-02
-6.995017081499099731e-02
2.983527723699807687e-03
4.921275004744529724e-02
1.124162599444389170e-02
2.450183266773819923e-03
1.865871399641036987e-01
3.808109089732170105e-02
1.569219231605529785e-01
7.032661885023117065e-02
3.606568649411202171e-02
-2.701619081199169159e-02
-1.379956211894750595e-02
1.008525118231773376e-02
-9.749273769557476044e-03
1.127347070723772049e-02
1.569560766220092773e-01
-4.793217033147811890e-02
7.856230437755584717e-02
4.450511559844017029e-02
-1.821344532072544098e-02
-9.080208837985992432e-03
-3.377532586455345154e-02
-6.195472553372382424e-02
-1.262563094496726990e-02
9.250444918870925903e-02
5.821014754474163055e-03
-1.025446318089962006e-02
-1.786245554685592651e-01
-5.181751847267150879e-01
-2.556735873222351074e-01
-8.731012791395187378e-02
7.103116065263748169e-02
3.089734911918640137e-02
2.669923123903572559e-04
-3.720538318157196045e-02
1.132438480854034563e-01
-5.651686340570449829e-02
-1.699605770409107208e-02
-4.168535396456718445e-02
4.095959290862083435e-02
-1.775584816932678223e-01
-1.135401278734207292e-01
-3.290998190641403198e-02
-2.117308601737022400e-02
-1.770576648414134979e-02
-9.021725505590440231e-02
-1.824168488383293152e-02
2.219526842236519207e-02
-5.952944047749042511e-03
1.646983623504638672e-01
5.870582535862922668e-02
5.755309388041496277e-02
4.112740233540534973e-02
-7.151731848716735840e-02
-6.347361952066422897e-02
8.553765714168548584e-03
1.482957042753696268e-02
-8.167178928852081299e-02
-1.361286640167236606e-01
-4.560344293713569641e-02
3.451700322329998016e-03
-9.807360917329786820e-02
-4.563418217003346357e-03
7.506520021706818667e-03
-1.340306457132100885e-02
-4.284246265888213417e-02
-2.327794674783945084e-03
8.158499747514724731e-02
1.446329653263092041e-01
-1.810774505138396662e-01
-3.034976124763488770e-01
-1.966090649366378784e-01
-4.608224146068096161e-03
3.159911930561066368e-02
1.718803122639656067e-02
-2.362584136426448822e-02
3.175504133105278015e-02
2.677224017679691662e-02
8.718580752611160278e-02
-7.849647849798202515e-02
-1.892816722393035889e-01
-8.674557507038116455e-02
1.387593895196914673e-01
1.427407413721084595e-01
-2.532480098307132721e-02
4.627386480569840171e-02
-2.237684326246380806e-03
-5.571098998188972473e-02
2.939366921782493591e-02
1.091834530234336714e-01
1.195004656910896440e-01
2.237377129495143890e-02
4.156498238444328308e-02
-1.609230637550354004e-01
-1.252840012311935425e-01
2.207582583650946617e-03
-4.725282266736031273e-02
-8.536741137504577637e-02
-4.144751653075218201e-02
-4.203254822641611099e-03
2.149786613881587982e-02
3.971952572464942932e-02
3.407389298081398010e-02
1.803792826831340790e-02
-1.736325677484274127e-03
1.164930313825607300e-01
-1.133555267006158829e-02
-8.218347281217575073e-02
-1.052487939596176009e-01
-1.253800690174102783e-01
-3.188697248697281578e-02
8.314912021160125732e-02
7.486028224229812622e-02
2.431141585111618042e-02
5.367312207818031311e-02
4.562866315245629051e-02
-2.277216315269470215e-02
-6.610336899757385254e-02
-1.471900641918182373e-01
1.575082913041114807e-02
1.268379110842943192e-02
-1.509481854736804962e-02
-2.655802294611930847e-02
-3.276929259300231934e-02
-4.377620667219161987e-02
4.319648817181587219e-02
7.424629479646682739e-02
-6.223806645721197128e-03
-8.340246975421906905e-02
-1.928879134356975902e-02
9.231867268681526184e-03
-3.805920481681823730e-02
1.055378764867782593e-01
1.244612485170364519e-01
-5.487681180238723755e-02
-2.378244251012802124e-01
-5.958006978034973145e-01
-2.150179743766784668e-01
8.129059337079524994e-03
8.047360926866531372e-02
2.600720152258872986e-02
-2.504870481789111744e-02
-4.762896895408630371e-02
-1.575263962149620056e-02
-1.386398822069167917e-02
3.262015804648399353e-02
-4.573241621255874634e-02
-1.118732020258903642e-01
-5.401200801134109497e-02
-2.565524913370608937e-02
-1.648851856589317322e-02
5.145130306482315063e-02
4.810123145580291748e-02
4.203766584396361611e-02
-1.426744507625699043e-03
7.493812590837478638e-02
-4.370563663542270660e-03
1.320914365351199930e-02
-9.215023019351064075e-04
-5.070403590798377991e-02
-2.568678557872772217e-01
-2.824838161468505859e-01
-2.462693899869919101e-01
5.768335610628127358e-02
-9.374709799885749817e-03
-1.117683425545692444e-01
-3.080087006092071533e-01
-2.119358330965042114e-01
-1.969109177589416504e-01
-1.421028226613998413e-01
-2.821423858404159546e-02
-6.797527894377709302e-03
-1.297237537801265543e-02
-7.312763482332229614e-03
-2.198297530412673950e-02
-4.754381999373435974e-02
-1.016903743147850037e-01
-1.482122838497161865e-01
-5.612365901470183632e-02
-2.306633541593327780e-05
-8.419431000947952271e-02
-1.223511323332786560e-01
-2.513186633586883545e-01
-1.034795418381690979e-01
-1.807870808988809369e-03
1.821256242692470204e-02
-1.142156030982732773e-02
4.272750392556191185e-02
-7.529688626527786255e-02
-6.475937366485595703e-02
2.866647951304912567e-02
6.751307100057601929e-02
1.983724087476730624e-01
6.913141906261444092e-02
1.682794839143753052e-02
1.133760511875152449e-01
9.190719574689863378e-03
1.117980256676674028e-01
-3.212508931756020286e-02
-2.051675692200661053e-02
4.856077209115029075e-02
7.601795345544815063e-02
1.575063616037368774e-01
2.166182398796081265e-01
-1.118752211332321306e-01
-1.571898758411407471e-01
-1.009021233767270868e-02
-3.465677797794342041e-02
2.887999452650547028e-02
1.315327943302690983e-03
9.621325880289077759e-02
1.418515145778656006e-01
8.215963840484619141e-02
4.408403113484383323e-02
-2.671055123209952961e-02
-6.121305748820304871e-03
1.399758271872997110e-02
-8.070407807826995850e-02
-4.903654754161834717e-02
-4.528410360217094421e-02
1.779977977275848389e-02
-1.028520464897155762e-01
-6.490755826234817505e-02
3.804745152592658997e-02
-2.528480067849158894e-02
8.252034895122051239e-03
2.332005649805068970e-02
-1.153072249144315546e-02
-2.280936017632484436e-02
1.578585244715213776e-02
-8.358106017112731934e-03
8.103432506322860718e-02
-2.311811083927750587e-03
-3.349467366933822632e-02
4.556582123041152954e-02
1.066005006432533264e-01
-4.896083474159241417e-02
-1.451883167028427124e-01
-2.537537515163421631e-01
-1.010376885533332686e-01
4.631399735808372498e-02
5.207900330424308777e-02
-7.503113150596618652e-02
-4.483586922287940979e-02
-2.515735328197479248e-01
-6.474164873361587524e-02
4.376510158181191185e-02
4.800628498196601868e-02
-6.653507798910140991e-02
-3.972946852445601723e-02
5.152788013219834068e-02
9.016831964254380660e-02
-1.903317309916019787e-02
-7.419855147600173950e-02
4.822814837098121643e-02
1.694380491971969604e-01
-7.795121520757675171e-02
-7.047433853149414062e-01
-2.066349685192107877e-01
-2.542482502758502960e-02
7.310821115970612960e-02
3.876239643432199955e-04
2.269632183015346180e-02
3.206219896674156189e-02
-4.069387912750243447e-02
-1.890213787555694233e-02
-2.378439344465732921e-02
1.242247037589550018e-02
-1.847888901829719543e-02
-2.340254746377468109e-02
-3.456379845738410950e-02
-3.473519906401633522e-02
-8.961598505266011845e-04
3.084364533424377441e-02
7.350987941026687622e-02
1.329462975263595581e-02
-1.106280758976936340e-01
-2.125602960586548199e-02
-5.079280212521553040e-02
-4.401327297091484070e-02
4.513473808765411377e-02
-3.399472311139106750e-02
1.510214153677225286e-02
9.790790267288684845e-03
1.545907463878393173e-02
1.092164590954780579e-02
8.979164063930511475e-02
8.076012134552001953e-03
-6.574803031980990496e-03
-1.911600381135940829e-01
-3.612654805183410645e-01
-1.559676378965377808e-01
-7.359598577022552490e-02
2.049546921625733376e-03
