-1.453766226768493652e+00
-1.612008333206176758e+00
-1.219910264015197754e+00
-1.403408765792846902e+00
-1.576450228691100852e+00
-9.128447771072387695e-01
7.408499121665954590e-01
2.124365568161010742e-01
-7.378867268562316895e-01
-1.098740696907043679e+00
-1.621705293655395508e+00
-1.396118044853210449e+00
-1.115118384361267090e+00
-6.895503997802734375e-01
-1.182474374771118164e+00
-1.466603517532348633e+00
-1.482764720916748047e+00
-1.010893464088439941e+00
-1.357162237167358398e+00
-1.312457084655761497e+00
-1.703398704528808594e+00
-1.629009008407592773e+00
-1.558189988136291504e+00
-1.707700610160827637e+00
-2.245693683624268022e+00
-1.799551844596862793e+00
-1.947536587715149148e+00
-1.817119956016540305e+00
-1.327802419662475586e+00
-1.548893809318542480e+00
-1.840735673904418945e+00
-2.002230167388916016e+00
-1.672276973724365234e+00
-1.458542108535766602e+00
-1.388893127441406250e+00
-1.069815993309020996e+00
-9.084111452102660023e-01
-1.216554522514343262e+00
-1.093970417976379395e+00
-6.241284012794494629e-01
-8.678519725799559437e-01
-1.365776777267456055e+00
-1.799315690994262695e+00
-1.525499463081360085e+00
-1.327702999114990234e+00
-1.027656555175781250e+00
-9.984636902809144177e-01
-1.284346222877502441e+00
-1.675925254821777122e+00
-1.825026273727416992e+00
-1.411131739616394043e+00
-1.481688261032104492e+00
-1.554352283477783203e+00
-1.556908249855041504e+00
-1.710322260856628418e+00
-1.426715731620788574e+00
-1.225502490997314453e+00
-1.571828126907348633e+00
-1.719171404838561790e+00
-1.904080152511596902e+00
-1.517427206039428711e+00
-1.603926301002502441e+00
-1.842244625091552734e+00
-1.244087934494018555e+00
-1.258083462715149148e+00
-1.095242142677307129e+00
-1.167332530021667703e+00
-1.285773515701293945e+00
-1.490444779396057129e+00
-1.699970722198486328e+00
-1.575552582740783691e+00
-1.751522660255431907e+00
-1.787966728210449219e+00
-1.199347376823425293e+00
-9.374403953552246094e-01
-1.087685346603393555e+00
-1.277871012687682883e+00
-8.008285164833068848e-01
-1.373364329338073508e+00
-9.738432765007020153e-01
-1.631604552268981934e+00
-1.292723774909973145e+00
-8.858066797256469727e-01
-9.246379137039183460e-01
-6.263465285301208496e-01
-7.693500518798828125e-01
-1.030011057853698730e+00
-3.655979037284851074e-01
-4.422384798526763916e-01
-5.434464216232299805e-01
-8.137894868850708008e-01
-4.502385854721068781e-01
-5.687555670738220215e-01
-3.002533912658691406e-01
-1.722909659147262573e-01
-2.682102024555206299e-01
-7.615859508514404297e-01
-3.703503012657165527e-01
-2.434142529964447021e-01
-7.739446759223937988e-01
-1.128327012062072754e+00
-1.010933876037597656e+00
-8.904660344123840332e-01
-3.915273249149322510e-01
-8.626626133918762207e-01
-3.501970469951629639e-01
-7.645012140274047852e-01
-6.565251350402832031e-01
-5.641636252403259277e-01
-2.618026137351989746e-01
-2.103986144065856934e-01
-9.584577083587646484e-01
-8.671005964279174805e-01
-2.954093515872955322e-01
3.232149779796600342e-01
2.783105671405792236e-01
-2.074011862277984619e-01
-1.017555713653564453e+00
-1.429473400115966797e+00
-1.618479609489440918e+00
-1.451223373413085938e+00
-1.070044636726379395e+00
-1.007825613021850586e+00
-1.357647538185119629e+00
-1.477454781532287598e+00
-1.574902176856994629e+00
-2.081696271896362305e+00
-2.122112274169921875e+00
-1.696141242980956809e+00
-1.232745289802551270e+00
-1.616643548011779785e+00
-1.514371633529663086e+00
-1.168568611145019531e+00
-9.446095228195190430e-01
-1.441941380500793679e+00
-1.850396871566772461e+00
-1.768488645553588867e+00
-1.162436723709106445e+00
-1.573768615722656250e+00
-1.305839776992798074e+00
-1.376586556434631126e+00
-1.031605482101440430e+00
-1.862142086029052734e+00
-2.024567365646362305e+00
-1.561883568763733132e+00
-2.006947040557861328e+00
-1.854874014854431152e+00
-1.861079812049865501e+00
-1.995308518409729004e+00
-1.867326498031615989e+00
-1.648024320602416992e+00
-2.152572870254516602e+00
-1.629932999610900879e+00
-1.587583065032958984e+00
-1.831881642341613547e+00
-1.881610870361327903e+00
-1.975582480430603027e+00
-1.785298466682434082e+00
-1.691751837730407493e+00
-1.144859910011291504e+00
-1.215850591659545898e+00
-5.342422127723693848e-01
-1.000335574150085449e+00
-1.234248876571655273e+00
-1.338808298110961914e+00
-1.282879114151000977e+00
-1.193335056304931641e+00
-8.359792232513427734e-01
-8.520640730857849121e-01
-9.570824503898619495e-01
-7.338585257530212402e-01
-2.049138545989990512e-01
-4.836960434913635254e-01
-8.256016969680786133e-01
-9.365155696868896484e-01
-1.190672516822814941e+00
-9.635294675827026367e-01
-8.090421557426452637e-01
-7.029796391725540161e-02
4.759843051433563232e-01
-9.200198650360108532e-01
-2.611762881278992254e-01
-1.211803674697875977e+00
-1.627554893493652344e+00
-1.575351238250732422e+00
-1.489349246025085449e+00
-1.228799343109130859e+00
-1.033210158348083496e+00
-1.199618101119995117e+00
-1.372871518135070801e+00
-1.412619233131408691e+00
-1.707395315170288086e+00
-2.018679857254028320e+00
-1.721711277961730957e+00
-1.304522871971130371e+00
-1.612434506416320801e+00
-1.781476259231567383e+00
-2.270516395568848100e+00
-1.631758809089660645e+00
-1.796128153800964355e+00
-2.085517168045043945e+00
-1.487131476402282715e+00
-2.157256126403808594e+00
-2.577603101730346680e+00
-2.892419576644897017e+00
-3.460201978683472124e+00
-3.603263378143310991e+00
-3.493524312973022461e+00
-3.673749923706055132e+00
-3.711892843246459961e+00
-4.558351039886474609e+00
-4.517426013946533203e+00
-4.487152576446533203e+00
-3.980774879455566406e+00
-3.441526412963866743e+00
-2.664624214172363725e+00
-2.725129842758178711e+00
-3.246582984924316406e+00
-4.070575714111328125e+00
-3.937907695770264116e+00
-3.557646751403808594e+00
-3.375454187393188477e+00
-3.157567024230957031e+00
-3.285549640655517578e+00
-2.568484067916870117e+00
-2.397666454315185103e+00
-1.120247125625610352e+00
-8.807595372200012207e-01
-6.862729787826538086e-01
-4.708437323570252020e-01
-1.457623094320297241e-01
7.092021405696868896e-02
2.838933765888214111e-01
6.874146461486816406e-01
6.468113064765930176e-01
8.403286337852478027e-01
1.349746823310852051e+00
1.388146042823791504e+00
1.723598718643188477e+00
1.454044818878173828e+00
1.612687587738036887e+00
1.485130429267883301e+00
8.552750945091247559e-01
6.187587976455688477e-01
3.944995701313018799e-01
9.779348969459533691e-01
5.201476216316223145e-01
1.482098937034606934e+00
1.428824067115783691e+00
4.626277685165405273e-01
5.655972361564636230e-01
8.906503319740295410e-01
1.397097826004028320e+00
1.957689762115478294e+00
1.027661561965942383e+00
1.533962190151214600e-01
-4.038728773593903143e-01
-8.818851113319396973e-01
-9.084659814834595837e-01
-1.371095180511474609e+00
-1.271841168403625710e+00
-1.598516702651977539e+00
-1.916181087493896484e+00
-2.253870725631713867e+00
-2.834420680999756303e+00
-2.381839990615844727e+00
-2.001206159591675249e+00
-2.395148515701293945e+00
-2.069563865661620650e+00
-6.116984486579895020e-01
-3.828080296516418457e-01
2.064163982868194233e-02
3.151223957538604736e-01
4.455383121967316229e-01
1.216146707534790039e+00
1.366572022438049094e+00
1.323454737663269043e+00
2.061323404312134233e+00
2.447566747665405273e+00
2.996056079864501953e+00
2.641985416412353072e+00
2.281559467315673828e+00
2.801447629928588867e+00
2.702322721481323242e+00
2.930328845977783203e+00
2.444031953811645064e+00
1.974446535110473633e+00
1.245251297950744629e+00
1.166689038276672363e+00
1.081649661064147949e+00
7.907953858375549316e-01
1.203860044479369895e+00
1.965875267982483132e+00
1.926370620727539062e+00
1.088793754577636719e+00
4.732491970062255859e-01
1.474176184274256229e-03
-1.402713209390640536e-01
-4.607551395893096924e-01
-3.583437800407409668e-01
1.135599566623568535e-03
9.938117861747743087e-02
2.772126495838164728e-01
4.029645919799805243e-01
-2.674300670623779297e-01
-7.427154183387756348e-01
-7.152214050292968750e-01
-7.584826946258544922e-01
-9.835361242294311523e-01
-6.017423272132873535e-01
-1.033844113349914551e+00
-1.178147196769714355e+00
-7.452729344367980957e-01
-3.134682774543762207e-01
-8.145383745431900024e-02
-2.270088940858840942e-01
-4.712355434894561768e-01
-3.621440380811691284e-02
-8.905572295188903809e-01
3.425795212388037941e-02
-2.216989919543266296e-02
-1.753070354461669922e-01
-4.221396446228026789e-01
4.905536398291587830e-02
6.149454712867736816e-01
2.930897176265717108e-01
9.279367923736572266e-01
1.050376534461974876e+00
7.815507650375366211e-01
1.339963316917419434e+00
1.737206816673278809e+00
1.254562139511108398e+00
1.497153043746948242e+00
1.302806019783020020e+00
1.951790809631348100e+00
2.025015830993652344e+00
2.287220239639282227e+00
2.150400638580322266e+00
3.112231016159057617e+00
3.131549596786498579e+00
2.691705703735352007e+00
3.295111417770385742e+00
2.271083593368530273e+00
2.288673639297485352e+00
2.760009527206420898e+00
2.945629119873046875e+00
2.818851232528686523e+00
2.540671825408935547e+00
2.065167903900146484e+00
1.829428315162658691e+00
2.310938358306884766e+00
3.014137983322143999e+00
2.692928552627563477e+00
2.526681423187255859e+00
2.494167327880859819e+00
2.006263256072998047e+00
1.021610498428344727e+00
8.052079081535339355e-01
5.749207139015197754e-01
-2.560818493366240900e-01
-1.668328344821929932e-01
-2.015603303909301758e+00
-3.140120506286621094e+00
-4.237539291381836826e+00
-4.814415931701660156e+00
-5.034322261810302734e+00
-4.036572933197021484e+00
-3.890248060226439986e+00
-3.436698913574218750e+00
-3.150177240371703657e+00
-1.881679058074951172e+00
-1.583617568016052246e+00
-1.883501529693603516e+00
-2.447750568389892578e+00
-2.153506517410278320e+00
-2.228457450866699219e+00
-1.526780605316161887e+00
-1.307991504669189675e+00
-7.901465296745300293e-01
-1.248963356018066406e+00
-1.166648387908935547e+00
-2.599857151508331299e-01
-5.051732659339904785e-01
1.409755110740661621e+00
2.236408710479736328e+00
3.435299396514892578e+00
4.329857826232910156e+00
5.128475189208983487e+00
5.250850200653076172e+00
5.438732147216796875e+00
4.761011600494384766e+00
5.195845603942871094e+00
4.709650039672851562e+00
5.199561119079589844e+00
5.495339393615722656e+00
6.126587867736816406e+00
6.410939216613769531e+00
5.905025959014892578e+00
5.174836158752441406e+00
4.393381595611571377e+00
4.790848731994628906e+00
4.650947093963623047e+00
4.479936599731445312e+00
3.873177289962768999e+00
3.900979995727538618e+00
2.930302143096923828e+00
3.327685356140136719e+00
2.968558311462402344e+00
2.644906520843505859e+00
3.850989580154418945e+00
7.380524158477782315e+00
8.745315551757812500e+00
1.040221309661865234e+01
1.173889160156250000e+01
1.247395706176757812e+01
1.106266975402832031e+01
8.835180282592773438e+00
5.905639648437500000e+00
5.322855949401856357e+00
4.674552917480468750e+00
5.020281791687011719e+00
4.886139869689941406e+00
4.614677429199218750e+00
3.678329229354857510e+00
3.511268615722655806e+00
3.769416332244873047e+00
3.735575437545775923e+00
3.566386461257934570e+00
3.440329074859618697e+00
3.698002815246582031e+00
4.318075180053711826e+00
4.362144947052001953e+00
4.630467891693115234e+00
4.931047916412353516e+00
5.048950195312500000e+00
4.250905513763428623e+00
3.351024389266968218e+00
1.163821339607238770e+00
9.531032443046569824e-01
-2.415483951568603516e+00
-5.484568595886231357e+00
-7.884099483489990234e+00
-1.026306438446044922e+01
-1.163696670532226562e+01
-1.261680793762207031e+01
-1.468051433563232422e+01
-1.585501956939697266e+01
-1.735712623596191406e+01
-1.916912269592285156e+01
-2.083327865600585938e+01
-2.090287780761718750e+01
-2.064825248718261363e+01
-2.072726058959960938e+01
-2.068979835510253906e+01
-2.019765663146972656e+01
-1.899851226806640625e+01
-1.693371582031250000e+01
-1.477012062072753906e+01
-1.299880599975585938e+01
-1.011722564697265625e+01
-8.069379806518554688e+00
-6.717695236206054688e+00
-4.185845375061035156e+00
-2.118615150451659712e+00
-5.733740329742431641e-01
-1.692006826400756836e+00
-2.152072191238403764e+00
-1.229319334030151367e+00
5.175196528434753418e-01
3.271626472473144531e+00
5.182702064514160156e+00
7.281228065490722656e+00
8.808883666992187500e+00
8.829136848449707031e+00
1.107497501373291016e+01
1.128185558319091797e+01
1.295534992218017578e+01
1.503235626220703303e+01
1.613842964172363281e+01
1.806768035888671875e+01
1.766815567016601562e+01
1.841992950439453125e+01
1.821716880798339844e+01
1.682704544067382812e+01
1.559082794189453303e+01
1.229065799713134766e+01
1.086063289642333984e+01
8.631658554077146661e+00
6.468955993652343750e+00
5.445535659790039062e+00
5.342003822326660156e+00
5.012645244598388672e+00
4.298042774200440341e+00
3.626764535903930220e+00
4.536140918731689453e+00
4.867394924163818359e+00
4.560021400451660156e+00
5.750719070434570312e+00
6.375827312469482422e+00
6.771447658538817471e+00
7.430454254150391513e+00
8.975506782531738281e+00
7.153706073760986328e+00
7.015149116516112393e+00
6.972578525543212891e+00
3.941676378250122070e+00
3.980998277664185014e+00
1.656427383422851562e+00
8.379224538803100586e-01
7.578247785568237305e-01
2.318234205245972124e+00
4.469374179840087891e+00
5.480538845062255859e+00
3.777608156204224077e+00
1.761351227760314941e+00
1.007227897644042969e+00
1.223617326468229294e-02
-6.890358924865722656e-01
-2.286900043487548828e+00
-2.513249874114990234e+00
-2.859157800674438477e+00
-2.490096569061279741e+00
-2.157318592071533203e+00
-6.170672923326492310e-02
-2.267565578222275058e-01
-1.161562800407409668e+00
-1.809687137603759988e+00
-3.134963035583496094e+00
-3.139424324035644531e+00
-4.065862178802490234e+00
-4.599931240081787109e+00
-3.729280471801758257e+00
-2.383473157882690430e+00
-1.948020935058593528e+00
-1.773841500282287598e+00
-3.052271127700805664e+00
-4.222158432006836826e+00
-7.116773605346679688e+00
-1.044825077056884766e+01
-1.239689350128173828e+01
-1.447536277770996094e+01
-1.584866619110107422e+01
-1.653433799743652699e+01
-1.675182533264159801e+01
-1.720896339416503906e+01
-1.906780433654785156e+01
-1.973215675354003906e+01
-1.911909484863280895e+01
-1.904696655273437145e+01
-1.768992233276367188e+01
-1.743645858764648438e+01
-1.588518714904785156e+01
-1.481901264190673828e+01
-1.435806369781493963e+01
-1.498796749114990234e+01
-1.633479881286621094e+01
-1.655980110168457031e+01
-1.554341316223144531e+01
-1.368724536895751953e+01
-1.184668254852294922e+01
-9.974994659423828125e+00
-9.476704597473144531e+00
-1.004374504089355646e+01
-8.198800086975097656e+00
-8.843692779541015625e+00
-8.543820381164549005e+00
-7.980453491210937500e+00
-7.459333419799804688e+00
-6.931054115295410156e+00
-6.285279750823974609e+00
-4.962771892547606534e+00
-4.141566276550292969e+00
-4.344411373138428623e+00
-3.658103942871093750e+00
-3.471082448959350586e+00
-2.332242012023925781e+00
-2.559241056442260742e+00
-2.938045978546142578e+00
-2.815204858779907227e+00
-2.667890071868896484e+00
-1.048537135124206321e+00
-5.390943884849548340e-01
1.838066279888153076e-01
-2.312065958976745605e-01
-1.233733534812927246e+00
-4.861421287059783936e-01
-6.582474112510681152e-01
1.233177185058593750e-01
1.504618644714355691e+00
1.862152934074401633e+00
1.675262808799743652e+00
1.233412504196166992e+00
2.312653541564941406e+00
3.051367998123168945e+00
3.921495914459228960e+00
4.302368164062500000e+00
5.148044109344481534e+00
7.405024528503417969e+00
5.890786647796630859e+00
7.056445121765137607e+00
1.044041442871093750e+01
1.121283435821533203e+01
1.328454399108886719e+01
1.522895812988281250e+01
1.800826454162597656e+01
1.836216926574707031e+01
1.741038894653320668e+01
1.656976127624511363e+01
1.565246391296386719e+01
1.730461311340332031e+01
1.874170875549316406e+01
1.927207756042480469e+01
2.104646301269531250e+01
2.083748626708984375e+01
2.037097930908203125e+01
1.889504623413085938e+01
1.809042930603027344e+01
1.602679252624511363e+01
1.472523212432861328e+01
1.345515060424804688e+01
1.229169273376464844e+01
1.119440841674804688e+01
1.047613143920898438e+01
1.019846725463867188e+01
1.000331211090088068e+01
1.124311351776123047e+01
1.112084388732910156e+01
1.041816425323486328e+01
1.042530155181884766e+01
1.095370292663574219e+01
1.158382129669189453e+01
9.719701766967773438e+00
8.488511085510253906e+00
6.548182010650634766e+00
5.215994834899902344e+00
4.033047676086426669e+00
2.803692817687988281e+00
3.051601171493530273e+00
3.472691059112548828e+00
2.633558034896850586e+00
3.653492689132689542e+00
1.991968512535095215e+00
1.821504473686218484e+00
2.836821794509888139e+00
1.962756514549255593e+00
1.017195463180541992e+00
3.554426729679108221e-01
1.160186901688575467e-01
6.566493511199951172e-01
7.586265802383422852e-01
-3.126710355281829834e-01
-1.073421001434326172e+00
-2.495074033737182617e+00
-6.201011657714843750e+00
-7.100116729736327237e+00
-9.691376686096193183e+00
-1.074634170532226562e+01
-1.133290004730224432e+01
-1.250509357452392578e+01
-1.174737167358398438e+01
-8.870672225952148438e+00
-7.180572986602782315e+00
-6.141767978668212891e+00
-6.128816604614257812e+00
-5.082665443420410156e+00
-5.677994728088378906e+00
-5.680974483489990234e+00
-7.217045307159423828e+00
-1.034304904937743963e+01
-1.492110729217529297e+01
-1.807168388366699219e+01
-1.886314392089844105e+01
-1.732435226440429332e+01
-1.714044952392577770e+01
-1.712074279785156250e+01
-1.413298034667968750e+01
-1.178841876983642578e+01
-1.007849693298339844e+01
-8.328442573547361505e+00
-5.305574893951416016e+00
-1.296070814132690430e+00
1.720983147621154785e+00
4.190057754516602451e+00
7.550880432128906250e+00
1.008341121673583984e+01
1.089428043365478338e+01
1.245935344696044922e+01
1.305172729492187500e+01
1.456731128692626953e+01
1.517503643035888672e+01
1.561522579193115234e+01
1.742195320129394531e+01
1.691776084899902699e+01
1.529591751098632812e+01
1.454414558410644531e+01
1.198521423339843750e+01
1.121657943725585938e+01
9.986903190612792969e+00
1.059283447265625000e+01
1.114622306823730469e+01
9.854432106018066406e+00
7.566071033477782315e+00
6.296784877777099609e+00
4.472870826721191406e+00
2.829194784164428711e+00
4.637753963470458984e-01
-9.633921980857848011e-01
-1.414997220039367676e+00
-6.500482559204101562e-01
-1.560660004615783414e-01
-6.759892106056213379e-01
-6.352885365486145020e-01
-2.379683703184128085e-01
-2.224477678537368774e-01
1.579002380371093750e+00
1.568974971771240234e+00
1.847835183143615945e+00
1.805794239044189231e+00
2.379921436309814453e+00
2.139887332916260210e+00
2.378790378570556641e+00
2.121776580810546875e+00
2.183683395385741743e+00
2.439831972122192383e+00
2.709935188293457031e+00
2.382901191711425781e+00
3.244815826416016069e+00
3.334641695022583008e+00
3.163834810256958008e+00
3.335087060928344727e+00
2.281357526779174805e+00
1.745668411254882812e+00
1.831677079200744851e+00
1.285262107849120872e+00
1.621143221855163574e+00
1.990461826324463113e+00
3.128057241439819780e+00
4.341779708862305576e+00
5.017037868499755859e+00
5.409391403198242188e+00
5.391070842742919922e+00
5.777035713195800781e+00
5.800550460815429688e+00
7.026007175445557529e+00
6.613846778869628906e+00
7.791916847229003906e+00
8.879966735839843750e+00
9.208054542541503906e+00
8.598376274108888495e+00
7.767859458923339844e+00
7.588271141052246094e+00
6.837018013000487393e+00
6.541814327239990234e+00
5.053761005401611328e+00
3.469286918640136719e+00
9.247711896896362305e-01
-2.110129833221435547e+00
-3.686850547790527344e+00
-5.542791843414306641e+00
-6.578734874725342685e+00
-7.295014858245849609e+00
-7.614438533782958984e+00
-6.984017372131347656e+00
-6.424504756927490234e+00
-6.508343219757080078e+00
-5.275228977203369141e+00
-4.926274776458740234e+00
-4.510030269622802734e+00
-2.876311302185058594e+00
-1.041599512100219505e+00
1.015975356101989524e+00
1.606928467750549094e+00
1.468097805976867676e+00
1.163814783096313699e+00
1.089396715164184570e+00
9.915502071380616345e-01
1.244788289070129395e+00
7.870262265205383301e-01
-6.683550477027893066e-01
-2.348719358444213867e+00
-3.568588733673096147e+00
-5.381176948547363281e+00
-8.297651290893554688e+00
-9.458714485168457031e+00
-1.044484806060791016e+01
-1.106672763824462713e+01
-1.244157886505126953e+01
-1.323315143585205078e+01
-1.366353988647460938e+01
-1.299694824218750000e+01
-1.185719871520996094e+01
-1.219694328308105469e+01
-1.084638690948486328e+01
-1.046295642852783203e+01
-8.913579940795898438e+00
-7.861146450042724609e+00
-7.906288146972656250e+00
-8.194894790649414062e+00
-8.773811340332031250e+00
-8.290849685668945312e+00
-9.008736610412597656e+00
-9.660905838012695312e+00
-8.712247848510742188e+00
-7.603498935699462891e+00
-7.391580104827880859e+00
-6.995426177978516513e+00
-7.589761734008789062e+00
-6.999647617340087891e+00
-7.266673088073729581e+00
-6.767975330352782315e+00
-6.935077190399169922e+00
-7.937244415283202237e+00
-9.084101676940917969e+00
-1.006294441223144354e+01
-1.121146106719970703e+01
-1.244862842559814453e+01
-1.254650688171386719e+01
-1.202805042266845525e+01
-1.124245357513427557e+01
-8.837424278259277344e+00
-8.235093116760253906e+00
-8.340381622314451349e+00
-9.148806571960449219e+00
-1.072506904602050781e+01
-1.178252983093261541e+01
-1.277589797973632812e+01
-1.330698966979980469e+01
-1.373708438873291016e+01
-1.315241813659667969e+01
-1.237243843078613281e+01
-1.141886138916015447e+01
-1.027545738220214844e+01
-8.357179641723632812e+00
-7.822360992431641513e+00
-6.952750205993652344e+00
-6.995579242706298828e+00
-7.154257297515869141e+00
-7.322932243347167969e+00
-8.127126693725585938e+00
-8.289693832397460938e+00
-7.793083667755127841e+00
-7.454438686370849609e+00
-6.795991420745849609e+00
-5.558291912078856534e+00
-4.898467063903808594e+00
-5.062346458435058594e+00
-4.670484542846679688e+00
-4.408637046813964844e+00
-4.480995655059815341e+00
-2.849023818969726562e+00
-1.314373254776000977e+00
-8.985030651092529297e-01
-1.241411805152893066e+00
-1.999650239944458008e+00
-2.244790792465209961e+00
-4.022566795349121094e+00
-5.429864883422851562e+00
-7.081803321838378906e+00
-8.203945159912111151e+00
-8.987666130065917969e+00
-9.415511131286619317e+00
-8.962535858154296875e+00
-1.024507999420166016e+01
-1.178444004058838068e+01
-1.142172527313232422e+01
-1.128487014770507812e+01
-1.010067749023437678e+01
-1.107737922668457031e+01
-9.888408660888671875e+00
-8.258132934570312500e+00
-7.903168201446532315e+00
-8.082498550415039062e+00
-8.326786041259767401e+00
-7.701756477355957031e+00
-7.260425567626952237e+00
-6.373420238494872159e+00
-6.364126682281494141e+00
-6.742763519287108487e+00
-7.271006107330322266e+00
-7.030961036682128906e+00
-7.264390468597412109e+00
-6.201951026916503906e+00
-4.769314289093018466e+00
-3.752657890319823775e+00
-1.931286811828613281e+00
-1.177964925765991211e+00
-4.914298653602600098e-01
-4.485385715961455744e-01
7.170554399490356445e-01
2.692605495452880859e+00
4.740815162658691406e+00
6.607501029968262607e+00
7.577938079833983487e+00
8.050601005554200995e+00
8.464087486267089844e+00
8.560414314270019531e+00
1.064125442504882812e+01
1.073392677307128729e+01
1.171897125244140447e+01
1.160824394226074219e+01
1.327485752105712713e+01
1.338306617736816406e+01
1.332836437225341797e+01
1.391580009460449219e+01
1.329866981506347479e+01
1.332575988769531250e+01
1.364627742767333984e+01
1.325827121734619318e+01
1.404426670074462713e+01
1.458823204040527344e+01
1.600716400146484730e+01
1.669558334350585938e+01
1.686978530883789062e+01
1.732202529907226562e+01
1.739466857910156250e+01
1.724063110351562500e+01
1.683464622497558594e+01
1.640724372863769531e+01
1.780789947509765625e+01
1.833487129211425426e+01
1.837889862060546875e+01
1.834141921997070312e+01
1.779299545288085938e+01
1.764252471923828125e+01
1.647792053222656250e+01
1.586091136932373047e+01
1.402098178863525568e+01
1.371502780914306463e+01
1.289293956756591797e+01
1.328757095336914062e+01
1.379799556732177557e+01
1.263767337799072443e+01
1.262792682647705078e+01
1.216502094268798828e+01
1.134279918670654475e+01
1.151594161987304688e+01
1.081183147430419922e+01
9.539646148681640625e+00
9.503267288208007812e+00
9.004227638244628906e+00
9.345821380615234375e+00
9.666775703430175781e+00
9.521333694458007812e+00
8.960188865661621094e+00
8.413287162780763495e+00
8.507040023803710938e+00
7.766407012939452237e+00
7.980952262878417969e+00
7.340909957885742188e+00
7.417071819305419922e+00
7.386329650878906250e+00
7.282355785369872159e+00
6.828600406646728516e+00
5.907359123229980469e+00
5.136168479919433594e+00
5.368849277496337891e+00
4.077402591705321377e+00
3.920051336288451704e+00
3.504785537719726562e+00
3.365989446640014204e+00
1.277947306632995605e+00
-1.200087070465088029e-01
-9.689218401908875622e-01
-1.998182535171508789e+00
-2.457722425460815430e+00
-1.590301752090454102e+00
-2.342432498931884766e+00
-3.156749010086060014e+00
-3.339059829711913618e+00
-3.818117380142211914e+00
-3.893919706344604936e+00
-3.774586915969848633e+00
-4.341832160949707031e+00
-4.898270606994628906e+00
-5.401625156402587891e+00
-6.111698627471923828e+00
-6.673925876617432529e+00
-6.852630615234375000e+00
-7.591562747955322266e+00
-9.245685577392578125e+00
-9.330460548400880683e+00
-9.691679954528806817e+00
-9.587550163269042969e+00
-1.054693126678466797e+01
-1.026911830902099609e+01
-1.025591659545898438e+01
-1.028119468688964844e+01
-9.865427970886230469e+00
-1.015341091156006037e+01
-1.043638801574707031e+01
-1.092832756042480469e+01
-9.705130577087402344e+00
-9.098974227905273438e+00
-8.249426841735839844e+00
-7.076768398284912109e+00
-7.426983356475830078e+00
-6.567620277404785156e+00
-6.907247543334960938e+00
-6.051860809326172763e+00
-5.582241058349608487e+00
-5.042166233062744141e+00
-5.208420753479003906e+00
-4.645223617553710938e+00
-4.692444801330566406e+00
-3.985606670379639116e+00
-3.870550870895385742e+00
-4.188619136810303623e+00
-3.558717727661133257e+00
-2.511621475219726562e+00
-2.245287179946899414e+00
-2.172773599624634233e+00
-1.609107613563537598e+00
-1.576417922973632812e+00
-1.356926321983337402e+00
-1.235201001167297363e+00
-1.389780759811401367e+00
-2.100765943527221680e+00
-2.660572767257690430e+00
-3.367842674255371094e+00
-3.241061925888061079e+00
-2.799875497817993164e+00
-2.100127935409545898e+00
-2.004202127456665039e+00
-2.495316267013549805e+00
-2.351865530014038086e+00
-2.183648586273193359e+00
-1.718515515327453613e+00
-1.227213025093078613e+00
-1.484999775886535645e+00
-7.741072177886962891e-01
-7.150850296020507812e-01
-1.119359493255615234e+00
-9.785137772560120739e-01
-7.032009959220886230e-01
7.273306604474782944e-03
-3.307254612445831299e-01
2.242815047502517423e-01
-1.307865738868713379e+00
-2.423786401748656782e+00
-2.865903615951538086e+00
-2.986933231353760210e+00
-2.745463609695434570e+00
-2.511344432830810547e+00
-2.293779373168945312e+00
-2.234256982803344727e+00
-1.837993383407592773e+00
-1.222265839576721191e+00
-1.513025045394897683e+00
-1.669327020645141602e+00
-1.992131590843200906e+00
-1.631951093673706055e+00
-1.574551701545715110e+00
-8.372886180877685547e-01
-5.394648313522338867e-01
2.652921080589294434e-01
1.704207956790924072e-01
6.200414299964904785e-01
7.579787373542785645e-01
-1.817348241806030495e+00
-2.842307567596435547e+00
-2.960078239440917969e+00
-2.735253095626831055e+00
-1.530778288841247559e+00
-2.684326767921447754e-01
-5.977462530136108398e-01
-1.274978995323181152e+00
-2.026137351989745650e+00
-3.005352258682251421e+00
-3.188397884368896484e+00
-2.376071691513061079e+00
-2.449520587921142578e+00
-2.241539955139160156e+00
-7.378221750259399414e-01
6.940877437591552734e-02
9.457729458808900036e-01
1.522729277610778809e+00
1.717562437057495117e+00
8.467529416084290661e-01
-4.592462182044982910e-01
-3.848468363285065252e-01
-2.021721601486206055e-01
-1.512289643287658691e+00
-2.226985454559326172e+00
-1.549129962921142578e+00
-9.730092883110046387e-01
2.786344587802886963e-01
1.808246493339538352e+00
2.621397018432616743e+00
2.085971117019653320e+00
2.421134859323501587e-01
-1.011643767356872559e+00
-1.860060453414916992e+00
-3.055377960205078125e+00
-3.521161317825317383e+00
-3.931849956512451172e+00
-3.626610517501831055e+00
-3.947444915771484819e+00
-5.185356140136718750e+00
-6.245120525360107422e+00
-5.579718589782714844e+00
-4.079622745513916016e+00
-3.652412652969359907e+00
-2.903729915618896484e+00
-3.077377080917358398e+00
-3.529471158981323242e+00
-2.193003177642822266e+00
-1.246191620826721191e+00
-2.771108388900756836e+00
-4.080360412597656250e+00
-3.704192876815796343e+00
-3.375896930694580078e+00
-3.440503835678100586e+00
-5.805092811584472656e+00
-6.782534122467041016e+00
-7.175882816314697266e+00
-6.999455928802490234e+00
-6.443710327148437500e+00
-6.035269737243652344e+00
-4.178705692291259766e+00
-4.143157958984375000e+00
-4.299719810485839844e+00
-4.793867588043212891e+00
-4.654088973999023438e+00
-5.511260032653808594e+00
-6.851754188537597656e+00
-6.558046817779541016e+00
-6.608817100524902344e+00
-7.054646968841552734e+00
-5.626553535461425781e+00
-4.746007919311523438e+00
-3.340280532836913618e+00
-3.015423536300658736e+00
-1.981926798820496050e+00
-1.406449228525161466e-01
-4.886979162693024237e-01
-2.988850831985473633e+00
-3.189403295516968218e+00
-4.143668174743651456e+00
-4.563535690307617188e+00
-4.183523178100586826e+00
-1.972226977348328081e+00
1.028407692909240723e+00
3.869430303573607954e+00
7.102063655853272373e+00
9.570837020874023438e+00
8.379758834838867188e+00
8.682662010192871094e+00
1.119277000427246094e+01
9.859497070312500000e+00
7.570831775665282315e+00
7.723431110382080078e+00
7.586152553558349609e+00
6.547938346862792969e+00
5.796462535858153409e+00
4.750308990478516513e+00
5.116763591766356534e+00
4.866563320159912109e+00
6.752512454986572266e+00
7.668081760406494141e+00
5.909220218658447266e+00
3.262408018112182617e+00
3.832291841506958008e+00
3.460099697113037109e+00
2.651569366455078125e+00
3.575321197509765625e+00
5.494250297546386719e+00
7.823640346527099609e+00
7.359571456909179688e+00
9.851083755493164062e+00
1.213798904418945312e+01
1.208018684387207031e+01
1.022860336303710938e+01
1.075905132293701172e+01
1.061740779876708984e+01
1.014684295654296697e+01
9.015495300292966974e+00
8.383207321166992188e+00
1.009260177612304688e+01
1.209444332122802734e+01
1.101014709472656250e+01
9.342203140258787286e+00
8.242005348205566406e+00
3.503304481506348100e+00
1.994178175926208496e+00
1.564821004867553711e+00
3.225343227386474609e+00
5.232244968414306641e+00
8.608470916748048651e+00
8.857508659362792969e+00
6.196538925170897549e+00
7.348214149475097656e+00
9.984015464782716620e+00
9.534659385681152344e+00
1.067752933502197266e+01
1.368283557891845525e+01
1.318399047851562500e+01
1.258589935302734553e+01
1.093533611297607422e+01
8.233941078186035156e+00
5.994140625000000000e+00
2.793977975845336914e+00
-4.390940964221953235e-01
-2.358265399932861328e+00
-8.558709174394607544e-02
1.598056197166442871e+00
3.903713464736938477e+00
4.204216480255126953e+00
2.128787755966186523e+00
4.384163916110991877e-01
8.474912047386169434e-01
1.104721188545227051e+00
8.946026563644409180e-01
9.968913197517396130e-01
1.602443695068359375e+00
2.205155849456787109e+00
3.446027517318725586e+00
6.676622629165649414e-01
-1.284266471862792969e+00
-2.661884307861328125e+00
-4.139472961425781250e+00
-3.867655277252196822e+00
-1.898147940635680708e+00
-1.519422173500061035e+00
-6.271792650222778320e-01
5.293699502944946289e-01
5.813640952110289417e-01
1.394950985908508301e+00
1.111785769462585449e+00
1.775847315788269043e+00
2.607188224792480469e+00
3.370177507400512695e+00
2.172659158706665039e+00
1.832026481628418191e+00
2.201398611068725586e+00
1.893728256225585938e+00
-1.551277279853820801e+00
-3.457148075103760210e+00
-2.602235078811645064e+00
-2.856259644031525213e-01
4.825282096862792969e-01
1.205216169357299805e+00
3.140774011611938477e+00
3.510787487030029297e+00
2.065154314041137695e+00
1.076717972755431907e+00
1.381773591041564941e+00
4.786379814147949219e+00
6.742834091186522549e+00
5.757983684539794922e+00
2.121643543243408203e+00
3.798574805259705145e-01
-5.822275280952453613e-01
3.253751397132872980e-01
1.708940625190734863e+00
2.864266395568848100e+00
2.110233783721924272e+00
1.407552719116210938e+00
-1.292439876124262593e-03
-5.866901278495788574e-01
-1.117301464080810325e+00
2.538923025131225586e-01
-1.310263156890869141e+00
-4.543828964233397882e-01
7.932131290435791016e-01
3.269906282424926758e+00
3.871328592300415039e+00
3.825884342193603960e+00
2.050598859786987749e+00
-1.672154188156128152e+00
-6.928466796875000000e+00
-6.559210777282714844e+00
-2.263750553131103516e+00
-6.585716605186462402e-01
1.887921690940856934e+00
3.795868396759033203e+00
2.640017032623291016e+00
4.648423671722412109e+00
4.625371456146240234e+00
2.944902896881103516e+00
1.104935050010681152e+00
1.684520721435546875e+00
1.114913582801818848e+00
1.441019654273986816e+00
-3.661495447158813477e-01
-4.512648284435272217e-01
2.101005077362060547e+00
3.849862813949584961e+00
2.226747035980224609e+00
2.204187065362930575e-01
2.847520351409912109e+00
4.288098812103272373e+00
7.292244434356689453e+00
7.516630649566650391e+00
6.458814620971679688e+00
7.572714805603027344e+00
6.932956695556641513e+00
3.210536241531372070e+00
1.623909473419189675e+00
1.928113102912902832e+00
-1.565654426813125610e-01
-1.011352062225341797e+00
-1.211519837379455566e+00
1.058870434761047363e+00
3.048103749752045233e-01
6.902624964714050293e-01
2.642809391021728516e+00
2.560729265213012695e+00
2.577978372573852539e+00
2.435394287109375000e+00
2.322353124618530273e+00
8.513132929801940918e-01
1.164343714714050293e+00
-2.919315576553344727e+00
-3.117449760437012163e+00
-1.285262465476989524e+00
3.540218472480773926e-01
9.090006351470948376e-01
1.584312558174133301e+00
-5.353661254048348167e-02
-1.525803565979004128e+00
-2.424674749374389648e+00
-1.750207304954528809e+00
-3.857251107692719061e-01
-6.258224248886108398e-01
2.087070941925048828e-01
1.489680260419845581e-02
-1.459639668464660645e+00
-6.616039872169494629e-01
3.919969871640204689e-02
-2.494602441787720171e+00
-3.633720636367798296e+00
-3.679297924041748047e+00
-3.733087539672852007e+00
-8.779793977737426758e-01
-5.282157063484191895e-01
-1.311678886413574219e+00
-8.881357312202453613e-01
-2.600146055221557617e+00
-4.558325290679931641e+00
-4.078328609466553623e+00
-2.656765222549438477e+00
-2.143897294998168945e+00
-9.125204682350159802e-01
8.306593298912048340e-01
9.534615874290466309e-01
-2.519618511199951172e+00
-3.480172395706176758e+00
-2.136275768280029297e+00
-1.634063005447387695e+00
-6.547912359237670898e-01
-8.598382472991943359e-01
-1.516477108001708984e+00
-4.483686447143554688e+00
-5.157241821289063388e+00
-7.153242111206054688e+00
-6.149356842041016513e+00
-5.121169090270996094e+00
-5.126099109649658203e+00
-4.951111316680908203e+00
-6.515374183654785156e+00
-6.604134559631347656e+00
-6.092249393463134766e+00
-6.625278949737548828e+00
-5.769691944122314453e+00
-5.091296672821044922e+00
-5.284861087799072266e+00
-7.243474006652832031e+00
-7.928002357482910156e+00
-7.513592243194580078e+00
-5.413549900054931641e+00
-7.484207153320311612e+00
-8.410722732543945312e+00
-7.912554740905762607e+00
-6.303118228912353516e+00
-6.424755096435547763e+00
-9.962692260742187500e+00
-9.677148818969726562e+00
-9.544627189636230469e+00
-9.254881858825683594e+00
-9.255639076232910156e+00
-7.721253395080566406e+00
-7.780558586120604581e+00
-7.064595699310302734e+00
-6.408989429473877841e+00
-7.049067497253417969e+00
-9.317131996154783380e+00
-1.081515693664550781e+01
-1.239770030975341797e+01
-1.249915885925292969e+01
-1.047714519500732422e+01
-8.393649101257324219e+00
-7.982085227966308594e+00
-8.273314476013183594e+00
-9.613841056823730469e+00
-1.172881221771240234e+01
-1.196155738830566406e+01
-1.148147869110107422e+01
-1.088026523590088068e+01
-1.188015365600585938e+01
-1.057636642456054688e+01
-9.898119926452636719e+00
-9.112122535705566406e+00
-9.781448364257812500e+00
-9.112569808959960938e+00
-8.797026634216308594e+00
-9.242012023925779474e+00
-9.650295257568359375e+00
-9.407741546630859375e+00
-8.579289436340332031e+00
-7.430641651153564453e+00
-5.973577976226807529e+00
-6.525715827941895419e+00
-6.516168117523192471e+00
-5.983865261077880859e+00
-5.977529525756835938e+00
-6.080082893371582031e+00
-4.855348110198974609e+00
-3.570223569869995117e+00
-3.567638397216796875e+00
-3.789634466171264648e+00
-2.807239055633544922e+00
-1.977885365486145020e+00
-1.428511261940002441e+00
-2.424105644226074219e+00
-2.345302343368530273e+00
-1.335402965545654297e+00
-1.701875805854797363e+00
-1.299471735954284890e+00
5.997861623764038086e-01
9.116659164428712048e-01
9.606395959854125977e-01
1.192629218101501687e+00
1.348368287086486816e+00
1.450918078422546387e+00
2.011000871658324751e+00
2.633709669113159180e+00
3.137836694717407227e+00
3.113236904144287109e+00
2.840129375457764116e+00
3.051557302474976030e+00
3.207541704177856445e+00
3.330073356628417969e+00
3.568655967712402344e+00
3.751444578170775923e+00
3.652057647705078125e+00
4.022918224334716797e+00
4.503874301910400391e+00
4.545386791229248047e+00
4.757810592651367188e+00
5.889354705810547763e+00
5.655439853668212891e+00
5.137118339538574219e+00
5.280972003936768466e+00
5.515192031860351562e+00
5.188358783721923828e+00
5.045555591583251953e+00
5.208864212036132812e+00
5.143735885620117188e+00
5.256864547729492188e+00
5.372521877288818359e+00
5.384328842163085938e+00
5.246565818786621094e+00
5.685339927673339844e+00
5.500180721282958984e+00
5.507809638977050781e+00
5.507746219635009766e+00
5.780469417572021484e+00
5.040943145751953125e+00
4.957850933074951172e+00
4.464837074279785156e+00
5.197064876556396484e+00
4.409461975097656250e+00
4.453716754913330078e+00
4.696687698364257812e+00
4.134315967559815341e+00
4.190653800964356357e+00
4.345911502838134766e+00
4.385043621063231534e+00
3.468766450881958008e+00
3.748932600021361417e+00
3.715987920761108843e+00
3.488574981689453125e+00
3.395271062850951704e+00
2.857655763626098189e+00
3.500366926193237305e+00
4.036203384399413174e+00
3.360960721969604492e+00
3.119903564453125000e+00
3.623001813888549805e+00
3.928576231002808061e+00
3.565024614334106445e+00
2.990589857101440430e+00
3.763189792633056641e+00
3.370902776718140093e+00
3.258997917175292969e+00
2.833220958709716797e+00
2.442039251327514204e+00
2.579663991928100586e+00
1.844125628471374290e+00
1.953121662139892800e+00
1.515184402465820312e+00
8.457241058349609375e-01
5.518099665641784668e-01
-4.001790285110473633e-01
4.403035640716552734e-01
4.644102975726128318e-02
-4.630619883537293036e-01
-5.961493253707885742e-01
-4.660938382148743231e-01
1.358789056539535522e-01
-4.862730503082274836e-01
-1.222164988517761230e+00
-1.127149224281311035e+00
-4.056930243968964178e-01
-3.554556891322135925e-02
-7.599415183067321777e-01
-1.087094664573669434e+00
-2.633075714111328125e-01
-8.889310359954833984e-01
-5.601332783699035645e-01
9.464918076992036300e-02
9.161640405654908337e-01
1.056595087051391602e+00
7.340640574693679810e-02
7.636108994483947754e-01
-1.912429463118314743e-03
-4.433672130107880194e-01
3.537412285804748535e-01
6.802870035171508789e-01
5.475479364395141602e-01
1.070071339607238770e+00
1.360593438148498313e+00
1.265457153320312500e+00
6.295209527015686035e-01
-2.980751916766167034e-02
2.064132690429687500e-01
5.666560530662536621e-01
1.182328581809997559e+00
9.678008556365967907e-01
4.853886067867279053e-01
1.755006313323974609e+00
1.048291206359863281e+00
1.178177356719970703e+00
5.074621438980102539e-01
1.439166963100433350e-01
-2.972564995288848877e-01
-1.175841018557548523e-01
-3.383155763149260919e-01
-5.947744846343994141e-01
-6.812362670898437500e-01
-7.359586954116821289e-01
-4.235421717166901190e-01
-7.146537899971008301e-01
-6.022978425025939941e-01
-1.326713860034942627e-01
-3.056669533252716064e-01
-2.683478295803070068e-01
-2.758640050888060968e-01
1.775876164436340332e+00
4.440996050834655762e-01
-7.152763009071350098e-02
2.614519000053405762e-01
4.716812968254089911e-01
3.159108459949492853e-01
2.888105511665344238e-01
5.798912644386291504e-01
1.380979865789413452e-01
4.181128144264221191e-01
2.889116108417510986e-01
9.855781793594359241e-01
1.310540676116943359e+00
8.185579776763916016e-01
3.773822486400604248e-01
5.452249050140380859e-01
1.081363797187805176e+00
6.220676302909851074e-01
5.017072558403015137e-01
4.701160192489624023e-01
1.651515662670135498e-01
1.612235903739929199e-01
2.919713854789733887e-01
4.872882664203643799e-01
3.739680349826812744e-01
8.446890115737915039e-01
1.344317317008972168e+00
1.431518673896789551e+00
7.412126064300537109e-01
-3.461759388446807861e-01
5.314022302627563477e-01
4.647094905376433771e-01
8.918306231498718262e-01
6.639261841773986816e-01
9.548264741897584118e-01
9.209450483322143555e-01
9.685463905334471546e-01
6.385502219200134277e-01
1.164766907691955566e+00
8.301319181919097900e-02
7.484682202339172363e-01
5.120072960853576660e-01
9.475806355476380505e-01
8.185846209526062012e-01
3.630173504352569580e-01
5.389463901519775391e-01
6.366707682609558105e-01
9.578771591186524548e-01
1.237035036087035911e+00
1.195221066474914551e+00
4.264994859695434570e-01
7.376558780670166016e-01
7.047902345657348633e-01
1.224015116691589355e+00
5.257564187049865723e-01
-5.016785860061645508e-01
-2.047749459743500033e-01
2.949568331241608221e-01
1.097156882286071777e+00
5.547895431518554688e-01
-2.862880825996398926e-01
-8.337489962577819824e-01
-2.599298954010010321e-01
-6.172721982002258301e-01
-2.993476688861846924e-01
-8.869569301605224609e-01
-1.786702424287796021e-01
-7.392842769622802734e-01
-6.249757409095764160e-01
3.309428319334983826e-02
1.997680664062500000e-01
-3.374297022819519043e-01
-1.630268454551696777e+00
-7.361025214195251465e-01
-6.206205487251281738e-01
-1.673912853002548218e-01
-1.109030991792678694e-01
8.375264704227447510e-02
8.656135201454162598e-01
-1.868951618671416681e-01
-3.735879063606262207e-01
7.208125591278076172e-01
1.023288846015930176e+00
5.319306254386901855e-01
5.415909290313720703e-01
8.484841585159301758e-01
9.319136738777159534e-01
5.871952176094055176e-01
4.668377041816711981e-01
-1.107781846076250076e-02
1.036549657583236694e-01
9.540311694145203747e-01
1.461277604103088379e+00
1.446805357933044434e+00
8.594079017639159046e-01
8.862397670745849609e-01
6.837970018386840820e-02
2.167380750179290771e-01
7.515358328819274902e-01
8.855919241905212402e-01
6.328854560852050781e-01
3.288466632366180420e-01
5.239206552505493164e-01
-4.832913875579833984e-01
2.459942549467087070e-01
8.523631840944290161e-02
-1.510222256183624545e-01
5.237624049186706543e-03
5.027717947959899902e-01
9.028729200363160290e-01
6.301578283309936523e-01
-3.179737180471420288e-02
-8.689604699611663818e-02
2.981103360652924139e-01
8.226411342620849609e-01
7.074169516563415527e-01
8.810351490974426270e-01
4.207079112529754639e-01
-1.699068248271942139e-01
1.337877511978149414e-01
7.573252916336059570e-01
5.974034070968627930e-01
1.395846456289291382e-01
1.270721912384033203e+00
8.635821938514709473e-01
-7.088539004325868087e-02
5.132844299077988365e-02
1.051608800888061523e+00
1.305734038352966309e+00
2.439946413040161133e+00
1.779811739921569824e+00
1.072004795074463113e+00
1.208548784255981445e+00
6.832444667816162109e-01
1.512435197830200195e+00
1.766695499420166016e+00
1.725237131118774414e+00
1.690133571624756081e+00
1.869161725044250488e+00
1.242527842521667703e+00
2.275490283966064453e+00
2.252474308013916016e+00
2.331806659698486328e+00
1.982234239578246848e+00
2.584664106369018555e+00
2.918619155883788618e+00
2.583199739456176758e+00
2.922278881072998047e+00
4.433072090148925781e+00
3.335544586181640625e+00
3.637723922729491743e+00
2.864834308624268022e+00
3.305158376693725586e+00
2.618749141693115234e+00
2.320311307907104492e+00
1.112507104873657227e+00
2.033700942993164062e+00
2.406051158905029297e+00
2.276998281478881836e+00
1.908653855323791504e+00
1.891972661018372026e+00
2.639606475830078125e+00
2.824370145797729048e+00
2.285361766815185103e+00
3.820329904556273526e+00
1.708596348762512207e+00
1.703362584114074707e+00
1.518217325210571289e+00
2.297809600830078125e+00
2.347054719924926758e+00
1.979099869728088379e+00
1.117383718490600586e+00
1.014064669609069824e+00
1.416623711585998313e+00
2.369017601013184038e+00
1.967619657516479492e+00
1.946974992752075195e+00
1.326630711555480957e+00
5.971488952636718750e-01
5.746510028839111328e-01
1.320990324020385465e-01
1.000268578529357910e+00
-1.589442938566207886e-01
-3.427955210208892822e-01
-9.749065041542052112e-01
-6.161351203918457031e-01
8.955405652523040771e-02
2.423281073570251465e-01
-3.035633563995360773e-01
1.184203252196311951e-01
-9.538843482732772827e-02
1.168837070465087891e+00
3.377628624439239502e-01
-3.057428598403931219e-01
-7.262238860130310059e-02
-7.019759416580200195e-01
-4.708843305706977844e-02
-1.194150924682617188e+00
-1.803369045257568359e+00
-1.325938820838928223e+00
-9.666777849197387695e-01
-1.093651533126830833e+00
-1.630851775407791138e-01
-3.060522377490996759e-01
-7.217457294464111328e-01
-1.349488377571105957e+00
-8.084765672683715820e-01
-8.741361498832702637e-01
-9.999487400054931641e-01
-1.404528498649597168e+00
-1.893318772315979004e+00
-1.773701906204223633e+00
-7.248812317848205566e-01
-9.383374452590942383e-02
-5.395331978797912598e-01
-1.687768578529358132e+00
-1.302079200744629128e+00
-1.174364328384399414e+00
-6.291669011116027832e-01
-4.623325169086455744e-01
-4.602014422416687012e-01
-4.318983852863311768e-01
-1.203462123870849609e+00
-8.297905921936035156e-01
-4.288821816444396973e-01
-1.044850111007690430e+00
-7.757991552352905273e-01
-1.020988702774048074e+00
-3.592850267887115479e-01
4.416550397872924805e-01
-6.948211193084716797e-01
-4.281725287437438965e-01
-1.429315924644470215e+00
-1.048532128334045410e+00
-3.656697869300841730e-01
-2.817426919937133789e-01
3.224068582057952881e-01
-5.042965412139892578e-01
-7.516625523567199707e-01
-5.971523523330688477e-01
-4.000491797924041748e-01
3.892385363578796942e-01
5.161118507385253906e-01
1.211197495460510476e+00
8.926489949226379395e-01
1.059540659189224243e-01
-5.909560918807983398e-01
-2.633889317512512207e-01
-5.998660624027252197e-02
3.621897101402282715e-01
5.327138900756835938e-01
5.740711688995361328e-01
1.849046647548675537e-01
-7.736489921808242798e-02
1.085818648338318093e+00
1.336073875427245872e+00
7.950074672698974609e-01
4.620893597602844238e-01
9.603485465049743652e-01
9.294508695602415882e-01
4.888315796852111816e-01
8.845639824867248535e-01
1.172049403190612793e+00
1.067509770393371582e+00
2.407201230525970459e-01
-2.205144017934799194e-01
-8.140754699707031250e-01
-1.215421557426452637e+00
-9.449861645698548474e-01
-6.929025650024414062e-01
-9.060730785131453080e-02
-1.013751506805420144e+00
-7.454294562339782715e-01
-6.517754197120666504e-01
-1.286643385887145996e+00
-1.081887245178222878e+00
-1.393975168466567993e-01
8.959159255027770996e-01
-6.294806301593780518e-02
-1.129523515701293945e+00
-9.850810766220091663e-01
-1.167342305183410645e+00
-1.146140694618225098e+00
-8.158694505691528320e-01
1.348857730627059937e-01
-1.900422275066376010e-01
6.326754093170166016e-01
5.103144049644470215e-01
-4.553248584270476740e-01
7.757265865802764893e-02
7.469224333763122559e-01
1.488472938537597656e+00
1.145110726356506348e+00
2.156962156295776367e+00
1.017775177955627441e+00
4.592728018760681152e-01
1.196938276290893555e+00
1.300685167312622070e+00
1.626571416854858398e+00
1.829545974731445090e+00
1.454530239105224609e+00
1.087960720062256081e+00
6.100597381591796875e-01
7.430803775787353516e-01
1.091239213943481445e+00
1.309401273727416992e+00
6.787077784538269043e-01
4.561491906642913818e-01
1.657810956239700595e-01
-3.578710928559303284e-02
2.153669148683547974e-01
3.733183741569519043e-01
3.174626827239989679e-01
1.455112844705581387e-01
1.650341600179672241e-01
6.517897844314575195e-01
4.645893722772598267e-02
6.318275630474090576e-02
-7.890167832374572754e-02
-3.125960528850555420e-01
-5.778030157089233398e-01
-4.087514281272888184e-01
-2.781672477722167969e-01
-1.170831918716430803e-01
-4.437387883663177490e-01
-5.280941724777221680e-01
-4.309068620204925537e-01
-2.797363400459289551e-01
8.473319560289382935e-02
2.321881353855133057e-01
2.994039654731750488e-01
2.153505533933639526e-01
-1.853811442852020541e-01
-1.032812237739562988e+00
-1.061340451240539551e+00
-1.011226654052734375e+00
-1.567512273788451926e+00
-1.805252432823180708e+00
-2.705257177352905273e+00
-2.631044626235961914e+00
-2.782493829727173296e+00
-1.423821926116943359e+00
-1.493824362754821777e+00
-1.562932848930358887e+00
-1.921825647354125977e+00
-1.840277910232543945e+00
-1.514288902282714844e+00
-1.507147192955016868e+00
-1.522264122962951660e+00
-1.157488703727722168e+00
-5.793412923812866211e-01
-2.757719159126281738e-01
-5.222094655036926270e-01
-8.010500073432922363e-01
-4.394802153110504150e-01
-1.101451039314270020e+00
-1.410876393318176492e+00
-1.596315503120422363e+00
-1.779864430427551270e+00
-1.272012233734130859e+00
-1.590371370315551758e+00
-7.396943569183349609e-01
-1.152803182601928711e+00
-8.122387528419494629e-01
-6.689387559890747070e-01
-3.627831041812896729e-01
-4.075299799442291260e-01
-6.859055161476135254e-01
-1.404933691024780495e+00
-1.621822118759155273e+00
-1.777049660682678223e+00
-1.723875761032104492e+00
-1.232235789299011230e+00
-1.037835836410522461e+00
-5.431991815567016602e-01
-4.758676886558533270e-01
-4.744056761264801025e-01
-6.431706547737121582e-01
-8.994675278663635254e-01
-2.015431523323059082e-01
1.376959532499313632e-01
5.493215322494506836e-01
-1.337437182664871216e-01
-8.445975184440612793e-02
-1.452549248933792114e-01
3.577748537063598633e-01
2.090991288423538486e-01
6.197739839553833008e-01
-2.395348548889159879e-01
-2.934935390949249268e-01
-1.163148283958435059e-01
-2.029412388801574707e-01
-7.263669371604919434e-01
-2.003598809242248535e-01
-4.422820210456848145e-01
-9.346766769886016846e-02
6.232970952987670898e-01
9.784014821052552380e-01
5.436160564422607422e-01
-2.131450325250625610e-01
-7.917170524597167969e-01
-8.488878011703491211e-01
-5.144275426864624023e-01
-2.436760514974594116e-01
-9.729526638984680176e-01
-8.192335963249206543e-01
-4.618388712406157892e-01
-1.179992794990539551e+00
-1.753691673278808594e+00
-1.567005872726440430e+00
-1.473129630088806152e+00
-1.581681609153747559e+00
-1.177636861801147683e+00
-3.172560036182404120e-01
-2.398563176393508911e-01
3.864518404006958008e-01
5.202705040574073792e-02
-3.521050810813903809e-01
-1.007204055786132812e+00
-6.963205933570861816e-01
-4.563158750534058172e-01
-4.044392704963684082e-01
-1.187988877296447754e+00
-7.931851744651794434e-01
-9.256314039230347790e-01
-4.908889830112457275e-01
-1.250864863395690918e-01
-4.429782330989837646e-01
-2.669663131237030029e-01
-3.653582036495208740e-01
-5.719903111457824707e-01
6.906443741172552109e-03
-5.838708281517028809e-01
-7.480931878089904785e-01
-5.885034203529357910e-01
-7.345967888832092285e-01
-8.400120139122009277e-01
-9.143471717834471546e-01
-7.333701848983764648e-01
-5.536416172981262207e-01
-4.036171436309815008e-01
2.467510700225830078e-01
5.686504840850830078e-01
8.218517303466796875e-01
8.216023445129394531e-01
1.337459325790405273e+00
1.378807187080383301e+00
1.045496702194214089e+00
1.048691153526306152e+00
1.187267184257507102e+00
9.995546936988831677e-01
9.687454104423524059e-01
1.132629990577697754e+00
1.067737579345703125e+00
7.273821234703063965e-01
-1.621205545961856842e-02
1.467177271842956543e-01
-2.205881476402282715e-01
4.308466017246246338e-01
6.820572614669799805e-01
9.779677987098693848e-01
4.627084732055664062e-01
3.890500068664550781e-01
9.670677594840528316e-03
7.097607254981994629e-01
1.796880811452865601e-01
-6.800633072853088379e-01
-6.075237393379211426e-01
-8.497254252433776855e-01
-1.021923542022704856e+00
4.285197257995605469e-01
3.336201012134552002e-01
2.075243145227432529e-01
-1.627434015274048074e+00
-8.446133136749267578e-01
-1.096074104309082031e+00
-1.545491099357604980e+00
-2.360155344009399414e+00
-1.724089503288269043e+00
-1.862396597862244096e+00
-1.985748052597045898e+00
-3.205852985382080078e+00
-3.479906797409057617e+00
-3.268552780151366743e+00
-3.072897911071777344e+00
-2.587237596511840820e+00
-2.509909868240356445e+00
-2.507932424545288086e+00
-1.991176605224609153e+00
-2.320538282394409180e+00
-3.036325931549072266e+00
-2.085677623748779741e+00
-1.694035530090331809e+00
-1.252796888351440430e+00
-7.857757806777954102e-01
-9.497248530387878418e-01
-9.505302906036375843e-01
-6.887222528457641602e-01
-2.036342620849609375e-01
-8.764476180076599121e-01
-1.732704877853393555e+00
-1.684805154800415039e+00
-1.436430573463439941e+00
-1.116832613945007102e+00
-8.375552296638488770e-01
-9.976333975791932263e-01
-8.667935132980346680e-01
-2.654869794845581055e+00
-2.747985601425170898e+00
-2.446405172348022461e+00
-2.333360195159912109e+00
-1.884197831153869629e+00
-2.262690782546997070e+00
-1.181915879249572754e+00
-1.179336309432983398e+00
-1.378498315811157227e+00
-1.223591923713684082e+00
-1.098075151443481445e+00
-1.535493969917297363e+00
-1.646114468574524148e+00
-2.125655174255370650e+00
-1.382340192794799805e+00
-9.955093860626219593e-01
-9.671400785446168102e-01
-8.947379589080809437e-01
-1.058672070503234863e+00
-1.020334601402282715e+00
-5.659778714179992676e-01
-2.255772352218627930e-01
8.498036116361618042e-02
4.696485698223114014e-01
2.175717055797576904e-01
6.998139619827270508e-02
-1.180396080017089844e+00
-6.211491227149963379e-01
-1.431939005851745605e+00
-5.129634141921997070e-01
-2.290835082530975619e-01
-7.386859059333801270e-01
-1.598779082298278809e+00
-2.443083763122558594e+00
-2.497123479843140093e+00
-2.301820516586304155e+00
-2.355247974395751953e+00
-2.587579250335693359e+00
-2.723528146743774414e+00
-2.669906616210937056e+00
-2.353106498718261719e+00
-2.159998893737793413e+00
-2.058243513107300249e+00
-1.328723192214965820e+00
-1.246010065078735352e+00
-1.610881209373473899e+00
-9.346240162849426270e-01
-1.782806038856506348e+00
-6.537722051143646240e-02
-3.730905354022979736e-01
-7.602920532226562500e-01
-5.610697269439697266e-01
-1.317298650741577148e+00
-1.504637956619262695e+00
-1.881224274635314941e+00
-1.100196719169616699e+00
-1.284871697425842507e+00
-1.161058425903320312e+00
-1.066392421722411887e+00
-1.787547349929809570e+00
-1.932322382926940918e+00
-1.429319620132446289e+00
-1.432526111602783203e+00
-1.090859651565551758e+00
-8.965898752212524414e-01
5.933549404144287109e-01
8.895167112350463867e-01
6.050083637237548828e-01
4.772457182407379150e-01
5.076010897755622864e-02
1.921941041946411133e-01
-5.399428606033325195e-01
-7.083552479743957520e-01
-3.038283586502075195e-01
-2.218714207410812378e-01
-4.156430959701538086e-01
-2.513495087623596191e-01
-3.246959149837493896e-01
-2.238025218248367587e-01
-3.064621388912200928e-01
-6.125332713127136230e-01
-2.642548680305480957e-01
-3.548481166362762451e-01
-2.362548708915710449e-01
-2.446589469909667969e-01
7.895674556493759155e-02
-1.690126955509185791e-01
6.376122832298278809e-01
7.673971652984619141e-01
6.192993521690368652e-01
5.912782549858093262e-01
6.071835756301879883e-01
-5.235369801521301270e-01
-9.592805504798888050e-01
-9.493945837020874023e-01
-9.916749000549316406e-01
-8.951609134674072266e-01
-1.255704998970031516e+00
-1.074834585189819114e+00
-1.470341205596923828e+00
-1.382368206977844238e+00
-1.854470372200011985e+00
-5.773659348487854004e-01
-5.810954570770263672e-01
-4.918145239353179932e-01
7.638096809387207031e-02
-2.515369951725006104e-01
-6.879822611808776855e-01
-1.657986998558044434e+00
-8.939004540443420410e-01
-4.489980340003966730e-01
-1.134745717048645020e+00
-5.630003809928894043e-01
-1.189373135566711426e+00
-1.825133919715881126e+00
-2.300486326217651811e+00
-2.633876323699951172e+00
-2.763402700424194336e+00
-2.768214464187622070e+00
-2.866368770599364790e+00
-2.894771337509155718e+00
-2.967156887054443803e+00
-3.249980211257934570e+00
-3.788246870040893555e+00
-3.254395008087158203e+00
-2.197161197662353072e+00
-1.954581022262572798e+00
-1.870568037033081055e+00
-1.906076192855834961e+00
-1.842196583747863992e+00
-1.722065925598144309e+00
-1.681606888771057129e+00
-1.312016248703002930e+00
-1.087392449378967285e+00
-1.413044929504394309e+00
-1.196225404739380105e+00
-8.055793642997741699e-01
-7.048760652542114258e-01
-1.986545443534850852e+00
-2.730133533477783203e+00
-2.531647920608520508e+00
-2.744307518005371094e+00
-1.698908329010009766e+00
-1.133929967880249023e+00
-6.797940731048583984e-01
-5.916484594345092773e-01
-1.053429245948791504e+00
-6.260716319084167480e-01
-6.843175292015075684e-01
-5.640544295310974121e-01
-1.027403950691223145e+00
-5.929096937179565430e-01
-5.012230277061462402e-01
-1.249450922012329102e+00
-2.521219253540039062e+00
-2.792364358901977095e+00
-3.297030448913573775e+00
-2.791940450668334961e+00
-3.207282304763793945e+00
-2.635748624801636186e+00
-2.895051240921020508e+00
-3.850642681121826172e+00
-3.792329311370849609e+00
-3.873000860214233398e+00
-3.098248720169067383e+00
-3.814601182937622070e+00
-3.891226530075072798e+00
-4.215908527374268466e+00
-3.797440767288208008e+00
-3.622510671615600586e+00
-3.641737937927246094e+00
-3.034927606582641602e+00
-2.558858871459960938e+00
-2.368659019470214844e+00
-2.088524341583251953e+00
-1.346329569816589355e+00
-7.993428707122802734e-01
-1.456272840499878152e+00
-1.172415375709533691e+00
-5.846056938171386719e-01
-5.644319057464599609e-01
-1.050359249114990234e+00
-6.102175712585449219e-01
8.727678656578063965e-02
-6.038607656955718994e-02
4.968863129615784247e-01
2.238680869340896884e-01
9.130995869636535645e-01
6.939390301704406738e-01
8.918838500976562500e-01
-3.661743402481079102e-01
-5.387857556343078613e-01
-2.933692038059234619e-01
-1.105950549244880815e-01
3.082455396652221680e-01
6.107597947120666504e-01
1.491487324237823486e-01
5.724356770515441895e-01
2.545417547225952148e-01
6.554806828498840332e-01
4.015976190567017157e-01
1.491960734128952026e-01
4.513876438140869141e-01
-1.842654496431350708e-01
-3.358855247497558594e-01
1.206949725747108459e-01
1.280792951583862305e+00
3.315027654170989990e-01
4.320377111434937079e-01
-5.098521709442138672e-01
-4.117349684238433838e-01
-1.273625016212463379e+00
-1.001574754714965820e+00
-7.320938110351562500e-01
-2.960893213748931885e-01
-1.394610404968261441e-01
-4.439125061035156250e-01
-8.504731655120849609e-01
-1.528625965118408203e+00
-1.874641656875610352e+00
-1.552549004554748313e+00
-8.602977395057678223e-01
2.194925397634506503e-01
-8.143418431282043457e-01
-1.410243272781371848e+00
-2.416586875915527788e+00
-2.103447437286376953e+00
-1.414379835128784180e+00
-7.996590137481690563e-01
-2.751388847827911377e-01
6.098467707633972168e-01
8.764733076095581055e-01
1.273422122001647949e+00
7.291552424430847168e-01
-3.974667489528656006e-01
-9.974566698074339710e-01
4.796098768711090088e-01
5.343893170356749378e-01
2.814461290836334229e-01
-5.175825357437133789e-01
-3.349947035312653143e-01
-9.129151701927183948e-01
-9.041316509246826172e-01
-1.413731217384338379e+00
-1.268312096595764160e+00
-1.166217446327209695e+00
-1.384804844856262207e+00
-1.638008952140808105e+00
-8.822945952415466309e-01
-6.133210659027099609e-01
-8.852578401565551758e-01
-5.255408883094787598e-01
-8.228335976600646973e-01
-1.296633005142211914e+00
-1.846389889717101829e+00
-2.487665176391601562e+00
-2.338010787963866743e+00
-1.597513079643249512e+00
-1.857153296470641868e+00
-2.291606426239013672e+00
-2.378021001815795898e+00
-2.617696046829224077e+00
-2.064503908157348633e+00
-2.220770359039306197e+00
-1.437689661979675293e+00
-1.893182873725891113e+00
-2.747807741165161133e+00
-1.905631661415100098e+00
-1.725378394126891868e+00
-1.419680595397949219e+00
-8.001495003700256348e-01
-6.929177641868591309e-01
-1.333937644958495872e+00
-6.323817372322082520e-01
-4.078637957572937012e-01
-2.484125792980194092e-01
-6.438713669776916504e-01
-2.186946153640746626e+00
-1.984077453613280806e+00
-2.669768571853637695e+00
-2.328183412551879883e+00
-2.592001676559447798e+00
-2.376611232757568359e+00
-1.920083880424499512e+00
-2.027784824371338335e+00
-1.825069069862365501e+00
-2.092290163040160689e+00
-1.914126515388488770e+00
-2.492823362350463867e+00
-2.856808185577392578e+00
-2.920664310455322266e+00
-3.254006862640381303e+00
-3.374149799346923828e+00
-3.314608097076416016e+00
-2.554594039916991743e+00
-2.130274295806884766e+00
-1.776499629020690918e+00
-2.010543823242187500e+00
-1.543424487113952637e+00
-2.205911159515380859e+00
-2.673035144805908203e+00
-2.116893053054809570e+00
-1.405816197395324707e+00
-1.299763798713684082e+00
-1.622870922088623047e+00
-1.200778365135192871e+00
-1.730827927589416504e+00
-1.473480224609375000e+00
-1.988531470298766868e+00
-2.220842361450195757e+00
-2.810552120208739790e+00
-2.851297140121459961e+00
-2.875600337982177734e+00
-3.165859460830688477e+00
-2.655807256698608398e+00
-2.438619136810302734e+00
-2.514682292938232422e+00
-2.737803459167480469e+00
-3.521625280380248579e+00
-4.302077293395996094e+00
-4.288002490997314453e+00
-4.697709560394287109e+00
-4.775007724761962891e+00
-4.849797248840332031e+00
-6.013266563415527344e+00
-5.354482650756835938e+00
-4.931795597076416016e+00
-4.528200149536132812e+00
-4.593054294586181641e+00
-4.841752529144287109e+00
-4.428666591644287109e+00
-4.657639026641846591e+00
-5.217884540557861328e+00
-5.308250427246093750e+00
-5.524077892303466797e+00
