-1.059499830007553239e-01
1.472510248422622681e-01
1.432956606149673462e-01
-1.829677447676658283e-02
-1.774420589208602905e-01
3.429777026176453192e-01
4.374978840351104736e-01
3.265151083469390869e-01
1.554900109767913818e-01
-6.442756205797195435e-02
-4.818281531333923340e-02
-2.518347501754760742e-01
-3.019081652164459229e-01
-2.814928591251372736e-01
-2.869762182235717773e-01
-2.485328316688537598e-01
-2.043412029743194580e-01
-1.783938705921173096e-01
-1.935075819492339810e-01
-3.975727558135985773e-01
-3.652088046073913574e-01
-5.412965416908264160e-01
-4.691662490367889959e-01
-4.167324006557465155e-01
-2.727882862091064453e-01
-1.302226036787033081e-01
-1.488250121474265879e-02
-7.255765050649642944e-02
9.613639675080776215e-03
-9.090223349630830937e-03
-6.178716197609901428e-02
-1.119395941495895386e-01
-1.530552804470062533e-01
-1.312626600265502930e-01
-3.159648180007934570e-01
-9.019973874092102051e-02
-1.705050915479660034e-01
-1.297252774238586426e-01
-6.102193612605332461e-03
6.090152636170387268e-02
8.447050303220748901e-02
7.055505365133286910e-02
6.572221964597702026e-02
-1.520870812237262726e-02
-8.987762033939362960e-02
-6.909839063882827759e-02
-9.551096707582473755e-02
-7.816809415817260742e-02
-2.476795017719268799e-02
3.781084343791007996e-02
2.316293393960222060e-04
-7.508450746536254883e-02
1.071235463023185591e-01
3.180040791630744934e-02
-1.827818304300307950e-01
-8.060692250728607178e-02
-2.962057106196880688e-02
-9.949839860200881958e-02
-6.658201571553946409e-03
-5.103571414947510876e-01
-4.331224560737609863e-01
-3.587365150451660156e-01
-2.536844313144683838e-01
-9.789848327636720138e-02
-1.271898746490478516e-01
5.653734877705574036e-02
1.333444863557815552e-01
1.649293750524520874e-01
2.249764651060104370e-01
2.394840270280838013e-01
2.224738448858261108e-01
2.049266993999480646e-01
2.146681845188140869e-01
3.262093067169188898e-01
3.021608591079711914e-01
3.719902634620666504e-01
4.080397784709929310e-01
4.089836776256560724e-01
3.735412657260894775e-01
3.037799596786499023e-01
2.938291132450103760e-01
2.241844832897186557e-01
1.870319992303848544e-01
1.956574469804764072e-01
2.319413870573044101e-01
2.777514159679412842e-01
3.810470998287200928e-01
4.363493919372559149e-01
3.717226684093474787e-01
2.583825886249542236e-01
1.857433468103408813e-01
-2.210820530308410254e-04
5.836725234985352256e-02
7.932325452566146851e-02
8.407597988843917847e-02
1.025778204202651978e-01
9.950896352529525757e-02
4.358943179249763489e-02
-4.031778313219547272e-03
3.208017721772193909e-02
-1.111828088760375977e-01
-1.111828088760375977e-01
-1.287139207124709805e-01
-1.451933979988097867e-01
-1.419269293546676636e-01
2.701401943340897560e-03
-1.802369020879268646e-02
-1.655579358339309692e-02
-1.403322219848632812e-01
-1.863735914230346680e-01
-2.237170487642287930e-01
-2.871520817279816229e-01
-3.769538700580596924e-01
-2.717461585998535156e-01
-2.847625911235808771e-01
-2.736514210700988770e-01
-2.818362116813660223e-01
-2.367726862430572510e-01
-2.979019284248352051e-01
-3.750198483467102051e-01
-4.539091587066649836e-01
-5.029640197753906250e-01
-4.360387325286865234e-01
-4.860045313835144043e-01
-4.182769358158112127e-01
-2.662727534770965576e-01
-2.094721794128417969e-01
-1.851554661989212036e-01
-3.740963339805603027e-01
-4.364676773548126221e-01
-3.490230739116669256e-01
-3.895100951194763184e-01
-3.834628164768218994e-01
-2.373381257057189941e-01
-1.747398078441619873e-01
-1.250817030668258667e-01
-2.602170705795288086e-01
-2.091525942087173184e-01
-2.819229066371917725e-01
-3.120362162590026855e-01
-3.539949655532836914e-01
-3.590294718742370605e-01
-3.387301266193389893e-01
-2.739896476268768311e-01
-1.863513737916946411e-01
-1.813033968210220614e-01
-1.222832947969436507e-01
-2.716506421566008966e-01
-2.820141017436981201e-01
-2.159445434808731079e-01
-1.898310482501983920e-01
-1.082445085048675676e-01
-3.645185008645058372e-02
2.618992328643799175e-02
7.262176275253295898e-02
6.993474066257476807e-02
5.511168763041496277e-02
-1.555211693048477173e-01
-1.778238564729690552e-01
-1.751871854066848755e-01
-1.687635928392410556e-01
-4.510647431015968323e-02
6.402941048145294189e-02
3.113458119332790722e-02
9.436839818954467773e-02
1.677605062723159790e-01
1.589879691600799561e-01
5.023772642016411522e-02
1.931422576308250427e-02
7.303757965564727783e-02
9.092247486114501953e-02
1.521711498498916626e-01
1.544572561979293823e-01
2.155800014734267911e-01
2.291593104600906372e-01
2.052382826805114746e-01
1.595832705497741422e-01
2.575502097606658936e-01
2.060657441616058627e-01
9.828086197376252608e-02
7.950724661350250244e-02
6.458622962236404419e-02
5.315763503313065269e-02
4.654290154576301575e-02
4.772453382611274719e-02
5.018772929906845093e-02
5.902821943163872459e-02
5.778537690639496543e-02
5.612869560718536377e-02
4.815421998500823975e-02
4.120652005076408386e-02
1.477442681789398193e-02
5.545334890484809875e-02
1.541553884744644165e-01
8.354789763689041138e-02
-4.195582121610641479e-03
-1.098140478134155273e-01
-1.359008550643920898e-01
-2.274292260408400934e-01
-2.910431325435638428e-01
-3.138717114925384521e-01
-3.096034526824951172e-01
-3.560849726200103760e-01
-3.063119053840637207e-01
-3.241687417030334473e-01
-2.620388865470886230e-01
-1.915754079818725586e-01
-1.371307373046875000e-01
-1.079258844256401062e-01
-8.587472140789031982e-02
-9.301252663135527177e-02
-9.685489535331726074e-02
-8.121113479137420654e-02
-2.943076379597187042e-02
-2.415655553340911865e-02
-3.476563841104507446e-03
1.042476147413253784e-01
1.887314468622207919e-01
2.300124764442444125e-01
2.057993561029434482e-01
1.398643255233764371e-01
7.213177531957626343e-02
2.058651670813560486e-02
8.593982458114624023e-02
1.130007877945899963e-01
1.465966552495956421e-01
1.620845943689346591e-01
1.311793774366378784e-01
5.377794802188873291e-02
-5.067799612879753113e-02
-1.525905728340148926e-01
-2.383674532175064087e-01
-2.681321501731873114e-01
-1.483042836189270020e-01
-5.042742565274239280e-02
7.250189036130905151e-02
9.518229216337203979e-02
1.257873326539993286e-01
6.978870183229446411e-02
-5.189543217420578003e-02
-1.563921570777893066e-01
-2.093442678451538086e-01
-1.897495388984679898e-01
-9.091395884752273560e-02
6.803891807794570923e-02
2.350319772958755493e-01
3.533725738525390625e-01
3.848589956760407049e-01
2.259603142738342563e-01
8.174831420183183150e-02
1.031528320163488388e-02
-8.587469905614852905e-02
-3.701153770089149475e-02
3.027974814176559448e-02
1.358893662691116611e-01
2.346045225858688632e-01
2.757373452186584473e-01
2.369377762079238892e-01
1.305635720491409302e-01
5.518782138824462891e-02
-8.124507218599319458e-02
-8.987567573785781860e-02
-2.783622406423091888e-02
2.487912029027939190e-02
2.801170758903026234e-02
9.632346779108047485e-02
1.264122575521469116e-01
9.465904533863067627e-02
9.627828001976013184e-02
-8.373538963496685028e-03
-1.138146370649337769e-01
-2.043717056512832642e-01
-2.332791239023208896e-01
-1.794132143259048462e-01
-6.371517479419706864e-02
6.256810575723648071e-02
1.605294793844223022e-01
1.931288689374923984e-01
5.214654654264450073e-02
-5.381850060075521469e-03
-7.318938523530960083e-02
-1.809826195240020752e-01
-1.467999219894409180e-01
-1.418144255876541138e-01
-9.344856441020965576e-02
-2.286190725862979889e-02
3.488315269351005554e-02
7.476213574409484863e-02
7.398929446935653687e-02
-4.972064122557640076e-02
-6.728272885084152222e-02
-1.414160709828138351e-02
-1.023704558610915999e-01
-1.686085462570190430e-01
-2.146595120429992676e-01
-2.318305820226669034e-01
-1.493513435125350952e-01
-1.361298710107803345e-01
-1.302183419466018677e-01
-1.241528913378715515e-01
-1.156624853610992432e-01
-1.087482273578643799e-01
-1.156476885080337524e-01
-1.352512389421463013e-01
-6.556474417448043823e-02
-1.295348703861236572e-01
-9.365316480398178101e-02
2.689035795629024506e-02
-2.186484634876251221e-02
-9.426643140614031011e-03
-2.631918340921401978e-02
-4.491383582353591919e-02
-6.574966758489608765e-02
-6.844096630811691284e-02
-4.474566131830216148e-02
-8.386881090700626373e-03
1.282597798854112625e-02
3.334154188632965088e-02
4.133080691099166870e-02
1.062401980161666731e-01
6.761447340250015259e-02
-2.545817405916750431e-04
-9.363329410552979903e-02
-1.065575405955314636e-01
-1.429234147071838379e-01
-1.886743009090423862e-01
-1.227925568819046021e-01
-9.431637823581695557e-02
2.679291181266308178e-02
5.311317369341850281e-02
3.159036487340927124e-02
-4.612575843930245140e-02
-1.721527278423309326e-01
-2.449409812688827515e-01
-3.832976520061492920e-01
-3.966711759567260742e-01
-3.451758921146392822e-01
-3.098706603050231934e-01
-2.541680932044982910e-01
-1.429955959320068637e-01
-2.190341651439666748e-01
-2.454231232404708862e-01
-3.247321546077728271e-01
-4.398425817489624023e-01
-5.485699772834777832e-01
-5.926502943038940430e-01
-4.560789763927460272e-01
-3.160433471202850342e-01
-2.997260689735413153e-01
-1.312034875154495239e-01
-3.839196264743804932e-02
-1.102307289838790755e-01
-1.655674278736114502e-01
-1.577017754316329956e-01
-3.464838862419128418e-02
-2.416751720011234283e-02
1.177642587572336197e-02
-1.186328157782554488e-01
-1.050202026963233948e-01
-1.143571063876152039e-01
-1.926501244306564609e-01
-1.810271739959716797e-01
-1.391401588916778564e-01
-9.141954779624940353e-02
-2.576006203889846802e-02
5.243903398513793945e-02
9.794002026319503784e-02
8.519700914621353149e-02
3.780078515410423279e-02
-3.538529947400093079e-02
-9.756141155958175659e-02
-1.268309652805328369e-01
-1.315678358078002930e-01
-2.200202643871307373e-02
2.343575283885001789e-02
3.042502328753471721e-02
3.162052109837532043e-02
-1.181806251406669478e-01
-2.266905307769775391e-01
-3.162537813186644953e-01
-3.451044261455535889e-01
-3.222460746765137274e-01
-3.183584213256835938e-01
-2.929798960685729980e-01
-2.823601365089416504e-01
-2.898502349853516180e-01
-3.117057383060455322e-01
-2.376870512962341031e-01
-2.022551447153091431e-01
-1.326896399259567261e-01
-7.643894106149672074e-02
-2.027136683464050571e-01
-2.088387161493301114e-01
-2.448363155126571933e-01
-2.163361459970474521e-01
-3.194286227226256769e-01
-3.113929629325867254e-01
-2.466247230768204013e-01
-2.697935402393341064e-01
-2.821115553379058838e-01
-2.532804012298583984e-01
-2.681382000446320135e-01
-1.826889216899872104e-01
-6.972602009773254395e-02
-3.643410652875900269e-02
-1.505421102046966553e-02
2.569098956882953644e-02
8.669885806739330292e-03
-3.279414772987366417e-02
-8.532241731882095337e-02
-1.263279914855957031e-01
-1.349275261163711548e-01
-1.072958260774612427e-01
-8.770779520273208618e-02
-7.591052353382110596e-02
-1.678727753460407257e-02
-1.160684376955032487e-01
-2.817054688930511475e-01
-3.293387591838837225e-01
-4.492354393005371094e-01
-4.703589677810668945e-01
-4.863903820514678955e-01
-3.034665882587432861e-01
-2.275482714176177979e-01
-7.050133496522902055e-02
2.411219291388988495e-02
-1.231279410421848471e-02
-6.586202234029769897e-02
-1.518071144819259366e-01
-2.264879941940307895e-01
-1.817546784877777100e-01
-1.907526999711990634e-01
-2.314750999212265015e-01
-3.165807723999023438e-01
-3.793143630027770996e-01
-5.639652013778686523e-01
-6.420502066612243652e-01
-6.188964843750000000e-01
-6.067518591880798340e-01
-5.700387358665466309e-01
-6.023088097572326660e-01
-5.664011836051940918e-01
-5.669215321540832520e-01
-6.077132821083068848e-01
-6.087139248847961426e-01
-5.808513760566711426e-01
-6.236391663551330566e-01
-5.426887273788452148e-01
-5.770809054374694824e-01
-4.180054664611815851e-01
-4.510999321937561035e-01
-2.550812959671020508e-01
-1.174127757549286027e-01
-1.872830688953399936e-01
-1.574710905551910400e-01
-2.683151066303253174e-01
-1.750867962837219238e-01
-1.173107773065567017e-01
-5.923082306981087425e-02
1.412909328937530518e-01
4.001778662204742432e-01
2.784794569015502930e-01
4.350174069404602051e-01
3.828454911708831787e-01
4.026528000831604004e-01
1.900642663240432739e-01
7.661734521389007568e-02
4.566768184304236672e-02
6.608790904283523560e-02
3.112907409667968750e-01
5.040532350540161133e-01
7.645177245140075684e-01
1.058840036392212136e+00
1.092242002487182617e+00
1.158253431320190430e+00
1.236431241035461426e+00
1.111973166465759277e+00
9.246731996536255993e-01
9.006758928298950195e-01
7.854358553886413574e-01
7.221584916114807129e-01
6.633644700050354004e-01
7.619521617889404297e-01
7.665856480598449707e-01
7.882828116416931152e-01
7.080907225608825684e-01
6.716320514678955078e-01
5.885740518569946289e-01
4.986896514892578125e-01
4.436369240283966064e-01
4.301365315914154053e-01
4.906494915485382080e-01
5.721302628517150879e-01
6.842328906059265137e-01
8.296963572502136230e-01
8.401134610176086426e-01
8.295214176177978516e-01
8.994284868240356445e-01
8.866695761680603027e-01
8.344613909721374512e-01
7.958669662475585938e-01
7.390112280845642090e-01
8.423364162445068359e-01
1.007405042648315430e+00
1.131459355354309082e+00
1.199417710304260476e+00
1.224393963813781516e+00
1.085705041885375977e+00
8.224858045578002930e-01
6.850671172142028809e-01
5.495508909225463867e-01
4.962327480316162109e-01
6.755416393280029297e-01
8.874057531356811523e-01
1.199618577957153098e+00
1.254179000854492188e+00
1.247918009757995605e+00
1.072604417800903098e+00
9.074410796165466309e-01
6.190693974494934082e-01
3.206791579723358154e-01
2.580107450485228937e-01
1.463095545768737793e-01
2.540048658847808838e-01
3.627429902553558350e-01
5.987839698791503906e-01
7.700326442718505859e-01
7.603147029876708984e-01
6.040803790092468262e-01
5.035515427589416504e-01
-8.636022917926311493e-03
-2.163544446229934692e-01
-3.158257007598876953e-01
-3.403853178024291992e-01
-6.375334858894348145e-01
-5.673398375511169434e-01
-7.386619448661804199e-01
-6.379899978637695312e-01
-1.026316642761230469e+00
-1.012228488922119141e+00
-1.117752194404602051e+00
-1.249999523162841797e+00
-1.222054958343506081e+00
-1.245570778846740723e+00
-1.207760095596313699e+00
-1.280792355537414551e+00
-1.187729835510254128e+00
-1.307715773582458496e+00
-1.266274452209472878e+00
-1.366673707962035911e+00
-1.406316876411437988e+00
-1.358671903610229492e+00
-1.215164303779602051e+00
-1.004079699516296387e+00
-8.512869477272033691e-01
-7.945337295532226562e-01
-6.442432403564453125e-01
-6.294961571693420410e-01
-6.391161680221557617e-01
-6.120491027832031250e-01
-5.854657292366027832e-01
-6.073125004768371582e-01
-5.935008525848388672e-01
-5.502882003784179688e-01
-4.912407398223876953e-01
-3.668414354324340820e-01
-2.520892918109893799e-01
7.477025687694549561e-02
1.366614550352096558e-01
1.951951384544372836e-01
2.508929967880249023e-01
5.631181225180625916e-02
-1.160150952637195587e-02
-2.743286788463592529e-01
-3.770412504673004150e-01
-3.140030205249786377e-01
-1.299254894256591797e-01
1.777152270078659058e-01
1.967610716819763184e-01
4.666579365730286200e-01
5.609063506126403809e-01
6.583908200263977051e-01
6.957403421401977539e-01
6.194414496421813965e-01
4.893203675746917725e-01
4.898081123828887939e-01
4.789289832115172785e-01
5.524330735206604004e-01
7.485222816467285156e-01
7.821950316429138184e-01
1.023059129714965820e+00
1.119315624237060325e+00
1.118822336196899414e+00
1.203608512878417969e+00
1.124183416366577148e+00
9.107067584991456188e-01
8.240535259246826172e-01
7.685334682464599609e-01
6.022033095359802246e-01
6.162520647048950195e-01
6.565353274345397949e-01
5.604804158210754395e-01
5.759969353675842285e-01
6.749560832977294922e-01
7.174090147018432617e-01
6.954797506332397461e-01
6.909534931182861328e-01
6.541407704353332520e-01
5.925403237342834473e-01
5.794386863708496094e-01
4.680069386959075928e-01
4.695836901664733887e-01
4.314880371093750000e-01
3.180788159370422363e-01
2.628064751625061035e-01
2.634652853012084961e-01
3.396072983741760254e-01
3.161725997924805243e-01
1.724822223186492920e-01
1.487481221556663687e-02
-2.021267861127853116e-01
-4.981385767459868830e-01
-8.634570240974426270e-01
-8.627158403396606445e-01
-1.147581577301025391e+00
-1.228540539741515891e+00
-1.196587800979614480e+00
-1.197467327117919922e+00
-1.261676549911499023e+00
-1.297680854797363281e+00
-1.407444000244140625e+00
-1.463061690330505371e+00
-1.658966422080993652e+00
-1.897063374519347922e+00
-2.021696805953979492e+00
-2.192203283309936523e+00
-2.260703325271606445e+00
-2.151559591293334961e+00
-1.948313117027282715e+00
-1.712072372436523438e+00
-1.676080226898193359e+00
-1.585044741630554199e+00
-1.695144534111023171e+00
-1.729072093963623047e+00
-1.802139282226562500e+00
-1.951281428337096724e+00
-1.902927517890930398e+00
-1.662611603736877441e+00
-1.222038388252258301e+00
-1.042589426040649414e+00
-6.301093697547912598e-01
-6.317574381828308105e-01
-6.135765910148620605e-01
-7.916923761367797852e-01
-8.860366344451904297e-01
-8.186033964157104492e-01
-5.998257398605346680e-01
-3.716279566287993275e-01
7.381861656904220581e-02
4.267525970935821533e-01
6.114742755889892578e-01
7.361842393875122070e-01
7.312096953392028809e-01
5.485145449638366699e-01
4.556124508380889893e-01
3.647233545780181885e-01
3.221676945686340332e-01
3.006480038166046143e-01
2.221209406852722446e-01
3.371354565024375916e-02
-9.485273808240890503e-02
1.765359565615653992e-02
-9.473417699337005615e-02
-1.154319122433662553e-01
2.345184423029422760e-02
1.307730376720428467e-01
2.168922424316406528e-01
2.196378856897354126e-01
1.137079820036887984e-01
4.884496703743935325e-02
-1.175661105662584305e-02
-6.348962336778640747e-02
-9.770964086055755615e-02
-1.854780614376068115e-01
-2.311339378356933594e-01
-2.581561207771301270e-01
-2.459909766912460605e-01
-3.397410213947296143e-01
-3.649021387100220282e-01
-2.750107944011688232e-01
-1.048032268881797791e-01
-2.698620967566967010e-02
2.271861881017684937e-01
2.380850613117218018e-01
2.297421842813492099e-01
9.522921591997147994e-02
-2.852624356746673584e-01
-4.721968173980712891e-01
-8.255524039268493652e-01
-7.659731507301330566e-01
-9.099430441856384277e-01
-8.108962774276733398e-01
-7.068239450454711914e-01
-7.502508759498596191e-01
-6.436241269111633301e-01
-6.240281462669372559e-01
-5.405111908912658691e-01
-5.230478048324584961e-01
-5.285629630088806152e-01
-3.743274509906768799e-01
-3.466005325317382812e-01
-4.181523323059082031e-01
-4.080297052860260010e-01
-2.921740710735321045e-01
-2.016422599554061890e-01
-1.552309840917587107e-02
-1.183996675536036491e-03
-2.406244911253452648e-02
5.878095701336861351e-02
2.524448558688164104e-02
-7.712427061051129427e-03
5.827949196100234985e-02
-1.514394581317901611e-02
7.331581413745880127e-02
1.997014880180359234e-02
1.504903286695480624e-01
2.059701383113861084e-01
1.388745605945587158e-01
1.914394348859786987e-01
1.455329954624176025e-01
1.618846207857131958e-01
1.864099055528640747e-01
1.744855493307113370e-01
1.259793043136596680e-01
1.927809119224548617e-01
2.825209796428680420e-01
3.671215474605559748e-01
3.492748737335205078e-01
3.885514736175537109e-01
4.128312766551970880e-01
4.362093210220336914e-01
5.567409992218017578e-01
5.693051815032958984e-01
6.311975717544555664e-01
7.841041684150695801e-01
7.541818618774414062e-01
9.292240142822265625e-01
9.668347835540771484e-01
7.967249155044555664e-01
8.292437195777893066e-01
8.801411986351013184e-01
8.099692463874816895e-01
7.013266682624816895e-01
7.347879409790039062e-01
8.072063922882080078e-01
9.157723188400268555e-01
1.014324426651000977e+00
8.800975680351257324e-01
8.279781341552734375e-01
7.373353242874145508e-01
6.768334507942199707e-01
7.869966030120849609e-01
8.779911398887634277e-01
1.000588774681091309e+00
1.158810496330261230e+00
1.292285442352294922e+00
1.284354448318481445e+00
1.291112303733825684e+00
1.133178710937500000e+00
1.077510476112365501e+00
1.073597669601440430e+00
1.048675537109375000e+00
1.141703009605407493e+00
9.909545183181763806e-01
9.177393913269044079e-01
7.747964262962341309e-01
7.176621556282043457e-01
7.203977108001708984e-01
5.587545037269592285e-01
3.738212883472442627e-01
4.483973979949951172e-01
2.119278311729431152e-01
1.734664887189865112e-01
6.561065465211866898e-02
4.980349168181419373e-02
1.279665231704711914e-01
2.057558447122573575e-01
1.597037613391876221e-01
1.383817046880722046e-01
7.669531553983686967e-02
-4.764190688729286194e-02
-7.552107423543930054e-02
-2.801111340522766113e-01
-2.402756959199905118e-01
-3.109138906002045233e-01
-3.342551290988922119e-01
-3.369787633419036865e-01
-4.445924758911132812e-01
-6.008995175361633301e-01
-7.684706449508666992e-01
-9.165975451469420276e-01
-8.997079133987426758e-01
-1.106242179870605691e+00
-1.132397770881652832e+00
-1.030150532722473145e+00
-9.512910842895507812e-01
-9.000383019447326660e-01
-9.012910127639770508e-01
-8.958605527877807617e-01
-8.544952869415283203e-01
-7.398138046264648438e-01
-7.294579744338989258e-01
-5.331269502639770508e-01
-4.413271844387054443e-01
-3.625860810279846191e-01
-2.535105049610137939e-01
-1.592980325222015381e-01
-1.003176048398018022e-01
-1.612294316291809082e-01
-1.697276532649993896e-01
-2.545802295207976740e-01
-2.493911087512969971e-01
-2.071572393178940097e-01
-7.388330250978469849e-02
-5.310819251462816108e-04
-2.180272340774535786e-02
-4.179942607879638672e-02
3.165616840124130249e-02
9.075644612312316895e-02
2.077136784791946411e-01
1.517200320959091187e-01
1.719544529914855957e-01
1.153153851628303528e-01
1.364737749099731445e-01
1.087073683738708357e-01
-5.961023634881712496e-05
-1.818246692419052124e-01
-2.590602040290832520e-01
-4.911479353904724121e-01
-5.290493965148925781e-01
-6.376602649688720703e-01
-5.706272721290588379e-01
-5.281248092651367188e-01
-4.269365370273590088e-01
-3.909056186676025391e-01
-3.440435230731964111e-01
-3.873488008975983221e-01
-2.585628628730773926e-01
-1.349883228540420532e-01
-2.417597919702530185e-01
-8.687615394592285156e-02
5.117932334542274475e-02
6.773198395967483521e-02
4.488056898117065430e-02
7.352178543806076050e-02
8.162641525268554688e-02
6.995006650686264038e-02
5.755587015300989151e-03
5.842670798301697471e-02
-3.097711689770221710e-02
-1.352452039718627930e-01
-2.397881597280502597e-01
-1.767634749412536621e-01
-1.865034103393554688e-01
-1.025238782167434692e-01
-1.885012239217758456e-01
-3.274946287274361351e-02
9.053186327219009399e-02
8.286245167255402999e-02
1.897259987890720367e-02
-8.572328090667724609e-02
-3.842119127511978149e-02
-2.131727635860443115e-01
-3.499575853347778320e-01
-3.343880474567412775e-01
-2.625081539154052734e-01
-6.114910542964935303e-02
-3.484682738780975342e-02
-1.474133459851145527e-03
-2.249775677919388095e-01
-3.500306010246276855e-01
-2.917620837688446045e-01
-3.089990019798278809e-01
-2.769464850425720215e-01
-2.350314408540725430e-01
-8.521192520856857300e-02
-6.924097985029220581e-02
-2.818230912089348186e-02
5.379342287778854370e-02
1.357046812772750854e-01
9.241833537816999955e-02
8.255746215581893921e-02
2.206879556179046631e-01
3.355506658554077148e-01
2.903775274753570557e-01
3.414778113365172785e-01
2.139249294996261597e-01
1.497661918401717862e-01
2.187996953725814819e-01
2.830805480480194092e-01
2.144297957420349121e-01
3.531518280506134033e-01
5.157663822174072266e-01
5.185093283653259277e-01
6.656777262687683105e-01
6.181979775428771973e-01
6.145961284637451172e-01
5.909204483032226562e-01
5.805189013481140137e-01
6.006257534027099609e-01
6.360923647880554199e-01
6.798217892646789551e-01
7.311878204345703125e-01
8.690037131309509277e-01
9.999287724494934082e-01
9.476160407066344105e-01
9.386464953422546387e-01
9.604435563087464489e-01
9.352544546127320446e-01
9.823065400123596191e-01
9.700337648391723633e-01
9.143711328506469727e-01
9.595043659210203968e-01
9.877074360847472034e-01
9.192675352096557617e-01
9.835156202316284180e-01
9.414368271827697754e-01
9.490980505943298340e-01
9.246922135353088379e-01
7.974220514297485352e-01
6.428500413894653320e-01
6.301375031471252441e-01
4.884891808032990057e-01
4.952035248279572088e-01
5.465303659439086914e-01
5.226056575775146484e-01
4.704425930976868231e-01
4.577958583831787109e-01
3.256056904792785645e-01
2.484064400196075439e-01
1.599261015653610229e-01
8.873049169778823853e-02
4.506238922476768494e-02
3.476592153310776451e-02
-6.633209995925425616e-03
3.925253078341484070e-02
-1.114897057414054871e-02
-9.250519424676896529e-02
-1.322963833808898926e-01
-2.039554268121719638e-01
-2.210512608289718628e-01
-2.487149536609649381e-01
-4.189781248569489081e-01
-4.990838170051575262e-01
-5.722396373748779297e-01
-6.923704147338867188e-01
-6.168347597122192383e-01
-5.095913410186767578e-01
-5.975236892700195312e-01
-5.922163128852844238e-01
-6.059985756874084473e-01
-5.753822922706604004e-01
-6.484529376029968262e-01
-7.215574979782104492e-01
-7.696247100830078125e-01
-7.851356267929077148e-01
-7.499017715454101562e-01
-6.647753715515136719e-01
-6.322439908981323242e-01
-4.474517405033112127e-01
-3.664932847023010254e-01
-3.975114822387694757e-01
-3.879908621311187744e-01
-4.206695258617401123e-01
-4.813864827156066895e-01
-5.553028583526611328e-01
-5.536713004112243652e-01
-5.264590382575988770e-01
-5.158696770668029785e-01
-4.294970929622650146e-01
-3.706080913543701172e-01
-2.923448383808135986e-01
-3.095339536666870117e-01
-2.088818550109863559e-01
-1.517240256071090698e-01
-2.666065990924835205e-01
-2.110734432935714722e-01
-1.391389220952987393e-01
-1.800661534070968628e-01
-2.296646311879158020e-02
5.693933926522731781e-03
2.105254083871841153e-01
4.207241237163544256e-01
4.519098401069641113e-01
6.057099699974060059e-01
5.477021932601928711e-01
5.582967400550842285e-01
4.941318333148955744e-01
3.917745351791381836e-01
3.041008412837982178e-01
3.409601151943206787e-01
3.665911853313446045e-01
4.714344739913940985e-01
5.186697840690612793e-01
6.054815053939819336e-01
4.777520596981049139e-01
5.064911842346191406e-01
4.032670855522155762e-01
3.045512139797211248e-01
3.196079432964324951e-01
3.113874793052672785e-01
3.513168692588806152e-01
4.165078103542327881e-01
4.637980461120606024e-01
4.701667726039887030e-01
4.272179603576660156e-01
4.035345315933228094e-01
2.748594582080841064e-01
2.442694306373595914e-01
1.600178480148315430e-01
1.346442997455596924e-01
2.439037412405014038e-01
3.027032911777496338e-01
3.644724488258361816e-01
4.029644131660460871e-01
3.884975016117095947e-01
3.080266714096068781e-01
1.706785112619400024e-01
1.662242263555526733e-01
8.430910855531692505e-02
4.749960824847220681e-02
-8.623006753623485565e-03
-4.980883095413446426e-03
2.634100057184695851e-02
6.852303445339202881e-02
1.061761453747749190e-01
1.158842518925666809e-01
7.017470896244049072e-02
1.360177546739578247e-01
2.462255209684371948e-02
3.031375352293252945e-03
-7.228682190179824829e-02
2.758512087166309010e-02
-1.093776663765311241e-03
2.590199932456016541e-03
2.262161299586296082e-02
-3.527811169624328613e-02
-5.519971996545791626e-02
-4.411045461893081665e-02
-7.176773250102996826e-02
-1.636663526296615601e-01
-6.953214108943939209e-02
-8.986204117536544800e-02
-6.432956457138062911e-02
-5.137772113084793091e-02
-5.709544941782952743e-02
-9.813855402171611786e-03
-2.678469009697437286e-02
-1.523894071578979492e-01
-1.857970654964447021e-01
-2.549782991409301758e-01
-2.254896610975264948e-01
-2.838134467601776123e-01
-1.893019974231719971e-01
-1.326669007539749146e-01
-7.163329422473907471e-02
-3.277945145964622498e-02
-7.898544520139694214e-02
-1.829284280538558960e-01
-3.124412000179290771e-01
-3.792226016521453857e-01
-4.484414756298065186e-01
-3.170693814754486084e-01
-3.476187884807587225e-01
-3.064455687999724787e-01
-2.541196048259735107e-01
-3.177295923233032227e-01
-2.937270402908325195e-01
-2.362890690565108975e-01
-1.563833206892013550e-01
-1.322589814662933350e-01
-3.298679590225219727e-01
-3.269002437591552734e-01
-2.848143279552460272e-01
-2.831778526306152344e-01
-2.617105543613433838e-01
-2.181591987609863559e-01
-1.544636040925979614e-01
-1.748377531766891479e-01
-2.685863673686981201e-01
-2.271723449230194092e-01
-8.549289405345918136e-02
1.183149963617324690e-01
2.403222769498825073e-01
3.184191286563872736e-01
3.479191660881042480e-01
3.496295511722565252e-01
3.035140633583068848e-01
2.238715291023254395e-01
1.648073345422744751e-01
3.006196916103363037e-01
3.223206400871276855e-01
4.051579833030701239e-01
4.639266431331633966e-01
4.553593099117279053e-01
3.764369785785675049e-01
3.975127935409545898e-01
4.050480425357818604e-01
4.453567564487457275e-01
4.598704874515532892e-01
5.152054429054260254e-01
6.274621486663818359e-01
7.037612199783325195e-01
6.889964938163757324e-01
5.973064303398132324e-01
6.022685170173645020e-01
7.153940796852111816e-01
8.059124350547790527e-01
8.605735898017883301e-01
8.523859977722167969e-01
8.459211587905883789e-01
9.848331809043884277e-01
1.109333276748657227e+00
1.066509008407592773e+00
8.796687722206115723e-01
8.481624722480773926e-01
6.559325456619262695e-01
6.526369452476501465e-01
6.364799737930297852e-01
6.046234965324401855e-01
5.320748686790466309e-01
6.315788626670837402e-01
6.064932346343994141e-01
5.312711596488952637e-01
7.221944928169250488e-01
5.827299356460571289e-01
4.879600107669829767e-01
5.362873077392578125e-01
4.342711567878723145e-01
3.182108700275421143e-01
4.661047160625457764e-01
3.383657932281494141e-01
2.224631309509277344e-01
-8.311348408460617065e-02
-3.512546420097351074e-01
-3.491293787956237793e-01
-5.317439436912536621e-01
-4.447510540485382080e-01
-3.280262947082519531e-01
-2.425983250141144076e-01
-1.646698713302612582e-01
-1.578607857227325439e-01
-7.691776156425476074e-01
-1.020191073417663574e+00
-1.313596844673156738e+00
-1.186809182167053223e+00
-8.035806417465209961e-01
-5.913223028182983398e-01
-4.534336626529694159e-01
-6.298207044601440430e-01
-1.015976428985595703e+00
-1.321403622627258301e+00
-1.660577535629272461e+00
-1.858062982559204102e+00
-1.952737569808959961e+00
-1.978156328201293945e+00
-1.988657116889953613e+00
-1.852240085601806419e+00
-1.527307510375976562e+00
-1.205869555473327637e+00
-1.000464081764221191e+00
-9.728671312332152210e-01
-1.305480718612670898e+00
-1.491882920265197754e+00
-1.688605666160583496e+00
-1.660857319831847922e+00
-1.408256292343139648e+00
-1.228317618370056152e+00
-8.978278040885925293e-01
-7.875482439994812012e-01
-8.257370591163635254e-01
-7.433643341064453125e-01
-7.450108528137207031e-01
-7.308734059333801270e-01
-7.684304714202880859e-01
-8.058286309242248535e-01
-7.262797355651855469e-01
-6.627721786499023438e-01
-5.176334977149963379e-01
-2.944051027297973633e-01
-2.527404427528380793e-01
-4.256062805652617298e-01
-3.968463540077209473e-01
-4.279206097126007080e-01
-1.626748740673065186e-01
3.939745947718620300e-03
3.772635161876679022e-01
6.324366331100463867e-01
7.254478931427001953e-01
5.841704607009887695e-01
1.652801185846328735e-01
-1.716639101505279541e-01
-4.447218775749207098e-01
-9.127231240272521973e-01
-9.389089941978455700e-01
-9.765321612358092151e-01
-7.568998932838441052e-01
-6.956554055213928223e-01
-5.329810380935668945e-01
-4.412279427051544189e-01
-1.973994672298431396e-01
-1.435846537351608554e-01
-2.674237191677092951e-01
-3.739632070064545233e-01
-5.914410352706909180e-01
-8.724746108055114746e-01
-1.006887197494506836e+00
-1.361719131469726562e+00
-1.524875879287719505e+00
-1.338728904724120872e+00
-1.088546395301818848e+00
-5.770222544670104980e-01
-4.010120332241057239e-01
-4.369979500770568848e-01
-7.109375596046447754e-01
-1.082962989807129128e+00
-1.363655924797057883e+00
-1.343165040016174316e+00
-1.210966587066650391e+00
-9.999637603759765625e-01
-8.219557404518127441e-01
-6.280704140663146973e-01
-4.287497699260712225e-01
-3.200796246528624933e-01
-2.467712312936783114e-01
-4.079442024230957031e-01
-3.924005925655364990e-01
-4.383543431758881170e-01
-5.551084876060485840e-01
-6.379082202911376953e-01
-6.821566224098205566e-01
-7.385283708572387695e-01
-5.348476767539978027e-01
-4.728176891803742010e-01
-4.040266573429108221e-01
-4.935068190097808838e-01
-5.409713387489318848e-01
-5.152858495712279163e-01
-4.184833168983460028e-01
-2.188976705074310580e-01
-3.791581690311431885e-01
-4.998798668384552002e-01
-5.350061058998107910e-01
-7.331756353378295898e-01
-5.968146920204162598e-01
-3.353173434734344482e-01
-2.113962769508361539e-01
-1.086822003126144409e-01
-2.520396411418914795e-01
-4.427132606506348211e-01
-6.142343878746032715e-01
-8.959153294563293457e-01
-1.142754673957824707e+00
-1.317873597145080566e+00
-1.012588977813720703e+00
-3.922019004821776789e-01
2.464976459741592407e-01
6.606656908988952637e-01
7.466977238655090332e-01
2.685220241546630859e-01
-1.784719377756118774e-01
-6.798074245452880859e-01
-9.510333538055419922e-01
-8.072797060012817383e-01
-5.144529342651367188e-01
8.722662180662155151e-02
3.701579868793488104e-01
7.873822450637817383e-01
1.013864398002624290e+00
7.249909639358520508e-01
3.672345280647277832e-01
2.285829335451126099e-01
-1.976107060909271240e-02
1.060346290469169617e-01
1.542123556137084961e-01
3.996371626853942871e-01
7.150505185127258301e-01
9.391893744468687855e-01
1.077003598213195801e+00
8.188388943672180176e-01
1.974737048149108887e-01
1.333435475826263428e-01
-1.874115616083144864e-01
-1.549951881170272827e-01
-5.746161192655564048e-02
2.714329957962036133e-01
5.092166662216186523e-01
5.755478143692016602e-01
5.701872706413269043e-01
4.080427289009094238e-01
2.936732769012451172e-01
-6.821585446596145630e-02
-4.352477937936782837e-02
-8.325193822383880615e-02
-5.373341590166091919e-02
2.623396739363670349e-02
1.971297413110733032e-01
3.321360051631927490e-01
3.104566037654877264e-01
1.173019036650657515e-01
-2.587298154830933172e-01
-2.581767439842224121e-01
-3.728628158569335938e-01
-3.723233938217163086e-01
-5.470393896102905273e-01
-5.593321919441223145e-01
-5.230874419212341309e-01
-3.565669059753417969e-01
-8.754340559244155884e-02
-1.222615763545036455e-01
-2.071751952171325406e-01
-3.547812700271606445e-01
-7.213996648788452148e-01
-8.460265398025512695e-01
-9.273811578750609241e-01
-8.602060079574584961e-01
-7.245979309082031250e-01
-6.189420223236083984e-01
-4.755227565765380859e-01
-5.774227976799011230e-01
-8.030754923820495605e-01
-9.714005589485168457e-01
-1.025983095169067383e+00
-1.139997482299804910e+00
-8.881757259368896484e-01
-5.811000466346740723e-01
-3.715128600597381592e-01
2.283664653077721596e-03
-6.473427265882492065e-02
-3.849954605102539062e-01
-6.497960686683654785e-01
-7.949034571647644043e-01
-7.355558276176452637e-01
-5.657743811607360840e-01
-6.144863367080688477e-01
-3.074807822704315186e-01
-2.767157852649689276e-01
-5.217161774635314941e-01
-6.192645430564879261e-01
-7.278223633766174316e-01
-7.504314780235290527e-01
-7.193689346313476562e-01
-6.465886235237121582e-01
-7.319277524948120117e-01
-6.793494820594787598e-01
-6.180856823921203613e-01
-5.964975953102111816e-01
-3.203558623790740967e-01
-2.780177295207976740e-01
-1.485212296247482577e-01
-1.103090196847915649e-01
-1.876535564661026001e-01
-3.520736992359160822e-01
-4.820698201656342108e-01
-6.093580126762390137e-01
-6.118839979171752930e-01
-5.648130774497985840e-01
-5.429626107215881348e-01
-4.327168464660645086e-01
-3.578076660633087158e-01
-4.836458265781402033e-01
-5.288937091827392578e-01
-4.796185791492462158e-01
-5.425255894660949707e-01
-5.574994087219238281e-01
-5.821204185485839844e-01
-7.213782072067260742e-01
-8.418413996696472168e-01
-7.567877173423767090e-01
-6.744991540908813477e-01
-5.630745887756347656e-01
-5.426778197288513184e-01
-3.851475119590759277e-01
-2.364901304244995117e-01
-1.467342525720596591e-01
2.640162222087383617e-02
-1.266125887632369995e-01
-3.862136900424957275e-01
-5.102644562721252441e-01
-5.004994273185729980e-01
-4.180324077606201172e-01
-4.408807307481766441e-02
-1.352358888834714890e-02
1.781062334775924683e-01
1.917648464441299438e-01
1.697336286306381226e-01
1.019916608929633955e-01
-2.910699322819709431e-02
-3.131547197699546814e-02
-6.112263351678847573e-02
4.933490976691246033e-02
9.752352535724639893e-02
2.447423338890075961e-01
3.382814824581146240e-01
3.751886188983917236e-01
3.015383481979370117e-01
3.084828555583953857e-01
2.503509819507598877e-01
1.969452053308486938e-01
3.243836462497711182e-01
3.770043849945068914e-01
3.437642157077788752e-01
4.021684527397155762e-01
3.411176502704620361e-01
3.251824378967285156e-01
1.965000927448272705e-01
1.437509804964065552e-01
1.144540905952453475e-01
1.361340284347534180e-01
2.196718752384185513e-01
1.910060495138168613e-01
3.075593411922454834e-01
2.242988646030426025e-01
2.605429589748382568e-01
2.560412883758544922e-01
2.354066669940948486e-01
2.148677408695220947e-01
5.426194891333580017e-02
7.108645886182785034e-02
1.083097234368324419e-01
1.807099133729934692e-01
2.879428863525390625e-01
2.478274255990982056e-01
2.786664068698883057e-01
3.420003950595856268e-01
3.579578399658203125e-01
3.409617245197296143e-01
3.045354485511779785e-01
2.743445336818695068e-01
2.753530442714691162e-01
2.216798812150955200e-01
1.825928539037704468e-01
2.203054726123809537e-01
2.389926016330718994e-01
2.547815442085266113e-01
2.819781303405761719e-01
3.201501369476318359e-01
2.740701436996460516e-01
2.879627645015717108e-01
2.686188519001007080e-01
1.506634056568145752e-01
1.287361383438110629e-01
1.239712461829185486e-01
1.365538239479064941e-01
1.662672907114028931e-01
1.281977146863937378e-01
1.807643771171569547e-01
2.433729469776153564e-01
2.179885208606719971e-01
2.428198009729385098e-01
2.377836257219314575e-01
2.171764522790908813e-01
1.797823458909988403e-01
1.358015239238739014e-01
1.807019114494324008e-01
1.596567034721374512e-01
1.599294841289520541e-01
1.667407900094985962e-01
1.603425592184066772e-01
5.390494689345359802e-02
3.414402529597282410e-02
3.539305645972490744e-03
-3.634461015462874672e-02
-6.246014311909676292e-02
-5.603829026222229004e-02
-4.886876326054335508e-03
1.302035003900527954e-01
1.655990183353424072e-01
1.733255535364151001e-01
1.547968983650207520e-01
9.400893747806547684e-02
5.148376151919364929e-02
-4.006155952811241150e-02
-1.015102490782737593e-01
-1.273278892040252686e-01
-1.252414435148239136e-01
-9.548735618591307206e-02
-7.168660312891006470e-02
-2.426734566688537598e-02
1.221615727990865707e-02
5.803546402603388700e-03
-3.794207051396369934e-02
-1.028980836272239685e-01
-9.535903483629228072e-02
-1.518330723047256470e-01
-1.745406538248062134e-01
-1.612666249275207520e-01
-1.273414045572280884e-01
-9.771228581666946411e-02
-1.413067281246185303e-01
-1.193887367844581465e-01
-1.032728850841522217e-01
-1.077306717634201050e-01
3.939640522003173828e-02
2.427886053919791828e-02
-1.573805138468742371e-02
-8.631233870983123779e-02
-1.666057556867599487e-01
-2.342324405908584872e-01
-2.767376303672790527e-01
-2.929861843585968018e-01
-2.715754508972167969e-01
-2.184617221355438510e-01
-1.590628176927566528e-01
-1.216205283999443054e-01
-1.927088350057601929e-01
-1.931504756212234497e-01
-2.077478468418121338e-01
-2.209306657314300537e-01
-1.355121433734893799e-01
-1.899355500936507901e-01
-1.488905400037765503e-01
-1.227986961603164812e-01
-1.750127077102661133e-01
-1.509262770414352417e-01
-1.286194026470184604e-01
-1.646091639995574951e-01
-1.080723032355308394e-01
-5.179378017783164978e-02
5.333933047950267792e-03
-1.076730266213417053e-01
-7.583044469356536865e-02
-2.402800321578979839e-02
3.062160313129425049e-02
9.081440418958663940e-02
1.651702523231506625e-01
2.322287112474440973e-01
1.966792047023772638e-01
1.888534724712372104e-01
1.436218619346618652e-01
2.695097960531711925e-02
1.988499658182263808e-03
8.008205145597457886e-02
3.818524256348609924e-02
1.233670935034752031e-01
1.389739513397216797e-01
2.264180332422256470e-01
2.702188491821289062e-01
1.894938498735428134e-01
1.677498966455459595e-01
1.273506581783294678e-01
8.779923617839811845e-02
-4.902213346213102341e-03
3.596587851643561623e-02
1.000192835927009583e-01
1.784059852361679077e-01
2.461218237876892090e-01
3.026200830936431885e-01
2.583756446838378906e-01
2.423757314682007113e-01
1.877686530351638794e-01
1.233531311154365540e-01
7.859390974044799805e-02
6.945041567087172074e-02
1.014966890215873579e-01
1.561530828475951871e-01
2.133118957281112671e-01
2.482106387615204135e-01
2.610514163970947266e-01
2.539129853248596191e-01
2.904175817966461182e-01
2.198035120964050571e-01
1.479173153638839444e-01
8.953484147787094116e-02
5.097508803009986877e-02
3.254961222410202026e-02
3.351062163710593483e-02
4.952974617481231689e-02
6.932599842548370361e-02
1.012571156024932723e-01
1.184192523360252519e-01
1.042394042015075684e-01
6.966526061296463013e-02
3.044120036065578114e-02
-4.183422774076461792e-03
3.131349757313728333e-02
-2.920235274359583855e-04
-9.717447310686112838e-02
-1.805047318339348186e-02
9.732073522172867168e-04
4.124585539102553627e-02
-3.185654524713755088e-03
-5.912524089217185974e-02
-5.412764847278594971e-02
-3.584737330675125122e-02
-6.946692243218421936e-03
1.049224883317947388e-01
1.185667663812637190e-01
1.513436436653137207e-01
1.597490906715393066e-01
1.290522068738937378e-01
-6.856363266706468063e-02
-1.108969449996948242e-01
-1.319931894540786743e-01
-9.857859462499619918e-02
-9.468357078731060028e-03
9.570837765932083130e-02
1.294012069702148438e-01
1.345805525779724121e-01
1.673285961151123047e-01
1.581068187952041626e-01
1.245679184794425964e-01
9.111600369215012984e-02
1.381959468126296997e-01
1.432206481695175171e-01
1.091725751757621765e-01
1.665655225515365601e-01
1.386483311653137207e-01
9.199387580156326294e-02
1.758817136287689209e-01
1.736329793930053433e-01
1.723123341798782626e-01
1.812516897916793546e-01
1.925625056028366089e-01
1.930937469005584717e-01
1.185754016041755537e-01
1.318680346012115479e-01
2.264510691165924072e-01
2.493606656789779941e-01
2.651589810848236084e-01
2.564364075660705566e-01
2.239986509084701261e-01
1.883007735013961514e-01
1.550043672323226929e-01
1.226809397339820723e-01
1.039559766650200029e-01
1.752877980470657349e-01
1.771994233131408691e-01
1.964340656995773315e-01
2.086628675460815430e-01
1.364021003246307373e-01
1.197029575705528537e-01
1.573070585727691373e-01
1.140668094158172469e-01
1.007287874817848206e-01
1.114472448825836182e-01
1.316120624542236606e-01
1.421232223510742188e-01
1.348914504051208496e-01
1.877509057521820068e-01
1.522146463394165039e-01
1.191073507070541521e-01
9.122729301452636719e-02
6.506716459989547729e-02
4.468905553221703270e-02
3.189256414771080017e-02
2.332735620439052929e-02
9.732884168624877930e-02
1.198283657431602478e-01
1.487469822168350220e-01
1.503626257181167603e-01
1.235302314162254472e-01
7.507874071598052979e-02
9.567145258188247681e-02
5.976792797446250916e-02
4.468579962849617004e-02
3.701067715883255005e-02
4.074405878782271645e-02
5.623012408614159324e-02
6.877085566520690918e-02
7.054901868104934692e-02
6.525053083896636963e-02
1.242128238081932068e-01
1.047739684581756592e-01
8.961455523967742920e-02
6.368985027074813843e-02
8.968356251716613770e-02
1.039128154516219954e-01
4.160413146018981934e-02
-1.386741991154849312e-03
-3.841806948184967041e-02
9.141721762716770172e-03
-1.941989362239837646e-02
-4.239617288112639687e-02
-1.440848559141159058e-01
-1.459530591964721402e-01
-1.404764801263809204e-01
-1.168019101023674011e-01
7.097419351339340210e-02
8.651423454284667969e-02
9.490011632442474365e-02
5.550108850002288818e-02
-2.175312675535679210e-02
-1.212395206093788008e-01
-5.624376237392425537e-02
-5.319659039378166199e-02
-1.006204783916473389e-01
-1.379043757915496826e-01
-9.229674190282823043e-02
-1.320866942405700684e-01
-1.791485697031021118e-01
-1.674558818340301514e-01
-2.340904474258423129e-01
-2.878746688365936279e-01
-2.453355789184570590e-01
-1.905013918876647949e-01
-2.132289111614227572e-01
-2.423400878906250000e-01
-2.893114089965820312e-01
-2.749480009078979492e-01
-3.274095952510833740e-01
-2.078650742769241333e-01
-2.436021566390990933e-01
-2.887756526470184326e-01
-3.375839591026306152e-01
-3.757525384426116943e-01
-4.047045707702637274e-01
-4.203404784202576239e-01
-4.182828068733214777e-01
-4.046937525272369385e-01
-2.953552603721619207e-01
-2.750331461429595947e-01
-2.563316524028778076e-01
-2.626359760761260986e-01
-2.974610328674316406e-01
-3.409596085548400879e-01
-3.990531861782073975e-01
-4.472832679748535156e-01
-4.430196583271026611e-01
-3.879030942916870117e-01
-2.868019640445709229e-01
-2.586347162723541260e-01
-3.367749154567718506e-01
-2.932819426059722900e-01
-2.685903608798981268e-01
-2.520552277565002441e-01
-2.199990004301071167e-01
-1.740310788154602051e-01
-1.139055639505386491e-01
-1.230467557907104492e-01
-6.747642159461975098e-02
-2.731443382799625397e-02
-3.286366816610097885e-03
1.281959936022758484e-02
2.045076340436935772e-02
2.646582759916782379e-02
3.009712696075439453e-02
2.440078184008598328e-02
1.822162047028541565e-02
2.428413741290568958e-02
3.225734457373619080e-02
3.463743999600410461e-02
2.318991348147392620e-02
4.520161822438240051e-02
-7.642199052497745644e-04
3.219405934214591980e-02
4.992792382836341858e-02
5.561308190226554871e-02
-6.377434358000754443e-03
3.551362454891204834e-02
7.758656144142150879e-02
1.267466992139816562e-01
1.712019145488739014e-01
6.221642345190047524e-02
1.074868962168693681e-01
1.805415600538253507e-01
1.532203257083892822e-01
1.311051994562149048e-01
1.244486570358276506e-01
1.352335959672928134e-01
1.552049219608306885e-01
1.646613478660583496e-01
2.377903610467911044e-01
2.088203728199005127e-01
2.522561252117156982e-01
1.971261799335480014e-01
1.414443254470825195e-01
8.353450149297714233e-02
4.832120984792708657e-02
4.219058901071548462e-02
1.407623589038848877e-01
1.601539254188537598e-01
1.563070714473724365e-01
1.244741082191467285e-01
6.192272529006003640e-02
9.043597429990767045e-02
8.979050070047378540e-02
8.611177094280719757e-03
-3.109020926058292389e-02
-5.704973265528678894e-02
-7.468356192111968994e-02
-6.148332264274359617e-03
-5.824011750519275665e-03
-1.522995065897703171e-02
-4.578370973467826843e-02
-8.822616934776306152e-02
-4.807249829173088074e-02
-8.776261657476425171e-02
-4.058334976434708335e-02
-7.811456173658370972e-02
-1.161373555660247803e-01
-1.505164355039596558e-01
-1.049693673849105696e-01
-1.331674307584762573e-01
-1.459231674671173096e-01
-1.808831542730331421e-01
-2.108103930950164795e-01
-2.150427848100662509e-01
-2.039364278316497525e-01
-1.048397943377494812e-01
-8.236041665077209473e-02
-8.558052033185958862e-02
-1.142415106296539307e-01
-1.631177067756652832e-01
-2.226459980010986606e-01
-2.665486037731171209e-01
-1.359925419092178622e-01
-1.126736775040626526e-01
-7.423426955938339233e-02
-6.288678199052810669e-02
-1.568566560745239258e-01
-2.041969895362854004e-01
-2.637834250926971436e-01
-1.476155817508697510e-01
-1.630060374736785889e-01
-1.553203910589217862e-01
-1.431382596492767334e-01
-1.373709589242935181e-01
-1.340053975582122803e-01
-1.418036371469497403e-01
-1.741085499525070190e-01
-1.389189213514328003e-01
-1.915338784456253052e-01
-2.215743064880371094e-01
-2.282655835151672363e-01
-2.158572822809219638e-01
-1.912191212177276611e-01
-1.608748286962509155e-01
-1.494040936231613159e-01
-1.430844515562057495e-01
-1.435220539569854736e-01
-1.375841051340103149e-01
-2.084236592054367065e-01
-1.261898875236511230e-01
-1.155885681509971480e-01
-1.065973043441772322e-01
-1.061578243970870972e-01
-1.072725504636764388e-01
-1.914433091878890991e-01
-2.009939700365066528e-01
-1.895399689674377164e-01
-1.614955365657806396e-01
-1.110661551356315613e-01
-4.713720455765723488e-02
5.764325149357318878e-03
2.655756287276744843e-02
1.439510285854339773e-02
-2.592828124761581421e-02
-7.689768075942993164e-02
-1.229589283466339250e-01
-1.401639431715011597e-01
-1.304219663143157959e-01
-2.116871438920498241e-02
-5.742319300770760276e-02
-1.781912334263324738e-02
-7.015597075223922729e-03
-1.468582823872566223e-02
3.587680310010910034e-02
-2.834970830008387999e-03
-3.003468737006187439e-02
-4.226711392402648926e-02
-4.472479224205017090e-02
-4.123577848076820374e-02
-2.388137578964233051e-02
-2.346626715734601021e-04
1.111616101115942001e-02
-6.854466348886489868e-02
-3.239214885979890823e-03
4.683779925107955933e-02
3.981577605009078979e-02
5.018740519881248474e-02
4.715472459793091514e-02
1.741933077573776245e-02
-3.344654664397239685e-02
-8.886618167161942916e-02
2.305164001882076263e-02
-8.875299990177154541e-02
-1.002197042107581954e-01
-1.096107438206672807e-01
-1.178599745035171509e-01
-1.212522611021995544e-01
-1.192898452281952043e-01
-1.054467335343360762e-01
-9.697332046926021576e-03
-7.975191622972487016e-02
-7.699958235025405884e-02
-1.646413654088973999e-01
-9.847057610750196976e-02
-1.146344766020774703e-01
-4.218837246298789978e-02
-4.364869371056556702e-02
-3.869362547993659973e-02
-3.515532985329627991e-02
-3.548889234662055969e-02
-1.948418021202087402e-01
-4.011815413832665184e-02
-6.675875186920166016e-02
-8.748184144496917725e-02
-9.461992979049684005e-02
-9.225103259086607499e-02
-8.172450959682464600e-02
-6.761397421360015869e-02
-5.766100063920021057e-02
-5.654010921716690063e-02
-7.459736615419387817e-02
-1.881748437881469727e-02
-3.142404556274414062e-02
-1.093269065022468567e-01
-2.977875247597694397e-02
-1.143581941723823547e-01
-1.110011264681815962e-01
-1.043529063463211060e-01
-8.552158623933792114e-02
-5.393016338348388672e-02
-2.464894577860831867e-02
-2.951682778075336976e-03
-5.565511062741279602e-03
-3.219080343842506409e-02
1.117522921413183039e-02
-1.944220252335071911e-02
-4.520732909440993569e-02
-7.439438998699186845e-02
4.792597144842147827e-02
9.985002689063549042e-03
-9.019101411104202271e-02
-1.074789389967918396e-01
-2.082274705171585083e-01
-2.217043191194534579e-01
-2.146885097026824951e-01
-1.864470094442368109e-01
-1.320181638002395630e-01
-5.856226012110710144e-02
-6.993294507265090942e-02
-1.653330400586128235e-02
8.182720094919204712e-02
-1.576171442866325378e-02
-5.080524086952209473e-02
-7.887145876884460449e-02
-9.184009581804276900e-02
-8.565668761730194092e-02
-5.740289390087127686e-02
-1.628132537007331848e-02
2.033554576337337147e-02
-2.989713661372661938e-02
-1.236810348927974874e-02
-1.105852518230676824e-02
-2.198795042932033192e-02
-1.063253730535507202e-01
-1.024580895900726318e-01
-8.942238241434097290e-02
-7.402917742729187012e-02
-4.729515686631203392e-02
-8.365419693291187286e-03
4.193352162837982178e-02
-1.346455980092287064e-02
-1.274611614644527262e-02
-2.623083814978599548e-02
-3.861237317323684692e-02
-2.711438015103340149e-02
1.456917636096477509e-02
7.358936220407485962e-02
5.853749811649322510e-02
1.096211522817611694e-01
1.307325363159179410e-01
4.597353562712668679e-02
5.805370211601257324e-02
8.430979400873184204e-02
1.029099076986312727e-01
1.215831339359283447e-01
1.270819008350372592e-01
1.259108930826187134e-01
1.315270662307739258e-01
1.419033408164978027e-01
7.421065121889114380e-02
8.709782361984252930e-02
1.674032360315322876e-01
1.649877876043319425e-01
9.069477766752244430e-02
8.140130341053009033e-02
6.347034126520156860e-02
4.423635825514794090e-02
9.786637872457504272e-02
8.719515055418014526e-02
1.674759685993194580e-01
1.786113530397415161e-01
1.148739159107208530e-01
1.098748892545699934e-01
8.093103766441345215e-02
6.039516255259513855e-02
2.133386209607124329e-02
6.170742213726043701e-02
4.756378009915351868e-02
5.137980356812477112e-02
1.402528882026672363e-01
1.290739476680755615e-01
7.637451589107512040e-02
1.364475768059492111e-02
-7.502629607915876908e-02
-2.041137404739856720e-02
-9.957916289567947388e-02
-1.423789411783218384e-01
-1.437349617481231412e-01
-1.263558566570281982e-01
-8.964699506759643555e-02
-5.745159834623337486e-02
-4.073132202029228210e-02
-4.701722413301467896e-02
-8.111906051635742188e-02
-1.001642048358917236e-01
-6.153859198093413613e-02
-8.294036984443664551e-02
-1.038043051958083968e-01
-3.518985584378242493e-02
-1.167393475770950456e-01
-1.142297610640525818e-01
-1.338750869035720825e-01
-1.494312733411788940e-01
-1.709455102682113370e-01
-1.624692678451538086e-01
-5.802982300519942543e-02
-2.537816390395164490e-02
-1.165759284049272364e-02
-2.884716540575027466e-02
1.893719192594289346e-03
-5.670219287276267311e-02
-3.164638578891753457e-02
-1.494102329015731812e-01
-1.783419847488403320e-01
-1.221848502755165239e-01
-1.330463588237762451e-01
-1.272689104080200195e-01
-1.025424376130104065e-01
-7.644526660442352295e-02
-6.105298176407814026e-02
-1.358211040496826172e-01
-7.518801093101501465e-02
-1.130808740854263306e-01
-1.366062909364700595e-01
-1.581822782754898071e-01
-1.556225717067718506e-01
-2.078959196805953979e-01
-1.748276203870773315e-01
-1.460954397916793823e-01
-4.004228860139846802e-02
-2.809873595833778381e-02
-1.408396568149328058e-02
-8.912222087383270264e-02
-1.056235879659652710e-01
-6.046747416257857582e-02
-8.643233776092529297e-02
-8.627419918775557084e-02
-5.474963784217834473e-02
-1.262407097965478724e-02
2.121719345450401306e-02
3.448043763637543418e-02
2.164410799741744995e-02
-7.319434545934200287e-03
2.904273569583892475e-02
-1.166253164410591299e-02
-2.425034716725349079e-02
-2.762826532125473022e-02
-3.442687168717383644e-02
-4.774017259478569031e-02
-4.867916554212570190e-02
-3.523592278361320496e-02
-1.184994168579578400e-02
7.435101550072429830e-03
3.544151782989501953e-02
5.597467720508576133e-02
1.226203814148902754e-01
6.354818493127822876e-02
-7.336622476577758789e-02
-3.718180954456328652e-02
-6.883586943149568038e-02
-7.662497460842132568e-02
-5.951599776744842529e-02
-2.189576812088489186e-02
-7.714539021253585815e-02
-5.307044833898543618e-02
-4.511851072311402061e-02
-4.565012082457542419e-02
-3.677570819854736328e-02
6.183534488081932762e-02
1.611422896385192871e-01
1.844889819622040072e-01
1.955439150333404541e-01
1.650761961936950684e-01
7.654780894517898560e-02
-3.844887018203736045e-02
-1.432485580444335938e-01
-2.131064534187316895e-01
-1.443339437246322632e-01
-9.625327587127686935e-02
-1.290253270417452032e-02
5.908190086483954689e-02
1.004562303423881670e-01
8.459934592247009277e-02
2.753364667296409607e-02
-5.895577371120452187e-02
-1.421760916709899902e-01
-2.012314498424530029e-01
-4.552123695611953735e-02
-3.399655595421791077e-02
-1.206758990883827209e-02
-1.261099521070718765e-02
-4.185891151428223350e-02
-7.776374369859695435e-02
-3.926445916295051575e-02
-7.085717283189296722e-03
-5.354972183704376221e-02
-9.983215481042861938e-02
-1.497689783573150635e-01
-1.265528500080108365e-01
-1.826085597276687900e-01
-2.915347218513488770e-01
-2.116273492574692050e-01
-1.940303295850753507e-01
-1.809459030628204623e-01
-1.713128089904785156e-01
-1.718252599239349365e-01
-1.846225857734679898e-01
-2.038927823305130005e-01
-2.241553813219070435e-01
-2.408722341060638428e-01
-2.398493438959121427e-01
-2.201692163944244385e-01
-1.801550388336181363e-01
-1.460585296154022217e-01
-1.913794577121734619e-01
-1.466499119997024536e-01
-1.796402484178543091e-01
-1.327217519283294678e-01
-1.110470592975616316e-01
-8.786278218030929565e-02
-5.485941097140312195e-02
-1.997987739741802563e-02
-7.296648621559143066e-02
-4.173780232667922974e-02
-1.257498096674680710e-02
2.296860475325956941e-04
1.605060882866382382e-03
8.496713824570178986e-03
1.510826405137777155e-02
2.602445706725120197e-02
2.870816364884376179e-02
3.019535169005393635e-02
-3.436908125877380371e-02
-8.855484426021575928e-03
1.845016330480575908e-02
5.330995097756386497e-02
-7.661327719688416915e-02
3.200718015432357788e-02
5.804159119725227356e-02
7.668079342693090439e-03
1.209583356976509233e-01
1.461046338081359863e-01
1.645362526178359985e-01
1.632612645626068115e-01
1.570530980825424194e-01
1.364483684301376620e-01
1.056689172983169556e-01
1.690974086523056030e-01
2.026480734348297119e-01
1.595918387174606601e-01
1.238479316234588484e-01
8.565783500671388107e-02
1.175984963774681230e-01
5.894285440444946289e-02
-1.051207189448177814e-03
-5.271916091442108154e-02
-7.928443700075149536e-02
-8.685760200023651123e-02
-8.448265492916107178e-02
-6.957937031984329224e-02
-4.762576520442962646e-02
-1.805352047085762024e-02
-7.120738923549652100e-02
-6.135283038020133972e-02
8.623398095369338989e-02
5.669858306646347740e-02
-4.823390766978263855e-02
-7.397499680519104004e-02
-1.045816242694854736e-01
1.111505646258592606e-02
-3.655708953738212585e-02
-1.415818035602569580e-01
-1.585036367177963257e-01
-1.690255105495452881e-01
-1.645753234624862671e-01
-8.191712200641632080e-02
-1.615773141384124756e-01
-1.457851529121398926e-01
-5.343505367636680603e-02
-2.662471868097781788e-02
-7.531024981290101138e-03
-8.510766178369522095e-02
-9.704085439443586869e-02
-4.020029678940773010e-02
-6.546674668788909912e-02
-7.512316107749938965e-02
-7.616320997476577759e-02
-7.663274556398393111e-02
-7.328734546899796920e-02
-1.559595167636871338e-01
-1.665730625391006470e-01
-1.685822457075119019e-01
-1.500848382711410522e-01
-4.066077247262001038e-02
-8.948110789060592651e-02
-4.601048305630683899e-02
-1.722565293312072754e-02
-7.517590653151273727e-03
6.179436668753623962e-02
2.780979126691818584e-02
-1.643337123095989227e-02
-1.497130542993545532e-01
-1.927377283573150635e-01
-2.051419615745544434e-01
-1.165478453040122986e-01
-6.343337148427961869e-02
2.375637367367744446e-02
9.445298463106156783e-02
4.613523557782173157e-02
3.061886504292488098e-02
-2.879383228719234467e-02
-9.155916422605515914e-02
-4.983357340097427368e-02
-6.385707110166549683e-02
-1.156181171536445479e-01
-5.996951088309287331e-02
-5.722471047192811966e-03
2.101316303014755249e-02
3.927866369485855103e-02
3.772085532546043396e-02
1.562166213989257812e-02
-2.311079995706677003e-03
-1.511204428970813751e-02
1.469649076461791992e-01
7.971993088722229004e-02
1.070111989974975586e-01
8.273723721504211426e-02
-5.099929124116897583e-02
-1.137293279170989990e-01
-1.626706570386886597e-01
-9.455855190753936768e-02
-6.266459077596664429e-02
8.265735581517219543e-03
1.905696094036102642e-02
9.898757189512252808e-02
1.516067683696746826e-01
1.594011783599853516e-01
1.302153170108795166e-01
6.290426850318908691e-02
-2.195579931139945984e-02
-1.958136633038520813e-02
-1.317524462938308716e-01
-1.087808683514595032e-01
-4.941101744771003723e-02
-4.551797732710838318e-02
3.410734981298446655e-02
9.462597966194152832e-02
1.120005548000335693e-01
9.937433153390884399e-02
6.611013412475585938e-02
9.679182618856430054e-02
-3.433313965797423623e-02
-5.699922516942023537e-02
2.283605001866817127e-02
6.966023892164230347e-02
1.241002231836318970e-01
1.643518507480621338e-01
1.641232669353485107e-01
1.304282844066619873e-01
-9.215309284627437592e-03
-3.573371097445488410e-03
-6.013998761773108742e-02
-1.522998511791229075e-02
-1.189305819571018046e-02
8.121615275740623474e-03
2.089027501642704010e-02
-6.229196116328240135e-02
-5.975250527262687683e-02
-6.170881539583206177e-02
-2.328176610171794891e-02
9.440612792968750000e-02
1.153097152709960938e-01
3.328805416822433472e-02
-2.712862333282828331e-03
2.220666408538818359e-02
-2.692148648202419628e-02
-6.830123066902160645e-02
-8.827020972967147827e-02
-7.980429381132125854e-02
-7.363536953926086426e-02
-5.633866414427757263e-02
-3.527148067951202393e-02
-2.443373762071132660e-02
-1.013261731714010239e-02
-7.781200110912323865e-03
-1.861078478395939220e-02
4.540082439780235291e-02
3.326106071472167969e-02
2.885964140295982361e-02
5.941185634583234787e-03
-3.770049288868903420e-02
-1.280739903450012207e-02
-1.498660743236541470e-01
-1.878822296857833862e-01
-1.277166455984115601e-01
-1.178095638751983504e-01
-7.491432875394821167e-02
-4.023656249046326377e-02
-2.366272546350955963e-02
-3.406145423650741577e-02
-6.563412398099899292e-02
-1.030648499727249284e-01
-1.379079222679138184e-01
-1.690325587987899780e-01
-1.727600991725921631e-01
-1.513129770755767822e-01
-1.888040602207184115e-01
-4.440227523446083069e-02
1.863628439605236053e-02
6.762964278459548950e-02
6.702719628810882568e-02
9.677932411432266235e-02
9.175607003271579742e-03
-9.104361385107040405e-02
-1.632916629314422607e-01
-2.050231546163558960e-01
-2.035478651523589810e-01
-9.954183548688887162e-02
-5.231055989861488342e-02
-2.297597378492355694e-02
-8.962941914796829224e-02
-1.656275615096092224e-02
-3.681363910436630249e-02
-1.522329747676849365e-01
-1.948998868465423862e-01
-2.051122635602951050e-01
-1.803868263959884644e-01
-1.428907811641693115e-01
-5.316300690174102783e-02
5.486379377543925372e-03
4.086232930421828530e-02
3.431477770209312439e-02
3.699046559631824927e-03
-3.693736717104911804e-02
-1.372959166765213013e-01
-1.403797417879104614e-01
-9.649190306663513184e-02
-1.645765081048011780e-02
5.866836011409760215e-02
2.517673373222351074e-02
7.088821381330490112e-02
1.797378994524478912e-02
4.096857830882071755e-02
1.256314069032669067e-01
1.225928291678428511e-01
1.294870823621750155e-01
1.415041983127593994e-01
1.652887016534805298e-01
1.777151823043823242e-01
1.707499772310256958e-01
1.435967385768890381e-01
9.618791937828063965e-02
1.265174448490142822e-01
9.424524754285812378e-02
8.548902720212936401e-02
8.024359494447708130e-02
7.624913752079010010e-02
6.457940489053726196e-02
4.869326949119567871e-02
2.698699757456779827e-02
8.402719348669052124e-02
5.303700268268585205e-02
1.151296589523553675e-02
-4.123780876398086548e-03
4.269057512283325195e-02
1.072791218757629395e-02
8.222594857215881348e-03
1.189307216554879969e-02
9.774466045200823003e-03
-9.046705067157743974e-02
-1.280723065137863159e-01
-8.408048748970033126e-02
-1.051927953958511353e-01
-9.612447023391723633e-02
-6.484296172857284546e-02
-2.853060886263847351e-02
