9.628063440322875977e-01
9.147294163703918457e-01
9.308483600616456188e-01
9.155906438827515759e-01
9.329082965850830078e-01
9.622772932052612305e-01
9.395344853401184082e-01
9.022456407546995960e-01
9.362196326255798340e-01
8.954196572303771973e-01
9.483862519264220081e-01
9.511818885803223766e-01
9.663898944854736328e-01
9.505633115768431507e-01
9.502628445625304066e-01
1.004969477653503418e+00
9.766642451286315918e-01
9.434577226638793945e-01
9.646629691123962402e-01
9.752524495124815784e-01
9.596194624900817871e-01
1.011998057365417703e+00
1.083820700645446777e+00
1.069487571716308594e+00
1.027143001556396484e+00
1.022822260856628418e+00
1.068574070930480957e+00
9.792599081993104138e-01
9.279112815856933594e-01
9.930002689361572266e-01
1.019256234169006348e+00
1.010192155838012695e+00
1.086099624633789062e+00
9.978451728820799671e-01
9.817777276039123535e-01
1.023684978485107422e+00
9.686203002929687500e-01
9.679284095764159046e-01
1.000948429107665794e+00
9.859797358512878418e-01
1.025228142738342507e+00
9.290130138397215687e-01
1.021376609802245872e+00
1.009338140487670898e+00
1.019658088684082031e+00
1.034685373306274414e+00
1.013065218925475852e+00
9.414680004119871937e-01
9.088663458824157715e-01
9.491593241691588245e-01
9.898391366004943848e-01
9.715614318847656250e-01
9.710627794265748181e-01
9.997563362121582031e-01
9.627059102058411755e-01
9.886583685874940075e-01
9.957612156867979847e-01
9.341477751731871448e-01
9.558258056640623890e-01
9.119416475296020508e-01
9.720560312271118164e-01
9.784831404685974121e-01
9.819680452346801758e-01
9.977571964263916016e-01
9.465571641921995960e-01
9.650519490242004395e-01
9.993981122970579944e-01
9.793351888656616211e-01
1.038664698600769043e+00
1.018177866935729980e+00
9.734732508659363903e-01
9.736840724945068359e-01
9.208243489265441895e-01
9.639365673065185547e-01
9.664762616157531738e-01
9.831740260124207653e-01
9.844912290573120117e-01
9.400258660316468395e-01
9.526976346969604492e-01
1.016536712646484375e+00
9.997129440307616077e-01
9.978625774383543812e-01
9.634216427803040661e-01
9.843400120735168457e-01
9.536778926849364124e-01
9.579800367355347790e-01
1.019458413124084473e+00
9.311629533767700195e-01
9.817414879798888050e-01
9.659963846206663929e-01
9.479381442070008434e-01
9.565149545669555664e-01
9.565470218658448376e-01
1.016223549842834473e+00
1.054527878761291504e+00
1.036665558815002441e+00
1.001815676689147949e+00
9.501797556877136230e-01
9.817083477973937988e-01
9.828649759292603649e-01
1.066264629364013672e+00
1.023541927337646484e+00
9.929968714714050293e-01
9.297097325325012207e-01
9.747725725173950195e-01
9.908682703971863903e-01
1.001758098602295144e+00
9.818058609962464489e-01
9.721748828887940563e-01
9.658116102218627930e-01
1.002313733100891113e+00
1.020019292831420898e+00
9.717094302177428089e-01
1.003506183624267578e+00
9.769686460494996227e-01
1.020957350730895996e+00
1.016739606857299805e+00
1.015927553176880105e+00
1.011898636817931907e+00
1.049104690551757812e+00
9.949056506156920276e-01
1.012397170066833496e+00
1.011730074882507102e+00
1.065672039985656738e+00
9.994193911552428089e-01
1.017731308937072754e+00
1.028920888900756836e+00
1.033566832542419434e+00
1.031729459762573242e+00
1.030357718467712402e+00
9.691333770751952015e-01
9.595007896423340954e-01
1.097313523292541504e+00
1.084675431251526101e+00
9.945124983787535511e-01
1.009666562080383301e+00
1.057541012763977051e+00
1.040606617927551270e+00
1.012225627899170144e+00
1.006781578063964844e+00
1.051566958427429199e+00
1.034834027290344238e+00
1.050502657890319824e+00
1.030386447906493919e+00
9.458775520324708141e-01
1.018361568450927512e+00
1.051799893379211426e+00
9.755952954292296253e-01
9.894760847091675915e-01
1.044085144996642844e+00
9.973143339157104492e-01
9.844257831573486328e-01
1.006894230842590332e+00
9.849404096603393555e-01
1.000636339187622070e+00
9.798660278320312500e-01
1.000215530395507812e+00
9.783940315246582031e-01
9.974945783615112305e-01
9.570277333259583630e-01
9.826664924621582031e-01
9.740127921104432263e-01
9.398400783538818359e-01
9.748804569244383655e-01
9.732685685157775879e-01
1.013613939285278320e+00
9.969638586044311523e-01
9.622888565063475452e-01
9.411036372184752308e-01
9.268928766250609241e-01
9.689991474151612438e-01
9.794255495071412243e-01
9.989054203033448376e-01
9.682101607322691761e-01
9.507720470428467907e-01
9.542216062545776367e-01
1.012708187103271706e+00
1.005912661552429199e+00
9.356513023376463734e-01
9.862987399101256214e-01
8.932769298553466797e-01
9.909735918045043945e-01
1.003449797630310059e+00
9.594475626945495605e-01
9.956650733947753906e-01
9.113648533821105957e-01
9.614141583442687988e-01
1.007665038108825684e+00
1.013252615928650124e+00
1.039332866668701172e+00
1.083344817161560059e+00
1.049662709236145020e+00
1.036653757095337136e+00
1.075553774833679199e+00
1.083751440048217773e+00
9.675989747047424316e-01
1.011572480201721191e+00
1.088326334953307883e+00
1.073256969451904297e+00
9.715519547462464489e-01
1.065803766250610352e+00
9.818579554557800293e-01
9.316843748092652477e-01
1.044929146766662598e+00
1.059021472930908203e+00
1.047339439392089844e+00
1.078133106231689675e+00
1.082033753395080566e+00
1.076160907745361106e+00
1.054436445236205833e+00
1.049661874771118164e+00
1.047812461853027122e+00
9.742910265922546387e-01
9.659849405288696289e-01
9.845562577247620739e-01
9.929299354553223766e-01
1.018628478050232156e+00
1.071328878402709961e+00
1.001661539077758789e+00
9.779197573661804199e-01
9.054778814315795898e-01
9.036900997161864124e-01
9.994184970855711780e-01
9.139059185981750488e-01
9.617610573768615723e-01
9.624031782150268555e-01
1.002712607383728027e+00
9.310073852539062500e-01
9.860799908638000488e-01
1.018399477005004883e+00
1.023190617561340332e+00
9.600103497505187988e-01
1.026424288749694824e+00
9.610159993171691895e-01
9.551764130592346191e-01
9.665142297744752087e-01
9.751102924346923828e-01
1.013578176498412864e+00
9.681592583656312145e-01
9.623450040817259632e-01
9.796330928802490234e-01
9.894474744796751819e-01
9.913872480392456055e-01
9.601809978485108532e-01
1.018863081932068093e+00
9.383960962295532227e-01
9.860168099403380237e-01
9.527498483657835804e-01
1.071207880973815918e+00
1.020416617393493652e+00
1.019990801811218484e+00
9.892840385437011719e-01
9.929648041725159802e-01
1.022735476493835449e+00
9.584259390830993652e-01
1.007734894752502441e+00
9.441829919815063477e-01
9.286013841629028320e-01
1.009510517120361106e+00
9.498719573020936169e-01
9.747765064239501953e-01
1.052571058273315430e+00
9.926714897155761719e-01
9.769809246063232422e-01
1.023098587989807129e+00
1.000732064247131126e+00
1.001702427864074707e+00
1.003987312316894309e+00
1.013607144355774148e+00
1.034205555915832297e+00
1.019633412361145020e+00
1.055654764175415039e+00
1.019847989082336426e+00
9.962010383605955921e-01
1.065137982368469238e+00
1.027983903884887695e+00
1.023096442222595215e+00
1.096263408660888894e+00
1.063523054122924805e+00
1.057232737541198730e+00
9.754390716552734375e-01
9.757217168807984509e-01
9.740447998046876110e-01
1.062530040740966797e+00
9.546567797660827637e-01
1.005749940872192383e+00
9.758777022361756481e-01
1.012807726860046387e+00
9.796322584152221680e-01
9.327028393745422363e-01
9.938386082649232067e-01
9.644926786422729492e-01
9.394138455390930176e-01
9.965341687202453613e-01
1.006639719009399414e+00
1.030334711074829102e+00
1.017340540885925293e+00
9.937989711761475720e-01
1.072429537773132324e+00
1.039561748504638894e+00
9.964205622673035778e-01
9.636495709419250488e-01
1.039415240287780762e+00
1.069934129714965820e+00
1.032541275024414062e+00
1.009042620658874290e+00
9.907740950584411621e-01
9.343395829200743519e-01
9.989626407623292126e-01
1.031203031539916992e+00
1.007958531379699707e+00
9.854815602302552380e-01
1.008235692977905273e+00
1.053829908370971680e+00
9.676827192306519665e-01
1.005234718322754128e+00
1.017308235168457031e+00
9.891946911811827503e-01
1.011677145957946777e+00
9.588277935981750488e-01
9.317438602447509766e-01
1.042838096618652344e+00
1.056751489639282227e+00
1.032845973968506081e+00
1.009278774261474609e+00
1.085976481437682883e+00
9.943347573280334473e-01
1.041427493095397949e+00
1.021151423454284890e+00
1.027458786964416504e+00
9.476667642593383789e-01
9.904736280441284180e-01
9.848411083221435547e-01
9.544260501861572266e-01
9.655984044075012207e-01
1.037117838859557883e+00
1.067096114158630371e+00
1.040699720382690430e+00
9.797998666763305664e-01
9.808433055877685547e-01
9.527261853218079724e-01
8.962889909744262695e-01
9.766501784324645996e-01
9.339014291763305664e-01
9.774057865142822266e-01
1.032014369964599609e+00
9.205963611602784313e-01
9.350937008857728161e-01
9.329795241355895996e-01
9.665912389755247913e-01
1.049664855003357156e+00
9.077345132827759899e-01
7.938007116317749023e-01
8.608794212341308594e-01
1.005542516708374023e+00
1.010351181030273438e+00
1.052172422409057617e+00
9.533838033676147461e-01
9.797915816307067871e-01
1.001917004585265891e+00
1.025891661643982156e+00
9.872577786445617676e-01
1.022776961326599121e+00
1.047637581825256348e+00
1.085230588912964089e+00
1.159156799316406250e+00
1.009955406188964844e+00
1.063979864120483398e+00
1.027113556861877441e+00
1.074631094932556152e+00
1.085963129997253418e+00
1.024830460548400879e+00
1.132238388061523438e+00
1.060061335563659668e+00
1.066385865211486816e+00
1.094864845275879128e+00
1.049112439155578613e+00
9.849663972854614258e-01
1.025113463401794434e+00
1.052364706993103027e+00
1.097138166427612305e+00
1.079758644104004128e+00
1.059988856315612793e+00
1.077088475227355957e+00
1.157388329505920410e+00
1.102649450302124023e+00
1.073963165283203125e+00
1.073129773139953613e+00
1.011752724647521973e+00
1.091789841651916504e+00
1.007569551467895508e+00
1.022289395332336426e+00
1.005132794380187988e+00
1.031255602836608887e+00
1.052035808563232422e+00
1.009933948516845703e+00
9.799584150314332165e-01
9.193587899208067737e-01
9.592251777648925781e-01
9.566301703453063965e-01
9.173026084899902344e-01
9.313769340515135609e-01
9.242954254150391735e-01
9.330365061759947620e-01
9.755876064300535999e-01
9.830635786056519665e-01
9.421200752258299671e-01
9.525108337402343750e-01
9.658057689666748047e-01
9.296602606773376465e-01
9.369354248046876110e-01
9.716050028800964355e-01
9.889578223228455700e-01
9.354660511016845703e-01
9.381485581398009144e-01
8.817945718765258789e-01
9.187316298484802246e-01
8.995814919471740723e-01
9.310734868049621582e-01
9.282885789871215820e-01
8.802707791328430176e-01
9.224219322204590954e-01
9.267119169235229492e-01
9.290375709533692516e-01
9.424604773521424450e-01
9.523459672927856445e-01
9.541823267936707653e-01
9.798511862754821777e-01
9.791836738586425781e-01
9.993410110473631702e-01
1.003215312957763672e+00
9.936693310737609863e-01
1.011759400367736816e+00
1.007629275321960449e+00
1.011932730674743652e+00
1.019787669181823508e+00
1.117839694023132324e+00
1.065452575683593750e+00
1.057243704795837402e+00
1.087138533592223899e+00
1.044881939888000488e+00
1.070679306983947754e+00
1.103250980377197266e+00
1.067920088768005371e+00
1.040525197982787864e+00
1.055723309516906738e+00
1.106489062309265137e+00
1.063689231872558594e+00
1.063400506973266602e+00
1.109820127487182617e+00
9.990317821502685547e-01
1.013647079467773438e+00
1.070388913154602051e+00
9.912089705467224121e-01
1.048273086547851562e+00
9.805893898010253906e-01
1.032356739044189675e+00
1.053028583526611106e+00
1.061997652053833008e+00
9.883081912994383655e-01
9.678935408592224121e-01
1.013518095016479492e+00
1.065868973731994629e+00
1.015716314315795898e+00
9.657847881317139782e-01
9.816150069236756481e-01
1.068198680877685547e+00
1.056085109710693359e+00
1.007416367530822754e+00
9.475861191749571644e-01
1.056983232498169167e+00
9.354307055473327637e-01
1.005258560180664062e+00
1.055540561676025391e+00
1.012779116630554199e+00
9.794597029685974121e-01
1.015935420989990234e+00
1.037114500999450906e+00
1.005286335945129395e+00
9.180812239646911621e-01
9.909707307815551758e-01
9.949533343315124512e-01
9.937900900840760388e-01
9.893053770065307617e-01
1.040749669075012207e+00
1.029204010963439941e+00
9.265255928039551891e-01
9.718465209007264294e-01
1.014918446540832297e+00
1.062097787857055664e+00
9.640323519706726074e-01
1.014492750167846902e+00
1.052173972129821777e+00
1.076079130172729492e+00
1.034784436225891113e+00
1.019389748573303223e+00
1.009943842887878418e+00
1.047520756721496582e+00
9.455304741859436035e-01
1.005367279052734375e+00
1.072127103805541992e+00
1.022406816482544167e+00
9.755063056945799671e-01
9.855417609214783825e-01
9.768857359886168323e-01
9.736770987510680042e-01
1.051658630371093750e+00
1.010434985160827637e+00
1.014120340347290039e+00
9.788920283317565918e-01
1.012302160263061523e+00
1.046764850616454856e+00
1.002903342247009277e+00
9.954776167869567871e-01
9.753739237785340466e-01
9.782193899154664196e-01
9.639062285423279919e-01
1.045352578163146973e+00
9.408748745918273926e-01
1.020383596420287864e+00
1.014820694923400879e+00
1.045729041099548340e+00
9.780154228210448109e-01
1.024041295051574707e+00
9.730370640754699707e-01
9.863521456718443714e-01
1.022476077079772949e+00
9.772518277168273926e-01
9.341628551483154297e-01
9.537324309349058948e-01
9.252296686172484241e-01
9.406790137290955700e-01
9.851357340812684216e-01
9.603717923164367676e-01
1.036467671394347922e+00
1.049170374870300293e+00
9.808449745178223766e-01
1.010425329208374023e+00
1.071556448936462402e+00
1.055408000946045144e+00
1.001052141189575195e+00
1.036546349525451660e+00
9.997220635414123535e-01
9.822291135787963867e-01
9.753074049949645996e-01
1.023347496986389160e+00
1.072275161743164062e+00
1.087737202644347922e+00
1.069123268127441406e+00
1.011438727378845215e+00
1.019117832183838113e+00
1.035981893539428711e+00
1.025094866752624290e+00
9.838252067565917969e-01
1.016132712364196777e+00
1.004174709320068359e+00
1.047237992286681907e+00
1.015553712844848633e+00
1.061260819435119629e+00
1.057047724723815918e+00
1.068089008331298828e+00
9.793303608894348145e-01
9.797666668891907849e-01
9.401328563690185547e-01
1.011092662811279297e+00
1.010994791984557883e+00
9.535113573074339710e-01
9.707075357437133789e-01
9.915641546249390759e-01
9.731053709983825684e-01
1.007154226303100586e+00
1.012530207633972168e+00
9.654862284660340466e-01
1.005185604095459206e+00
9.935536384582520641e-01
1.035920143127441406e+00
1.017639279365539551e+00
9.953735470771790661e-01
9.675940275192259632e-01
9.756293892860411487e-01
1.003360033035278320e+00
9.748593568801879883e-01
9.581393599510191761e-01
9.139887094497679554e-01
9.031876921653747559e-01
9.980881810188292347e-01
1.001923084259033203e+00
1.027466654777526855e+00
1.019401669502258301e+00
9.869750738143919788e-01
9.422945976257324219e-01
1.006374955177307129e+00
1.016522049903869629e+00
1.039685845375060813e+00
1.018588423728942871e+00
1.012286782264709695e+00
1.003253817558288574e+00
9.717326164245604359e-01
1.016142010688781516e+00
9.906921982765197754e-01
9.283954501152039684e-01
1.016682863235473633e+00
1.011194705963134766e+00
9.468293786048888050e-01
9.419537186622620739e-01
9.836265444755554199e-01
9.679372906684875488e-01
9.961068630218505859e-01
9.782861471176147461e-01
9.464884996414183460e-01
9.870871901512145996e-01
9.977124333381651722e-01
1.039815902709960938e+00
9.643446803092956543e-01
9.838309288024902344e-01
1.001968741416931152e+00
1.057680130004882812e+00
1.078957080841064453e+00
1.082758545875549094e+00
1.073209047317504883e+00
9.663366079330444336e-01
9.967961907386779785e-01
1.023802280426025391e+00
9.732902050018309437e-01
9.808351993560792126e-01
9.828457832336425781e-01
1.031856536865234375e+00
1.081931948661804199e+00
1.012299895286560059e+00
9.816034436225892224e-01
1.103758692741394043e+00
1.134637355804443359e+00
1.083679437637329102e+00
1.049613475799560325e+00
1.060512661933899148e+00
1.074406266212463379e+00
1.124831914901733398e+00
1.071646213531493919e+00
1.009587526321411133e+00
9.934337735176086426e-01
9.903503656387327991e-01
9.786713123321532093e-01
9.887113571166992188e-01
9.845400452613831677e-01
1.006098031997680886e+00
1.027545452117920144e+00
1.062011122703552246e+00
1.068951606750488503e+00
1.076756358146667703e+00
9.985371232032775879e-01
1.021525382995605691e+00
1.006129264831542969e+00
1.022744178771972878e+00
9.333111643791199841e-01
9.140543341636657715e-01
9.543892145156859241e-01
9.895071387290955700e-01
9.859308600425720215e-01
1.029614686965942383e+00
1.021097421646118164e+00
9.708983302116394043e-01
9.881563186645507812e-01
9.570968151092528187e-01
9.801864027976990856e-01
1.005114555358886719e+00
1.036991119384765625e+00
9.646815061569213867e-01
8.887757062911987305e-01
9.810092449188232422e-01
1.023251175880431907e+00
9.683153629302979626e-01
9.304591417312622070e-01
9.661784172058104359e-01
9.840005636215209961e-01
1.019960045814514160e+00
1.009860754013061523e+00
1.016541242599487305e+00
1.055627584457397683e+00
1.039901733398437500e+00
1.035062193870544434e+00
1.064618587493896484e+00
1.001236438751220703e+00
9.756309986114501953e-01
1.037826776504516602e+00
1.044201850891113281e+00
1.012409090995788574e+00
1.023268699645995872e+00
1.031172037124633789e+00
1.173450112342834473e+00
1.055347323417663574e+00
9.750238060951231800e-01
9.788430333137512207e-01
1.009907364845276101e+00
9.988420009613035999e-01
9.937897920608520508e-01
1.052006125450134499e+00
1.031805396080017090e+00
1.044573307037353516e+00
1.056910395622253418e+00
1.012295603752136230e+00
1.050949096679687500e+00
9.367573261260986328e-01
9.947536587715147816e-01
9.658856391906738281e-01
1.103714227676391602e+00
1.061213970184326172e+00
9.936918020248411976e-01
1.035516619682312012e+00
9.958341121673583984e-01
1.063198685646057129e+00
1.115905880928039551e+00
1.059339046478271706e+00
1.060317158699035645e+00
1.081934452056884766e+00
1.052769780158996582e+00
1.069352388381958008e+00
1.043680667877197266e+00
1.020461201667785645e+00
1.058940052986145020e+00
1.075043082237243652e+00
9.799076318740843616e-01
9.849406480789183460e-01
9.844743609428405762e-01
1.029576420783996582e+00
9.766405820846557617e-01
9.578269720077515759e-01
1.007237315177917703e+00
1.011228919029235840e+00
9.395004510879515491e-01
9.254584908485411487e-01
1.014351010322570801e+00
1.009692788124084473e+00
1.003948450088500977e+00
1.004397153854369895e+00
1.047408819198608398e+00
1.022516489028930886e+00
9.919095039367675781e-01
1.003051161766052246e+00
9.908406138420103870e-01
9.782884716987609863e-01
9.474750161170959473e-01
1.014247655868530495e+00
1.000895380973815918e+00
9.645847082138061523e-01
9.679352045059204102e-01
1.006836891174316406e+00
9.539873600006103516e-01
9.560089707374571644e-01
9.840226173400880016e-01
9.976240992546081543e-01
9.830857515335084118e-01
9.799070358276368298e-01
9.843442440032960095e-01
9.797154068946838379e-01
1.002361416816711426e+00
9.713114500045776367e-01
9.999532103538512073e-01
1.048236131668090820e+00
1.008581280708312988e+00
9.890124201774596058e-01
1.033389925956725852e+00
1.073965311050415039e+00
1.081694126129150391e+00
9.273108243942259632e-01
9.835927486419677734e-01
1.034216165542602317e+00
9.985957741737365723e-01
9.611644148826600231e-01
9.941314458847045898e-01
1.035127639770507812e+00
1.048481464385986328e+00
1.045719981193542480e+00
1.024945974349975586e+00
1.116186738014221191e+00
1.121348619461059570e+00
1.100236058235168457e+00
1.064266920089721680e+00
1.067899823188781516e+00
1.077096819877624290e+00
1.045424103736877441e+00
1.016604542732238770e+00
9.973112344741820179e-01
1.021469235420227051e+00
1.045396804809570312e+00
1.027048945426940918e+00
9.702140092849731445e-01
9.266869425773619495e-01
9.338507652282715954e-01
9.653903841972352184e-01
9.847840666770936169e-01
9.884255528450012207e-01
9.638540148735046387e-01
9.523400068283079944e-01
9.295715689659119763e-01
9.770787358283995472e-01
1.014888167381286621e+00
1.000142455101013184e+00
9.982589483261108398e-01
1.001118421554565430e+00
1.028146862983703613e+00
9.928851127624511719e-01
9.841660857200623669e-01
1.035011768341064453e+00
9.977180361747741699e-01
1.063322305679321289e+00
1.076907992362975852e+00
1.026298046112060325e+00
1.023721814155578613e+00
1.073838233947754128e+00
1.069524645805358887e+00
1.049078106880187988e+00
9.757372736930848278e-01
1.026329398155212402e+00
1.001854777336120605e+00
9.936105608940124512e-01
1.008097410202026367e+00
1.041999936103820801e+00
1.044680356979369895e+00
1.024617314338684082e+00
1.051854848861694336e+00
1.015126109123229980e+00
1.039379239082336426e+00
9.995315670967102051e-01
1.020963311195373535e+00
1.007481336593627930e+00
9.634561538696287952e-01
9.615761637687684216e-01
9.404891133308411755e-01
9.586778879165648304e-01
9.183577895164490856e-01
9.174773097038267933e-01
9.407085776329040527e-01
9.610698223114013672e-01
9.394921660423279919e-01
9.173091650009156384e-01
9.474486112594604492e-01
9.434984922409057617e-01
9.494320750236512341e-01
1.018592834472656250e+00
1.038643240928650124e+00
1.000068783760070801e+00
9.617285132408142090e-01
1.017909407615661621e+00
9.829005599021911621e-01
9.788002371788023792e-01
1.011916995048522949e+00
9.622706174850463867e-01
9.779142737388611950e-01
9.949272871017456055e-01
9.503431916236876331e-01
1.029185056686401367e+00
1.020442605018615501e+00
1.037362575531006081e+00
9.234810471534727894e-01
1.022129535675048828e+00
9.789758324623107910e-01
9.825094938278198242e-01
1.067205190658569114e+00
1.082948446273803711e+00
9.780102372169495739e-01
1.021676540374756081e+00
1.010515451431274414e+00
1.000280141830444336e+00
1.037797570228576882e+00
9.750720858573913574e-01
9.373552799224853516e-01
1.021440505981445090e+00
9.757229685783386230e-01
9.453239440917967640e-01
9.435698390007020153e-01
9.652780294418336071e-01
9.512432813644408069e-01
9.858518838882446289e-01
1.026546001434326172e+00
1.030689597129821777e+00
9.730648398399351917e-01
9.684299230575561523e-01
1.010689377784729004e+00
1.039894223213195801e+00
1.016512989997863770e+00
9.771621227264404297e-01
1.001327276229858398e+00
1.000304579734802246e+00
9.659885764122008167e-01
9.738502502441406250e-01
1.006954908370971680e+00
1.034976959228515625e+00
1.001577973365783691e+00
1.046582102775573508e+00
1.019668698310852051e+00
1.055317044258117676e+00
1.050212025642395020e+00
1.055809736251830833e+00
1.072927236557006836e+00
1.047080636024474876e+00
1.023937582969665527e+00
1.038860678672790305e+00
1.091509461402892844e+00
1.010512948036193848e+00
1.051253318786620872e+00
9.988693594932556152e-01
1.038840651512145996e+00
1.078503608703613281e+00
1.031031012535095215e+00
1.058633089065551758e+00
1.057231307029723899e+00
1.059067964553833008e+00
9.830922484397888184e-01
1.035069346427917703e+00
1.013174653053283691e+00
9.815415143966675915e-01
1.052134990692138894e+00
1.000898480415344238e+00
1.036831021308899148e+00
9.726501107215880237e-01
1.010794639587402344e+00
1.057630062103271706e+00
1.019577980041504128e+00
1.081665277481079102e+00
9.809078574180604138e-01
1.045793175697326882e+00
1.069315671920776367e+00
1.022595286369323508e+00
1.022816419601440430e+00
1.097388982772827148e+00
1.015989303588867188e+00
1.031477808952331543e+00
1.079318165779113770e+00
9.974861741065980114e-01
9.734601974487303577e-01
9.673209190368652344e-01
1.044953107833862305e+00
1.070964217185973899e+00
1.033370971679687500e+00
1.040816426277160645e+00
1.061902642250060813e+00
1.054379940032959206e+00
1.049311757087707520e+00
1.007993340492248313e+00
1.055833101272583008e+00
1.046622514724731445e+00
1.026548385620117188e+00
9.939640164375304066e-01
1.012355566024780495e+00
9.941722154617309570e-01
1.018605113029479980e+00
9.865090847015379749e-01
9.822654128074645996e-01
1.012707829475402832e+00
9.531951546669006348e-01
9.099368453025817871e-01
9.063006043434144177e-01
9.611295461654664196e-01
1.001351237297057883e+00
9.506962299346923828e-01
9.869747757911682129e-01
9.899424314498900257e-01
9.456458091735840954e-01
9.508196711540222168e-01
9.057802557945251465e-01
8.873873949050903320e-01
9.675590991973875843e-01
9.928047657012940563e-01
9.426180720329283558e-01
9.746366739273072399e-01
1.015628457069396973e+00
9.783627986907960095e-01
9.995379447937011719e-01
9.822026491165160023e-01
9.514905810356140137e-01
9.825553894042967640e-01
1.000020146369934082e+00
9.585375785827635609e-01
9.705363512039183460e-01
9.674183130264282227e-01
9.729127287864683948e-01
1.003640294075012207e+00
1.042565941810607910e+00
1.009576916694641113e+00
1.004109621047973633e+00
9.723893404006958008e-01
1.043241024017334206e+00
1.009379267692565918e+00
9.949358701705931507e-01
9.416904449462891735e-01
1.009321570396423118e+00
1.019184589385986328e+00
9.448727965354920544e-01
9.608276486396790661e-01
9.422755837440491833e-01
9.703009128570555530e-01
9.769871830940247692e-01
9.483583569526672363e-01
9.785521030426024280e-01
9.494247436523437500e-01
1.015976786613464355e+00
1.060800433158874290e+00
1.008840203285217285e+00
9.526425600051879883e-01
9.674732089042663574e-01
9.591142535209655762e-01
1.032057642936706321e+00
9.980555176734924316e-01
1.013871550559997559e+00
1.012482166290283203e+00
1.012560129165649414e+00
9.863538146018981934e-01
1.037106990814209206e+00
1.058627247810363770e+00
1.049069523811340332e+00
1.008247137069701926e+00
9.797884225845335804e-01
1.045891523361205833e+00
1.021462082862854004e+00
1.006484627723693848e+00
1.056911468505859375e+00
1.024290323257446289e+00
9.671162962913512073e-01
1.084614515304565430e+00
1.072657704353332297e+00
1.026659250259399414e+00
9.842354655265808105e-01
1.059172630310058594e+00
1.093037366867065430e+00
1.032087206840515137e+00
9.356257915496826172e-01
9.746377468109131970e-01
9.863079786300660290e-01
1.009109973907470703e+00
9.638603925704956055e-01
9.678187966346739612e-01
9.593456387519836426e-01
9.674758315086363636e-01
9.695712327957152210e-01
9.750583171844482422e-01
9.664031267166137695e-01
9.662160277366638184e-01
1.003695011138915794e+00
9.325227737426757812e-01
9.869475960731506348e-01
9.311841726303099476e-01
9.881581068038940430e-01
9.723468422889709473e-01
9.374816417694091797e-01
9.299055933952331543e-01
9.640170931816099964e-01
9.851180315017700195e-01
9.916393160820008434e-01
9.996190071105955921e-01
9.636620283126832165e-01
1.066388726234435813e+00
9.924439191818236194e-01
1.008773446083068848e+00
9.857085943222045898e-01
1.015658617019653098e+00
1.006005167961120605e+00
9.968592524528504528e-01
9.911073446273803711e-01
9.738325476646424450e-01
1.010586857795715110e+00
9.885711669921876110e-01
1.021790623664855957e+00
9.898362755775451660e-01
1.016229391098022461e+00
1.022895574569701926e+00
9.939150214195251465e-01
1.054333925247192383e+00
1.035244345664978027e+00
1.025552392005920410e+00
1.052536368370056152e+00
9.997966289520263672e-01
9.837682843208311878e-01
1.000053763389587402e+00
9.872044920921325684e-01
9.561195373535156250e-01
9.332880377769470215e-01
9.920580983161926270e-01
9.620944857597352184e-01
9.795062541961669922e-01
9.823907613754272461e-01
1.055371284484863281e+00
1.008019089698791504e+00
9.495002627372741699e-01
1.038419485092162864e+00
9.544961452484131970e-01
9.430570006370544434e-01
9.528974890708924450e-01
9.911635518074035645e-01
9.882928133010864258e-01
9.641098976135253906e-01
1.028378248214721680e+00
9.868356585502624512e-01
9.720671176910400391e-01
1.090128540992736816e+00
9.616707563400268555e-01
1.085047245025634766e+00
1.050722837448119895e+00
9.477822780609131970e-01
9.939944148063659668e-01
9.887767434120178223e-01
9.862850308418273926e-01
9.863227605819702148e-01
1.024046540260314941e+00
9.930350184440611683e-01
9.552875161170959473e-01
1.013399839401245117e+00
8.506436944007873535e-01
1.099719285964965820e+00
1.054906249046325684e+00
1.023277997970580833e+00
1.098549485206604004e+00
1.025801539421081543e+00
9.471639394760131836e-01
1.073583006858825684e+00
9.872475862503051758e-01
1.012847304344177246e+00
1.107728481292724609e+00
1.039917707443237305e+00
1.053624272346496582e+00
1.052819848060607910e+00
1.053616404533386230e+00
1.043616294860839844e+00
1.054313063621520996e+00
1.051870107650756836e+00
1.012981534004211426e+00
1.060508966445922852e+00
1.060752034187317117e+00
1.032548308372497559e+00
1.108885884284973145e+00
1.046581029891967773e+00
9.446477890014648438e-01
1.009719967842102051e+00
1.113996386528015137e+00
9.955286979675291859e-01
1.040786147117614746e+00
1.052805781364440918e+00
1.060172557830810325e+00
9.521661400794984020e-01
1.040546059608459695e+00
1.085350036621093750e+00
1.071259021759033203e+00
1.133052468299865501e+00
9.831429719924927868e-01
9.812963008880616345e-01
1.026025414466857910e+00
9.887403249740599476e-01
1.051925539970397949e+00
1.025280237197875977e+00
1.044988274574279785e+00
1.056154251098632812e+00
9.906918406486512341e-01
1.090796113014221191e+00
1.001304984092712402e+00
1.029166936874389648e+00
9.797886610031127930e-01
1.044694542884826882e+00
1.032088875770568848e+00
9.621722698211669922e-01
1.051391124725341797e+00
1.029204964637756348e+00
9.900097250938415527e-01
9.323533177375792347e-01
1.032133221626281516e+00
1.007714509963989258e+00
9.260867238044739880e-01
9.443594813346863903e-01
9.561019539833067737e-01
9.538816809654235840e-01
9.699268341064452015e-01
1.050189971923827903e+00
9.172709584236143909e-01
9.080755114555359997e-01
9.105935692787170410e-01
1.065191149711608887e+00
1.053933501243591309e+00
1.034544706344604492e+00
1.097691893577575684e+00
1.050591468811035156e+00
9.687204957008361816e-01
9.889039397239683948e-01
1.003228306770324707e+00
9.544124603271484375e-01
1.022324800491333008e+00
9.947715997695923962e-01
1.032845377922057883e+00
1.052203297615051270e+00
1.006042957305908203e+00
9.777576327323913574e-01
1.007909178733825684e+00
1.002918720245361106e+00
1.008819460868835449e+00
9.769990444183349609e-01
9.726482629775999866e-01
1.013953685760497825e+00
9.502125382423399769e-01
9.577012062072753906e-01
9.037142992019652210e-01
9.512274861335754395e-01
9.567632675170898438e-01
8.901016712188720703e-01
8.637730479240417480e-01
9.543426632881164551e-01
1.007808566093444824e+00
1.025893092155456321e+00
1.017142653465270996e+00
9.868220686912535511e-01
9.166495800018309437e-01
1.004559397697448730e+00
1.065067529678344727e+00
1.072714924812317117e+00
9.904007911682127796e-01
9.995285868644714355e-01
1.023019194602966309e+00
1.002472162246704102e+00
1.018329024314880371e+00
1.043371438980102317e+00
1.023241400718689187e+00
1.057422518730163574e+00
1.108744740486145020e+00
1.082664132118224876e+00
1.189525723457336426e+00
1.107718467712402344e+00
1.063793063163757102e+00
1.111728787422180176e+00
1.139054298400879128e+00
1.123877048492431641e+00
1.069899916648864746e+00
9.609826803207396351e-01
1.051849007606506348e+00
1.035297274589538574e+00
1.031131744384765625e+00
1.014936923980713113e+00
9.542715549468994141e-01
9.928340315818787731e-01
9.786988496780395508e-01
1.024208307266235352e+00
9.886545538902283825e-01
9.496652483940124512e-01
1.008041620254516602e+00
1.088211417198181152e+00
1.024831295013427512e+00
9.722959995269776501e-01
1.009285449981689675e+00
1.043651223182678223e+00
9.470298290252685547e-01
9.498054385185241699e-01
9.849823713302612305e-01
9.426724910736083984e-01
9.011542797088624157e-01
9.829923510551451526e-01
9.643983244895936169e-01
9.963100552558900036e-01
1.088752269744872825e+00
1.065427184104919434e+00
1.075675487518310325e+00
1.020465254783630371e+00
1.000185132026672363e+00
8.905704021453857422e-01
1.044208765029907227e+00
1.041624188423156738e+00
1.085381627082824707e+00
1.100587964057922363e+00
1.055251002311706321e+00
1.015583395957946777e+00
1.005279898643493652e+00
1.069235086441040039e+00
1.046316385269165039e+00
1.074608922004699707e+00
1.055595040321349876e+00
9.624912738800047718e-01
9.773682355880736194e-01
1.040984869003295898e+00
9.929054975509643555e-01
1.004329681396484375e+00
9.858632683753968395e-01
1.040043473243713379e+00
1.122953891754150391e+00
1.039973258972167969e+00
9.674368500709533691e-01
9.773232340812684216e-01
8.956824541091918945e-01
9.876890182495116077e-01
9.695665240287779651e-01
9.433330297470091663e-01
1.009697437286377175e+00
1.072726488113403098e+00
1.012361407279968484e+00
1.021560192108154297e+00
1.085469126701354980e+00
1.087698221206665039e+00
9.709880948066712536e-01
1.013528227806091309e+00
1.026251435279846191e+00
1.009038925170898438e+00
1.002216815948486328e+00
1.007405161857604980e+00
1.045961380004882812e+00
1.050637841224670410e+00
1.059027910232544167e+00
9.527183175086976208e-01
9.996986389160156250e-01
1.026209712028503418e+00
1.026740789413451926e+00
1.038548231124877930e+00
1.036798954010009766e+00
1.025367736816406250e+00
1.024853110313415527e+00
1.049355506896972878e+00
1.082982778549194336e+00
1.017172217369079590e+00
1.014123320579528809e+00
1.070448994636535645e+00
9.788556098937988281e-01
9.880296587944031872e-01
9.983828067779539905e-01
1.064944148063659668e+00
1.059686064720153809e+00
9.715715646743774414e-01
1.007009506225585938e+00
1.010946989059448242e+00
1.011903405189514160e+00
9.760583639144896351e-01
9.782818555831908069e-01
8.877635598182678223e-01
9.440310001373292126e-01
1.004718184471130371e+00
9.470026493072509766e-01
9.672245979309082031e-01
9.560052156448364258e-01
9.051979184150695801e-01
8.975888490676879883e-01
9.488099217414855957e-01
9.007509350776672363e-01
8.693913817405700684e-01
9.375495910644532360e-01
8.940070867538452148e-01
9.061159491539000355e-01
8.971709012985229492e-01
9.369500875473022461e-01
9.690970778465272106e-01
9.707036614418029785e-01
9.632830023765563965e-01
9.364718794822691761e-01
9.493411779403687634e-01
1.002042889595031516e+00
1.010746836662292480e+00
9.899405241012572132e-01
9.641435146331788220e-01
9.873015880584715687e-01
9.779937267303467907e-01
9.565481543540955700e-01
1.024855613708495872e+00
1.007641553878784180e+00
1.023484587669372559e+00
1.004181981086730957e+00
1.008243560791015625e+00
9.452604055404664196e-01
9.813632369041443981e-01
1.023331761360168457e+00
1.008993983268737793e+00
9.211701750755308948e-01
9.824898838996888317e-01
1.015776038169860840e+00
1.004948735237121582e+00
1.005796670913696289e+00
1.063440322875976562e+00
1.058639526367187500e+00
1.047918319702148438e+00
1.061320066452026367e+00
1.052571535110473633e+00
1.044156789779662864e+00
1.027734518051147683e+00
1.032944321632385254e+00
1.057166337966919167e+00
1.028930187225341797e+00
9.846100211143493652e-01
1.023503661155700906e+00
1.044187903404235840e+00
1.029488086700439675e+00
1.029823660850525124e+00
1.026563048362732156e+00
1.053025841712951660e+00
9.954685568809508167e-01
9.835162162780761719e-01
9.714700579643249512e-01
9.813314080238342285e-01
9.908051490783692516e-01
9.287068247795103870e-01
1.004692435264587402e+00
9.861496090888975941e-01
9.102388024330140270e-01
9.665066599845886230e-01
9.997076392173768200e-01
9.899532794952391468e-01
9.587731957435607910e-01
9.844693541526794434e-01
1.057090044021606445e+00
1.021422863006591797e+00
8.993641138076782227e-01
9.471345543861388050e-01
1.012181162834167703e+00
9.971780776977540173e-01
1.008569598197937012e+00
9.783625006675720215e-01
9.768642783164978027e-01
1.043581962585449219e+00
9.999029040336607776e-01
1.014625072479247825e+00
8.805456161499023438e-01
9.260934591293336071e-01
1.071663022041320801e+00
1.017117261886596902e+00
9.511876702308655895e-01
1.002436280250549094e+00
1.079644322395324707e+00
1.032948970794677512e+00
9.631193876266479492e-01
1.004278898239135520e+00
1.006260514259338379e+00
1.004087686538696289e+00
1.036994338035583496e+00
1.001962184906006081e+00
9.449793100357055664e-01
9.824833869934082031e-01
9.699096679687500000e-01
1.088541269302368164e+00
9.568665027618408203e-01
9.586395025253295898e-01
1.001805663108825684e+00
1.016469717025756836e+00
9.361735582351683460e-01
9.277433753013611950e-01
9.834240674972534180e-01
1.056743860244750977e+00
9.566185474395751953e-01
8.720691204071044922e-01
9.237021803855895996e-01
1.092423677444458008e+00
1.093526124954223633e+00
1.025132179260254128e+00
1.022396445274353027e+00
9.869427084922790527e-01
9.890075922012327991e-01
9.908014535903931774e-01
1.014750480651855691e+00
1.000572800636291504e+00
9.887516498565673828e-01
1.073954582214355691e+00
1.068361759185790794e+00
1.080322742462158203e+00
9.910715222358703613e-01
1.046027898788451926e+00
1.050534248352050781e+00
1.057478189468383789e+00
1.041092395782470703e+00
1.045377135276794434e+00
1.089962601661681907e+00
1.011882901191711426e+00
9.920219182968140759e-01
9.842264652252196155e-01
1.003092765808105691e+00
1.094506025314330833e+00
1.063836455345153809e+00
1.010430812835693359e+00
9.844958186149596058e-01
9.738703966140748181e-01
1.019667625427245872e+00
9.990350604057312012e-01
1.015083312988281250e+00
1.017398715019225852e+00
1.021682858467102051e+00
9.770017862319946289e-01
1.016144633293152078e+00
1.000598073005676492e+00
9.661867022514344372e-01
1.009455442428588867e+00
1.101769804954528809e+00
9.450631141662597656e-01
9.188468456268309437e-01
9.666339159011839710e-01
1.001112699508666992e+00
1.035759687423705833e+00
9.319212436676024280e-01
1.014667272567749023e+00
9.893062114715576172e-01
9.917126297950743519e-01
1.017188429832458496e+00
9.954400658607484020e-01
9.852925539016723633e-01
9.350584149360655628e-01
9.756948351860046387e-01
9.833373427391052246e-01
1.045826673507690430e+00
1.024261236190795898e+00
1.008740425109863281e+00
1.002399802207946777e+00
9.398472905158995472e-01
1.019974231719970703e+00
1.022736787796020508e+00
9.366723299026488148e-01
1.029070496559142844e+00
1.041180729866027832e+00
1.010799407958984375e+00
1.017974138259887695e+00
9.552842974662779651e-01
1.013832449913025124e+00
1.036669611930847168e+00
1.008131027221679688e+00
1.018521070480346902e+00
1.038044691085815430e+00
1.008850574493408203e+00
1.025465726852416992e+00
9.835284948349000134e-01
9.819074869155883789e-01
1.066687703132629395e+00
1.004231095314026101e+00
9.989765882492064319e-01
1.067513346672057883e+00
1.056123971939087136e+00
1.004160165786743164e+00
1.026751518249511497e+00
9.834406375885009766e-01
1.049918055534362793e+00
1.001595020294189675e+00
9.731506705284119763e-01
9.545063972473144531e-01
1.004211544990539551e+00
9.972988963127136230e-01
1.002959966659545898e+00
9.791315197944640003e-01
1.047924757003784180e+00
1.083594441413879395e+00
1.035115242004394309e+00
1.027177095413208008e+00
9.982578158378599964e-01
1.036718130111694336e+00
1.046183824539184570e+00
1.022371172904968484e+00
9.845917820930479847e-01
1.048770785331725852e+00
1.054221034049987793e+00
1.069669246673584206e+00
1.029624819755554199e+00
1.021342754364013672e+00
9.939818382263183594e-01
9.102882742881776013e-01
9.509090781211851917e-01
9.831476807594300427e-01
1.041834473609924316e+00
1.059158086776733398e+00
1.040565371513366699e+00
9.828299283981324352e-01
9.433559775352478027e-01
9.456460475921631970e-01
9.728777408599853516e-01
1.037162065505981445e+00
9.785147309303283691e-01
9.787988066673279919e-01
9.922267794609069824e-01
9.716605544090272106e-01
9.653856754302979626e-01
9.589466452598571777e-01
9.910529851913452148e-01
9.673361778259276234e-01
1.045850753784179688e+00
9.976521730422973633e-01
1.009821414947509766e+00
1.025809764862060325e+00
1.027215480804443359e+00
9.506532549858092151e-01
9.839217662811280407e-01
9.994797706604003906e-01
1.043454766273498313e+00
9.954543113708496094e-01
1.014963626861572488e+00
1.057452917098999023e+00
1.052286505699157493e+00
1.057008862495422363e+00
1.097502350807189941e+00
1.070731520652770996e+00
1.046533346176147683e+00
1.052375793457031250e+00
1.062142252922057883e+00
1.068749070167541504e+00
1.047608733177185059e+00
1.024280190467834473e+00
1.062086701393127441e+00
1.020494699478149414e+00
1.081676244735717773e+00
1.085687875747680886e+00
1.072261691093444824e+00
1.073294878005981445e+00
1.023030996322631836e+00
1.042204141616821289e+00
1.012997865676880105e+00
1.038761138916015625e+00
1.000913858413696289e+00
1.007357835769653098e+00
9.999824166297911487e-01
9.991065859794615589e-01
1.004045724868774414e+00
9.699198603630065918e-01
1.080233216285705566e+00
1.006089568138122559e+00
9.856236577033995472e-01
9.797088503837584339e-01
1.045447945594787598e+00
1.062766432762145996e+00
1.058059096336364746e+00
1.026240468025207520e+00
1.021896243095397949e+00
1.014803767204284890e+00
1.076213717460632324e+00
1.030756950378417969e+00
9.774138927459715687e-01
9.634419083595275879e-01
9.495642781257628284e-01
9.734619855880736194e-01
1.041339516639709695e+00
9.792945981025695801e-01
9.269618988037108265e-01
9.499900341033935547e-01
9.924947023391723633e-01
1.017765760421752930e+00
9.993370175361632191e-01
1.004974484443664551e+00
1.012737751007079856e+00
9.953079223632812500e-01
1.012191891670227051e+00
9.449221491813659668e-01
1.018725872039795144e+00
1.048119544982910156e+00
9.983858466148376465e-01
1.027760982513427512e+00
1.051862835884094238e+00
1.068068742752075195e+00
1.009523987770080566e+00
1.022288560867309570e+00
1.054821014404296875e+00
1.006131887435912864e+00
1.004057288169860840e+00
1.007651329040527122e+00
1.012709379196166992e+00
9.904869794845579944e-01
9.939352273941040039e-01
9.918045401573180042e-01
9.995845556259156384e-01
1.012024521827697754e+00
1.000612974166869895e+00
1.011225461959838867e+00
1.007091522216796875e+00
1.000808119773864746e+00
9.973713755607603870e-01
9.880322813987731934e-01
9.939140677452088513e-01
1.014049887657165527e+00
1.002485513687133789e+00
9.864421486854552112e-01
1.011443376541137695e+00
1.004307866096496582e+00
9.660756587982177734e-01
9.691486954689025879e-01
9.672524333000184216e-01
9.235402941703796387e-01
9.722903370857239880e-01
9.968962669372559704e-01
1.009806513786315918e+00
1.022718906402588113e+00
1.045578837394714355e+00
1.051088094711303711e+00
9.849405884742735706e-01
1.007424831390380859e+00
1.006779551506042480e+00
9.695928096771240234e-01
1.017098903656006081e+00
1.006763815879821777e+00
9.894198179244996227e-01
1.007901430130004883e+00
1.004503369331360085e+00
1.073141336441040039e+00
1.008818268775939941e+00
1.046898007392883301e+00
1.014118194580077903e+00
9.555105566978455700e-01
9.967399835586547852e-01
9.900719523429871716e-01
9.230487942695617676e-01
9.984828233718872070e-01
9.804821610450743519e-01
9.847864508628844105e-01
1.006120681762695090e+00
9.806253910064696155e-01
9.851450920104979359e-01
9.394181966781616211e-01
1.003165483474731445e+00
9.952230453491212048e-01
1.043031454086303711e+00
9.810358881950378418e-01
1.094991326332092507e+00
1.046967387199402078e+00
1.003793120384216309e+00
9.830087423324583851e-01
1.020677208900451660e+00
1.021679043769836426e+00
1.000497579574584961e+00
1.018217563629150391e+00
1.001721024513244629e+00
1.050222277641296387e+00
1.067379951477050781e+00
1.067650318145752175e+00
1.046830534934997559e+00
9.743680357933044434e-01
1.028568148612975852e+00
1.048855066299438477e+00
1.008431434631347656e+00
1.003460526466369629e+00
9.635388255119323730e-01
9.957207441329956055e-01
1.084757804870605691e+00
9.961705803871155895e-01
1.019821047782897949e+00
1.028081655502319114e+00
1.028225660324096902e+00
9.964337348937988281e-01
1.019732475280761497e+00
1.023877620697021706e+00
1.019762158393860085e+00
1.057104945182800293e+00
1.018895506858825684e+00
1.059666991233825684e+00
1.054249286651611106e+00
9.876149892807007946e-01
1.052198052406310813e+00
1.034163951873779297e+00
1.044172048568725586e+00
9.738093018531800427e-01
9.346470832824708141e-01
9.316830039024351917e-01
9.524730443954467773e-01
9.409002065658568226e-01
9.829643368721008301e-01
9.945088028907775879e-01
9.033421874046325684e-01
9.510513544082641602e-01
9.807024598121644177e-01
1.016370654106139915e+00
9.603469371795654297e-01
1.026673316955566406e+00
1.016803503036499023e+00
9.801132082939147949e-01
9.686169028282165527e-01
9.735971689224244274e-01
9.876089692115783691e-01
9.131184220314025879e-01
9.500556588172911487e-01
9.672432541847227894e-01
1.007994055747985840e+00
9.464032649993896484e-01
1.019799351692199707e+00
9.941717982292176403e-01
9.796593189239501953e-01
1.003819465637207031e+00
1.046244502067565918e+00
1.010816097259521706e+00
9.924945831298828125e-01
1.036811947822570801e+00
1.014753460884094238e+00
1.083722949028015137e+00
1.003730297088622825e+00
9.967557191848755993e-01
1.031110525131225586e+00
9.913491010665893555e-01
1.005675673484802246e+00
1.001562952995300293e+00
1.010008931159973145e+00
9.661390781402587891e-01
9.758601784706115723e-01
1.009884715080261230e+00
9.809235930442808948e-01
9.902347922325134277e-01
1.086028575897216797e+00
1.044847011566161887e+00
1.035429358482360840e+00
1.037091851234435813e+00
1.061908125877380371e+00
9.993224143981933594e-01
1.041594982147216797e+00
1.052586197853088379e+00
1.068240761756896973e+00
1.096699237823486328e+00
1.049349427223205566e+00
1.028654098510742188e+00
9.892147779464721680e-01
1.040478110313415527e+00
9.031626582145692028e-01
9.525759816169739880e-01
9.285089373588562012e-01
9.683777689933775745e-01
9.887486696243286133e-01
9.917474985122679554e-01
1.007514119148254395e+00
9.650884270668029785e-01
9.678839445114135742e-01
9.699263572692872204e-01
9.689707756042479359e-01
9.666173458099364124e-01
9.955912232398987927e-01
9.502058625221252441e-01
9.760521650314332165e-01
1.077995896339416504e+00
1.044447660446166992e+00
1.070209980010986328e+00
1.036550760269165039e+00
1.098347544670104980e+00
1.076665997505187988e+00
1.032346606254577637e+00
9.645262360572816052e-01
9.752486348152159534e-01
1.018318772315979004e+00
1.019970297813415527e+00
1.025430679321289062e+00
1.033226370811462402e+00
1.024297356605529785e+00
1.022399425506591797e+00
1.067194581031799094e+00
1.019552469253540039e+00
9.433109760284423828e-01
9.371704459190367542e-01
9.155945777893066406e-01
9.763965606689452015e-01
1.014680385589599609e+00
9.435629248619079590e-01
1.009736537933349609e+00
1.005988359451294167e+00
9.663774967193603516e-01
9.808772802352904163e-01
1.022253394126892090e+00
9.905192255973815918e-01
1.000463604927062988e+00
9.938858747482299805e-01
1.018843293190002441e+00
9.512065649032591663e-01
9.038957357406616211e-01
9.482044577598571777e-01
1.032285571098327637e+00
9.756582379341124378e-01
1.001620650291442871e+00
1.034671187400818093e+00
9.925392270088195801e-01
1.047164916992187500e+00
1.036334991455077903e+00
9.903559684753417969e-01
1.020160317420959695e+00
1.048484325408935547e+00
1.044634222984314187e+00
1.027916193008422852e+00
1.031046986579895020e+00
1.021040201187133789e+00
9.923014044761657715e-01
1.020866513252258301e+00
1.040057778358459695e+00
1.024642467498779297e+00
9.952564835548399769e-01
1.040435433387756348e+00
1.074918985366821289e+00
1.030435800552368164e+00
1.029345989227295144e+00
9.874872565269470215e-01
1.031402349472045898e+00
1.019921422004699707e+00
1.020312666893005371e+00
9.969453811645507812e-01
1.039005637168884499e+00
1.026725530624389648e+00
1.013222575187682883e+00
1.011731028556823508e+00
1.020798087120056152e+00
9.532802104949952282e-01
9.599226713180541992e-01
1.007592082023620605e+00
9.597969651222227894e-01
1.025771498680114746e+00
1.002098083496093750e+00
9.896101951599119984e-01
1.001509904861450195e+00
9.704294800758361816e-01
9.730514287948608398e-01
9.843350052833556019e-01
1.003443956375122070e+00
9.485355615615843616e-01
1.038309454917907493e+00
9.474551081657409668e-01
9.840724468231200062e-01
9.729777574539183460e-01
9.725996255874633789e-01
9.286596775054931641e-01
9.789201617240905762e-01
1.006280899047851562e+00
1.013729214668274148e+00
9.439915418624877930e-01
1.025121688842773438e+00
1.049666523933410645e+00
1.040091991424560325e+00
9.987914562225341797e-01
1.031695961952209695e+00
9.969685673713684082e-01
1.066249728202819824e+00
1.011696457862854004e+00
9.403403997421263538e-01
9.398552179336547852e-01
1.031146049499511497e+00
9.812932610511779785e-01
1.032696723937988503e+00
1.018690466880798340e+00
1.052261114120483398e+00
1.052601814270019531e+00
9.866398572921751819e-01
1.041735649108886719e+00
1.028397083282470703e+00
1.008623719215392844e+00
1.011415839195251687e+00
1.058340191841125710e+00
9.741818308830260120e-01
9.939569234848022461e-01
9.877415895462036133e-01
1.020313501358032227e+00
9.412028789520263672e-01
9.873032569885253906e-01
1.028063297271728294e+00
9.743399620056152344e-01
9.502927660942077637e-01
9.989271759986876331e-01
1.022984147071838379e+00
1.005055546760559082e+00
9.452227950096129261e-01
1.005316376686096191e+00
9.597300291061400257e-01
1.048985838890075684e+00
1.036037206649780495e+00
1.040137290954589844e+00
9.574866890907287598e-01
1.008762836456298828e+00
9.479957818984984241e-01
1.013823747634887695e+00
1.038130760192870872e+00
9.185960888862609863e-01
9.656741619110108532e-01
1.016348600387573242e+00
9.698085188865661621e-01
1.021105647087097168e+00
1.001877903938293679e+00
9.477375745773316540e-01
9.485741257667541504e-01
1.001691818237304910e+00
9.958214759826659046e-01
9.625377058982848011e-01
9.389821290969847523e-01
9.871674776077270508e-01
9.945382475852966309e-01
1.044112801551818848e+00
1.025980591773986816e+00
1.038790941238403098e+00
1.056712865829467773e+00
1.054118514060973899e+00
9.710952639579771839e-01
9.424443840980529785e-01
1.047264695167541504e+00
1.067441940307617188e+00
9.660491943359376110e-01
9.800634384155272327e-01
9.736042618751525879e-01
1.005556464195251687e+00
1.028258085250854492e+00
1.055788159370422363e+00
1.025244712829589844e+00
9.762706756591795765e-01
1.033302545547485352e+00
1.007969498634338379e+00
1.091436743736267090e+00
9.831655025482177734e-01
9.463079571723937988e-01
1.021090030670165794e+00
1.112596988677978294e+00
9.863798618316650391e-01
1.055804967880249023e+00
1.054823160171508789e+00
9.863541126251219593e-01
1.004337668418884499e+00
1.012140393257141113e+00
9.906237125396728516e-01
1.040596842765807883e+00
1.081532478332519531e+00
1.035391807556152344e+00
9.697035551071168102e-01
9.789320826530456543e-01
1.041742682456970215e+00
9.652614593505860485e-01
9.938198924064636230e-01
9.407206773757935681e-01
9.414325356483459473e-01
9.940851330757140003e-01
9.565258026123047985e-01
9.616639018058775745e-01
1.024152517318725586e+00
9.697818756103515625e-01
9.985917806625366211e-01
9.590606093406676136e-01
1.007806539535522461e+00
9.533367753028870739e-01
1.005998492240905762e+00
9.598665237426757812e-01
1.048995971679687500e+00
1.088780164718627930e+00
1.008816361427307129e+00
1.039549827575683594e+00
1.062326431274414062e+00
1.043680667877197266e+00
1.044892787933349609e+00
1.006771564483642578e+00
1.009695649147033691e+00
1.034535288810729980e+00
9.888843297958374023e-01
1.012420058250427246e+00
9.715708494186400257e-01
1.060005187988281250e+00
1.058048725128173828e+00
1.015252709388732910e+00
9.693499803543091931e-01
1.048400521278381126e+00
1.090524315834045410e+00
9.844319224357603870e-01
9.528526663780212402e-01
1.032473802566528320e+00
9.866218566894532360e-01
1.023001909255981445e+00
9.661727547645567737e-01
9.778248071670532227e-01
1.063599228858947754e+00
1.027067065238952637e+00
9.378284215927124023e-01
9.982814192771911621e-01
1.003914594650268555e+00
1.028967380523681641e+00
9.704410433769226074e-01
9.916710257530212402e-01
1.028248190879821777e+00
9.991059303283692516e-01
9.993746876716613770e-01
9.324654936790466309e-01
1.023263573646545410e+00
9.833371043205260120e-01
9.922373890876770020e-01
9.437707066535949707e-01
1.023764967918395996e+00
9.988139867782591663e-01
1.055328011512756348e+00
9.647958278656005859e-01
9.864386916160583496e-01
9.899825453758240856e-01
9.771841764450072132e-01
1.004068374633789062e+00
9.562418460845948376e-01
9.697687625885009766e-01
9.832311272621155895e-01
1.008037328720092773e+00
9.258351922035216175e-01
9.527664780616759144e-01
9.637415409088135876e-01
9.605306386947631836e-01
9.516822099685667835e-01
9.490481019020079456e-01
9.544898271560667835e-01
9.908751249313354492e-01
9.794486165046691895e-01
9.015100002288818359e-01
9.408598542213441052e-01
1.027723908424377441e+00
9.491720199584959827e-01
9.764515757560729980e-01
9.387376904487609863e-01
9.485710859298706055e-01
9.712293148040771484e-01
9.219291806221008301e-01
9.466945528984069824e-01
1.008005857467651367e+00
1.049049139022827148e+00
9.432445168495178223e-01
9.444774389266967773e-01
1.009834766387939675e+00
9.394709467887878418e-01
9.862601161003111683e-01
9.731390476226807751e-01
9.392383694648743786e-01
8.987876772880554199e-01
8.470931649208068848e-01
9.389141201972960316e-01
9.604392647743223987e-01
9.540873765945435681e-01
1.051502108573913574e+00
9.748825430870056152e-01
9.916248917579651989e-01
1.043398141860962136e+00
9.893707036972045898e-01
9.686438441276550293e-01
1.026453137397765891e+00
1.010205149650573508e+00
1.012467980384826882e+00
9.951885938644408069e-01
9.044489860534667969e-01
1.025330305099487305e+00
1.009397387504577637e+00
8.981498479843140759e-01
9.752206802368164062e-01
1.014165043830871582e+00
9.599022269248962402e-01
1.086841106414795144e+00
9.934194087982177734e-01
1.056814432144165039e+00
9.291352033615112305e-01
7.509669661521911621e-01
1.014019250869750977e+00
8.782425522804259144e-01
8.850314021110534668e-01
9.888103008270263672e-01
1.007910132408142090e+00
1.017953395843506081e+00
1.036707043647765891e+00
9.966896176338195801e-01
1.091567277908325195e+00
1.049525856971740723e+00
9.588840007781982422e-01
1.168995618820190430e+00
1.107897281646728294e+00
1.069561839103698730e+00
1.076520442962646484e+00
9.853250980377196155e-01
1.144393682479858398e+00
1.093957781791687012e+00
1.031428694725036621e+00
9.411076307296751819e-01
1.072506904602050781e+00
1.074882864952087402e+00
1.037039875984192117e+00
1.136957883834838867e+00
1.114905357360839844e+00
9.528697133064270020e-01
8.823887109756469727e-01
1.083645820617675781e+00
9.936915040016174316e-01
1.047581553459167703e+00
1.089805603027343750e+00
1.024325847625732422e+00
1.039643645286560059e+00
1.018060207366943359e+00
9.948953390121459961e-01
1.010223627090454102e+00
1.006207823753357156e+00
1.026831626892089844e+00
1.014651894569396973e+00
1.002657771110534890e+00
1.123553156852722168e+00
9.563262462615967907e-01
1.142996072769165039e+00
1.200710773468017578e+00
1.072567939758300781e+00
1.027500152587890625e+00
1.141065120697021706e+00
9.832404255867004395e-01
1.074572563171386719e+00
1.024804353713989258e+00
1.033533692359924316e+00
1.072153091430664062e+00
9.997782111167907715e-01
1.146005392074584961e+00
1.126967072486877441e+00
1.059605360031127930e+00
1.001449465751647949e+00
9.778271913528442383e-01
9.712593555450440563e-01
1.011405229568481445e+00
1.033776521682739258e+00
9.891621470451356091e-01
9.496902823448180042e-01
1.011137366294860840e+00
9.868254661560059704e-01
1.048891186714172363e+00
1.019465446472167969e+00
9.778943657875059925e-01
1.035475373268127441e+00
1.018218755722045898e+00
1.023279428482055664e+00
9.642214775085448109e-01
8.642311692237854004e-01
9.131916761398316540e-01
9.907146692275999866e-01
9.874165058135986328e-01
1.069117307662964089e+00
1.027540683746338113e+00
9.620268940925598145e-01
9.963934421539307751e-01
9.663239121437071644e-01
9.807882905006407581e-01
1.100771307945251687e+00
1.080536842346191406e+00
9.895569086074827991e-01
9.873812198638916016e-01
1.036950111389160156e+00
1.032838225364685059e+00
9.577761888504028320e-01
1.083885073661804199e+00
1.018331170082092507e+00
1.032270908355713113e+00
1.024438738822937012e+00
1.078826785087585449e+00
1.002245306968689187e+00
1.025165796279907227e+00
1.026849985122680886e+00
1.046607494354247825e+00
1.022779345512389915e+00
1.052759408950805664e+00
1.048683881759643555e+00
1.045304179191589355e+00
1.047375679016113281e+00
1.065777420997619629e+00
1.021034955978393555e+00
9.924553036689758301e-01
1.047691226005554199e+00
9.724540114402772106e-01
1.022954344749450906e+00
1.030764698982238770e+00
1.005633711814880371e+00
1.055928945541381836e+00
1.078270554542541504e+00
1.081209301948547363e+00
1.046216726303100586e+00
1.009970068931579590e+00
9.606479406356811523e-01
1.001495242118835449e+00
1.029708623886108398e+00
9.990416169166563831e-01
9.699863195419311523e-01
9.694390892982484020e-01
9.199995398521424450e-01
1.070480942726135254e+00
1.082142710685729980e+00
1.079269528388977051e+00
1.092776536941528320e+00
1.064044952392577903e+00
9.920084476470948376e-01
1.073405504226684570e+00
1.032430052757263184e+00
1.078093409538269043e+00
1.039771080017089844e+00
1.015323042869568093e+00
1.069075345993041992e+00
1.077974081039428711e+00
1.050728678703307883e+00
1.004106163978576882e+00
1.097518086433410645e+00
1.102483034133911133e+00
1.032786607742309570e+00
9.643369913101196289e-01
9.554090499877929688e-01
9.326919317245484509e-01
1.044154524803161621e+00
1.059493899345397949e+00
1.056319952011108398e+00
9.987692236900329590e-01
1.015099406242370605e+00
1.000584006309509277e+00
9.884710907936096191e-01
1.066050648689270020e+00
9.457643628120422363e-01
9.993664026260375977e-01
9.929990768432616077e-01
9.805700778961181641e-01
1.008828639984130859e+00
1.009312748908996582e+00
1.021301746368408203e+00
9.628124237060547985e-01
8.966785073280334473e-01
9.624761343002320446e-01
1.051401019096374290e+00
1.018559575080871582e+00
1.015594482421875000e+00
9.520781040191650391e-01
9.727439880371093750e-01
9.864785075187684216e-01
1.025174498558044434e+00
1.022816300392150879e+00
9.431451559066772461e-01
9.355194568634032093e-01
9.418212175369263806e-01
9.641913771629332386e-01
1.076677918434142844e+00
9.437512159347534180e-01
9.727523922920228161e-01
8.892985582351684570e-01
9.895477294921876110e-01
9.953956604003906250e-01
9.894647002220153809e-01
1.070824146270752175e+00
1.019973158836364746e+00
9.775700569152832031e-01
9.746500849723815918e-01
9.719902276992797852e-01
1.035181999206542969e+00
9.674304723739624023e-01
9.819492697715760388e-01
9.455490708351136364e-01
9.407783746719359241e-01
9.678688645362854004e-01
9.590478539466857910e-01
8.738127350807191052e-01
9.299330115318298340e-01
9.926232099533079944e-01
9.570322036743164062e-01
8.977655768394470215e-01
9.618231058120727539e-01
9.026808142662048340e-01
9.770270586013793945e-01
9.687014818191528320e-01
9.758849740028380237e-01
9.566386938095091663e-01
1.030450701713562012e+00
9.897801876068116345e-01
9.909846186637878418e-01
9.550856947898863636e-01
9.813840985298155628e-01
9.696878790855407715e-01
9.608751535415648304e-01
9.498203992843627930e-01
9.679993391036988415e-01
9.677509665489195667e-01
9.530364871025084339e-01
9.619479179382324219e-01
9.511789083480836071e-01
9.419180154800416149e-01
9.687387347221375622e-01
1.038213372230529785e+00
1.044984459877014160e+00
9.772250056266783558e-01
9.986827969551086426e-01
1.046722888946533203e+00
1.057757496833801270e+00
1.002664327621459961e+00
9.941290616989135742e-01
9.587582349777221680e-01
9.473785161972045898e-01
9.674146175384520374e-01
9.640714526176451526e-01
1.010379314422607422e+00
1.013379931449889915e+00
1.037456035614013672e+00
9.750874042510986328e-01
9.293524622917176403e-01
9.536094069480895996e-01
9.338827729225159802e-01
9.262351393699645996e-01
9.458506703376770020e-01
9.221163392066955566e-01
9.264315366744996227e-01
9.425013065338135876e-01
9.328528046607972302e-01
9.413689374923706055e-01
9.401511549949645996e-01
9.543698430061340332e-01
9.543858766555786133e-01
9.530045390129088245e-01
9.546802043914796032e-01
9.840968251228332520e-01
1.000706553459167703e+00
9.719866514205931507e-01
1.004729151725769043e+00
1.028673768043517844e+00
1.013204574584960938e+00
9.924809336662292480e-01
1.017132520675659180e+00
1.006224989891052246e+00
1.031515002250671387e+00
1.048097014427185059e+00
1.080334901809692383e+00
1.032212972640991211e+00
1.036337971687317117e+00
1.072768568992614746e+00
1.046507120132446289e+00
1.024941682815551758e+00
1.027219295501709206e+00
9.843838214874267578e-01
9.946667551994323730e-01
1.068289160728454590e+00
1.065350890159607156e+00
1.009318590164184570e+00
1.015102982521057129e+00
9.914619922637940563e-01
9.515590667724608265e-01
9.756379723548888050e-01
1.014028429985046387e+00
1.007043957710265891e+00
9.921545386314392090e-01
9.914072751998900257e-01
9.763022065162659802e-01
1.023383021354675293e+00
1.029024481773376465e+00
1.039126873016357422e+00
9.682840704917907715e-01
1.029935002326965110e+00
1.014072656631469505e+00
1.128668427467346191e+00
1.050814747810363770e+00
9.859886169433593750e-01
9.614365696907043457e-01
1.017028450965881126e+00
1.038793802261352317e+00
1.032688498497009277e+00
1.078299880027770996e+00
1.023843407630920410e+00
9.844959378242491566e-01
1.066936373710632324e+00
9.753544330596923828e-01
1.052378892898559570e+00
1.013547539710998313e+00
9.768016934394836426e-01
1.029234170913696289e+00
1.008654713630676492e+00
9.766872525215147816e-01
9.769491553306579590e-01
9.957736730575561523e-01
9.979760646820068359e-01
9.976183176040648304e-01
1.002424240112304910e+00
1.004520416259765625e+00
1.030987143516540305e+00
9.981934428215027966e-01
1.012464404106139915e+00
9.681956171989439808e-01
9.473643898963928223e-01
9.893211722373962402e-01
9.736241102218627930e-01
1.008817076683044434e+00
1.050278782844543679e+00
1.054340600967407227e+00
1.041167736053466797e+00
1.052561998367309570e+00
1.002472043037414551e+00
9.323448538780212402e-01
9.096708893775941052e-01
8.085800409317016602e-01
8.775001764297485352e-01
9.730880260467528187e-01
1.001124143600464089e+00
1.070098161697387695e+00
1.015263915061950906e+00
1.025795817375182883e+00
9.656475186347960316e-01
9.587677121162415661e-01
9.730936884880065918e-01
9.490356445312500000e-01
9.379443526268004261e-01
1.014352083206176758e+00
1.016729950904846191e+00
1.015248537063598633e+00
1.013228535652160645e+00
1.001921176910400391e+00
1.023934245109557883e+00
9.977534413337707520e-01
1.026288032531738503e+00
1.034690260887145996e+00
1.048076033592223899e+00
1.039037466049194336e+00
1.039143919944763184e+00
1.045172691345214844e+00
1.023966073989868164e+00
1.052481293678283691e+00
1.033656477928161621e+00
1.028076052665710449e+00
1.057791352272033691e+00
1.020972728729247825e+00
1.012894988059997559e+00
1.022576689720153809e+00
1.059857487678527832e+00
9.510121941566468395e-01
1.006865024566650391e+00
1.038404226303100586e+00
1.036407947540283203e+00
1.001444578170776367e+00
1.008383989334106445e+00
1.053980588912964089e+00
1.004489064216613770e+00
1.003974080085754395e+00
9.866358041763305664e-01
1.029285430908203125e+00
1.011193394660949707e+00
1.039619088172912598e+00
1.022706151008605957e+00
1.026845335960388184e+00
1.014980673789978027e+00
1.030649781227111816e+00
9.579080343246459961e-01
9.957643151283264160e-01
1.020785570144653098e+00
1.013095378875732422e+00
9.921991825103759766e-01
1.022709012031555176e+00
9.819996953010560192e-01
9.936950802803040661e-01
1.022439837455749512e+00
9.823794960975648083e-01
1.009113430976867676e+00
1.040425658226013184e+00
1.016487360000610352e+00
1.010189414024353027e+00
1.008275866508484109e+00
1.001772999763488770e+00
9.727450013160705566e-01
1.000409722328185813e+00
1.044650793075561523e+00
1.039975881576537864e+00
9.845809936523437500e-01
1.010768055915832297e+00
1.038493633270263672e+00
1.012919545173645020e+00
9.934589266777039684e-01
1.003007531166076882e+00
1.015598535537719505e+00
9.934777021408079944e-01
1.028571248054504395e+00
9.176417589187622070e-01
9.830771684646606445e-01
1.017846941947937012e+00
9.491388797760009766e-01
9.835389852523803711e-01
1.009402275085449219e+00
1.012720465660095215e+00
9.922689199447631836e-01
9.388883113861083984e-01
8.953473567962646484e-01
9.749600887298583984e-01
9.963722825050354004e-01
1.006006956100464089e+00
9.324300885200500488e-01
9.311987161636352539e-01
1.031312584877014160e+00
1.029089570045471191e+00
1.010860085487365501e+00
9.759212732315063477e-01
9.985983371734620251e-01
1.032544851303100586e+00
1.054809331893920898e+00
1.028664827346801758e+00
9.952998161315917969e-01
1.028247714042663574e+00
1.056863546371459961e+00
9.957540035247803845e-01
9.933543205261229359e-01
1.012397527694701926e+00
1.017504334449767844e+00
9.724560379981995739e-01
9.872571229934692383e-01
1.005995273590088113e+00
1.022736310958862305e+00
9.645656347274780273e-01
9.848803877830504261e-01
9.811086058616638184e-01
1.010776042938232422e+00
1.019107103347778320e+00
9.913684725761413574e-01
1.038717627525329590e+00
9.915628433227540173e-01
9.373145103454590954e-01
9.863909482955931507e-01
9.377894401550291859e-01
1.015313029289245605e+00
1.040673494338989258e+00
1.020465493202209695e+00
1.017401933670044167e+00
9.981266260147095837e-01
1.006416559219360352e+00
1.020955920219421387e+00
9.928370118141174316e-01
1.017757296562194824e+00
1.026909708976745605e+00
9.958698749542236328e-01
1.090715646743774414e+00
1.030092120170593262e+00
9.549170136451720081e-01
9.869903922080993652e-01
1.019787669181823508e+00
1.005679249763488770e+00
9.785036444664000355e-01
9.806025624275207520e-01
9.338564872741700329e-01
9.683578014373780407e-01
9.895457625389100231e-01
9.416033625602722168e-01
9.531444311141967773e-01
9.634052515029908337e-01
9.706925153732299805e-01
9.607286453247070312e-01
9.785557985305786133e-01
1.002123594284057617e+00
1.025098443031310813e+00
1.031838059425354004e+00
1.075531840324402078e+00
9.784973859786988415e-01
9.966085553169250488e-01
9.986509084701538086e-01
1.010820627212524414e+00
9.871824383735655628e-01
1.008576631546020508e+00
1.005553841590881126e+00
1.038822293281555176e+00
1.002548217773437500e+00
1.005653262138366699e+00
9.898500442504883923e-01
1.010068297386169434e+00
9.188936352729796253e-01
9.698485136032104492e-01
1.022929906845092773e+00
1.018485903739929199e+00
1.044630527496338113e+00
1.036127090454101562e+00
1.056117773056030495e+00
9.985365867614746094e-01
1.096133708953857422e+00
1.048083662986755371e+00
1.075039982795715110e+00
9.690392613410949707e-01
1.076836228370666504e+00
1.071962356567382812e+00
1.044069528579712136e+00
1.021190404891967773e+00
1.057118892669677512e+00
1.044144868850708008e+00
9.999164342880247913e-01
1.058081865310669167e+00
1.020798087120056152e+00
1.047051668167114480e+00
1.049331784248352051e+00
9.866085052490234375e-01
1.004271388053894043e+00
1.102696418762207031e+00
1.063800692558288574e+00
1.032536149024963379e+00
1.004125833511352317e+00
9.635999798774720349e-01
1.024826526641845703e+00
1.041414260864257812e+00
1.033925056457519531e+00
1.001267075538635254e+00
1.053434610366821289e+00
1.005667448043823242e+00
9.984127283096312366e-01
9.961426258087158203e-01
9.979023337364195667e-01
1.030293226242065430e+00
1.036377191543579102e+00
9.967656731605529785e-01
9.663580060005187988e-01
1.092291712760925293e+00
1.098105549812317117e+00
1.034662842750549094e+00
9.898597598075867809e-01
9.913640618324279785e-01
1.043151497840881126e+00
1.057189345359802246e+00
1.031101107597350852e+00
1.024090051651000977e+00
1.030110359191894309e+00
1.012948751449584961e+00
1.019987344741821289e+00
9.786981940269470215e-01
1.023690104484557883e+00
9.940299391746519886e-01
1.011797666549682617e+00
1.012985110282897949e+00
9.950500726699827991e-01
1.030463576316833496e+00
9.746260046958924450e-01
1.004159688949584961e+00
9.703428745269776501e-01
9.648938775062559925e-01
1.054659247398376465e+00
1.043970584869384766e+00
1.000275373458862305e+00
1.026928424835204856e+00
1.034690618515014648e+00
1.028338670730590820e+00
1.007715463638305664e+00
1.005358338356017844e+00
9.092143177986143909e-01
1.003612518310546875e+00
9.287179708480836071e-01
1.006635308265685813e+00
9.938277602195740856e-01
9.893468618392944336e-01
9.897385835647584118e-01
9.865142703056335449e-01
9.830793142318725586e-01
1.027016520500182883e+00
9.642181992530823864e-01
9.495455026626588024e-01
9.903990030288696289e-01
9.668280482292176403e-01
1.041984319686889648e+00
1.044571638107299805e+00
9.910528063774107776e-01
9.941191673278807484e-01
9.895948171615599476e-01
1.063666224479675293e+00
1.082885146141052246e+00
1.014701366424560325e+00
9.700502157211303711e-01
9.159238338470460095e-01
9.186808466911315918e-01
1.021414160728454590e+00
9.969102144241331898e-01
9.932135939598083496e-01
9.620261192321776234e-01
9.744547605514526367e-01
9.646333456039427601e-01
9.506130814552308239e-01
9.731616377830504261e-01
9.327820539474488415e-01
9.525954723358154297e-01
9.590350985527039684e-01
9.938605427742004395e-01
9.704837799072265625e-01
9.789051413536071777e-01
9.111178517341613770e-01
1.008530974388122559e+00
1.070888400077819824e+00
1.020072937011718750e+00
9.550186395645141602e-01
9.801691770553587757e-01
1.045644402503967285e+00
1.010748744010925293e+00
1.023548007011413574e+00
1.017256379127502441e+00
1.059427499771118164e+00
1.052145719528198242e+00
1.079251646995544434e+00
1.057425856590270996e+00
1.015692591667175293e+00
1.072805643081665039e+00
1.041761159896850586e+00
1.030887007713318093e+00
1.056572198867798074e+00
1.043147206306457520e+00
1.038720607757568359e+00
1.016551852226257102e+00
1.068734884262084961e+00
1.048167228698730469e+00
9.759830832481384277e-01
1.004470467567443848e+00
1.030377030372619629e+00
1.016600847244262695e+00
9.836426377296447754e-01
1.052451491355895996e+00
1.024667859077453613e+00
1.017561316490173118e+00
1.008872747421264648e+00
9.424802660942077637e-01
1.050905704498290794e+00
1.043958902359008789e+00
1.058695912361145020e+00
9.896825551986694336e-01
9.458318948745727539e-01
1.011937618255615234e+00
9.915707707405090332e-01
1.008277773857116699e+00
9.894023537635804333e-01
9.578505754470824085e-01
9.603995084762572132e-01
9.629348516464232288e-01
9.867210388183593750e-01
9.690462350845335804e-01
1.013194918632507102e+00
9.926009774208067737e-01
1.006170988082885520e+00
9.875705838203430176e-01
1.008155345916747825e+00
9.840093255043029785e-01
1.000234961509704590e+00
1.023703932762145996e+00
1.029072284698486328e+00
9.679317474365234375e-01
1.026870250701904297e+00
1.037144541740417703e+00
1.050559520721435547e+00
9.952417612075805664e-01
9.754999279975892224e-01
1.023331403732299805e+00
9.808552265167236328e-01
1.042536973953247070e+00
1.005779623985290305e+00
1.020225644111633301e+00
1.002666711807250977e+00
9.973121881484984241e-01
9.941228032112121582e-01
1.013852834701537864e+00
1.022767186164855957e+00
1.024469971656799094e+00
1.001667976379394309e+00
9.989321231842039905e-01
1.063078045845031516e+00
1.046297788619995117e+00
9.752441644668580212e-01
1.002926826477050781e+00
1.022389888763427512e+00
1.071057319641113281e+00
1.061408758163451926e+00
1.000293254852295144e+00
9.332455396652221680e-01
9.945828318595886230e-01
9.655994772911071777e-01
9.956747293472290039e-01
9.957501292228699841e-01
1.033063292503357156e+00
1.017761826515197754e+00
1.025907278060912864e+00
9.180194735527039684e-01
1.003699660301208496e+00
9.607166051864624023e-01
1.022856950759887695e+00
1.035398483276367188e+00
9.767637848854063831e-01
1.062405347824096902e+00
1.024756550788879395e+00
1.110102295875549094e+00
1.003858447074889915e+00
1.008564949035644309e+00
9.857537746429444470e-01
1.020316362380981445e+00
1.043593525886535645e+00
9.783940911293029785e-01
1.016429066658020020e+00
9.899942278861999512e-01
1.044414520263672097e+00
1.046239852905273438e+00
9.983881115913392224e-01
9.994825124740599476e-01
1.032765030860900879e+00
9.873870611190795898e-01
1.042136430740356445e+00
9.918892383575440563e-01
1.015259385108947754e+00
1.017661452293395996e+00
1.008744716644286887e+00
1.007159113883972168e+00
1.002216219902038574e+00
9.715641736984251819e-01
1.035351276397704856e+00
1.039640545845031516e+00
1.013017892837524414e+00
1.017811179161071777e+00
1.011687755584716797e+00
1.014395833015442117e+00
1.023446917533874290e+00
1.008979678153991699e+00
9.819074273109436035e-01
1.022213339805603027e+00
9.827790856361388050e-01
1.007427573204040305e+00
1.004900336265564187e+00
1.018244504928588867e+00
1.002262473106384499e+00
1.009799718856811523e+00
9.791145324707032360e-01
1.018810868263244629e+00
1.016412973403930886e+00
1.041907787322997825e+00
1.007847428321838379e+00
1.020395874977111816e+00
1.019779205322265625e+00
1.031854033470153809e+00
1.013535380363464355e+00
9.437955617904664196e-01
1.013085842132568359e+00
1.046231865882873535e+00
1.050175547599792480e+00
9.974407553672790527e-01
1.022470116615295410e+00
1.029258608818054199e+00
9.930141568183900036e-01
1.029459595680236816e+00
1.026995301246642844e+00
9.928635954856871448e-01
1.045916438102722168e+00
9.993163943290709339e-01
9.570616483688354492e-01
1.051991820335388184e+00
9.997930526733398438e-01
1.036273002624511497e+00
9.688169956207276501e-01
9.793366193771362305e-01
9.802824854850767933e-01
9.654123783111572266e-01
9.955527186393737793e-01
9.682854413986206055e-01
9.564872384071350098e-01
9.052953124046325684e-01
1.024829983711242898e+00
9.840516448020936169e-01
1.007641673088073508e+00
9.636211991310120739e-01
1.000049948692321777e+00
9.791728854179382324e-01
9.894162416458129883e-01
9.829580783843994141e-01
9.942169785499571644e-01
9.642096757888793945e-01
1.008932352066040039e+00
9.898862838745116077e-01
9.827741384506225586e-01
1.013537883758545144e+00
1.004044651985168457e+00
1.019849061965942383e+00
9.762452840805053711e-01
1.008100390434265137e+00
1.014649510383605957e+00
1.033142805099487305e+00
1.011041402816772461e+00
1.028866648674011230e+00
1.050403952598571777e+00
1.013954758644104004e+00
1.037484169006347656e+00
1.014030694961548074e+00
1.071092128753661887e+00
1.074831962585449219e+00
1.043766617774963379e+00
1.053476691246032715e+00
1.029036164283752441e+00
1.064931869506835938e+00
1.047428846359252930e+00
1.051197767257690430e+00
1.033606648445129395e+00
1.006986141204834206e+00
1.024860024452209695e+00
1.023228764533996582e+00
1.036082506179809570e+00
1.026592493057250977e+00
1.016657233238220215e+00
9.952836632728575550e-01
1.009368658065795898e+00
9.900578260421751819e-01
1.023590803146362305e+00
1.029783964157104492e+00
9.748280048370360218e-01
1.025671362876892090e+00
9.966297149658204235e-01
1.008893132209777832e+00
1.023655891418457031e+00
1.000877737998962402e+00
1.043952822685241699e+00
9.823414087295532227e-01
9.875947833061218262e-01
9.943988323211669922e-01
9.569974541664123535e-01
9.960041642189025879e-01
1.011975646018982156e+00
1.022847533226013184e+00
1.001820445060729980e+00
9.780626296997070312e-01
9.324699044227600098e-01
9.640461206436156116e-01
1.007431626319885254e+00
9.449509382247923694e-01
1.008812427520752175e+00
9.896047711372375488e-01
9.427413344383240856e-01
1.002134561538696289e+00
9.725211858749390759e-01
1.016515135765075684e+00
1.037686109542846902e+00
9.793215990066528320e-01
1.025079369544982910e+00
9.927749633789062500e-01
9.999330043792723499e-01
9.925075173377991833e-01
9.665612578392027698e-01
1.019120216369629128e+00
9.930998682975767933e-01
1.021338820457458496e+00
1.023102641105652078e+00
1.014429330825805664e+00
1.003345131874084473e+00
9.971722364425660290e-01
1.028157830238342507e+00
1.004394054412841797e+00
1.043646216392517090e+00
9.939544200897215687e-01
1.040006756782531516e+00
9.948077797889709473e-01
1.043100476264953613e+00
1.000312805175781250e+00
1.037050008773803711e+00
9.991111159324645996e-01
1.031802535057068093e+00
9.923745393753051758e-01
