1.626005744934082031e+01
1.104598999023437678e+01
1.654963016510009766e+00
-4.648755073547363281e+00
-4.586752891540527344e+00
-3.610611677169799805e+00
3.517851591110229048e+00
1.445852661132812500e+01
2.358661270141601562e+01
3.185642433166503906e+01
3.708984375000000000e+01
3.914280319213867188e+01
3.326066970825194602e+01
2.522896194458007812e+01
1.431964683532714844e+01
3.994131803512572798e+00
2.609999477863311768e-01
-2.721367180347442627e-01
6.118536591529846191e-01
2.447690963745116743e+00
5.837890625000000000e+00
9.615542411804199219e+00
1.277054119110107422e+01
1.165024662017822443e+01
1.264381408691406250e+01
1.062455654144287287e+01
7.082262516021728516e+00
1.792755246162414551e+00
-2.209936141967772993e+00
-1.797555685043334961e+00
1.918257474899291992e-01
-5.499797463417053223e-01
-6.307464122772217685e+00
-3.537628173828125000e+00
-1.205660581588745117e+00
-1.302792549133300781e+00
-2.981101989746093750e+00
-3.542924404144287109e+00
-5.000540256500244141e+00
-7.722117900848388672e+00
-8.019694328308105469e+00
-6.989588737487792969e+00
-4.624317169189453125e+00
-3.230985879898071733e+00
-4.994351387023925781e+00
-4.042588710784912109e+00
-1.591711521148681641e+00
1.305967330932617188e+00
1.348940014839172363e+00
-6.095139503479003906e+00
-8.285988807678222656e+00
-1.196560096740722656e+01
-1.139464187622070490e+01
-1.091157341003417969e+01
-1.095852088928222656e+01
-1.076630878448486328e+01
-8.618942260742187500e+00
-6.505054473876952237e+00
-3.218165874481201172e+00
-1.596518278121948242e+00
-1.460731863975524902e+00
6.053963899612426758e-01
-3.736340045928955078e+00
-2.530711412429809570e+00
-3.078925132751464844e+00
-3.956309318542480913e+00
-3.500167369842529297e+00
-3.461671829223633257e+00
-2.713371753692626953e+00
-3.573520421981811523e+00
-2.547496080398560014e+00
6.149873137474060059e-03
5.348611354827880859e+00
8.210871696472167969e+00
5.215715885162353516e+00
1.084410190582275391e+00
-4.676927566528320312e+00
-9.633165359497070312e+00
-1.458374309539794922e+01
-1.393970489501953303e+01
-1.008401298522949219e+01
-3.396479368209838867e+00
3.022435188293457031e+00
5.884310245513916016e+00
5.512380123138427734e+00
2.869954347610473633e+00
-1.326981663703918457e+00
-4.637918949127197266e+00
-6.723116397857666016e+00
-4.863493442535400391e+00
-3.845715045928955078e+00
9.921407699584959827e-01
3.331821680068969727e+00
3.620860338211060014e+00
2.499217033386230469e+00
2.111783742904663086e+00
4.057713508605957031e+00
5.142971038818358487e+00
3.896927118301392046e+00
8.154060244560241699e-01
-2.010041475296020508e+00
3.160468637943267822e-01
2.916014671325684038e+00
6.465115547180175781e+00
7.025041103363037109e+00
5.447931289672851562e+00
3.643063306808472124e+00
9.809768676757812500e+00
1.807498550415039062e+01
1.959846115112304688e+01
2.403570365905761363e+01
2.303113174438476918e+01
1.999796485900878906e+01
1.651401329040527344e+01
1.158712959289550781e+01
6.058869361877441406e+00
3.007931470870972124e+00
-1.831030368804932085e+00
2.434602975845336914e+00
4.808814048767089844e+00
6.538949489593505859e+00
9.111373901367187500e+00
9.756886482238769531e+00
1.048604297637939631e+01
9.050509452819824219e+00
6.819774150848388672e+00
3.876706600189208984e+00
9.972651004791259766e-01
-1.299274802207946777e+00
-1.922525525093078391e+00
-1.471101641654968484e+00
1.989594459533691628e+00
7.564402222633361816e-01
5.318236351013183594e-01
4.868546009063721591e+00
1.530452013015746848e+00
-2.572818696498870850e-01
-2.958905935287476030e+00
-5.256558895111083984e+00
-9.151111602783203125e+00
-1.007464790344238281e+01
-7.584134101867675781e+00
-3.572417259216308594e+00
-5.683042049407958984e+00
-3.310469388961791992e+00
-3.457214832305908203e+00
-5.220954895019531250e+00
-6.571635723114013672e+00
-8.590093612670896661e+00
-1.095708274841308594e+01
-1.145067405700683594e+01
-8.013018608093263495e+00
-7.046289920806884766e+00
-6.920839786529541016e+00
-5.849201202392577237e+00
-6.899482727050781250e+00
-7.774242877960205078e+00
-8.597658157348632812e+00
-8.810204505920410156e+00
-9.809957504272460938e+00
-1.056171035766601562e+01
-9.827232360839843750e+00
-7.518208026885986328e+00
-6.568782806396483487e+00
-4.385405063629149502e+00
-4.683794498443604404e+00
-4.645858764648437500e+00
-1.522601008415222168e+00
9.359339475631713867e-01
-1.430066823959350586e+00
-2.498435020446777344e+00
-3.676411390304564986e+00
-2.922446966171264648e+00
1.456879615783691406e+00
4.015749454498291016e+00
3.293372154235839844e+00
3.756404399871826172e+00
8.455460548400878906e+00
3.106112241744995117e+00
1.548164129257201926e+00
-1.576702594757080078e+00
-2.894795656204224077e+00
-5.899072170257567471e+00
-5.309042453765869141e+00
-2.169673442840575894e-01
5.477530956268311435e+00
7.299345493316650391e+00
9.539051055908203125e+00
7.906773567199707031e+00
4.709427356719971591e+00
2.926846444606781006e-01
-2.656582891941070557e-01
-8.548392057418823242e-01
-8.384961634874343872e-02
1.461756944656371848e+00
6.732600688934326172e+00
8.737165451049804688e+00
5.482438087463378906e+00
5.383027076721191406e+00
5.871358871459960938e+00
3.435656785964966264e+00
2.661660194396972656e+00
3.685525894165038618e+00
2.265952825546264648e+00
1.219449877738952637e+00
3.632341623306273526e+00
3.559200286865234375e+00
4.066402912139893466e+00
3.862140417098998579e+00
4.727754592895507812e+00
3.103962898254394531e+00
-1.739728152751922607e-01
-2.179943561553955078e+00
-6.666419982910156250e+00
-6.292094707489013672e+00
-5.757693290710449219e+00
-3.713080883026123047e+00
-1.738725423812866211e+00
1.160632491111755371e+00
4.220876216888428623e+00
4.123886585235596591e+00
4.476302146911621094e+00
1.727336406707763672e+00
-3.034009933471680132e+00
-6.655325889587402344e+00
-1.152734661102294922e+01
-1.212227439880371271e+01
-1.189256095886230469e+01
-8.546312332153320312e+00
-3.729738712310791016e+00
-9.495332837104795976e-02
2.636457920074462891e+00
7.863073348999023438e-01
-3.526486158370972124e+00
-4.591570854187011719e+00
-5.985578536987304688e+00
-5.482380390167236328e+00
-4.712020874023437500e+00
-5.224144458770751953e+00
-7.795514106750487393e+00
-9.386137008666992188e+00
-8.741269111633299005e+00
-7.204520702362060547e+00
-3.613327741622924805e+00
-1.196261793375015259e-01
4.582547187805175781e+00
1.049866390228271662e+01
1.061483955383300781e+01
9.580782890319824219e+00
3.534857749938964844e+00
1.739756584167480469e+00
-1.210450410842895508e+00
-5.132647037506104404e+00
-6.838984012603759766e+00
-6.598836421966552734e+00
-5.094047069549560547e+00
-1.170652985572814941e+00
-9.246503114700316273e-01
2.919313684105873108e-02
1.326242208480834961e+00
3.236848831176758257e+00
2.923930168151855469e+00
2.808936119079589844e+00
3.174273729324341264e+00
3.289377212524413618e+00
2.623672962188720703e+00
1.855083227157592773e+00
2.308605432510375977e+00
2.985849380493163618e+00
4.912286281585693359e+00
4.384117126464843750e+00
8.840186119079589844e+00
1.186786937713623047e+01
1.075039577484130682e+01
8.771674156188964844e+00
5.749507427215576172e+00
3.560211420059203657e+00
1.826329231262206809e+00
1.933368206024169922e+00
-2.868852317333220880e-01
-1.443051695823669434e-01
2.719563722610473633e+00
5.547188282012940341e+00
8.276004791259767401e+00
1.094832706451416016e+01
1.229949951171875000e+01
1.214051914215088068e+01
9.599951744079589844e+00
6.647811889648437500e+00
6.174726486206054688e+00
3.596382379531860352e+00
1.235732078552245872e+00
-3.589972019195556641e+00
-6.574703693389892578e+00
-5.815254211425781250e+00
-4.764116287231445312e+00
-1.963813066482543945e+00
2.372329950332641602e+00
4.854285240173339844e+00
1.552984714508056641e+00
1.226667165756225586e+00
-4.483469486236572266e+00
-1.063184452056884766e+01
-1.810041618347167969e+01
-2.857509040832519531e+01
-3.306985092163085938e+01
-3.291508483886719461e+01
-2.628899383544921875e+01
-1.394002342224121271e+01
-2.477631330490112305e+00
7.091041088104247159e+00
1.008771038055419922e+01
9.486551284790039062e+00
6.378064155578612393e+00
5.750764369964599609e+00
1.455041885375976562e+00
-2.811113357543945312e+00
-6.432419776916503906e+00
-8.568363189697267401e+00
-1.044005966186523438e+01
-1.058462142944335938e+01
-8.005035400390625000e+00
-4.315969944000243252e+00
-2.507978677749634233e+00
5.128002166748046875e-01
1.564418822526931763e-01
-2.994651198387145996e-01
-3.353120684623718262e-01
-4.690581262111663818e-01
3.195997953414916992e+00
3.965268135070801225e+00
2.047750949859619141e+00
-2.555935621261596680e+00
-6.496352195739746094e+00
-6.851150989532471591e+00
-5.522656440734863281e+00
-4.580936431884766513e+00
3.421110808849335272e-01
6.920750617980957031e+00
1.332534599304199219e+01
1.677910041809082031e+01
1.944687843322753906e+01
1.830567550659180043e+01
1.174579715728759766e+01
4.625590324401856357e+00
-2.564304351806640625e+00
-7.526371479034423828e+00
-4.839715003967285156e+00
4.382573604583740234e+00
1.219683647155761541e+01
1.758514976501465199e+01
1.992391777038574574e+01
1.777742767333984375e+01
1.956945610046386719e+01
9.369713783264160156e+00
2.809611082077026367e+00
-2.526343584060668945e+00
-6.483358383178710938e+00
-9.336477279663085938e+00
-5.248671531677246094e+00
-4.543585777282714844e+00
-3.754607439041137695e+00
-3.353777229785919189e-01
8.595813065767286820e-02
2.273586988449096680e+00
5.636077523231506348e-01
-2.517430543899536133e+00
-8.206912040710450995e+00
-1.072780704498291016e+01
-1.708142662048340199e+01
-1.804493522644042969e+01
-1.625735282897949219e+01
-1.308617115020751953e+01
-8.366132736206054688e+00
-5.000864028930664062e+00
-4.228684902191162109e+00
-7.441648960113525391e+00
-9.816593170166015625e+00
-1.034366226196289062e+01
-1.187861633300781250e+01
-1.520921421051025568e+01
-1.815311622619628906e+01
-1.953010177612304688e+01
-1.641458129882812500e+01
-6.361033439636231357e+00
5.444743156433105469e+00
1.263786697387695312e+01
1.084001636505126953e+01
7.140459537506104404e+00
-1.197926163673400879e+00
-6.620237827301025391e+00
-9.145517349243164062e+00
-1.044520473480224609e+01
-6.305474281311035156e+00
6.771127223968505859e+00
1.681511116027832031e+01
2.779106330871582031e+01
3.293127822875977273e+01
3.027027130126953125e+01
2.197080421447753906e+01
1.014101982116699219e+01
-5.603591799736022949e-01
-4.106882572174071377e+00
-2.768023490905761719e+00
2.131275087594985962e-02
5.790328502655028409e+00
1.045322895050048828e+01
1.934456634521484375e+01
2.471493721008301137e+01
2.637054824829101562e+01
2.443946647644042969e+01
1.863687133789062500e+01
1.286276626586914062e+01
5.680563449859619141e+00
2.173771560192107877e-01
-8.470294475555419922e-01
-3.107377290725708008e+00
1.306223124265670776e-01
6.433716773986816406e+00
1.349104595184326172e+01
1.913347053527832031e+01
2.306641769409180043e+01
2.110068130493164062e+01
1.792755699157714844e+01
1.149568271636962713e+01
3.698270320892333984e+00
-4.554668903350830078e+00
-1.254822921752929510e+01
-1.539141941070556463e+01
-1.257895278930664062e+01
-1.309350776672363281e+01
-9.965718269348144531e+00
-7.674503326416016513e+00
-2.311105012893676758e+00
-1.130163446068763455e-01
3.253967523574828657e+00
3.578775405883788618e+00
2.369135379791260210e+00
-3.547157764434814453e+00
-8.484250068664549005e+00
-1.146540451049804688e+01
-1.155852603912353516e+01
-8.650191307067871094e+00
-4.330748558044433594e+00
-2.419213533401489258e+00
-1.651435136795043945e+00
-3.658080816268921343e+00
-3.026327610015868697e+00
-3.794763326644897461e+00
-5.750944137573242188e+00
-4.922080039978027344e+00
-3.902379035949707031e+00
-3.462436437606811523e+00
-4.318182468414306641e+00
-7.371043205261230469e+00
-9.380933761596679688e+00
-1.277299022674560547e+01
-1.399956607818603516e+01
-1.041467571258544922e+01
-3.897325515747070312e+00
1.116902828216552734e+00
3.190774917602538618e+00
3.667763173580169678e-01
-3.583661556243896484e+00
-7.243795394897460938e+00
-1.074693202972411932e+01
-1.204402542114257812e+01
-7.963117599487304688e+00
-1.143150687217712402e+00
6.461122989654541016e+00
9.653593063354492188e+00
7.015201091766357422e+00
2.212248086929321289e+00
-8.311409950256347656e+00
-1.250037670135498047e+01
-1.128237056732177557e+01
-5.735559940338134766e+00
-9.938148260116576038e-01
-5.343117117881774902e-01
-3.047839641571044922e+00
-4.897634506225585938e+00
-1.488206195831298828e+01
-2.190411949157714844e+01
-1.929447364807128906e+01
-1.089864063262939631e+01
-1.872355341911315918e+00
4.698120594024658203e+00
5.370252609252929688e+00
6.421389579772949219e+00
6.149268627166747159e+00
3.217647790908813032e+00
3.592799425125122070e+00
4.514728546142578125e+00
7.902957439422607422e+00
1.021874332427978338e+01
1.112804126739501953e+01
3.665228366851807085e+00
-2.315013408660888672e+00
-5.980508327484130859e+00
-1.099993038177490234e+01
-1.646132469177246094e+01
-1.791525840759277344e+01
-1.340341472625732422e+01
1.071194410324096902e+00
1.650998878479003906e+01
2.373846244812012074e+01
2.598677825927734375e+01
2.323180007934570312e+01
1.729856109619140270e+01
9.738598823547363281e+00
-1.219964399933815002e-01
-3.795246601104735884e+00
4.069494307041168213e-01
5.164649963378906250e+00
1.100416088104248047e+01
1.109267330169677557e+01
1.534104824066161932e+01
1.320039367675781250e+01
7.958655357360839844e+00
4.302745819091796875e+00
-4.333170890808105469e+00
-9.902220726013183594e+00
-1.233770370483398438e+01
-1.151317596435546697e+01
-2.200699090957641602e+00
9.546314239501953125e+00
1.686300468444824219e+01
2.666660118103027344e+01
2.753004646301269176e+01
1.988310623168945312e+01
9.843724250793457031e+00
-4.741869866847991943e-01
-1.177249526977539062e+01
-1.604730796813965199e+01
-1.365508556365966797e+01
-9.427834510803224433e+00
-1.650087594985961914e+00
2.411588668823241743e+00
9.019839167594909668e-01
-2.403918027877808061e+00
-9.221298217773437500e+00
-1.487338829040527344e+01
-1.637857246398925781e+01
-8.241581916809082031e+00
-9.584439396858216442e-01
4.587892055511474609e+00
1.024125862121582031e+01
1.432630157470703303e+01
1.477428245544433594e+01
1.044635009765625000e+01
2.096905231475830078e+00
-3.322148323059082031e+00
-5.840250015258789062e+00
-3.224010467529296875e+00
3.258822441101073775e+00
1.018896770477294922e+01
1.183177566528320490e+01
4.250438213348388672e+00
4.821001589298247736e-01
2.547321021556854248e-01
2.448975563049316406e+00
2.776782274246215820e+00
1.469205379486083984e+00
-3.576090335845947710e+00
-9.743955612182617188e+00
-5.593520641326903409e+00
-3.846680879592895952e+00
-2.440916061401366743e+00
6.647536754608154297e-01
8.534923195838928223e-01
1.466445028781890869e-01
1.163387537002563699e+00
5.087756156921386719e+00
2.269749402999877930e+00
2.604663610458374023e+00
5.070489406585693359e+00
8.646128654479980469e+00
1.267358398437500000e+01
1.322661781311035156e+01
1.156388282775878729e+01
4.656501293182373047e+00
-1.719574570655822754e+00
-1.062879371643066406e+01
-1.692598533630371094e+01
-2.172969818115234375e+01
-2.032010650634765625e+01
-1.303589248657226562e+01
-2.658838748931884766e+00
8.485896110534667969e+00
1.547613620758056463e+01
1.497945594787597479e+01
7.263335227966308594e+00
-3.296482563018798828e+00
-6.580791473388672763e+00
-1.251628780364990234e+01
-1.452996158599853516e+01
-1.400328254699707031e+01
-1.175043106079101562e+01
-4.369447708129883701e+00
5.605898380279541016e+00
1.830930519104003906e+01
2.505968666076660156e+01
2.647236251831055043e+01
2.409815979003906605e+01
1.990911483764648438e+01
1.193271255493164062e+01
4.457660675048828125e+00
-1.422669649124145508e+00
-8.066418647766111505e+00
-1.379289531707763494e+01
-1.482841110229492188e+01
-1.327006149291992188e+01
-1.497376346588134766e+01
-1.274095726013183594e+01
-8.973650932312011719e+00
-8.805283546447753906e+00
-7.955320358276367188e+00
-8.533080101013183594e+00
-5.865806102752685547e+00
-1.720472455024719238e+00
4.202651023864746094e+00
9.167126655578613281e+00
1.421351432800292969e+01
1.603191947937011363e+01
1.373726367950439453e+01
1.347575378417968750e+01
9.025452733039855957e-01
-8.037439346313478339e+00
-1.673335647583007812e+01
-2.096372222900390625e+01
-2.069235420227050781e+01
-1.341084098815917969e+01
-5.549762725830078125e+00
-1.889795184135436790e+00
-2.099074602127074751e+00
-4.549763202667236328e+00
4.551966190338134766e+00
7.263434886932372159e+00
6.700664520263672763e+00
3.811403036117553711e+00
-1.613419532775879128e+00
-1.077021980285644354e+01
-1.616617202758789062e+01
-1.516974163055419922e+01
-9.840510368347167969e+00
-2.034010440111160556e-01
9.216780662536619317e+00
1.894794273376464844e+01
2.742401313781738637e+01
3.239944839477539062e+01
3.233757019042969461e+01
2.528692817687988637e+01
1.341900062561035156e+01
-3.389532566070556641e+00
-1.919800186157226562e+01
-2.714151382446289062e+01
-3.165032958984375000e+01
-2.223198318481445312e+01
-4.258557796478272373e+00
1.009142875671386719e+01
1.582280826568603516e+01
2.225759124755859375e+01
1.872007942199707031e+01
1.487773609161376953e+01
1.811683654785156028e+00
-4.838166713714599609e+00
-5.227467536926269531e+00
-6.206406116485596591e+00
-1.958982348442077637e+00
5.534623622894287109e+00
1.604290390014648438e+01
1.989812278747558594e+01
1.482556438446044922e+01
5.067098617553710938e+00
-1.886175632476806419e+00
-6.429663658142089844e+00
-2.082163333892822266e+00
-2.006606340408324751e+00
2.238345623016357422e+00
4.294616222381591797e+00
-9.002553224563598633e-01
-5.560799121856689453e+00
-4.538908004760742188e+00
-7.296639919281005859e+00
-5.143149852752685547e+00
-4.188094139099121094e+00
-5.654560089111327237e+00
-8.200629234313964844e+00
-1.108960723876953303e+01
-9.973577499389648438e+00
-9.371459007263183594e+00
-1.244885540008544922e+01
-1.624093055725097301e+01
-1.747672080993652699e+01
-1.374459266662597479e+01
-9.006138801574707031e+00
9.665235131978987260e-02
6.351206302642822266e+00
1.035947513580322443e+01
1.296137332916259766e+01
1.116198539733886719e+01
7.292001724243164062e+00
3.949485540390015093e+00
3.239999532699584961e+00
3.176888942718506303e+00
-1.419501304626464844e-01
-5.951213836669922763e+00
-1.023382091522216797e+01
-1.292787742614746094e+01
-1.715667343139648438e+01
-1.712927246093750000e+01
-1.293194389343261541e+01
-8.521093368530271661e+00
-3.197136640548706055e+00
9.313287734985351562e+00
1.229932689666748047e+01
8.675166130065917969e+00
-2.019287496805191040e-01
-1.015537834167480469e+01
-1.393337440490722656e+01
-1.042475891113281250e+01
3.223977565765381303e+00
1.997426986694335938e+01
3.428086471557617188e+01
3.954129791259765625e+01
3.486375427246094461e+01
1.632261657714843750e+01
-4.687143802642822266e+00
-2.297302436828612926e+01
-3.019512939453125000e+01
-3.485344314575194602e+01
-2.522776603698730469e+01
-1.298145389556884766e+01
4.025160312652587891e+00
1.982846832275390625e+01
2.917649078369140980e+01
3.347713851928710938e+01
2.894185256958007812e+01
1.780106353759765625e+01
6.740789413452147549e+00
1.007776483893394331e-01
-1.097404766082763672e+01
-1.773045539855957031e+01
-1.671703910827636719e+01
-1.415607833862304688e+01
-1.387106704711914062e+01
-9.351435661315917969e+00
-1.998069643974303977e+00
6.786363601684570312e+00
8.786344528198242188e+00
5.792683601379394531e+00
5.488840103149414062e+00
3.289041519165038618e+00
-2.971731722354888916e-01
-5.533492088317871094e+00
-1.076380348205566406e+01
-2.205842399597167969e+01
-2.840435218811035156e+01
-2.433205223083496094e+01
-2.001462745666503906e+01
-1.518505954742431463e+01
-1.028422832489013672e+01
1.958561420440673606e+00
8.879740715026855469e+00
1.317203164100646973e+00
-7.461256504058837891e+00
-7.871820926666259766e+00
-7.380351543426513672e+00
-1.111008834838867188e+01
-1.094643115997314453e+01
-1.560094642639160156e+01
-1.057019424438476562e+01
-6.878815174102782315e+00
-2.706665277481079102e+00
6.244856715202331543e-01
6.348598957061767578e+00
1.886588668823242543e+01
2.213671493530273438e+01
2.975661087036132812e+01
2.501576614379882812e+01
1.611741256713867188e+01
4.473455905914306641e+00
2.861813545227051225e+00
6.655293464660644531e+00
1.176847648620605469e+01
8.797509193420410156e+00
5.790043354034423828e+00
-3.210625410079956055e+00
-8.786786079406736505e+00
-5.530971050262451172e+00
1.297910884022712881e-02
9.973032951354980469e+00
2.097635459899902344e+01
2.672064018249512074e+01
2.004789352416992188e+01
5.553140163421630859e+00
-6.871818542480468750e+00
-5.247244358062744141e+00
-1.231754970550537287e+01
-1.090040302276611328e+01
-6.634736061096191406e+00
-7.382483959197997159e+00
-1.039140701293945312e+01
-1.088637161254882812e+01
-1.300421619415283203e+01
-3.094189167022705078e+00
8.919071197509765625e+00
1.537375640869140447e+01
1.824817466735839844e+01
1.233461475372314453e+01
5.564820766448974609e+00
8.235962390899658203e-01
-6.150751113891602451e+00
-9.022639274597167969e+00
-1.853068351745605113e+01
-1.993620491027832031e+01
-2.605571746826171875e+01
-2.799217796325683949e+01
-1.716533279418945312e+01
3.425190210342407227e+00
1.684371948242187500e+01
1.934309005737304688e+01
2.041302299499512074e+01
1.481028175354003906e+01
1.084382152557373047e+01
1.575997447967529297e+01
1.737220382690429332e+01
2.444664955139160156e+01
2.415437316894530895e+01
1.810170936584472656e+01
3.176480770111083984e+00
-1.483328533172607422e+01
-2.381068229675292969e+01
-2.186462211608886719e+01
-1.768346214294433594e+01
-1.177740859985351562e+01
-6.733676910400391513e+00
-6.764261722564697266e+00
-5.152832984924316406e+00
-2.988756895065308061e+00
2.022601127624512163e+00
-9.050353169441224255e-01
4.729449272155761719e+00
7.535806179046630859e+00
1.374330878257751687e+00
-9.446601867675779474e+00
-1.773264503479003906e+01
-2.732849311828612926e+01
-2.834625053405761363e+01
-2.618416595458984375e+01
-2.338627433776855469e+01
-2.220821380615234375e+01
-1.421930217742919922e+01
-3.498165845870972124e+00
-7.443787455558776855e-01
1.665799498558044434e+00
6.094812750816345215e-01
-4.519978523254394531e+00
-9.852125048637390137e-01
1.576596140861511230e+00
-1.467757821083068848e+00
-1.502447605133056641e+00
1.681833118200302124e-01
3.790209591388702393e-01
2.458161115646362305e+00
2.054561376571655718e+00
-1.641636192798614502e-01
-1.772938728332519531e+00
1.074568271636963113e+00
-3.545928955078125000e+00
-6.770214080810547763e+00
-4.901619434356689453e+00
-5.393451690673828125e+00
-8.288911819458007812e+00
-3.071445703506469727e+00
5.108959674835205078e+00
9.857299804687500000e+00
7.561595916748047763e+00
9.478199958801269531e+00
1.201695251464843750e+01
1.161612319946289062e+01
1.147073268890380682e+01
9.366964340209960938e+00
9.927681922912597656e+00
1.504310894012451172e+01
1.470047187805175781e+01
1.178241920471191406e+01
6.069009780883789062e+00
-2.059728652238845548e-01
-3.754251003265381303e+00
-5.909862995147705078e+00
-1.848688244819640891e+00
2.670738458633423296e+00
1.374596476554870605e+00
1.307837677001953303e+01
1.700301361083984730e+01
1.961135482788085938e+01
2.289005279541015980e+01
2.717776107788085938e+01
2.644867706298828125e+01
2.241444396972655895e+01
1.914101409912109375e+01
1.144062614440917969e+01
7.352579236030578613e-01
-8.445691108703611505e+00
-9.861680030822753906e+00
-5.876898765563964844e+00
-1.779582262039184570e+00
2.532463073730468750e+00
5.881679058074951172e+00
7.254959583282471591e+00
4.378695964813231534e+00
-2.598045587539673296e+00
-1.230240583419799805e+00
2.029981851577759233e+00
-3.962911844253540039e+00
-3.124365329742432085e+00
-4.572470188140869141e+00
-5.869722366333007812e+00
-7.241940021514892578e+00
-8.478982925415039062e+00
-1.442547321319580078e+01
-1.300775909423827947e+01
-1.106152153015136719e+01
-7.213465213775634766e+00
-4.977325916290283203e+00
-4.129930973052978516e+00
-8.333827972412111151e+00
-1.490417957305908203e+01
-1.919948768615722656e+01
-1.824546051025390625e+01
-1.708828353881835938e+01
-1.509190750122070490e+01
-9.867132186889648438e+00
-2.551594495773315430e+00
-2.383048295974731445e+00
-5.164836883544921875e+00
-9.294228553771972656e+00
-1.247462463378906250e+01
-1.145852756500243963e+01
-7.204657077789307529e+00
-6.301961898803710938e+00
-6.643743515014647549e+00
-7.527509689331054688e+00
-6.516010761260986328e+00
-4.477982044219971591e+00
-2.998034954071044922e+00
-6.491798877716064453e+00
-6.633622169494628906e+00
-5.675351619720458984e+00
-3.053005218505859819e+00
-2.596948146820068359e+00
5.613720417022705078e-01
3.836411952972412109e+00
8.690300583839417892e-02
-4.986869692802429199e-01
1.676466166973114014e-01
-1.471883296966552734e+00
1.444898247718811035e+00
2.509151220321655718e+00
-2.898047447204589844e+00
-6.073718070983887607e+00
-6.974820613861083984e+00
-7.611705303192138672e+00
-2.831660509109497070e+00
6.007738590240479404e+00
7.455569744110107422e+00
1.322663688659667969e+01
1.630490112304687500e+01
1.442707061767577947e+01
7.926660060882567471e+00
2.903278827667236328e+00
9.584730863571168102e-01
-2.084880352020264116e+00
1.954849362373351829e+00
1.392329692840576172e+00
2.900678396224976030e+00
7.579606056213378906e+00
9.201106071472167969e+00
1.193733310699462713e+01
8.811955451965332031e+00
6.770090103149414062e+00
4.922886848449707031e+00
2.461580514907836914e+00
2.004805505275726596e-01
-1.697496652603149414e+00
2.223319530487060547e+00
1.718590736389160156e+00
6.091724395751952237e+00
7.248516082763672763e+00
3.950716257095336914e+00
6.948429584503173828e+00
6.853614807128906250e+00
1.163148307800292969e+01
1.102942085266113281e+01
9.810257911682127130e+00
8.458119392395019531e+00
4.558430194854736328e+00
1.209977269172668457e+00
-2.336620092391968051e-01
-4.832830905914306641e+00
-6.835290431976317471e+00
-4.226613521575928623e+00
-1.168076872825622559e+00
1.603391408920288086e+00
4.822975158691406250e+00
7.096775531768798828e+00
5.107898235321044922e+00
1.890041828155517578e+00
1.495301365852355957e+00
-1.272940635681152344e+00
-2.152899742126465288e+00
-1.868645548820496050e+00
-3.396654844284057617e+00
-3.495928525924682617e+00
-9.426971435546876776e+00
-5.874009609222412109e+00
-5.242304325103759766e+00
-8.056632995605468750e+00
-6.910368919372558594e+00
-1.186486005783081055e+00
-7.996488213539123535e-01
-5.104415893554688388e+00
-2.794856786727905273e+00
-4.111981391906738281e+00
-2.774788737297058105e-01
-3.169466733932495117e+00
-8.752879142761230469e+00
-1.244185447692871271e+01
-6.902419567108153409e+00
-1.689389944076538086e+00
5.496376991271972656e+00
9.646338462829589844e+00
1.265314292907714844e+01
4.527217388153076172e+00
-4.816382408142089844e+00
-1.135997009277343750e+01
-1.746649742126465199e+01
-1.682143592834472656e+01
-1.226213550567626953e+01
-6.653285980224608487e+00
-8.584306716918945312e+00
-1.086744546890258789e+00
6.257067203521728516e+00
5.604239463806152344e+00
6.355592250823974609e+00
-1.610101461410522461e+00
-5.559257984161376953e+00
-4.419610023498535156e+00
-1.564701199531555176e+00
-3.217190265655517578e+00
2.473775863647460938e+00
6.351597309112548828e-01
1.615571141242980957e+00
5.275568485260009766e+00
1.569367051124572754e+00
3.733177423477173296e+00
-1.408207178115844727e+00
4.741875529289246161e-01
9.651194572448730469e+00
1.730566024780273438e+01
1.270615291595458984e+01
8.099164962768554688e+00
1.934006810188293110e-02
-4.834270954132080078e+00
8.431464433670043945e-01
8.007984757423400879e-01
5.607512950897216797e+00
2.540174484252929688e+00
-2.489753484725951704e+00
6.009816646575927734e+00
1.625745201110840199e+01
1.145020771026611328e+01
-4.105008602142333984e+00
-1.303788542747497559e+00
-7.503722667694092685e+00
-3.266156911849976030e+00
-3.750482797622681219e-01
-1.054829478263854980e+00
-7.173886775970458984e+00
-1.276488590240478516e+01
-6.302442550659179688e+00
9.423093795776367188e+00
1.160062122344970703e+01
1.277869987487792969e+01
1.194058895111083984e+01
-4.237016677856444424e+00
-1.205864048004150568e+01
-2.738247489929198863e+01
-3.493983459472655539e+01
-2.880756759643555043e+01
-2.167352676391601562e+01
-6.296393394470214844e+00
2.260193586349487749e+00
1.333182215690612793e+00
-1.050267028808593750e+01
-1.367683124542236506e+01
-8.767859458923339844e+00
-4.676156997680664062e+00
-6.669201850891112393e+00
-4.642355442047119141e+00
-1.304294466972350852e+00
-1.158277869224548340e+00
2.929577589035033736e+00
-9.512319564819335938e-01
-8.099588394165039062e+00
-1.174610424041748047e+01
-5.625696659088134766e+00
-3.301397085189819780e+00
-3.598983764648437056e+00
1.947090387344360352e+00
7.013077735900878906e-01
2.273137092590332031e+00
-1.400041818618774414e+00
-7.121185779571532315e+00
-1.682258224487304688e+01
-1.932416534423828125e+01
-1.753715133666992188e+01
-1.753494262695312500e+01
-1.394817829132080078e+01
-7.299703121185302734e+00
7.174168825149536133e-01
-5.039261817932128906e+00
-4.936635971069335938e+00
-2.639250993728637695e+00
-1.018061876296997070e+00
5.103889465332031250e+00
1.102900123596191406e+01
9.581959724426269531e+00
9.959519386291503906e+00
1.080340003967285156e+01
1.181990242004394531e+01
1.642020988464355469e+01
7.542981147766112393e+00
1.171850800514221191e+00
-2.650506496429443803e+00
-2.963921785354614258e+00
-3.086679697036743164e+00
1.783228754997253418e+00
1.306814479827880682e+01
1.871530532836914062e+01
1.975566864013671875e+01
1.307732486724853516e+01
3.813263416290283203e+00
-4.517214298248291016e+00
-9.724413871765136719e+00
-4.049634456634521484e+00
1.080397129058838113e+00
1.425879955291748047e+01
1.866778564453125000e+01
1.898029327392578125e+01
2.357541847229003906e+01
2.473601531982421875e+01
1.858849334716796875e+01
9.365757942199707031e+00
-1.966580748558044434e+00
-1.491290664672851562e+01
-2.844784736633301137e+01
-3.312036895751953125e+01
-2.597458839416503906e+01
-9.514576911926269531e+00
4.247595310211181641e+00
8.944637298583984375e+00
1.127265834808349432e+01
1.831868553161621094e+01
1.897036933898925426e+01
1.666356086730957031e+01
1.705239105224609730e+01
1.696449661254882812e+01
9.755981445312500000e+00
-5.581657886505126953e+00
-1.756325149536132812e+01
-2.156442642211914062e+01
-1.866846084594726562e+01
-1.869691467285155895e+01
-1.189441299438476562e+01
-9.026420593261720526e+00
5.076976776123046875e+00
2.071371078491210938e+01
2.806909370422363637e+01
1.717491912841797230e+01
-4.222188472747803623e+00
-1.211669349670410156e+01
-1.130476760864257812e+01
-1.119070911407470703e+01
-1.312507343292236506e+01
-1.014434242248535156e+01
-6.861185073852539062e+00
-2.094861268997192383e+00
5.914162158966064453e+00
9.977473258972167969e+00
1.749548721313476562e+01
1.832787704467773438e+01
1.886490440368652344e+01
1.516957378387451172e+01
4.542053937911986750e-01
-1.902492523193359597e+00
-4.450742602348328192e-01
-6.529088973999022549e+00
-4.996374130249023438e+00
-5.791271209716797763e+00
-8.644971847534179688e+00
-5.875988006591797763e+00
-1.656260848045349121e+00
-3.237098693847655806e+00
-5.524779319763183594e+00
-1.273008441925048828e+01
4.561903476715087891e+00
2.474937629699707031e+01
3.237018203735352273e+01
2.308226394653320312e+01
1.006428360939026101e+00
-1.440093898773193537e+01
-1.874377822875976562e+01
-2.751624679565429688e+01
-3.666158294677734375e+01
-3.333764648437500000e+01
-1.338297176361083984e+01
9.928092002868652344e+00
2.135541725158691406e+01
2.992943382263183949e+01
2.172673034667968750e+01
-2.223445177078247070e+00
-2.622487449645996094e+01
-4.007047653198242188e+01
-3.032574844360351918e+01
-1.369538402557373047e+01
-1.961238980293274148e+00
5.473035335540772373e+00
8.084906578063964844e+00
1.534188938140869318e+01
1.548408794403076172e+01
2.829067468643188477e+00
3.461431741714477095e+00
-1.231880187988281250e+01
-2.534364128112792969e+01
-1.840066719055176137e+01
-4.639449119567871094e+00
4.695580482482910156e+00
1.690846061706542969e+01
2.054472351074218750e+01
1.373473358154296697e+01
8.783961296081542969e+00
2.627780437469482422e+00
-7.840517520904541016e+00
-8.103059768676757812e+00
-9.682396888732910156e+00
-5.719295978546142578e+00
5.541983127593994141e+00
1.493926525115966797e+01
1.735822296142577770e+01
1.322081661224365234e+01
1.432537746429443537e+01
8.575361251831054688e+00
6.559960842132567471e+00
3.149291276931762695e+00
9.880281686782835804e-01
-6.922590136528015137e-01
-1.979323744773864746e+00
2.448815345764160156e+00
4.003313541412353516e+00
6.059103012084960938e+00
3.748001337051392046e+00
-2.026010751724243164e+00
-2.771353006362915039e+00
2.610511302947998047e+00
5.857870101928710938e+00
1.179817676544189453e+01
1.235989284515380682e+01
1.471659278869628729e+01
1.003812789916992188e+01
1.262294173240661621e+00
-3.766387462615966797e+00
-5.220011234283447266e+00
2.501549482345581055e+00
5.461613655090332031e+00
1.153839015960693537e+01
1.824323844909667969e+01
1.157273006439208984e+01
-2.854510545730591264e+00
-3.920740604400634322e+00
-4.615958690643311435e+00
-9.870216369628906250e+00
-1.187173843383789062e+01
-5.403492927551269531e+00
9.747976303100585938e+00
2.025590133666992188e+01
2.175283241271972656e+01
1.950501823425292969e+01
1.231323814392089844e+01
5.049977302551269531e+00
4.066986560821533203e+00
-1.692673206329345703e+00
-9.710607528686523438e+00
-9.341158866882324219e+00
-6.536772727966308594e+00
-5.244235992431641513e+00
8.349429368972778320e-01
9.491044044494627130e+00
8.030463218688964844e+00
1.131576251983642578e+01
6.159098148345947266e+00
2.624306678771972656e+00
-5.235867023468018466e+00
-1.026174068450927557e+01
-1.057756137847900391e+01
-1.008897304534911932e+01
-6.311109066009521484e+00
-4.281573772430419922e+00
-2.186652898788451704e+00
-1.423156142234802246e+00
-2.324583292007446289e+00
-5.787137508392333984e+00
-4.307817935943604404e+00
-4.861126422882080078e+00
-5.909479618072509766e+00
-8.439219474792480469e+00
-1.004750061035156250e+01
-1.072736740112304688e+01
-9.655454635620117188e+00
-7.440128326416016513e+00
-4.677386760711669922e+00
-2.352568149566650391e+00
-1.307435154914855957e+00
-4.260707497596740723e-01
-3.507076501846313032e+00
-2.290712594985961914e+00
-1.581542372703552246e+00
8.779864311218261719e-01
-2.398128062486649115e-01
2.421463966369628906e+00
1.472562789916992188e+00
4.255832195281981534e+00
3.527565479278564453e+00
3.434149980545043945e+00
4.452450275421143466e+00
-6.678286939859390259e-02
1.141225695610046387e+00
2.630482912063598189e+00
7.583920478820800781e+00
5.843785762786865234e+00
4.062482357025146484e+00
3.016291141510009766e+00
-4.338486194610596258e-01
-7.747881412506103516e-01
-8.585463166236877441e-01
9.120646119117736816e-02
1.623763889074325562e-01
9.876429438591004528e-01
3.674314916133881170e-01
3.727026283740996759e-01
1.357917785644531250e+00
-2.980557441711426225e+00
3.658635139465332031e+00
3.640651464462279829e+00
4.197112083435058594e+00
3.524346828460693359e+00
3.020640373229980469e+00
3.176178634166716974e-01
3.737914264202117920e-01
-1.561143398284911887e+00
-1.107167243957519531e+00
-1.536007761955261230e+00
7.863503098487854004e-01
1.125607848167419434e+00
2.232379674911499023e+00
3.969709634780883789e+00
4.270903587341308594e+00
3.381803035736083984e+00
1.426914930343628152e+00
-1.967985391616821289e+00
-3.975987195968627930e+00
-5.805859088897705078e+00
-6.322403907775878906e+00
-5.875895023345947266e+00
-1.962410807609558105e+00
-1.245747134089470048e-01
9.012396335601807751e-01
2.535778999328613281e+00
1.868385553359985130e+00
3.825108408927917480e-01
-1.046113848686218484e+00
-4.599579334259033203e+00
-4.782698631286621094e+00
-8.242971420288085938e+00
-3.752827644348144975e+00
-2.221993207931518555e+00
-8.327467441558837891e-01
-1.223191976547241211e+00
3.856076955795288086e+00
2.196629196405410767e-01
-3.205298423767089844e+00
-4.454663753509521484e+00
-2.694759130477905273e+00
-4.202817440032958984e+00
-1.757805466651916504e+00
-1.041364908218383789e+00
-2.911312341690063477e+00
3.991117179393767755e-01
2.994682788848876953e-01
1.540364861488342507e+00
1.680995106697082297e+00
7.578691840171813965e-01
-4.038920700550078791e-01
-3.997107744216918945e-01
-6.105436682701110840e-01
-3.462924063205718994e-02
1.093202471733093262e+00
3.023338019847869873e-01
-1.365089535713195801e+00
-2.815310239791870117e+00
-4.034279346466064453e+00
-3.286812067031860352e+00
-2.555889368057250977e+00
-2.405661582946777344e+00
-2.565997362136840820e+00
-2.986171960830688477e+00
-2.636018991470336914e+00
-1.758224606513976829e+00
6.668366789817810059e-01
2.458800792694091797e+00
4.952448844909667969e+00
4.506539821624755859e+00
5.838717460632324219e+00
5.538716793060302734e+00
3.807630062103271928e+00
1.352542281150818093e+00
-2.121397972106933594e+00
-3.680521011352538618e+00
-4.289940834045410156e+00
-2.539353847503662109e+00
1.356785893440246582e+00
1.868696451187133567e+00
2.208146572113037109e+00
4.653235912322998047e+00
2.396020650863647461e+00
2.519206702709197998e-01
-2.954287827014923096e-02
2.830079317092895508e+00
3.903890609741211382e+00
4.250667095184326172e+00
4.117760181427001953e+00
3.937264204025268999e+00
2.872757196426392046e+00
-2.664408981800079346e-01
-6.766996979713439941e-01
1.898049592971801536e+00
-1.256419658660888894e+00
8.917560428380966187e-02
-4.122422263026237488e-02
7.947345376014709473e-01
1.992927670478820801e+00
-7.702118754386901855e-01
-5.803424119949340820e-01
7.668410539627075195e-01
1.723970770835876465e+00
3.199838161468506303e+00
2.887822389602661133e-01
-1.789777576923370361e-01
4.622054398059844971e-01
-4.936175942420960028e-01
-1.153761267662048340e+00
-1.208168268203735352e+00
-3.500117957592010498e-01
-1.818206906318664773e+00
-2.731505870819091797e+00
-4.700363159179688388e+00
-3.186449766159057617e+00
-2.340078115463256836e+00
-2.011104345321655718e+00
-2.196112632751465288e+00
-1.315130710601806641e+00
1.314105749130249023e+00
-8.576513528823852539e-01
-3.717725723981856606e-02
6.097282767295837402e-01
-4.260819256305695135e-01
2.006879568099976030e+00
1.352386713027954102e+00
1.885612726211548074e+00
-8.092885017395020641e-01
1.386265158653259277e+00
3.920071363449096680e+00
3.684896230697631836e+00
4.251791477203368252e+00
1.436982631683349609e+00
5.867522358894348145e-01
4.713269472122191828e-01
-1.683102369308471680e+00
-1.482142329216003418e+00
-2.643460273742675781e+00
-2.816391944885253906e+00
-4.665466308593750000e+00
-1.312230587005615234e+00
-1.877801895141601562e+00
-1.456075191497802734e+00
-1.326133608818054199e+00
-2.905700504779816229e-01
-4.525957107543944757e-01
9.368372559547424316e-01
5.488010644912720837e-01
-1.549928039312362671e-01
-1.485113501548766868e+00
-1.582933306694030762e+00
-4.299906730651856357e+00
-3.308194637298583984e+00
-4.085468769073486328e+00
-2.207954168319701704e+00
-1.400560021400451660e+00
8.702447414398193359e-01
2.509582996368408203e+00
2.732149839401245117e+00
-1.445735931396484375e+00
1.075404882431030495e+00
2.518974781036376953e+00
4.429958343505858487e+00
1.176395416259765447e+01
8.305822372436521661e+00
7.309700489044188565e+00
3.119477987289428711e+00
-1.059876561164855957e+00
-4.190495491027832031e+00
-1.153108596801757812e+01
-2.278379440307616743e+00
-2.558885574340820312e+00
-3.856640338897705078e+00
9.876055121421813965e-01
2.188084840774535689e+00
2.583655834197998047e+00
-3.003388166427612305e+00
-2.700595855712890181e+00
-4.535265922546386719e+00
-1.700282841920852661e-01
7.007201671600342685e+00
5.825359344482422763e+00
4.233094692230225498e+00
-1.631282329559326172e+00
-7.558647632598877841e+00
-1.148944950103759766e+01
-9.844898223876953125e+00
-4.338399887084961826e+00
8.132025599479675293e-01
5.359463214874268466e+00
6.316301822662353516e+00
4.964565753936768466e+00
-5.315397381782531738e-01
-5.489628791809082031e+00
-9.355674743652343750e+00
-7.505737304687500000e+00
-3.730312347412108931e+00
6.789472699165344238e-01
5.787091255187987393e+00
7.044622898101807529e+00
2.276176452636718750e+00
3.850095510482788086e+00
2.026176691055298296e+00
3.107362508773804155e+00
9.071092605590820312e+00
1.102486705780029297e+01
8.662492752075195312e+00
5.202394485473632812e+00
-2.122347056865692139e-01
-4.299074649810791016e+00
-8.768888473510742188e+00
-9.373728752136230469e+00
-3.988076686859131303e+00
2.766881227493286133e+00
8.703176498413085938e+00
1.099035549163818359e+01
1.118164157867431641e+01
8.680167198181152344e+00
4.196426570415496826e-01
-8.527583122253417969e+00
-1.182784557342529297e+01
-1.171790885925292969e+01
-7.489939689636230469e+00
-3.608493804931640625e+00
-9.519797563552856445e-01
-1.122529864311218484e+00
-2.112350225448608398e+00
-8.763191699981690563e-01
3.844876289367675781e-01
3.808773279190063921e+00
1.029155445098876953e+01
1.207220554351806463e+01
1.143002223968506037e+01
6.605700016021728516e+00
-2.902771711349487749e+00
-9.565467834472656250e+00
-1.181550312042236506e+01
-1.284350585937500000e+01
-9.950619697570800781e+00
-1.269592881202697754e+00
5.462568283081054688e+00
1.332395172119140447e+01
9.901236534118652344e+00
9.677404403686523438e+00
9.240811347961425781e+00
3.398915290832519531e+00
-1.616945743560791016e+00
-5.038606166839599609e+00
-6.482621192932128906e+00
-6.038115501403808594e+00
-3.606853723526001421e+00
-3.894689381122589111e-01
3.962569475173950195e+00
3.299170017242432085e+00
1.852687478065490723e+00
-1.114694595336914062e+00
-2.981726884841918945e+00
-7.839816570281982422e+00
-1.000304031372070312e+01
-1.233711719512939453e+01
-1.247156715393066406e+01
-8.292018890380861151e+00
-9.024448394775390625e+00
-5.739188194274902344e+00
-5.662939548492432529e+00
-5.166210651397705078e+00
-2.489238739013671875e+00
-2.011183738708495650e+00
-1.847074031829833984e+00
-2.212539315223693570e-01
1.073807835578918457e+00
1.381641149520874023e+00
-1.841794848442077637e-01
-1.698377847671508789e+00
-3.622841596603393555e+00
-3.481204032897948775e+00
-2.231399536132812500e+00
-4.678744792938231534e+00
-1.180495023727416992e+00
8.920955657958984375e-01
2.005068063735961914e+00
3.431540489196777344e+00
5.599833965301513672e+00
8.831202507019042969e+00
7.212069034576416016e+00
8.005369186401367188e+00
4.139799594879149502e+00
2.352623701095581055e+00
-2.552572488784789484e-01
-1.486132025718688965e+00
-1.436024308204650879e+00
-7.667734026908874512e-01
1.546489596366882324e+00
3.063447713851928711e+00
4.386100292205810547e+00
3.271921873092651811e+00
2.844151020050048828e+00
3.597315073013305664e+00
4.507856369018554688e+00
4.094252109527587891e+00
2.641501188278198242e+00
1.627985358238220215e+00
4.647781252861022949e-01
1.777224183082580566e+00
-5.364914536476135254e-01
-1.911397218704224077e+00
-1.625216364860534890e+00
2.209455668926239014e-01
5.168210342526436546e-02
3.238361358642578125e+00
6.085364818572997159e+00
3.414270162582397017e+00
3.559799194335937056e+00
4.251536369323730469e+00
1.062818408012389915e+00
2.467240333557128906e+00
5.136050581932067871e-01
-7.033704221248628097e-02
5.383667945861816406e-01
2.851903915405272993e+00
-6.870946884155273438e-01
2.261982917785644531e+00
-7.672020196914672852e-01
-4.699625372886658270e-01
2.897422075271606445e+00
1.889254093170166016e+00
1.911231160163879617e+00
-4.806787371635437012e-01
2.486091554164886475e-01
-2.439044117927551547e-01
9.255202412605285645e-01
-1.763145804405212402e+00
3.364442288875579834e-01
-4.938653111457825262e-01
1.766653060913085938e+00
3.335051834583282471e-01
5.368571877479553223e-01
-4.661258459091185968e-01
-2.778630256652832031e+00
-2.536508083343505859e+00
-3.909800052642822266e+00
-2.537210702896118164e+00
-3.846081495285033736e+00
-4.687573432922363281e+00
-3.861253261566162109e+00
3.577128410339355469e+00
3.560746669769287109e+00
1.285978406667709628e-01
-2.346332788467407227e+00
-6.633472442626952237e+00
-8.156195640563964844e+00
-6.925605297088622159e+00
-4.188439846038818359e+00
-4.412336647510529120e-01
-4.837502956390380859e+00
-2.545696258544921875e+00
-1.435660362243652344e+00
-4.503315687179564875e-01
5.892016887664794922e-01
-6.015280485153198242e-01
-8.541496992111206055e-01
-2.956900835037231445e+00
-4.286259174346923828e+00
-4.052373886108397549e+00
-6.154200077056884766e+00
-7.475840091705322266e+00
-4.642265319824218750e+00
-2.117992877960205078e+00
-6.407643318176269531e+00
-5.228629589080810547e+00
-5.609013557434082031e+00
-5.471760749816895419e+00
-6.188116550445557529e+00
-3.466697692871093750e+00
-2.680104732513428178e+00
-1.587620496749878152e+00
-3.191520869731903076e-01
1.064895868301391602e+00
-2.152284383773804155e+00
1.774104356765746848e+00
-6.972677111625671387e-01
-1.105873227119445801e+00
-6.716790795326232910e-02
2.046056032180785689e+00
2.223057508468627930e+00
1.702930778264999390e-01
3.506571531295776367e+00
2.542842864990234375e+00
2.588940620422363725e+00
6.748685359954833984e+00
5.883810043334960938e+00
5.812839031219482422e+00
6.902472972869872159e+00
4.139171600341796875e+00
2.719406843185424805e+00
3.734339952468872070e+00
-3.787399530410767157e-01
1.177073478698730469e+00
2.133333206176758257e+00
1.549023866653442383e+00
6.561797261238098145e-01
1.662128210067749023e+00
1.244672536849975586e+00
3.653945922851562500e+00
1.562406659126281516e+00
3.384204149246216264e+00
5.506513595581054688e+00
5.379893779754638672e+00
6.223050594329833984e+00
2.521497249603271484e+00
2.016716241836548296e+00
2.466031551361083984e+00
1.420951843261718750e+00
-1.658115267753600852e+00
-4.419538497924804688e+00
7.800997495651245117e-01
1.346460223197937012e+00
1.189863234758377214e-01
8.850312829017639160e-01
-1.108782649040222168e+00
-1.900360226631164773e+00
-1.897216916084289551e+00
1.130920767784118874e+00
-1.745763301849365234e+00
-7.590276747941970825e-02
2.786849141120910645e-01
-2.799867093563079834e-01
-1.104388236999511497e+00
-2.596588134765625000e+00
-5.418055534362792969e+00
-3.776559352874756303e+00
-4.689370155334472656e+00
-4.913694381713867188e+00
-4.565579414367675781e+00
-6.370804786682128906e+00
-5.271051406860351562e+00
-4.377918243408203125e+00
-2.096200704574584961e+00
-4.363622188568115234e+00
-2.005720138549804688e+00
-1.365457773208618164e+00
2.135039091110229048e+00
1.150315165519714355e+00
-3.406865298748016357e-01
-1.783289909362793191e+00
-3.770842075347900835e+00
-2.350478887557983398e+00
-5.335565090179443359e+00
-2.551538944244384766e+00
-3.340635776519775391e+00
1.480443328619003296e-01
9.371125698089599609e-01
2.555104970932006836e+00
5.221731185913085938e+00
7.431869506835937500e+00
3.257694482803344727e+00
4.703373610973358154e-01
6.789175271987915039e-01
1.972876310348510742e+00
-3.590769767761230469e+00
1.456091850996017456e-01
-1.657876372337341309e-01
1.632948160171508789e+00
-2.869297504425048828e+00
1.107091546058654785e+00
6.297799944877624512e-01
-2.035132944583892822e-01
2.577284097671509233e+00
9.586844444274902344e-01
1.016941785812377930e+00
1.459490656852722168e+00
1.252195119857788086e+00
4.460501194000244141e+00
7.719766616821289062e+00
2.078818321228027788e+00
1.461347818374633789e+00
1.868780493736266868e+00
2.004103422164916992e+00
5.254236221313476562e+00
2.328614473342895508e+00
9.905066341161727905e-02
-1.871780604124068659e-01
-4.136879444122314453e-01
-6.376709342002868652e-01
-5.711888074874877930e-01
6.326806068420410156e+00
2.680444240570068359e+00
4.081612586975098544e+00
3.392513275146484375e+00
5.787556648254394531e+00
9.473071694374084473e-01
-2.231623172760009766e+00
-1.240746736526489258e+00
-3.525350093841552734e+00
-6.301936149597167969e+00
-8.299624443054200995e+00
-1.014992523193359375e+01
-9.122144699096679688e+00
-5.170113086700440341e+00
-3.077814340591430664e+00
1.408844709396362305e+00
5.746707916259766513e+00
4.769565582275391513e+00
5.604917526245117188e+00
5.273127555847167969e+00
5.847734928131104404e+00
4.055871009826660156e+00
4.382292032241820734e-01
-1.990385532379150391e+00
1.102082848548889160e+00
-1.309829592704772949e+00
-8.442844748497009277e-01
-1.133546113967895508e+00
-1.378518819808959961e+00
-1.226546764373779297e+00
-5.946311950683593750e+00
-6.118227839469909668e-01
-2.313733100891113281e+00
-4.104645252227783203e+00
-4.435865879058837891e+00
2.382354974746704102e+00
6.478723526000977451e+00
3.834075689315796343e+00
3.028416633605957031e+00
4.030254840850830078e+00
1.323323696851730624e-01
-1.948826760053634297e-02
-2.366096496582031250e+00
-3.041775941848754883e+00
-2.861608266830444336e+00
-1.867230534553528054e+00
2.153727769851685014e+00
5.813563823699951172e+00
4.825718879699707031e+00
4.606932640075683594e+00
4.621235847473144531e+00
2.164866209030151811e+00
3.175527572631836382e+00
2.707032918930053711e+00
2.430779457092285156e+00
8.005220890045166016e-01
7.056924819946289062e+00
2.643734693527221680e+00
1.817801356315612793e+00
-5.077558159828186035e-01
3.032459259033203125e+00
9.984868764877320446e-01
2.020841121673583984e+00
-1.187687277793884499e+00
-1.983184456825256348e+00
-2.544402599334716797e+00
-2.601238250732421875e+00
-7.097285389900207520e-01
2.024861335754394531e+00
3.370516777038573775e+00
7.111710071563721591e+00
2.341581694781779896e-02
-2.646654844284057617e-02
2.094196826219558716e-01
-2.246858030557632446e-01
3.386924743652344194e+00
-3.628496408462524858e+00
-3.394979953765868697e+00
-1.475224733352661133e+00
-2.891833305358886719e+00
-4.751725196838378906e+00
-4.680888652801513672e+00
-6.318243503570557529e+00
-4.266964912414551669e+00
-2.065053462982177734e+00
-7.802741229534149170e-02
-1.982143402099609153e+00
5.346361160278320312e+00
3.114166259765625000e+00
6.872340571135281649e-03
-1.255517959594726562e+00
9.642950892448424183e-01
-2.884956598281860352e+00
-3.697335481643676758e+00
-7.047689437866210938e+00
-9.228932380676269531e+00
-9.899214744567872870e+00
-7.533405303955077237e+00
-4.196285247802733487e+00
1.668582260608673096e-01
-1.155966281890869141e+00
1.972981572151184082e+00
5.026713848114013672e+00
3.658696889877319336e+00
2.040911436080932617e+00
-2.333828210830688477e+00
-2.587472200393676758e+00
1.060330033302307129e+00
-2.187203884124755859e+00
-3.048310518264770508e+00
3.448811292648315430e+00
2.891473054885864258e+00
1.746549963951110840e+00
6.467873454093933105e-01
-4.308681190013885498e-01
1.392994076013565063e-01
-4.170690059661865234e+00
1.454922676086425781e+00
8.998345732688903809e-01
3.079852104187012163e+00
2.426653623580932617e+00
2.913669586181640625e+00
1.408162117004394309e+00
-2.422500550746917447e-01
-4.033651351928711826e+00
-3.948266267776488814e+00
-7.370994240045547485e-02
-2.183137178421020508e+00
-5.734945297241210938e+00
-7.939109206199645996e-01
3.803929805755615234e+00
3.024242639541626421e+00
2.395413398742675781e+00
2.447405815124512163e+00
3.016244173049926758e+00
1.241493582725524902e+00
-9.107198566198347611e-02
-1.953680753707885520e+00
-1.789804697036743164e+00
-2.739877700805664062e+00
-5.126453638076782227e-01
1.964748203754425049e-01
1.832775712013244851e+00
1.943606436252593994e-01
1.075364828109741211e+00
5.524645328521728516e+00
7.495174884796142578e+00
2.727915287017822266e+00
2.096079587936401367e+00
-1.823769807815552035e-01
-1.124794960021972878e+00
-3.907019138336181641e+00
-2.261754512786864790e+00
-1.240237116813659668e+00
-3.578936755657196045e-01
6.573382854461669922e+00
6.125316143035888672e+00
2.279290676116943803e+00
8.130276203155517578e-01
3.323349475860596147e+00
-3.306182861328125000e+00
-4.721203804016113281e+00
-5.702706336975097656e+00
-7.407567501068115234e+00
-6.318006992340087891e+00
-2.594237565994262695e+00
2.883931159973144531e+00
2.652953147888184038e+00
2.746598243713378906e+00
1.479513764381408691e+00
1.889643371105194092e-01
6.480248570442199707e-01
-4.798484325408936435e+00
-5.415676593780518466e+00
-8.558491706848144531e+00
-2.335031747817993164e+00
-3.991516351699828657e+00
7.643833160400390625e-01
5.148874759674072266e+00
6.428919792175292969e+00
6.498818874359130859e+00
2.959318637847900391e+00
-2.626388072967529297e+00
-8.280607223510742188e+00
-8.812973022460937500e+00
-1.139031600952148438e+01
-9.589602470397949219e+00
-8.682245254516603339e+00
-2.120016515254974365e-02
4.333296775817871094e+00
2.523278713226318359e+00
4.924798965454101562e+00
7.264743804931641513e+00
5.468270182609558105e-01
-5.823286056518554688e+00
-8.553641319274902344e+00
-4.932791709899902344e+00
-1.550451993942260742e+00
2.287000894546509233e+00
3.521727323532104492e+00
1.023478698730468750e+01
1.159292888641357422e+01
8.869442939758300781e+00
1.772492885589599609e+00
-1.639370799064636230e+00
-4.845845699310302734e+00
-6.935453414916992188e+00
-5.920350551605224609e+00
2.781934976577759233e+00
9.432830810546876776e+00
8.814407348632812500e+00
9.758381843566896308e+00
1.014112377166748047e+01
7.846554756164550781e+00
-8.831074088811874390e-02
-5.199060916900634766e+00
-1.191545963287353516e+01
-1.428324794769287287e+01
-1.123221492767333984e+01
-5.368220329284667969e+00
1.994153618812561035e+00
7.290396690368652344e+00
1.074857425689697266e+01
1.222566509246826172e+01
1.172988700866699219e+01
-3.076561450958251953e+00
-1.481586265563964844e+01
-1.564561462402343750e+01
-1.601048469543457031e+01
-1.248645591735839844e+01
-7.802872061729431152e-01
7.121975898742675781e+00
8.453037261962888849e+00
9.271789550781250000e+00
3.970913410186768022e+00
4.670128822326660156e+00
1.956100702285766380e+00
-1.685210704803466797e+00
-6.184449195861816406e+00
-6.576471805572509766e+00
-1.597265601158141868e+00
-2.986231260001659393e-02
1.174330234527587891e+00
2.173463344573974609e+00
6.682730197906494141e+00
1.592812442779541016e+01
1.142854499816894531e+01
-8.318575620651245117e-01
3.581598103046417236e-01
3.396897554397583008e+00
1.960338592529296875e+00
-5.926596641540527344e+00
-9.457326889038085938e+00
-6.843726158142089844e+00
-1.172317862510681152e+00
6.098033428192138672e+00
9.445072174072265625e+00
8.284886360168457031e+00
-4.364660739898681641e+00
-1.121685981750488281e+01
-1.822941207885742543e+01
-2.279177665710448863e+01
-4.235307216644287109e+00
7.042901992797852451e+00
7.703896045684814453e+00
8.327617645263673651e+00
1.476739883422851562e+01
8.807309150695800781e+00
8.738252639770507812e+00
2.776728868484497070e+00
-3.795041799545288086e+00
-1.899663162231445312e+01
-2.114093017578125000e+01
-2.186604881286621094e+01
-1.828949928283691406e+01
-8.427708625793457031e+00
9.127492308616638184e-01
-8.040608763694763184e-01
-1.505810546875000000e+01
-9.213368415832519531e+00
2.152611494064331055e+00
2.896614789962768999e+00
9.693983197212220349e-01
-4.903333187103272373e+00
-1.127265357971191406e+01
-1.966056632995605113e+01
-2.920365715026855469e+01
-3.181051254272460938e+01
-2.804770469665527344e+01
-1.437435913085937500e+01
7.305677890777587891e+00
2.267526245117187500e+01
2.040623283386230469e+01
1.679712295532226562e+01
-4.803439617156981534e+00
-3.338649749755859375e+01
-5.131904220581054688e+01
-5.246895980834960938e+01
-3.619054412841796875e+01
-6.037093162536621094e+00
9.752909660339355469e+00
1.133213996887207031e+01
2.206145286560058594e+01
2.247629356384277344e+01
1.718810200691223145e+00
-1.924848556518554688e+01
-2.108865356445312500e+01
-2.171108818054199219e+01
-1.368264102935791016e+01
4.392002582550048828e+00
1.976999473571777344e+01
2.670305252075195312e+01
2.416872024536132812e+01
2.641679000854492188e+01
1.281472969055175781e+01
-1.348971843719482422e+01
-3.326784133911132812e+01
-3.569663238525390625e+01
-3.219047784805298296e+00
2.620011138916015980e+01
4.042812347412109375e+01
2.320051956176757457e+01
1.064204788208007812e+01
5.902862071990967685e+00
-5.779581546783447266e+00
-1.963146018981933594e+01
-1.616696739196777344e+01
1.304334926605224432e+01
2.938945007324219105e+01
3.089200401306152344e+01
2.531778335571289062e+01
1.673759841918945312e+01
3.992449522018432617e+00
-1.166590690612792969e+01
-2.050162696838378906e+01
-2.478878593444823863e+01
-1.584546089172363281e+01
2.638262271881103516e+00
2.589426422119140980e+01
3.271098709106444602e+01
3.640384674072265625e+01
2.725346946716308949e+01
1.274681663513183594e+01
-7.644294738769531250e+00
-1.888916969299316406e+01
-1.902975273132323863e+01
-1.666019058227539062e+01
-5.308884143829346591e+00
-1.703949868679046631e-01
1.915927124023437145e+01
3.138210678100585938e+01
3.762791824340820312e+01
3.368788528442382812e+01
2.569495773315429688e+01
1.538541030883789062e+01
-2.859398126602173296e+00
-2.090385627746582031e+01
-3.200421142578125000e+01
-2.969273376464844105e+01
-1.496376323699951172e+01
6.890883922576903409e+00
2.949814605712890625e+01
3.639962768554688211e+01
2.770034980773925426e+01
1.470643615722656250e+01
7.157653808593750000e+00
-5.871904373168945312e+00
-1.407599258422851562e+01
-2.139344787597655895e+01
-2.058188629150390625e+01
-5.988356113433837891e+00
7.316680431365967685e+00
-1.065893292427062988e+00
-7.429210662841797763e+00
-1.612901306152343750e+01
-1.444134712219238459e+01
-9.089766502380372870e+00
-8.626254081726074219e+00
5.262984275817871094e+00
1.336686897277832031e+01
1.111831665039062322e+01
8.287891387939451349e+00
6.410778522491455078e+00
-9.249066352844238281e+00
-9.254359245300292969e+00
-7.036393642425537109e+00
-1.471991634368896484e+01
-1.810520935058593395e+01
-2.315959739685058594e+01
-2.670860862731933594e+01
-2.487178421020507812e+01
-2.416357803344726562e+01
-2.431038093566894531e+01
-1.485819911956787287e+01
-4.766154289245605469e+00
1.507113075256347479e+01
3.081320381164551137e+01
2.125714111328125000e+01
-4.509311199188231534e+00
-1.825337028503417969e+01
-2.073566818237304688e+01
-1.742922782897949219e+01
-1.398018264770507812e+01
-1.268053817749023438e+01
-1.355810737609863281e+01
1.217676353454589844e+01
2.201078414916992188e+01
2.404547500610351918e+01
2.254727172851562500e+01
1.408675861358642578e+01
-3.029057502746582031e+00
-8.557808995246887207e-01
4.634451389312744141e+00
1.546078586578369318e+01
1.292657470703125000e+01
1.707259941101074219e+01
2.094356346130371094e+01
1.236455535888672053e+01
7.329997420310974121e-01
-1.257906436920166016e+00
1.016422939300537287e+01
1.675015068054199219e+01
7.381072998046875000e+00
2.949204444885253906e+00
5.694257020950317383e-01
-7.330452442169188565e+00
-1.804614067077636719e+00
1.388410568237304688e+01
2.317747497558593395e+01
3.138978385925292969e+01
2.774711036682128906e+01
1.590805625915527344e+01
5.513103008270263672e+00
-1.760125160217285156e+00
-3.372414827346801758e+00
-3.174576759338378906e+00
-4.568354129791259766e+00
-3.047073841094970703e+00
1.588799118995666504e+00
8.433847427368164062e+00
1.212808227539062500e+01
1.321531867980957031e+01
1.502673625946044922e+01
1.373699951171875000e+01
1.305749320983886719e+01
6.956369876861572266e+00
-4.377103447914124090e-01
-4.386148929595946377e+00
4.120454788208008701e+00
7.321110248565673828e+00
1.681812763214111106e+00
-3.930932760238647905e+00
-3.592384099960326704e+00
-5.172259807586671032e-01
1.301591157913208008e+00
8.545643806457519531e+00
3.443442106246947798e+00
6.753413200378417969e+00
1.037470149993896307e+01
2.160126209259033203e+00
4.382114887237548828e+00
1.290388584136962713e+01
9.233216285705566406e+00
6.576442241668701172e+00
3.703283071517943892e+00
3.417518377304076704e+00
2.790411949157714844e+00
1.007739257812500000e+01
1.096875476837158203e+01
6.842815399169922763e+00
1.533472657203674316e+00
-3.731746971607208252e-01
-1.271872967481613159e-01
-5.129139423370361328e+00
-1.012869644165039062e+01
-7.601657867431641513e+00
-5.317753553390502930e-01
5.773561477661132812e+00
7.592338085174559659e+00
7.965551853179932529e+00
7.094188213348388672e+00
6.237650871276856357e+00
3.426954269409180132e+00
-2.940340042114258257e+00
-8.984866142272949219e+00
-9.116244316101074219e+00
-3.918839454650878906e+00
-3.016655683517456055e+00
-4.031311035156250000e+00
-5.619833469390869141e+00
-6.068645477294922763e+00
-3.675306320190429688e+00
-2.778518676757812500e+00
-2.890206813812256303e+00
-2.902360439300537109e+00
-4.762439250946044922e+00
-5.416734218597412109e+00
-6.272455692291259766e+00
-6.315195560455322266e+00
-6.961685657501221591e+00
-7.802017211914062500e+00
-1.078739452362060369e+01
-1.048362541198730469e+01
-9.906226158142089844e+00
-1.117902755737304688e+01
-9.120848655700683594e+00
-3.467486858367919922e+00
3.713003173470497131e-02
6.673792600631713867e-01
-1.168548941612243652e+00
-4.159745216369628906e+00
-6.387209892272949219e+00
-7.979498386383057529e+00
-7.348381519317627841e+00
-9.794322013854980469e+00
-5.100209236145020419e+00
-2.921171903610229048e+00
-2.008268833160400391e+00
-2.729541778564453125e+00
-2.644624710083008257e+00
-7.498937845230102539e-01
-2.403911352157592773e+00
-2.654271841049194336e+00
-3.226330995559692383e+00
-3.656625032424927202e+00
-3.250708341598510742e+00
-3.547316551208496094e+00
-2.534204721450805664e+00
-6.720136404037475586e-01
-6.488026976585388184e-01
-7.869586348533629261e-01
-1.315875768661499023e+00
-1.231914281845092773e+00
2.761999666690826416e-01
4.750996530055999756e-01
-5.079168081283569336e-01
-1.320522308349609375e+00
-1.697527289390563965e+00
-1.423304557800293191e+00
-8.841747045516967773e-01
-2.469552040100097656e+00
-3.086713075637817383e+00
-2.348507165908813032e+00
-2.811900615692138672e+00
1.167045354843139648e+00
-1.912652969360352007e+00
3.443520069122314453e+00
8.747920989990232599e+00
5.298066616058349609e+00
3.599015235900878906e+00
-1.308283805847167969e+00
-5.069000244140625000e+00
-6.079812526702880859e+00
-5.298736095428466797e+00
-2.031198024749755859e+00
2.055502414703369141e+00
1.037602710723876953e+01
8.825115203857421875e+00
3.153883457183837891e+00
-1.771987676620483398e+00
-6.919049739837647373e+00
-8.754543304443361151e+00
-8.796932220458984375e+00
-4.605025291442871094e+00
1.295650005340576172e-01
2.073876857757568359e+00
3.386259078979491743e+00
3.878398180007935014e+00
3.318904340267180841e-01
-2.590050697326660156e+00
-5.206651210784912109e+00
-3.762411117553711382e+00
-2.993798851966857910e-01
6.485999226570129395e-01
4.434223651885986328e+00
5.993880748748778409e+00
5.359398365020751953e+00
5.972118854522705078e+00
6.200973033905028409e+00
3.982041120529174805e+00
5.719271302223205566e-01
-2.978003740310668945e+00
-5.352784633636474609e+00
-3.529342412948608398e+00
8.755055814981460571e-02
7.842099666595458984e-02
-3.095181584358215332e-01
-4.637342095375061035e-01
-2.270704269409180132e+00
-5.404332637786865234e+00
-5.766840934753417969e+00
-4.598762512207031250e+00
-1.245957851409912109e+00
2.405311107635498047e+00
4.433003425598144531e+00
5.046802043914794922e+00
3.976941585540771928e+00
3.034544944763184038e+00
-1.864032030105590820e+00
-2.553477525711060014e+00
-5.171770095825195312e+00
-4.032939434051513672e+00
8.585281372070312500e-01
5.204636573791503906e+00
6.838965892791747159e+00
6.378760337829589844e+00
3.188439846038818359e+00
2.503673136234283447e-01
-2.047130584716796875e+00
-1.140159964561462402e+00
-7.005154609680175781e+00
-7.885932922363281250e+00
-1.003683376312256037e+01
-2.614343643188477007e+00
2.943090677261352539e+00
8.875315666198730469e+00
1.079234313964843750e+01
7.007612705230712891e+00
2.004964113235473633e+00
-5.669725418090820312e+00
-1.184410381317138672e+01
-1.383278846740722656e+01
-9.120640754699707031e+00
-4.340751767158507746e-01
6.901342391967772549e+00
1.301397514343261541e+01
1.620967102050781250e+01
1.588122940063476562e+01
1.235196590423583984e+01
8.374351501464843750e+00
4.334125995635986328e+00
-1.317114949226379395e+00
-5.633240222930907315e+00
-5.932171821594237393e+00
-5.413840293884277344e+00
-5.162069320678710938e+00
-3.863490819931030273e+00
-2.147068500518799272e+00
2.310547828674316406e+00
2.019572734832764116e+00
3.009936809539794922e+00
4.886353909969329834e-01
5.521413683891296387e-01
-4.810433387756347656e+00
-4.102039337158203125e+00
-4.745532989501953125e+00
-5.776889801025391513e+00
-8.704504013061521661e+00
-6.807312011718750000e+00
-6.334964752197266513e+00
-3.786401510238647905e+00
1.616045236587524414e+00
2.589686870574951172e+00
-5.507534742355346680e-01
-8.563482761383056641e-01
-2.879596948623656782e+00
3.375620394945144653e-02
-1.982585549354552779e+00
-1.437606811523437500e+00
3.835565745830535889e-01
3.217781782150268999e+00
-2.046455860137939453e+00
-4.972499370574951172e+00
-3.718035221099853516e+00
-1.035341739654540794e+00
2.661869049072265625e+00
2.196617573499680121e-01
6.313385009765625000e+00
8.289700508117675781e+00
6.777461051940917969e+00
-1.075552403926849365e-02
-2.275920391082764116e+00
-5.734976768493652344e+00
-7.088118076324462891e+00
-7.169435977935791016e+00
-5.884547233581542969e+00
-4.450513124465942383e-01
2.256526947021484375e+00
3.565025329589844194e+00
4.193771839141846591e+00
1.738241076469421387e+00
1.483180284500121848e+00
8.906562328338623047e-01
1.042757511138915794e+00
2.936997652053833008e+00
1.966637372970581055e+00
5.327115654945373535e-01
1.232603117823600769e-01
-1.510731101036071777e+00
-2.854071617126464844e+00
-3.491581439971923828e+00
-3.758104562759399858e+00
4.437889158725738525e-01
1.899342983961105347e-01
3.136115789413451704e+00
5.080125331878662109e+00
3.979889631271361417e+00
1.462797880172729492e+00
-1.571846127510070801e+00
-5.587468624114990234e+00
-8.271828651428222656e+00
-7.809187412261962891e+00
-2.545669078826904297e+00
1.602552652359008789e+00
1.142780065536499023e+00
3.269742250442504883e+00
1.703915953636169434e+00
3.836983680725097656e+00
1.908770322799682395e+00
6.956864595413208008e-01
1.266132950782776101e+00
2.632184982299804688e+00
2.726090669631958008e+00
1.171100854873657227e+00
4.504941701889038086e-01
2.245716333389282227e+00
1.455758571624756081e+00
-1.093583032488822937e-01
-1.227317714691161932e+01
-1.263288784027099432e+01
-1.102916336059570312e+01
-1.013163185119628729e+01
-2.876484870910644531e+00
7.279801368713378906e-01
5.963689327239990234e+00
5.187404155731201172e+00
3.171198844909667969e+00
1.915196180343628152e+00
1.573489785194396973e+00
-2.136212110519409180e+00
-6.655131340026856357e+00
-1.124842548370361328e+01
-6.137821674346923828e+00
-1.398539781570434570e+00
-1.527118682861328125e-01
3.507811069488525391e+00
5.082912921905518466e+00
7.342431545257567471e+00
5.063794136047363281e+00
3.523249864578247070e+00
3.264389514923096147e+00
2.719182014465332031e+00
1.309264779090881126e+00
3.659638404846191850e+00
4.827226161956787109e+00
6.012005329132080078e+00
2.390247106552124023e+00
2.835211992263793945e+00
1.148540377616882324e+00
-2.617347240447998047e+00
-2.847342967987060547e+00
-3.719905853271484819e+00
-3.807375192642211914e+00
-2.339009046554564986e+00
-1.399826884269714355e+00
-1.289699673652648926e-01
5.033991336822509766e+00
1.655171632766723633e+00
2.725447654724121094e+00
2.057750225067138672e+00
7.094590067863464355e-01
1.319545745849609375e+00
-2.723466634750365767e+00
1.608604669570922852e+00
-2.232959032058715820e+00
-8.523352444171906905e-02
2.933947801589966264e+00
3.162199020385741743e+00
5.908745765686035156e+00
6.152864933013916016e+00
3.279347181320190430e+00
4.072543084621428888e-01
2.604644298553466797e+00
-7.305604815483093262e-01
2.910366058349609375e+00
3.844547271728516069e+00
3.109781742095947710e+00
3.732614517211914062e-01
-6.034720540046691895e-01
-3.857632875442504883e+00
-4.085464000701903409e+00
-4.004926204681396484e+00
-8.286343812942504883e-01
2.636936426162720171e+00
9.599267005920410156e+00
7.795784473419188565e+00
5.331776142120361328e+00
3.272245645523071733e+00
2.818118333816528320e+00
1.637570142745971680e+00
-5.236323475837707520e-01
-9.630303382873536266e-01
-3.328302383422852007e+00
-1.742702126502990723e+00
1.093563914299011230e+00
5.053398609161376953e+00
2.867475152015686035e-01
2.256393194198608398e+00
-1.844935297966003640e+00
6.100986599922180176e-01
3.798099756240844727e+00
4.401077747344971591e+00
1.917869970202445984e-02
-3.953057050704956055e+00
-4.359134674072266513e+00
-1.090695095062256037e+01
-3.216139554977416992e+00
1.077254395931959152e-02
-1.174174904823303223e+00
-2.019487142562865767e+00
-2.919338047504425049e-01
-7.859597206115722656e-01
-3.356103658676147461e+00
-5.230836868286132812e+00
-4.838132858276367188e+00
4.893735349178314209e-01
2.126179695129394531e+00
-6.386753171682357788e-02
-5.753117203712463379e-01
-1.368208765983581543e+00
-2.769839286804199219e+00
-9.234720230102539062e+00
-1.854345512390136719e+01
-2.156269264221191406e+01
-2.129686355590820312e+01
-2.098971748352050781e+01
-2.014666748046875000e+01
-1.770967674255371094e+01
-1.293857860565185547e+01
-6.440798282623291016e+00
-3.512439250946044922e+00
-3.355439901351928711e+00
-2.772289276123046875e+00
-1.693641304969787598e+00
-2.411046504974364790e+00
-4.631836891174316406e+00
-5.192566871643066406e+00
-6.518410205841064453e+00
-7.793137550354003906e+00
-5.117418289184570312e+00
-3.990450382232666016e+00
-4.694262981414794922e+00
-2.787835836410522461e+00
-2.840292930603027788e+00
-3.991400718688964844e+00
-3.070351600646972656e+00
4.811723530292510986e-01
2.520249366760253906e+00
2.867309451103210449e-01
2.097169637680053711e+00
-3.443163931369780939e-01
3.975488185882567915e+00
4.324071407318115234e+00
7.479174613952637607e+00
8.647748947143554688e+00
8.009304046630861151e+00
6.976202011108397549e+00
6.751378536224365234e+00
7.019534587860107422e+00
6.512663364410400391e+00
7.000138282775878906e+00
5.136473178863525391e+00
4.370960235595703125e+00
2.734005212783813032e+00
2.342208147048950195e+00
2.862767696380615234e+00
2.763444185256958008e+00
4.743752479553222656e+00
7.332881450653076172e+00
8.010048866271972656e+00
8.524002075195312500e+00
5.992224216461182529e+00
3.753463029861450195e+00
5.131696701049804688e+00
2.651599645614624023e+00
2.975658178329468218e+00
2.462916135787963867e+00
2.563762426376342773e+00
2.562412977218627930e+00
4.937270641326903409e+00
5.578219890594481534e+00
6.310576438903808594e+00
4.996675014495849609e+00
6.004704475402832031e+00
4.124248981475830078e+00
2.248133897781372070e+00
2.820266008377075195e+00
2.389120101928710938e+00
2.623913049697875977e+00
3.006315231323241743e+00
3.861226320266724077e+00
4.815194606781005859e+00
1.161776423454284890e+00
2.590359151363372803e-01
3.017415761947631836e+00
6.461644649505615234e+00
6.587447643280028409e+00
5.078871250152587891e+00
5.120952129364013672e+00
6.098659992218017578e+00
6.688067913055419922e+00
3.352750301361083984e+00
5.247027873992919922e+00
5.318859100341796875e+00
2.111248016357421875e+00
2.859278917312622070e+00
-9.858179092407227673e-01
-1.681311368942260742e+00
-5.805439949035644531e+00
-6.666818141937255859e+00
-5.771586894989013672e+00
-5.043382644653320312e+00
-2.568016290664673296e+00
-3.335014879703521729e-01
2.166705369949340820e+00
3.504397392272948775e+00
1.379838585853576882e+00
-2.483231544494628906e+00
-4.413679122924804688e+00
-5.967334270477294922e+00
-4.244848728179931641e+00
-1.242055892944335938e+01
-7.195646286010742188e+00
-5.941893577575683594e+00
-3.495031356811523438e+00
-1.980035424232483132e+00
-4.534228801727294922e+00
-3.769549846649169922e+00
-5.351245403289794922e-01
-2.628870904445648193e-01
-2.720562934875488281e+00
-4.635780334472656250e+00
-4.575355529785156250e+00
-3.145761489868163618e+00
-2.633729279041290283e-01
-2.841893211007118225e-02
-2.778101682662963867e+00
-1.147405862808227539e+00
-2.683909423649311066e-02
-6.308540105819702148e-01
-6.665489077568054199e-01
1.903949499130249023e+00
-7.429705858230590820e-01
-6.887245178222656250e-01
-2.643954038619995117e+00
-1.469014763832092507e+00
-1.937784671783447710e+00
-4.284965991973876953e+00
-7.433673858642577237e+00
-6.800915241241455078e+00
-8.935228347778320312e+00
-2.611507892608642578e+00
1.399372816085815430e-01
1.872459292411803977e+00
3.073405742645264116e+00
1.717969417572021706e+00
3.353700339794158936e-01
3.900826692581176758e+00
-1.946683228015899936e-01
-2.319385707378387451e-01
-3.883177042007446289e-02
6.129747033119201660e-01
-6.132799386978149414e-01
3.862671613693236861e+00
2.288492679595947710e+00
1.000945758819580078e+01
6.185447216033936435e+00
2.836878538131713867e+00
2.930408954620361328e+00
3.417055010795593262e-01
-2.459985494613647461e+00
1.137303233146667703e+00
-6.425838470458984375e-01
-2.504846751689910889e-01
3.733994245529174805e+00
1.462258577346801758e+00
4.295752525329589844e+00
6.419245243072509766e+00
3.601691484451293945e+00
2.513666391372680664e+00
9.058805555105209351e-02
-1.976170063018798828e+00
3.400116920471191406e+00
4.415651798248291016e+00
3.931270241737365723e-01
-1.342633506283164024e-03
-2.032120943069458008e+00
4.260284006595612127e-01
1.181208968162536621e+00
2.315431118011474609e+00
-1.314902544021606445e+00
-1.197737574577331543e+00
2.049238920211791992e+00
5.295864582061768466e+00
1.470136046409606934e+00
1.158591508865356445e+00
-1.459320545196533203e+00
-1.207898259162902832e+00
-2.038466215133666992e+00
-6.655970811843872070e-01
-6.134926676750183105e-01
5.969668626785278320e-01
1.928083419799804910e+00
2.120054244995116743e+00
2.029347181320190430e+00
1.440300464630126953e+00
1.159637570381164551e+00
-1.181888431310653548e-01
1.198511719703674316e+00
-1.868542075157165305e+00
-1.969773173332214355e+00
-1.355602741241455078e+00
1.179077744483947754e+00
7.509447932243347168e-01
2.456581354141235796e+00
3.802178204059600830e-01
1.584138870239257812e+00
1.709899067878723145e+00
3.921199798583983931e+00
3.221721172332764116e+00
4.127951145172118252e+00
2.129096984863280806e+00
-1.736508369445800781e+00
-3.576265335083008257e+00
-1.745963096618652344e+00
-5.470148086547851562e+00
1.016619920730590820e+00
2.003307104110717773e+00
2.422269582748413086e+00
-6.495572924613952637e-01
1.966624259948730469e+00
2.437974929809570312e+00
5.489220097661017678e-02
-3.372232913970947266e-01
2.226270914077759233e+00
5.044456958770751953e+00
1.246911907196044922e+01
1.668241500854492188e+01
2.365894699096680043e+01
2.910197639465332031e+01
2.337393188476562500e+01
1.060795497894287287e+01
3.769167184829711914e+00
-5.957393646240233487e+00
-1.746020317077636719e+01
-2.273966217041015980e+01
-1.733319664001465199e+01
-3.041638135910033736e+00
9.396780967712402344e+00
1.978950691223144531e+01
2.810633277893066406e+01
2.731454658508301137e+01
2.094610595703125000e+01
1.076393032073974609e+01
-1.909142017364501953e+00
-1.401670455932617188e+01
-1.538790893554687500e+01
-1.675741004943847301e+01
-1.213941955566406250e+01
-7.411703109741210938e+00
-5.947409272193908691e-01
5.950195789337157315e+00
1.282588005065917969e+01
1.207892608642577947e+01
9.640492439270019531e+00
2.882618427276611772e+00
-1.782031893730163574e+00
-9.140689849853515625e+00
-1.745096206665039062e+01
-2.411265563964844105e+01
-2.854480743408203125e+01
-2.851522254943848012e+01
-2.271935462951660156e+01
-1.849488449096680043e+01
-1.668814277648925781e+01
-1.177303028106689453e+01
-8.604309082031250000e+00
-7.825738906860352451e+00
-7.610586643218994141e+00
-5.567184448242188388e+00
-3.900294303894042969e+00
-1.023512077331542969e+01
-1.190282058715820490e+01
-1.317453575134277344e+01
-1.086961650848388672e+01
-7.753084182739257812e+00
-4.165796756744384766e+00
-2.823001861572265625e+00
-4.567870616912841797e+00
-5.097789287567138672e+00
-3.338737487792968750e+00
-5.867925167083740234e+00
-5.572903156280518466e+00
-4.601654529571533203e+00
-7.212506532669067383e-01
2.459003686904907227e+00
3.333746671676636186e+00
1.665336489677429199e+00
-3.816853165626525879e-01
-1.111685633659362793e-01
7.485074400901794434e-01
2.036662846803664884e-01
2.993122339248657227e-01
8.233326673507690430e-01
6.799214482307434082e-01
2.900562763214111772e+00
3.971348285675048828e+00
4.262460708618163174e+00
4.896390438079833984e+00
4.073865890502930576e+00
2.104839801788330078e+00
8.956058323383331299e-02
6.041972637176513672e-01
1.291443705558776855e+00
1.956229329109191895e+00
4.118356704711913174e+00
5.853940963745117188e+00
7.631575107574462891e+00
5.857949733734130859e+00
6.803790569305419922e+00
5.249684810638427734e+00
4.345697402954102451e+00
4.455401420593261719e+00
4.832164764404296875e+00
5.631178379058837891e+00
6.107639789581298828e+00
4.000965118408203125e+00
3.617200613021850586e+00
3.055871248245239702e+00
2.437914609909057617e+00
7.504625916481018066e-01
8.146643042564392090e-01
5.134077668190002441e-01
1.908842921257019043e+00
2.077182769775390181e+00
1.559154629707336426e+00
2.518456459045410156e+00
2.985204219818115234e+00
3.199203491210937056e+00
4.769798278808593750e+00
7.039177894592285156e+00
6.294768333435058594e+00
6.516278743743896484e+00
3.986960649490356889e+00
2.676256656646728516e+00
8.858710527420043945e-01
4.173643887042999268e-01
3.424838185310363770e-02
9.508001804351807751e-01
6.625393629074096680e-01
1.083459138870239258e+00
1.205477118492126465e+00
1.298218369483947754e+00
4.939824044704437256e-01
2.401135414838790894e-01
-7.080873847007751465e-01
-1.354312658309936301e+00
-2.130975246429443803e+00
-1.855991363525390403e+00
-1.370601773262024148e+00
-1.003776669502258301e+00
2.513104438781738281e+00
