3.919697284698486328e+00
3.918342113494873047e+00
3.922611713409423828e+00
3.920431852340697798e+00
3.904617786407471147e+00
3.906479835510253906e+00
3.906840085983276811e+00
3.906186819076538086e+00
3.907256126403808594e+00
3.909088134765625000e+00
3.908988475799560991e+00
3.910577058792113814e+00
3.911520481109618697e+00
3.912848234176636186e+00
3.914268970489501953e+00
3.916149139404296875e+00
3.918443918228148970e+00
3.919634103775023970e+00
3.920414924621582031e+00
3.922164678573607954e+00
3.924918174743651900e+00
3.928515195846557617e+00
3.928965330123900923e+00
3.929714679718017578e+00
3.932980060577392578e+00
3.932330131530761719e+00
3.932918071746826172e+00
3.936123371124268022e+00
3.937344312667847124e+00
3.940994739532471147e+00
3.943170309066772905e+00
3.944730997085571289e+00
3.946996927261352983e+00
3.949440479278564897e+00
3.949343204498291016e+00
3.951035022735596147e+00
3.952381134033203125e+00
3.952817916870116743e+00
3.952307939529418945e+00
3.953407049179076704e+00
3.954950332641601562e+00
3.957156658172607866e+00
3.956312656402587891e+00
3.958441019058227983e+00
3.960619211196899414e+00
3.961443424224853516e+00
3.960347652435303178e+00
3.962881326675415039e+00
3.963368177413940874e+00
3.965399503707885742e+00
3.966176509857177734e+00
3.968545436859131303e+00
3.968903064727783203e+00
3.971397399902344194e+00
3.974051952362060991e+00
3.973735570907592773e+00
3.976293802261352983e+00
3.977684497833251953e+00
3.978333711624145508e+00
3.978931903839111328e+00
3.979937076568603960e+00
3.982224464416503906e+00
3.983195304870605469e+00
3.983670473098754883e+00
3.985607624053955078e+00
3.986639738082885742e+00
3.987071990966796875e+00
3.986815929412841797e+00
3.989350795745849609e+00
3.990218400955200195e+00
3.990956783294677734e+00
3.991825342178344727e+00
3.991813898086548296e+00
3.993292093276977539e+00
3.993108034133911133e+00
3.993523359298706055e+00
3.994063615798950195e+00
3.993733406066895419e+00
3.992595911026001421e+00
3.994241476058959961e+00
3.994543075561522993e+00
3.996393203735352007e+00
3.996967792510985440e+00
3.998312234878540039e+00
3.998103380203247070e+00
3.999351978302001953e+00
3.998908042907714844e+00
3.998954772949218306e+00
3.998776197433472124e+00
3.998513460159301758e+00
3.999703884124756303e+00
4.000741481781006748e+00
4.001158714294433594e+00
4.001606464385986328e+00
4.001839160919189453e+00
4.002047061920166016e+00
4.000797748565673828e+00
4.000921249389647549e+00
4.000375270843506748e+00
4.000515460968018466e+00
3.999856710433959961e+00
3.999053478240966797e+00
3.999044418334961382e+00
3.999225139617919922e+00
3.999598026275634322e+00
3.999869823455810547e+00
4.001124858856201172e+00
3.999864339828491211e+00
4.000628948211669922e+00
4.000739097595214844e+00
4.001805305480957031e+00
4.002227783203125000e+00
4.002485752105712891e+00
4.002932548522948331e+00
4.003327846527100498e+00
4.004750728607178623e+00
4.004354000091553623e+00
4.004242897033691406e+00
4.004403591156006748e+00
4.005091667175292969e+00
4.005886077880858487e+00
4.006530284881591797e+00
4.006750583648681641e+00
4.006931304931641513e+00
4.007492065429688388e+00
4.007680892944336826e+00
4.008575439453125000e+00
4.009646892547606534e+00
4.010282516479491299e+00
4.009813785552978516e+00
4.010890483856201172e+00
4.010788440704346591e+00
4.010721206665038174e+00
4.010506629943848544e+00
4.010034561157227451e+00
4.009454250335693359e+00
4.009202480316162109e+00
4.009677410125731534e+00
4.011910438537598544e+00
4.011019229888916016e+00
4.011404991149901456e+00
4.010524749755858487e+00
4.011134147644042969e+00
4.011230468750000000e+00
4.012603282928466797e+00
4.013648509979248047e+00
4.016014575958251953e+00
4.017390727996826172e+00
4.017548561096191406e+00
4.018101692199707031e+00
4.018600463867188388e+00
4.018341064453125000e+00
4.019152164459228516e+00
4.019294738769531250e+00
4.020352840423583984e+00
4.022601604461669922e+00
4.022532463073730469e+00
4.022028923034667969e+00
4.023302555084228516e+00
4.024230003356933594e+00
4.023915290832520419e+00
4.023542881011962891e+00
4.024343967437743252e+00
4.023914813995361328e+00
4.025955677032471591e+00
4.026712417602538174e+00
4.026649951934815341e+00
4.026296615600586826e+00
4.026163578033446377e+00
4.025615692138671875e+00
4.025271415710448331e+00
4.024960994720458984e+00
4.024881839752196377e+00
4.024600505828856534e+00
4.024138450622558594e+00
4.024895191192626953e+00
4.025344848632812500e+00
4.027518749237060547e+00
4.026721000671386719e+00
4.028622150421143466e+00
4.029305458068848544e+00
4.028550148010253906e+00
4.027919292449951172e+00
4.027873039245605469e+00
4.028056144714356357e+00
4.028812408447266513e+00
4.029973983764647549e+00
4.032019138336181641e+00
4.032514572143555576e+00
4.031620502471923828e+00
4.031849861145020419e+00
4.032452106475830078e+00
4.033049106597899502e+00
4.032773494720458984e+00
4.033713340759276456e+00
4.034004688262940341e+00
4.035165786743163174e+00
4.034358024597167969e+00
4.034860610961913174e+00
4.035878658294678623e+00
4.036852836608886719e+00
4.037878513336181641e+00
4.037418842315673828e+00
4.037464618682861328e+00
4.038303375244141513e+00
4.037882328033446377e+00
4.040049552917480469e+00
4.040095329284667969e+00
4.039780139923096591e+00
4.040530681610106534e+00
4.040213584899901456e+00
4.039389133453368252e+00
4.038871765136718750e+00
4.038519382476806641e+00
4.038697719573975498e+00
4.038750171661376953e+00
4.037791728973388672e+00
4.038447380065917969e+00
4.038314819335937500e+00
4.039925098419189453e+00
4.040499687194823331e+00
4.041876316070556641e+00
4.041675090789794922e+00
4.041087627410888672e+00
4.042263984680176669e+00
4.042519569396973544e+00
4.044138431549071377e+00
4.043908119201660156e+00
4.044288158416748047e+00
4.043626785278319424e+00
4.044648647308350498e+00
4.045043945312500000e+00
4.045454025268555576e+00
4.044858455657958984e+00
4.045000076293944424e+00
4.045477390289306641e+00
4.046081542968750000e+00
4.046291351318358487e+00
4.045733928680419922e+00
4.044991970062256748e+00
4.044876575469971591e+00
4.044650554656981534e+00
4.044243335723876953e+00
4.045566558837891513e+00
4.045611381530761719e+00
4.045446395874022549e+00
4.046257972717285156e+00
4.045117378234863281e+00
4.045775413513183594e+00
4.046818256378173828e+00
4.047352313995361328e+00
4.047682762145996094e+00
4.048634529113769531e+00
4.049176216125488281e+00
4.050414085388183594e+00
4.050482273101806641e+00
4.051343917846680576e+00
4.051804065704346591e+00
4.051552772521973544e+00
4.050817966461181641e+00
4.050924777984618252e+00
4.051217555999756748e+00
4.052444458007812500e+00
4.051884651184082031e+00
4.051671981811522549e+00
4.051750183105468750e+00
4.052838802337647373e+00
4.052163600921631748e+00
4.053726196289063388e+00
4.054569244384766513e+00
4.054066181182861328e+00
4.053855419158936435e+00
4.053910732269287109e+00
4.053385257720946377e+00
4.053499221801758701e+00
4.054139137268066406e+00
4.054233551025391513e+00
4.053338050842285156e+00
4.053001880645751953e+00
4.051285743713378906e+00
4.050412178039551669e+00
4.050058841705321377e+00
4.050143718719481534e+00
4.050533771514893466e+00
4.051549434661865234e+00
4.051329612731933594e+00
4.051219940185546875e+00
4.051878452301024502e+00
4.051075458526611328e+00
4.049693107604980469e+00
4.049350261688231534e+00
4.049776554107666016e+00
4.049132347106933594e+00
4.048546791076660156e+00
4.048266410827636719e+00
4.048110485076903409e+00
4.048306941986083984e+00
4.047752857208251953e+00
4.048038959503173828e+00
4.047747135162353516e+00
4.047538757324218750e+00
4.046597480773926669e+00
4.046590328216553623e+00
4.046500205993651456e+00
4.046153545379638672e+00
4.046145915985106534e+00
4.046049594879149502e+00
4.045389175415038174e+00
4.044696331024169922e+00
4.045121669769287109e+00
4.046472072601318359e+00
4.044481754302978516e+00
4.046064376831055576e+00
4.045032501220703125e+00
4.044723987579346591e+00
4.045467853546143466e+00
4.044772624969481534e+00
4.044692039489746094e+00
4.044891834259033203e+00
4.045265674591064453e+00
4.046430110931396484e+00
4.045509338378906250e+00
4.046033859252930576e+00
4.046246528625488281e+00
4.046161174774169922e+00
4.047281742095946377e+00
4.045714378356933594e+00
4.047892570495605469e+00
4.047246932983397549e+00
4.046994209289551669e+00
4.048551559448241299e+00
4.048925399780272549e+00
4.051150321960448331e+00
4.051065444946288174e+00
4.049871444702147549e+00
4.050909996032714844e+00
4.051023960113524502e+00
4.050353050231933594e+00
4.050586223602294922e+00
4.050673007965087891e+00
4.050200462341308594e+00
4.050522804260253906e+00
4.050590038299560547e+00
4.050988674163818359e+00
4.050309658050537109e+00
4.052219390869141513e+00
4.053301334381104404e+00
4.053698539733886719e+00
4.053686141967772549e+00
4.053474426269531250e+00
4.053178787231444424e+00
4.053404331207274502e+00
4.053832054138183594e+00
4.052902221679688388e+00
4.053751945495605469e+00
4.053172588348388672e+00
4.053627967834473544e+00
4.054458141326903409e+00
4.054165363311768466e+00
4.055142879486083984e+00
4.055678844451903409e+00
4.055267333984375000e+00
4.057402133941649502e+00
4.056234836578368252e+00
4.056755542755126953e+00
4.057367801666259766e+00
4.057840347290038174e+00
4.058719635009766513e+00
4.058349132537841797e+00
4.057911872863769531e+00
4.058448314666748047e+00
4.058870315551758701e+00
4.058836460113524502e+00
4.058948516845703125e+00
4.058979988098144531e+00
4.057903766632080078e+00
4.058178424835205078e+00
4.056977272033691406e+00
4.057333469390868252e+00
4.056935787200928623e+00
4.057224750518798828e+00
4.057186603546143466e+00
4.058758258819580078e+00
4.059854507446288174e+00
4.058766365051269531e+00
4.059383392333983487e+00
4.059222698211669922e+00
4.058252334594727451e+00
4.057501792907714844e+00
4.056610107421875000e+00
4.057678699493408203e+00
4.058460712432861328e+00
4.059917449951171875e+00
4.060369014739990234e+00
4.060569763183593750e+00
4.059195518493651456e+00
4.057935237884521484e+00
4.058864593505858487e+00
4.059218406677246094e+00
4.059327125549316406e+00
4.058845520019531250e+00
4.060002803802490234e+00
4.059429168701171875e+00
4.059815406799316406e+00
4.060443878173828125e+00
4.060698986053466797e+00
4.061531543731689453e+00
4.060672760009766513e+00
4.060379505157471591e+00
4.060523033142089844e+00
4.060935497283936435e+00
4.060554504394531250e+00
4.059273242950440341e+00
4.058052539825440341e+00
4.058845520019531250e+00
4.058831691741943359e+00
4.059056758880615234e+00
4.060046672821044922e+00
4.059282779693604404e+00
4.059424400329589844e+00
4.057569503784180576e+00
4.057636737823486328e+00
4.057067871093750000e+00
4.057657718658446377e+00
4.056782245635986328e+00
4.056222438812256748e+00
4.057024955749511719e+00
4.053823947906493252e+00
4.053019046783446377e+00
4.052702426910399502e+00
4.052175998687743252e+00
4.050797939300537109e+00
4.051328659057616299e+00
4.049996852874756748e+00
4.050510883331298828e+00
4.050148487091064453e+00
4.048177242279053623e+00
4.047219276428223544e+00
4.044229507446288174e+00
4.043557643890381748e+00
4.043607234954833984e+00
4.044009208679198331e+00
4.044058799743651456e+00
4.042463779449462891e+00
4.041671276092528409e+00
4.042457580566406250e+00
4.041709899902343750e+00
4.040936470031738281e+00
4.041718006134033203e+00
4.040550708770751953e+00
4.039947986602783203e+00
4.039433956146240234e+00
4.039836883544921875e+00
4.040622234344481534e+00
4.040447235107421875e+00
4.040960788726806641e+00
4.041744232177733487e+00
4.041720390319823331e+00
4.041541099548339844e+00
4.040736675262451172e+00
4.040124893188477451e+00
4.041207313537598544e+00
4.042457103729248047e+00
4.042117118835448331e+00
4.042462825775146484e+00
4.042610645294189453e+00
4.043157577514647549e+00
4.043290138244628906e+00
4.043670654296875000e+00
4.043148040771483487e+00
4.042914390563964844e+00
4.042433261871337891e+00
4.042891502380371094e+00
4.043975353240966797e+00
4.042668819427490234e+00
4.044007301330566406e+00
4.045156478881836826e+00
4.044560432434082031e+00
4.045952320098876953e+00
4.045324325561522549e+00
4.045481681823730469e+00
4.046968460083008701e+00
4.046399593353272373e+00
4.046557903289794922e+00
4.047118663787841797e+00
4.045644760131836826e+00
4.045579433441162109e+00
4.046714305877685547e+00
4.046475887298583984e+00
4.046294212341308594e+00
4.046314716339111328e+00
4.045074462890625000e+00
4.045039176940917969e+00
4.043066024780272549e+00
4.043248653411865234e+00
4.042780399322509766e+00
4.042536258697509766e+00
4.042142391204833984e+00
4.042048454284667969e+00
4.041590690612792969e+00
4.041565418243408203e+00
4.041431427001953125e+00
4.041231155395508701e+00
4.040826797485352451e+00
4.041131973266602451e+00
4.041282653808593750e+00
4.041161060333251953e+00
4.040235042572021484e+00
4.041076660156250000e+00
4.040300369262694424e+00
4.041148185729980469e+00
4.040038585662841797e+00
4.040384292602538174e+00
4.040596485137940341e+00
4.040107250213623047e+00
4.039482593536376953e+00
4.038839817047118252e+00
4.039948463439941406e+00
4.039193153381348544e+00
4.039466857910156250e+00
4.040261268615723544e+00
4.041148185729980469e+00
4.042046070098876953e+00
4.041585445404053623e+00
4.041247367858886719e+00
4.040829181671143466e+00
4.040332317352294922e+00
4.040095329284667969e+00
4.040539264678955078e+00
4.041008472442626953e+00
4.041377544403076172e+00
4.042204856872558594e+00
4.042701721191406250e+00
4.043762683868408203e+00
4.043460845947266513e+00
4.044349670410156250e+00
4.044093132019042969e+00
4.043853759765625000e+00
4.044556140899658203e+00
4.044404506683350498e+00
4.044978618621826172e+00
4.045235157012940341e+00
4.045809745788573331e+00
4.046998023986816406e+00
4.047589302062988281e+00
4.047693252563477451e+00
4.048622131347656250e+00
4.048882484436035156e+00
4.048916339874268466e+00
4.047929286956787109e+00
4.048553466796875000e+00
4.049943923950194424e+00
4.049774646759033203e+00
4.050243854522705078e+00
4.050374507904053623e+00
4.050943851470946377e+00
4.051149368286133701e+00
4.051421642303466797e+00
4.051543712615966797e+00
4.051373958587647373e+00
4.052212238311768466e+00
4.052810192108153409e+00
4.053730964660644531e+00
4.055271148681641513e+00
4.054893970489501953e+00
4.056883811950683594e+00
4.057743072509766513e+00
4.058356285095214844e+00
4.059959888458251953e+00
4.060235500335693359e+00
4.060704231262207031e+00
4.062732219696044922e+00
4.061871051788330078e+00
4.063318729400634766e+00
4.065432548522948331e+00
4.065883636474608487e+00
4.066558361053466797e+00
4.067679882049560547e+00
4.069604396820068359e+00
4.070277690887451172e+00
4.072079181671143466e+00
4.072027206420897549e+00
4.072434425354003906e+00
4.073232173919678623e+00
4.073853492736816406e+00
4.075006484985352451e+00
4.075308799743651456e+00
4.075112819671631748e+00
4.078198432922363281e+00
4.078137397766113281e+00
4.080060958862305576e+00
4.080510616302490234e+00
4.082334518432616299e+00
4.083229064941406250e+00
4.083842277526856357e+00
4.084430694580078125e+00
4.084490776062011719e+00
4.085729598999022549e+00
4.086556911468506748e+00
4.086874961853026456e+00
4.087974548339843750e+00
4.088779449462891513e+00
4.088322639465332031e+00
4.090458869934082031e+00
4.090574264526366299e+00
4.090300083160399502e+00
4.090051651000977451e+00
4.091790676116943359e+00
4.093469619750977451e+00
4.092763900756836826e+00
4.092149257659912109e+00
4.092581748962401456e+00
4.093322753906250000e+00
4.092559337615966797e+00
4.093060970306396484e+00
4.092243194580078125e+00
4.092237949371337891e+00
4.092399120330810547e+00
4.092206478118896484e+00
4.094002723693848544e+00
4.093271732330321377e+00
4.093057155609131748e+00
4.093067169189453125e+00
4.090695858001708984e+00
4.091298103332520419e+00
4.092127799987792969e+00
4.092921733856201172e+00
4.092525005340576172e+00
4.093980789184569424e+00
4.093638420104980469e+00
4.094478607177733487e+00
4.094586372375488281e+00
4.093696117401123047e+00
4.094446659088134766e+00
4.094890594482421875e+00
4.094243049621582031e+00
4.093734264373778409e+00
4.093020439147948331e+00
4.092260360717772549e+00
4.092031955718993252e+00
4.088636398315430576e+00
4.089291572570801669e+00
4.091041564941406250e+00
4.090697765350341797e+00
4.089898109436035156e+00
4.088380336761475498e+00
4.087119579315185547e+00
4.086856365203856534e+00
4.084832191467285156e+00
4.082106590270996094e+00
4.082355976104736328e+00
4.080700397491455078e+00
4.080956935882568359e+00
4.079108715057373047e+00
4.078331947326660156e+00
4.079207897186278409e+00
4.076978206634521484e+00
4.076720714569091797e+00
4.076738357543944424e+00
4.073757171630858487e+00
4.070860385894774502e+00
4.069453239440917969e+00
4.068395137786865234e+00
4.067198753356933594e+00
4.066949844360352451e+00
4.066601276397705078e+00
4.066329479217528409e+00
4.065079212188721591e+00
4.064792633056641513e+00
4.064953804016113281e+00
4.061118125915526456e+00
4.060988426208496094e+00
4.061048030853272373e+00
4.058875560760498047e+00
4.058748722076416016e+00
4.056393623352051669e+00
4.054133415222167969e+00
4.051644802093506748e+00
4.050539970397948331e+00
4.049270153045653409e+00
4.049342632293701172e+00
4.049723625183105469e+00
4.048556327819823331e+00
4.047377586364746094e+00
4.046394348144531250e+00
4.044754981994628906e+00
4.043180942535399502e+00
4.042873382568358487e+00
4.041766643524169922e+00
4.040976047515868252e+00
4.040449619293212891e+00
4.040765762329102451e+00
4.040897369384766513e+00
4.038697719573975498e+00
4.039277553558350498e+00
4.039515495300292969e+00
4.038324832916259766e+00
4.038600921630858487e+00
4.038286685943604404e+00
4.037211894989013672e+00
4.035364627838134766e+00
4.033431529998778409e+00
4.034795284271240234e+00
4.033899784088134766e+00
4.034773349761962891e+00
4.034807682037353516e+00
4.034720420837401456e+00
4.034287929534912109e+00
4.036057949066162109e+00
4.036943435668944424e+00
4.036754608154296875e+00
4.035655021667480469e+00
4.036336898803711826e+00
4.035911560058593750e+00
4.034522056579589844e+00
4.034057617187500000e+00
4.034067630767821377e+00
4.034391880035399502e+00
4.036126613616943359e+00
4.036639213562011719e+00
4.036996364593506748e+00
4.037628650665283203e+00
4.037584304809569424e+00
4.036653995513916016e+00
4.036963939666748047e+00
4.037006855010986328e+00
4.037552356719971591e+00
4.039249897003173828e+00
4.040076732635498047e+00
4.041522502899169922e+00
4.040981769561768466e+00
4.041821002960205078e+00
4.041172027587891513e+00
4.042156219482421875e+00
4.041722297668457031e+00
4.041515350341796875e+00
4.040592193603516513e+00
4.039758205413818359e+00
4.041916370391846591e+00
4.041114807128906250e+00
4.040877819061278409e+00
4.041623115539551669e+00
4.041481494903564453e+00
4.041878700256348544e+00
4.042291641235352451e+00
4.043195247650146484e+00
4.043759822845458984e+00
4.044132709503173828e+00
4.043866157531738281e+00
4.043949127197266513e+00
4.043546199798583984e+00
4.043783187866211826e+00
4.045099258422852451e+00
4.044105529785156250e+00
4.044617176055908203e+00
4.046192169189453125e+00
4.046570777893066406e+00
4.046636104583740234e+00
4.047272682189941406e+00
4.047988891601562500e+00
4.047380924224853516e+00
4.047074317932128906e+00
4.044935226440430576e+00
4.046470642089843750e+00
4.046155929565430576e+00
4.047136306762694424e+00
4.047603130340576172e+00
4.048745155334473544e+00
4.048294067382812500e+00
4.047120094299316406e+00
4.048338890075683594e+00
4.048200607299805576e+00
4.046935558319091797e+00
4.046556472778319424e+00
4.046280860900878906e+00
4.045693874359131748e+00
4.044345378875731534e+00
4.043594837188721591e+00
4.044068336486816406e+00
4.043631076812743252e+00
4.041792392730712891e+00
4.041646003723144531e+00
4.040701389312743252e+00
4.039634227752685547e+00
4.038101196289063388e+00
4.037219524383544922e+00
4.038200378417968750e+00
4.037599563598633701e+00
4.037846088409423828e+00
4.033924102783203125e+00
4.033941268920897549e+00
4.032320022583008701e+00
4.030892848968506748e+00
4.032311916351318359e+00
4.031995773315430576e+00
4.032013416290283203e+00
4.031408786773681641e+00
4.030045032501221591e+00
4.028901100158691406e+00
4.029214859008788174e+00
4.030128002166748047e+00
4.031495094299316406e+00
4.032168388366698331e+00
4.030573368072509766e+00
4.030322551727294922e+00
4.030407428741455078e+00
4.030511379241943359e+00
4.030475139617919922e+00
4.030580997467041016e+00
4.030287265777587891e+00
4.029314041137694424e+00
4.028592586517333984e+00
4.028128623962401456e+00
4.027108669281006748e+00
4.027790546417236328e+00
4.028589725494384766e+00
4.028364658355712891e+00
4.028919696807861328e+00
4.029853820800781250e+00
4.030430793762207031e+00
4.029777526855468750e+00
4.030674934387207031e+00
4.030174255371093750e+00
4.030568599700928623e+00
4.028250217437743252e+00
4.028767108917236328e+00
4.030467510223388672e+00
4.030151844024658203e+00
4.031256198883056641e+00
4.032279014587401456e+00
4.032840728759766513e+00
4.033301353454589844e+00
4.034054279327393466e+00
4.034094810485839844e+00
4.035692214965819424e+00
4.035342693328856534e+00
4.036616802215576172e+00
4.036667346954346591e+00
4.036373138427733487e+00
4.036677837371826172e+00
4.036914348602294922e+00
4.037777900695801669e+00
4.037691593170166016e+00
4.037681102752685547e+00
4.038138866424560547e+00
4.038571357727051669e+00
4.039463996887207031e+00
4.038162231445312500e+00
4.037947177886962891e+00
4.039524555206298828e+00
4.039846897125243252e+00
4.039954185485839844e+00
4.041196346282958984e+00
4.043106079101562500e+00
4.041148185729980469e+00
4.041733264923096591e+00
4.042328357696533203e+00
4.040840625762940341e+00
4.042324066162108487e+00
4.042507648468018466e+00
4.042247295379638672e+00
4.041516304016113281e+00
4.042784690856933594e+00
4.042606830596923828e+00
4.044350147247314453e+00
4.043390750885009766e+00
4.042810916900634766e+00
4.043044090270996094e+00
4.043367862701416016e+00
4.040860176086426669e+00
4.042024135589600498e+00
4.042496204376221591e+00
4.042586803436278409e+00
4.042177200317383701e+00
4.042774677276611328e+00
4.043281555175781250e+00
4.043342113494873047e+00
4.043536663055419922e+00
4.043915271759033203e+00
4.044788837432861328e+00
4.045924186706542969e+00
4.045959472656250000e+00
4.047426223754883701e+00
4.046621322631836826e+00
4.047797679901123047e+00
4.046088695526123047e+00
4.046454429626464844e+00
4.045876502990723544e+00
4.046700000762940341e+00
4.045083522796631748e+00
4.045733928680419922e+00
4.046380996704102451e+00
4.046378612518311435e+00
4.046071052551269531e+00
4.050559043884276456e+00
4.050392150878906250e+00
4.050873279571533203e+00
4.050866127014160156e+00
4.050362110137940341e+00
4.051467895507812500e+00
4.052594661712647373e+00
4.054357528686522549e+00
4.056176662445068359e+00
4.056015491485596591e+00
4.056745529174805576e+00
4.057105064392089844e+00
4.057840347290038174e+00
4.058920383453368252e+00
4.059111118316649502e+00
4.060617923736571377e+00
4.060987949371337891e+00
4.062336444854736328e+00
4.064015865325928623e+00
4.063167095184326172e+00
4.063489913940430576e+00
4.065698623657227451e+00
4.067556381225586826e+00
4.068016052246093750e+00
4.067919254302978516e+00
4.067973613739013672e+00
4.067828655242919922e+00
4.069372177124022549e+00
4.069964408874511719e+00
4.069897174835205078e+00
4.071314334869384766e+00
4.069464683532714844e+00
4.069172382354736328e+00
4.067793846130371094e+00
4.066401481628417969e+00
4.066988468170166016e+00
4.066510677337647373e+00
4.065704822540283203e+00
4.066059589385986328e+00
4.066217422485352451e+00
4.065749645233153409e+00
4.065250396728516513e+00
4.064023494720458984e+00
4.064248085021973544e+00
4.063172340393066406e+00
4.061088085174560547e+00
4.060710430145263672e+00
4.060431957244873047e+00
4.059803009033203125e+00
4.059720516204833984e+00
4.058988571166991299e+00
4.057810306549071377e+00
4.057965278625488281e+00
4.057975292205810547e+00
4.056944847106933594e+00
4.056179046630858487e+00
4.053646564483643466e+00
4.055992603302001953e+00
4.055895328521728516e+00
4.054963111877441406e+00
4.054647922515868252e+00
4.054205894470214844e+00
4.052556991577147549e+00
4.052199363708496094e+00
4.051301002502441406e+00
4.050893783569336826e+00
4.050834655761718750e+00
4.040403366088866299e+00
4.036993026733397549e+00
4.036856174468993252e+00
4.036682605743408203e+00
4.036448478698730469e+00
4.036532402038573331e+00
4.038393020629883701e+00
4.037471294403076172e+00
4.037871360778808594e+00
4.038283348083496094e+00
4.038005828857421875e+00
4.037330150604248047e+00
4.039190769195556641e+00
4.036231040954589844e+00
4.035946846008301669e+00
4.036267757415772373e+00
4.036211490631104404e+00
4.036487579345703125e+00
4.037332057952881748e+00
4.037349224090576172e+00
4.037172317504883701e+00
4.035800457000731534e+00
4.033656597137451172e+00
4.033606052398681641e+00
4.031388759613037109e+00
4.030307292938231534e+00
4.029168605804443359e+00
4.029311180114746094e+00
4.029773235321044922e+00
4.028756141662598544e+00
4.028407573699951172e+00
4.028214931488037109e+00
4.029121875762940341e+00
4.029998302459716797e+00
4.029717445373535156e+00
4.028904438018798828e+00
4.028253078460693359e+00
4.027997970581055576e+00
4.027607440948486328e+00
4.028553962707520419e+00
4.028036594390868252e+00
4.027118206024169922e+00
4.027909278869628906e+00
4.028317928314208984e+00
4.027403354644774502e+00
4.027617454528808594e+00
4.026647567749022549e+00
4.026192665100098544e+00
4.026919841766356534e+00
4.026888370513916016e+00
4.027307510375977451e+00
4.027029514312743252e+00
4.026597976684569424e+00
4.027017593383788174e+00
4.026773929595946377e+00
4.025388717651366299e+00
4.025444984436035156e+00
4.025584220886231357e+00
4.025616168975830078e+00
4.024060249328613281e+00
4.024830341339111328e+00
4.025303840637207031e+00
4.025099277496337891e+00
4.024648189544678623e+00
4.024574279785156250e+00
4.024926662445068359e+00
4.025485515594481534e+00
4.026844024658203125e+00
4.026138305664063388e+00
4.025352954864501953e+00
4.025320053100586826e+00
4.025755405426024502e+00
4.026270389556884766e+00
4.026494979858397549e+00
4.025768756866455078e+00
4.026656627655028409e+00
4.025236129760741299e+00
4.024330615997314453e+00
4.025123119354248047e+00
4.026093959808350498e+00
4.027051925659180576e+00
4.027207851409912109e+00
4.027766227722167969e+00
4.028059005737305576e+00
4.027816295623778409e+00
4.028865814208983487e+00
4.028107643127441406e+00
4.026685237884521484e+00
4.026513099670410156e+00
4.025694847106933594e+00
4.025324821472167969e+00
4.025372982025146484e+00
4.025539398193358487e+00
4.025734901428223544e+00
4.025785446166991299e+00
4.025877475738524502e+00
4.025644302368163174e+00
4.026143074035644531e+00
4.023846149444580078e+00
4.022549152374268466e+00
4.024343490600586826e+00
4.023652076721191406e+00
4.023523807525634766e+00
4.023443698883056641e+00
4.023712158203125000e+00
4.023202896118163174e+00
4.021791934967041016e+00
4.021440982818604404e+00
4.021496295928955078e+00
4.019580364227294922e+00
4.018586158752441406e+00
4.018879413604736328e+00
4.019085407257080078e+00
4.017692089080810547e+00
4.016188144683837891e+00
4.015458583831787109e+00
4.015546321868896484e+00
4.016491413116455078e+00
4.015604019165038174e+00
4.016970634460448331e+00
4.014692783355712891e+00
4.015062808990479404e+00
4.017045021057128906e+00
4.014917850494384766e+00
4.014775753021240234e+00
4.014508724212647373e+00
4.014121055603026456e+00
4.014143466949462891e+00
4.013780593872069424e+00
4.015059947967528409e+00
4.015764713287353516e+00
4.015906810760498047e+00
4.015028476715087891e+00
4.014902114868163174e+00
4.014578342437743252e+00
4.013429164886475498e+00
4.014569282531738281e+00
4.017263412475586826e+00
4.016927242279053623e+00
4.017610073089600498e+00
4.018516063690185547e+00
4.018488883972167969e+00
4.017899036407471591e+00
4.017252445220946377e+00
4.016976356506348544e+00
4.015305995941162109e+00
4.017300128936768466e+00
4.019607543945312500e+00
4.020408630371093750e+00
4.021557331085205078e+00
4.020678997039794922e+00
4.022119522094727451e+00
4.023331165313721591e+00
4.023445606231689453e+00
4.023833751678466797e+00
4.024121761322021484e+00
4.024737834930419922e+00
4.025618553161621094e+00
4.028372287750243252e+00
4.029224395751953125e+00
4.029047012329102451e+00
4.030058383941649502e+00
4.032111644744873047e+00
4.031506538391113281e+00
4.033232688903808594e+00
4.034977912902832031e+00
4.034277915954589844e+00
4.034594535827636719e+00
4.035764694213866299e+00
4.036244392395020419e+00
4.036759853363037109e+00
4.037802219390868252e+00
4.038187503814696377e+00
4.038386821746826172e+00
4.039731979370116299e+00
4.040517807006836826e+00
4.040837287902832031e+00
4.040448665618896484e+00
4.040997982025146484e+00
4.040937423706055576e+00
4.039463520050048828e+00
4.040355205535888672e+00
4.039162158966064453e+00
4.041899681091308594e+00
4.041124820709228516e+00
4.041261196136475498e+00
4.041560173034667969e+00
4.041795253753662109e+00
4.040538787841796875e+00
4.039891719818115234e+00
4.039971351623535156e+00
4.039099693298339844e+00
4.038056373596191406e+00
4.037401199340819424e+00
4.038292884826660156e+00
4.038963794708251953e+00
4.039174079895020419e+00
4.039523124694823331e+00
4.040966033935546875e+00
4.039869308471680576e+00
4.040155887603759766e+00
4.040706634521483487e+00
4.041471481323241299e+00
4.042228698730468750e+00
4.041927814483643466e+00
4.043131828308105469e+00
4.043906211853026456e+00
4.045480728149413174e+00
4.047808170318604404e+00
4.049626827239990234e+00
4.049737453460693359e+00
4.049982070922852451e+00
4.050169944763183594e+00
4.051568984985352451e+00
4.052691459655761719e+00
4.052261352539063388e+00
4.055226802825928623e+00
4.056250572204589844e+00
4.056755542755126953e+00
4.059696197509766513e+00
4.061497211456298828e+00
4.063380241394042969e+00
4.062482833862305576e+00
4.063161373138428623e+00
4.063944816589356357e+00
4.065056324005126953e+00
4.064276695251464844e+00
4.064111232757568359e+00
4.066644191741943359e+00
4.068326473236083984e+00
4.070022583007812500e+00
4.071816921234131748e+00
4.074269294738769531e+00
4.073361873626708984e+00
4.073299884796143466e+00
4.073591232299805576e+00
4.074745655059815341e+00
4.078595638275146484e+00
4.079354286193848544e+00
4.080595016479491299e+00
4.082841873168944424e+00
4.084010601043701172e+00
4.085587024688721591e+00
4.086044788360596591e+00
4.086855411529541016e+00
4.089182376861571377e+00
4.089818000793457031e+00
4.090161800384521484e+00
4.090349674224853516e+00
4.089890956878662109e+00
4.091357707977294922e+00
4.090484142303466797e+00
4.091856956481933594e+00
4.092927455902100498e+00
4.094381809234618252e+00
4.097339630126953125e+00
4.097166061401366299e+00
4.099048137664794922e+00
4.099027633666991299e+00
4.097345352172852451e+00
4.098245143890381748e+00
4.098908901214600498e+00
4.101129531860352451e+00
4.100989818572998047e+00
4.100229740142821377e+00
4.100698947906493252e+00
4.101655006408691406e+00
4.101510524749756748e+00
4.102235794067383701e+00
4.103167057037353516e+00
4.102511882781981534e+00
4.099888801574707031e+00
4.099796295166016513e+00
4.097758293151856357e+00
4.098071098327636719e+00
4.097825527191162109e+00
4.100594043731689453e+00
4.100359916687011719e+00
4.099808216094971591e+00
4.098547935485839844e+00
4.097312927246093750e+00
4.097334861755371094e+00
4.096237659454346591e+00
4.096288681030272549e+00
4.098556518554688388e+00
4.097204208374022549e+00
4.096117019653319424e+00
4.098069190979003906e+00
4.097451210021973544e+00
4.096912860870361328e+00
4.096053123474121094e+00
4.095306873321533203e+00
4.095432758331298828e+00
4.096648216247558594e+00
4.095534801483153409e+00
4.094575405120850498e+00
4.096070766448975498e+00
4.097962379455566406e+00
4.098647117614746094e+00
4.099734783172606534e+00
4.100051879882812500e+00
4.099795341491698331e+00
4.096684932708740234e+00
4.095524787902832031e+00
4.096858978271483487e+00
4.094779968261718750e+00
4.095497131347656250e+00
4.095525741577147549e+00
4.096938133239746094e+00
4.098066806793212891e+00
4.098926544189453125e+00
4.099205970764160156e+00
4.099328041076660156e+00
4.097928047180176669e+00
4.095965862274169922e+00
4.100430011749268466e+00
4.094749927520751953e+00
4.094221115112305576e+00
4.094194412231444424e+00
4.097534656524658203e+00
4.092086791992188388e+00
4.093548297882080078e+00
4.092888832092285156e+00
4.090308666229248047e+00
4.090236186981201172e+00
4.090356349945068359e+00
4.088469505310058594e+00
4.088353633880615234e+00
4.088190555572509766e+00
4.087779998779296875e+00
4.088097095489501953e+00
4.088133335113524502e+00
4.087096214294433594e+00
4.085802555084228516e+00
4.085042953491211826e+00
4.084365844726562500e+00
4.084702968597412109e+00
4.082983970642089844e+00
4.082562446594238281e+00
4.084287166595458984e+00
4.084541320800781250e+00
4.085621833801269531e+00
4.085815906524658203e+00
4.085500717163086826e+00
4.085503578186035156e+00
4.085579872131348544e+00
4.086062908172606534e+00
4.085867404937743252e+00
4.087647438049316406e+00
4.087722778320312500e+00
4.087397575378417969e+00
4.088440895080566406e+00
4.088713645935058594e+00
4.088205337524413174e+00
4.089646339416503906e+00
4.090118408203125000e+00
4.090151786804198331e+00
4.090046882629394531e+00
4.091329574584961826e+00
4.091937065124511719e+00
4.091179370880126953e+00
4.091438770294189453e+00
4.091047286987305576e+00
4.091986656188964844e+00
4.091084480285644531e+00
4.091541290283203125e+00
4.091367244720458984e+00
4.091112613677978516e+00
4.092294216156006748e+00
4.092002391815185547e+00
4.093293190002441406e+00
4.093306064605712891e+00
4.094431877136231357e+00
4.094758987426758701e+00
4.092914104461669922e+00
4.092533111572266513e+00
4.092756271362305576e+00
4.092733860015868252e+00
4.095710754394531250e+00
4.094539165496826172e+00
4.095061779022216797e+00
4.095934867858886719e+00
4.096884250640868252e+00
4.097588062286376953e+00
4.095293998718261719e+00
4.095312118530272549e+00
4.094818115234375000e+00
4.095554828643798828e+00
4.095994472503662109e+00
4.096275329589843750e+00
4.097165584564208984e+00
4.096652984619141513e+00
4.095712184906006748e+00
4.096450328826903409e+00
4.096660614013671875e+00
4.097025394439696377e+00
4.095955371856689453e+00
4.096501827239990234e+00
4.097604274749756748e+00
4.098507881164551669e+00
4.099989891052246094e+00
4.100607395172118252e+00
4.102249145507812500e+00
4.100399494171143466e+00
4.100981235504149502e+00
4.101510047912598544e+00
4.100630283355712891e+00
4.102216720581055576e+00
4.101785659790038174e+00
4.101767063140868252e+00
4.100724220275878906e+00
4.099583148956298828e+00
4.100246429443358487e+00
4.099758148193358487e+00
4.100914955139160156e+00
4.101196289062500000e+00
4.099446296691895419e+00
4.100206851959228516e+00
4.099788665771483487e+00
4.100325107574462891e+00
4.100554943084716797e+00
4.098717689514160156e+00
4.100068092346191406e+00
4.099896430969238281e+00
4.100737094879149502e+00
4.102757930755615234e+00
4.101701736450194424e+00
4.100762367248535156e+00
4.099116802215576172e+00
4.098541736602783203e+00
4.099453449249268466e+00
4.097286701202393466e+00
4.097699165344238281e+00
4.098512172698975498e+00
4.098814964294433594e+00
4.100360393524169922e+00
4.100660324096680576e+00
4.101952552795410156e+00
4.102898597717285156e+00
4.102615356445312500e+00
4.102907180786133701e+00
4.103830814361571377e+00
4.105489730834961826e+00
4.106268882751464844e+00
4.105734348297118252e+00
4.107068538665772373e+00
4.110151290893555576e+00
4.111125946044921875e+00
4.112364292144774502e+00
4.113078594207763672e+00
4.114480018615723544e+00
4.115394115447998047e+00
4.117954254150391513e+00
4.117826938629149502e+00
4.120516300201416016e+00
4.122144222259521484e+00
4.121476173400878906e+00
4.121100425720214844e+00
4.120900154113769531e+00
4.121613979339600498e+00
4.121982097625731534e+00
4.125172138214111328e+00
4.127244472503662109e+00
4.126696109771728516e+00
4.128574371337891513e+00
4.130455970764160156e+00
4.133227348327636719e+00
4.133831501007080078e+00
4.133188247680663174e+00
4.133038997650146484e+00
4.133407592773437500e+00
4.135367870330810547e+00
4.136456012725830078e+00
4.138257503509521484e+00
4.138553142547606534e+00
4.138839721679688388e+00
4.139689922332763672e+00
4.139757156372069424e+00
4.139606952667236328e+00
4.140354633331298828e+00
4.141891956329346591e+00
4.141683578491211826e+00
4.140403747558593750e+00
4.138983249664306641e+00
4.139329433441162109e+00
4.139119625091553623e+00
4.139126777648926669e+00
4.139036178588866299e+00
4.139926433563231534e+00
4.140927791595458984e+00
4.140175819396973544e+00
4.140458106994628906e+00
4.141012668609618252e+00
4.140677452087401456e+00
4.141800403594971591e+00
4.141933917999268466e+00
4.142223834991455078e+00
4.141897678375243252e+00
4.140867710113524502e+00
4.142815589904785156e+00
4.143104553222656250e+00
4.144382953643798828e+00
4.144693851470946377e+00
4.144980907440185547e+00
4.145127296447753906e+00
4.145039081573486328e+00
4.145421981811522549e+00
4.145668983459473544e+00
4.144629955291748047e+00
4.145537853240966797e+00
4.145818710327147549e+00
4.145831108093261719e+00
4.147264957427978516e+00
4.146166801452636719e+00
4.146008491516113281e+00
4.146097183227538174e+00
4.146802902221680576e+00
4.146412372589111328e+00
4.146316051483153409e+00
4.146309852600098544e+00
4.146369934082031250e+00
4.146753787994384766e+00
4.146760940551758701e+00
4.147133350372314453e+00
4.146678447723388672e+00
4.147268295288086826e+00
4.147912502288818359e+00
4.148851871490479404e+00
4.148782730102538174e+00
4.149696826934815341e+00
4.150264263153076172e+00
4.151722431182861328e+00
4.151950359344481534e+00
4.151585578918457031e+00
4.150871753692626953e+00
4.150138378143311435e+00
4.149690151214600498e+00
4.150048732757568359e+00
4.152262210845946377e+00
4.152629375457763672e+00
4.152687072753906250e+00
4.153697967529296875e+00
4.153944492340087891e+00
4.154780864715576172e+00
4.154652595520020419e+00
4.154443740844727451e+00
4.154345989227294922e+00
4.155243873596191406e+00
4.155788421630858487e+00
4.155805110931396484e+00
4.157125473022461826e+00
4.157963752746582031e+00
4.157582759857178623e+00
4.157844543457031250e+00
4.157791614532471591e+00
4.159028053283691406e+00
4.158422946929931641e+00
4.159540653228759766e+00
4.159232139587401456e+00
4.159379959106444424e+00
4.158855915069580078e+00
4.158903121948241299e+00
4.157806873321533203e+00
4.159919738769531250e+00
4.158876895904541016e+00
4.159944057464600498e+00
4.160385608673096591e+00
4.160869121551513672e+00
4.162212371826171875e+00
4.160855770111083984e+00
4.162574768066406250e+00
4.163797378540038174e+00
4.164164543151856357e+00
4.165063381195068359e+00
4.164228439331055576e+00
4.165898323059082031e+00
4.166306972503662109e+00
4.165709495544433594e+00
4.166135311126708984e+00
4.164137840270996094e+00
4.164277553558350498e+00
4.163098812103272373e+00
4.164200305938721591e+00
4.164079666137694424e+00
4.164040565490723544e+00
4.165746688842772549e+00
4.164955139160156250e+00
4.164659023284912109e+00
4.163910388946533203e+00
4.164798736572266513e+00
4.165343761444091797e+00
4.164313316345214844e+00
4.164281368255615234e+00
4.161544322967528409e+00
4.160614490509033203e+00
4.160064697265625000e+00
4.158253192901611328e+00
4.158344745635986328e+00
4.156933784484863281e+00
4.156737327575683594e+00
4.158201217651366299e+00
4.156955242156981534e+00
4.157561302185058594e+00
4.156992435455321377e+00
4.156199455261231357e+00
4.155398845672606534e+00
4.155822277069091797e+00
4.154947280883788174e+00
4.153849601745605469e+00
4.151719570159912109e+00
4.147495746612548828e+00
4.146943092346191406e+00
4.145936012268066406e+00
4.144554615020751953e+00
4.143758773803711826e+00
4.140409469604491299e+00
4.140420436859131748e+00
4.140800476074218750e+00
4.139430999755858487e+00
4.140503406524658203e+00
4.140325069427490234e+00
4.138306617736816406e+00
4.138423919677733487e+00
4.137426376342772549e+00
4.136973857879638672e+00
4.136952400207520419e+00
4.135675907135009766e+00
4.137068271636962891e+00
4.137288093566895419e+00
4.137858867645263672e+00
4.136277675628662109e+00
4.135244846343993252e+00
4.135598182678223544e+00
4.133275508880615234e+00
4.132195949554443359e+00
4.132046699523926669e+00
4.131142616271973544e+00
4.132130146026611328e+00
4.131529331207274502e+00
4.131697177886962891e+00
4.131433963775634766e+00
4.130108356475830078e+00
4.129580497741698331e+00
4.128753662109375000e+00
4.128421783447266513e+00
4.128767967224121094e+00
4.128487586975098544e+00
4.127449035644531250e+00
4.127354145050048828e+00
4.127922534942626953e+00
4.128375053405761719e+00
4.129188060760498047e+00
4.130353927612305576e+00
4.129182815551758701e+00
4.129871845245361328e+00
4.130308151245116299e+00
4.131169319152832031e+00
4.131832122802733487e+00
4.130722522735596591e+00
4.129835128784180576e+00
4.129375934600830078e+00
4.129220485687256748e+00
4.128987789154053623e+00
4.128695011138916016e+00
4.128943443298339844e+00
4.128606319427490234e+00
4.128090858459473544e+00
4.126928329467772549e+00
4.126635551452636719e+00
4.126554965972899502e+00
4.126064777374268466e+00
4.126062870025634766e+00
4.125174522399901456e+00
4.125000953674316406e+00
4.124743938446044922e+00
4.123842239379883701e+00
4.123679637908936435e+00
4.122767448425292969e+00
4.122676849365233487e+00
4.122821807861328125e+00
4.121980667114258701e+00
4.122978687286376953e+00
4.121364116668701172e+00
4.121823787689208984e+00
4.121980190277100498e+00
4.122404098510741299e+00
4.122498989105225498e+00
4.121340274810791016e+00
4.121455192565917969e+00
4.122674465179443359e+00
4.122595310211181641e+00
4.122511863708496094e+00
4.123076915740966797e+00
4.125006675720214844e+00
4.124820232391356534e+00
4.126357078552246094e+00
4.126627445220946377e+00
4.126788139343261719e+00
4.127482891082763672e+00
4.127786636352538174e+00
4.127575874328613281e+00
4.129551410675048828e+00
4.129569053649901456e+00
4.129835605621337891e+00
4.129366874694823331e+00
4.129149913787841797e+00
4.129464626312256748e+00
4.129377365112305576e+00
4.130090713500977451e+00
4.130627155303955078e+00
4.130470752716064453e+00
4.130451679229736328e+00
4.132068634033203125e+00
4.133105754852294922e+00
4.131935119628906250e+00
4.131908893585205078e+00
4.131416320800781250e+00
4.131441116333008701e+00
4.132288455963134766e+00
4.132132053375243252e+00
4.132015228271483487e+00
4.131577968597412109e+00
4.133248805999756748e+00
4.134179115295410156e+00
4.133140563964843750e+00
4.133746623992919922e+00
4.132944107055663174e+00
4.131738662719727451e+00
4.131864070892333984e+00
4.132949829101562500e+00
4.133239269256591797e+00
4.135944366455078125e+00
4.135748863220214844e+00
4.134691238403319424e+00
4.134381771087647373e+00
4.133817672729491299e+00
4.135963916778564453e+00
4.136675357818604404e+00
4.136055946350098544e+00
4.136116504669189453e+00
4.136380672454833984e+00
4.135242462158203125e+00
4.136283874511718750e+00
4.134604454040526456e+00
4.138520240783691406e+00
4.140574932098388672e+00
4.139359951019287109e+00
4.138674259185791016e+00
4.138644695281981534e+00
4.138278961181641513e+00
4.137556076049805576e+00
4.138535022735596591e+00
4.138472557067871094e+00
4.139808177947998047e+00
4.139904499053955078e+00
4.141179084777832031e+00
4.139580249786376953e+00
4.140015602111816406e+00
4.141452312469481534e+00
4.141449928283691406e+00
4.141534328460693359e+00
4.143003463745116299e+00
4.143185615539551669e+00
4.142506599426269531e+00
4.141754150390625000e+00
4.143235683441162109e+00
4.144049644470214844e+00
4.144145965576171875e+00
4.144388198852538174e+00
4.144408702850341797e+00
4.145454883575440341e+00
4.146881103515625000e+00
4.147168159484863281e+00
4.147668361663818359e+00
4.147038936614990234e+00
4.147638797760009766e+00
4.148823261260986328e+00
4.151725292205810547e+00
4.151567459106444424e+00
4.152988910675048828e+00
4.154411792755126953e+00
4.154564857482910156e+00
4.154885768890381748e+00
4.155308723449707031e+00
4.155808448791503906e+00
4.157163143157958984e+00
4.162749767303466797e+00
4.162362575531006748e+00
4.163471221923828125e+00
4.163372993469238281e+00
4.166283130645751953e+00
4.168328285217285156e+00
4.170535564422606534e+00
4.172176361083983487e+00
4.172478675842285156e+00
4.173868179321288174e+00
4.173094272613524502e+00
4.174082279205321377e+00
4.176504135131836826e+00
4.178826332092285156e+00
4.180617332458496094e+00
4.181988716125488281e+00
4.183759689331055576e+00
4.184719562530518466e+00
4.184397697448730469e+00
4.185916423797606534e+00
4.185031414031981534e+00
4.186021327972412109e+00
4.188561439514160156e+00
4.189342498779296875e+00
4.189719200134276456e+00
4.190235137939453125e+00
4.191375255584716797e+00
4.191866397857666016e+00
4.191352367401123047e+00
4.191854476928711826e+00
4.192729473114013672e+00
4.196048259735106534e+00
4.196808338165283203e+00
4.196491241455078125e+00
4.197318077087401456e+00
4.197345256805419922e+00
4.198385715484618252e+00
4.200043201446533203e+00
4.199963569641113281e+00
4.201429367065430576e+00
4.200976848602294922e+00
4.201623439788818359e+00
4.203070640563964844e+00
4.202913761138916016e+00
4.203254222869873047e+00
4.202628135681151456e+00
4.204457283020020419e+00
4.203842639923096591e+00
4.203551292419433594e+00
4.202651500701903409e+00
4.202613830566406250e+00
4.203149318695068359e+00
4.202146053314208984e+00
4.204505443572998047e+00
4.205387115478516513e+00
4.204788684844971591e+00
4.206105232238769531e+00
4.206104278564453125e+00
4.205773353576660156e+00
4.207868099212647373e+00
4.209297657012940341e+00
4.209755897521973544e+00
4.210191726684569424e+00
4.210819244384766513e+00
4.211608409881591797e+00
4.213931560516356534e+00
4.214600563049316406e+00
4.215857505798339844e+00
4.214928150177001953e+00
4.218766212463378906e+00
4.219264507293701172e+00
4.220950126647948331e+00
4.220915794372558594e+00
4.221437454223633701e+00
4.222793579101562500e+00
4.223982334136962891e+00
4.222922801971436435e+00
4.223637104034423828e+00
4.222829818725586826e+00
4.222945690155028409e+00
4.223813056945801669e+00
4.225449085235596591e+00
4.224359989166259766e+00
4.225474834442138672e+00
4.225240707397461826e+00
4.226015567779541016e+00
4.228076934814453125e+00
4.226985931396483487e+00
4.227646350860596591e+00
4.227660179138183594e+00
4.229573726654053623e+00
4.228210449218750000e+00
4.228444099426269531e+00
4.227762699127196377e+00
4.228311538696288174e+00
4.229022502899169922e+00
4.229673862457274502e+00
4.229860305786133701e+00
4.230248928070068359e+00
4.229638576507568359e+00
4.230265617370605469e+00
4.230587959289551669e+00
4.231219291687011719e+00
4.231807231903076172e+00
4.232044696807861328e+00
4.232191085815430576e+00
4.233812332153319424e+00
4.233685493469238281e+00
4.232682704925537109e+00
4.233071327209473544e+00
4.233946323394774502e+00
4.234730243682861328e+00
4.234709262847899502e+00
4.235846996307373047e+00
4.236293792724608487e+00
4.236585617065430576e+00
4.236816883087158203e+00
4.236563205718993252e+00
4.237030029296875000e+00
4.236994743347167969e+00
4.237604618072509766e+00
4.236636161804198331e+00
4.237464427947998047e+00
4.238187313079833984e+00
4.237943172454833984e+00
4.238897323608397549e+00
4.239346027374268466e+00
4.239244937896728516e+00
4.237542629241943359e+00
4.237608909606933594e+00
4.237823486328125000e+00
4.238285541534423828e+00
4.237970829010009766e+00
4.238768100738524502e+00
4.239432811737060547e+00
4.240181922912598544e+00
4.240038394927978516e+00
4.239308357238769531e+00
4.239259243011475498e+00
4.239136695861816406e+00
4.240387916564941406e+00
4.240828037261962891e+00
4.240874290466308594e+00
4.240786075592041016e+00
4.241601467132568359e+00
4.241695404052733487e+00
4.240799903869628906e+00
4.241625308990479404e+00
4.241240978240966797e+00
4.241291522979736328e+00
4.242464542388916016e+00
4.242345333099365234e+00
4.241502761840819424e+00
4.241929054260253906e+00
4.242158889770508701e+00
4.243165969848633701e+00
4.243066787719727451e+00
4.244136810302733487e+00
4.242718696594238281e+00
4.244349479675292969e+00
4.245102882385253906e+00
4.245229244232178623e+00
4.246017456054688388e+00
4.245333194732666016e+00
4.246048450469971591e+00
4.246666431427001953e+00
4.247209072113037109e+00
4.248441219329833984e+00
4.247753620147705078e+00
4.247422218322753906e+00
4.246788501739501953e+00
4.248225212097167969e+00
4.248502731323241299e+00
4.247348308563231534e+00
4.247332572937011719e+00
4.247807502746582031e+00
4.248401641845703125e+00
4.250163555145263672e+00
4.249919891357421875e+00
4.250369548797606534e+00
4.250984191894531250e+00
4.248921871185303623e+00
4.249280452728272373e+00
4.248176097869873047e+00
4.248908042907714844e+00
4.247610569000243252e+00
4.246382713317871094e+00
4.246118068695068359e+00
4.245930671691895419e+00
4.247382164001464844e+00
4.246688842773437500e+00
4.246954917907714844e+00
4.247182846069336826e+00
4.246728897094727451e+00
4.245587348937988281e+00
4.245668888092041016e+00
4.245232582092285156e+00
4.243670940399169922e+00
4.242835521697998047e+00
4.243755340576171875e+00
4.244260311126708984e+00
4.246178627014160156e+00
4.245978832244873047e+00
4.244231700897216797e+00
4.243556976318358487e+00
4.242089271545410156e+00
4.243090629577636719e+00
4.243457794189453125e+00
4.243119716644287109e+00
4.244438171386718750e+00
4.243552684783936435e+00
4.242848396301269531e+00
4.243097305297852451e+00
4.244180679321288174e+00
4.243513584136962891e+00
4.242034912109375000e+00
4.241753578186035156e+00
4.241308212280272549e+00
4.241921901702881748e+00
4.241008758544921875e+00
4.239265918731689453e+00
4.239528179168701172e+00
4.239528179168701172e+00
4.239629268646240234e+00
4.242090225219727451e+00
4.242918014526366299e+00
4.244677543640136719e+00
4.245444774627685547e+00
4.246275901794433594e+00
4.244737625122069424e+00
4.243870735168457031e+00
4.246133327484131748e+00
4.245650291442871094e+00
4.246774196624756748e+00
4.247775554656981534e+00
4.247590541839600498e+00
4.248292922973633701e+00
4.247130393981933594e+00
4.248045444488524502e+00
4.248134613037108487e+00
4.247786521911621094e+00
4.248458862304688388e+00
4.247899532318115234e+00
4.248898506164551669e+00
4.251104354858397549e+00
4.250554561614990234e+00
4.251873493194580078e+00
4.251021862030028409e+00
4.251582145690917969e+00
4.251299858093261719e+00
4.251379489898681641e+00
4.252751827239990234e+00
4.251681327819823331e+00
4.253429889678955078e+00
4.253216743469238281e+00
4.254788875579833984e+00
4.255333423614501953e+00
4.254396915435791016e+00
4.253900051116943359e+00
4.251968383789063388e+00
4.252377986907958984e+00
4.252501487731933594e+00
4.253171920776366299e+00
4.253606796264647549e+00
4.254067420959473544e+00
4.253723144531250000e+00
4.253432273864746094e+00
4.254247188568115234e+00
4.257893562316895419e+00
4.255560398101806641e+00
4.256821155548096591e+00
4.258144378662108487e+00
4.257079124450683594e+00
4.257643699645996094e+00
4.256509780883788174e+00
4.257529735565185547e+00
4.258184432983397549e+00
4.258120536804198331e+00
4.258563041687011719e+00
4.258509635925292969e+00
4.259640216827393466e+00
4.259774684906006748e+00
4.260345935821533203e+00
4.260897636413573331e+00
4.260355472564696377e+00
4.262155055999756748e+00
4.263557910919189453e+00
4.264938354492188388e+00
4.266509532928466797e+00
4.266352653503417969e+00
4.266776561737060547e+00
4.267303466796875000e+00
4.267116546630858487e+00
4.266892433166503906e+00
4.266217708587647373e+00
4.267209529876708984e+00
4.265942096710205078e+00
4.265945434570312500e+00
4.265108108520508701e+00
4.265729427337647373e+00
4.266247272491455078e+00
4.265314102172852451e+00
4.265733242034912109e+00
4.264950275421143466e+00
4.264136791229248047e+00
4.265810966491698331e+00
4.264918804168701172e+00
4.265018939971923828e+00
4.265902996063231534e+00
4.266602516174316406e+00
4.266552448272705078e+00
4.266358375549316406e+00
4.266912937164306641e+00
4.266980171203613281e+00
4.266239166259766513e+00
4.266532421112060547e+00
4.266859054565430576e+00
4.268385410308837891e+00
4.269624233245850498e+00
4.270310401916503906e+00
4.270998954772948331e+00
4.270060539245605469e+00
4.269439697265625000e+00
4.267173767089843750e+00
4.267389774322509766e+00
4.269556999206542969e+00
4.268899917602538174e+00
4.269975662231444424e+00
4.270080089569091797e+00
4.269998550415038174e+00
4.271187782287598544e+00
4.270555496215819424e+00
4.270218372344971591e+00
4.271752834320068359e+00
4.272524833679198331e+00
4.273324012756348544e+00
4.272278785705566406e+00
4.272775173187256748e+00
4.271172046661376953e+00
4.271545410156250000e+00
4.272736549377441406e+00
4.272119522094727451e+00
4.273270606994628906e+00
4.273828983306884766e+00
4.275892734527587891e+00
4.274609565734863281e+00
4.274878025054931641e+00
4.276386737823486328e+00
4.275491714477538174e+00
4.276316642761231357e+00
4.277500152587891513e+00
4.277395725250243252e+00
4.278413772583008701e+00
4.280020236968993252e+00
4.279782772064208984e+00
4.280119895935058594e+00
4.279153823852538174e+00
4.280311584472656250e+00
4.280406475067138672e+00
4.280286788940430576e+00
4.279500484466553623e+00
4.279559612274169922e+00
4.278860092163086826e+00
4.278383255004883701e+00
4.277298450469971591e+00
4.279510021209716797e+00
4.279635906219481534e+00
4.280900478363037109e+00
4.280835628509521484e+00
4.282323360443115234e+00
4.284126281738281250e+00
4.284781932830810547e+00
4.284607887268066406e+00
4.283645629882812500e+00
4.283357620239258701e+00
4.283625125885009766e+00
4.284009933471680576e+00
4.286937713623046875e+00
4.287974834442138672e+00
4.290038585662841797e+00
4.288848876953125000e+00
4.291018486022948331e+00
4.290358066558837891e+00
4.289803981781006748e+00
4.287719726562500000e+00
4.290470600128173828e+00
4.289162635803223544e+00
4.292038917541503906e+00
4.293692111968993252e+00
4.293881416320801669e+00
4.295266151428223544e+00
4.295363426208496094e+00
4.294385910034180576e+00
4.294010639190673828e+00
4.294319629669189453e+00
4.296132564544678623e+00
4.298165321350098544e+00
4.298402786254883701e+00
4.298520088195801669e+00
4.297371864318848544e+00
4.296843528747558594e+00
4.300488948822021484e+00
4.303255081176758701e+00
4.302949428558350498e+00
4.302717208862305576e+00
4.305072307586669922e+00
4.306878566741943359e+00
4.306180953979491299e+00
4.308648109436035156e+00
4.308943748474121094e+00
4.310299873352051669e+00
4.311885356903076172e+00
4.311305999755858487e+00
4.311550140380858487e+00
4.310958385467528409e+00
4.311757087707520419e+00
4.312278270721436435e+00
4.314807891845703125e+00
4.315692901611328125e+00
4.317142963409423828e+00
4.319017887115479404e+00
4.317977905273437500e+00
4.316517829895020419e+00
4.319409370422363281e+00
4.322672843933105469e+00
4.323580265045166016e+00
4.325248718261718750e+00
4.326056957244873047e+00
4.324840068817138672e+00
4.326198101043701172e+00
4.326136589050292969e+00
4.328335285186768466e+00
4.326458454132080078e+00
4.326817035675048828e+00
4.329246044158936435e+00
4.328424930572509766e+00
4.330328941345214844e+00
4.331248760223388672e+00
4.334024906158446377e+00
4.332575321197509766e+00
4.333352565765381748e+00
4.334156990051269531e+00
4.333667278289794922e+00
4.334455013275146484e+00
4.333755016326903409e+00
4.333783626556396484e+00
4.334627151489258701e+00
4.332777976989746094e+00
4.334859371185303623e+00
4.333878040313721591e+00
4.335490703582763672e+00
4.335373401641846591e+00
4.335261821746826172e+00
4.337823867797852451e+00
4.335016250610352451e+00
4.336272716522216797e+00
4.335988998413086826e+00
4.334313392639160156e+00
4.332556724548339844e+00
4.331753730773926669e+00
4.331760406494141513e+00
4.331962108612060547e+00
4.332458496093750000e+00
4.334554672241211826e+00
4.335139274597167969e+00
4.333807945251464844e+00
4.334224224090576172e+00
4.334659576416016513e+00
4.333277225494384766e+00
4.333186149597167969e+00
4.331767559051513672e+00
4.332079887390136719e+00
4.331874847412108487e+00
4.331564903259276456e+00
4.330844879150391513e+00
4.331055641174316406e+00
4.331140518188477451e+00
4.330182075500488281e+00
4.330701351165772373e+00
4.330391883850098544e+00
4.331575393676758701e+00
4.331312179565430576e+00
4.331447601318358487e+00
4.330300807952881748e+00
4.329351902008056641e+00
4.330255985260009766e+00
4.330272197723388672e+00
4.331070423126221591e+00
4.332786083221436435e+00
4.332641601562500000e+00
4.332858085632323331e+00
4.331295967102051669e+00
4.329875946044921875e+00
4.329579830169678623e+00
4.331689834594727451e+00
4.332111358642578125e+00
4.331895351409912109e+00
4.332421779632568359e+00
4.331865787506104404e+00
4.332479953765868252e+00
4.333719730377196377e+00
4.334053516387940341e+00
4.332507133483886719e+00
4.332459926605225498e+00
4.333150863647461826e+00
4.335014343261718750e+00
4.335284709930419922e+00
4.335126399993896484e+00
4.338926792144774502e+00
4.334871768951416016e+00
4.334304809570312500e+00
4.333663940429688388e+00
4.332403182983397549e+00
4.333121776580810547e+00
4.334185600280761719e+00
4.334087371826171875e+00
4.332356452941895419e+00
4.332334518432616299e+00
4.334101200103759766e+00
4.332869529724121094e+00
4.331539154052733487e+00
4.330496311187743252e+00
4.327648162841796875e+00
4.328337192535399502e+00
4.328176498413086826e+00
4.328252792358397549e+00
4.329067230224608487e+00
4.331055641174316406e+00
4.330071449279785156e+00
4.329958915710448331e+00
4.329128742218018466e+00
4.328917980194091797e+00
4.330914497375488281e+00
4.329683303833008701e+00
4.330603599548339844e+00
4.331212043762207031e+00
4.330095291137694424e+00
4.333233833312988281e+00
4.332472801208496094e+00
4.333039760589600498e+00
4.327013969421386719e+00
4.326825141906738281e+00
4.327983379364013672e+00
4.327383518218993252e+00
4.330323696136475498e+00
4.331521511077881748e+00
4.332572937011718750e+00
4.332204341888428623e+00
4.331883907318115234e+00
4.331272125244141513e+00
4.331678867340087891e+00
4.332718372344971591e+00
4.332552433013916016e+00
4.333224296569823331e+00
4.334321975708008701e+00
4.331751823425292969e+00
4.333641052246093750e+00
4.332752704620361328e+00
4.332383155822753906e+00
4.334250450134276456e+00
4.333893299102783203e+00
4.334053516387940341e+00
4.336684703826903409e+00
4.337524890899658203e+00
4.340087413787841797e+00
4.340845584869384766e+00
4.339698791503906250e+00
4.340253829956055576e+00
4.339603900909423828e+00
4.339624404907227451e+00
4.340009689331055576e+00
4.341226100921631748e+00
4.341307640075683594e+00
4.342225551605225498e+00
4.343856811523437500e+00
4.344022274017333984e+00
4.343813419342041016e+00
4.343668460845946377e+00
4.342338562011718750e+00
4.341559410095214844e+00
4.340951919555663174e+00
4.342041015625000000e+00
4.341333866119384766e+00
4.340447425842285156e+00
4.340820789337158203e+00
4.340909957885741299e+00
4.340350627899169922e+00
4.336960792541503906e+00
4.337573528289794922e+00
4.336454868316649502e+00
4.334115028381348544e+00
4.332563400268555576e+00
4.333549499511718750e+00
4.332397460937500000e+00
4.331212520599365234e+00
4.329467773437500000e+00
4.331942081451416016e+00
4.332838058471680576e+00
4.331323146820068359e+00
4.332116127014160156e+00
4.330959796905518466e+00
4.331722259521483487e+00
4.330275058746337891e+00
4.329460620880126953e+00
4.328915596008301669e+00
4.328022956848144531e+00
4.328864097595214844e+00
4.326966285705566406e+00
4.327502727508544922e+00
4.327811241149901456e+00
4.328236579895020419e+00
4.325812816619873047e+00
4.327018737792968750e+00
4.325154781341553623e+00
4.326025962829589844e+00
4.324056148529053623e+00
4.321435451507568359e+00
4.321496009826660156e+00
4.321937561035156250e+00
4.321571350097656250e+00
4.323549747467041016e+00
4.322410106658936435e+00
4.322876930236816406e+00
4.322210788726806641e+00
4.320796489715576172e+00
4.319132804870605469e+00
4.318744659423828125e+00
4.319401264190673828e+00
4.319936752319336826e+00
4.315835475921631748e+00
4.317411422729491299e+00
4.317843914031981534e+00
4.318027019500731534e+00
4.312957286834716797e+00
4.312826633453368252e+00
4.313899517059326172e+00
4.313684463500977451e+00
4.314009189605712891e+00
4.315388202667236328e+00
4.315723419189453125e+00
4.318176269531250000e+00
4.319248199462891513e+00
4.318337917327881748e+00
4.320347309112548828e+00
4.320203781127930576e+00
4.323038101196288174e+00
4.325264930725098544e+00
4.325129985809326172e+00
4.327249526977538174e+00
4.325191020965576172e+00
4.325460910797118252e+00
4.325951099395751953e+00
4.324860572814941406e+00
4.327531814575194424e+00
4.328791618347167969e+00
4.330165386199951172e+00
4.330542564392089844e+00
4.333709239959716797e+00
4.334236145019531250e+00
4.333564758300781250e+00
4.334212779998778409e+00
4.333224296569823331e+00
4.332412719726562500e+00
4.332128524780272549e+00
4.331469058990479404e+00
4.331648349761962891e+00
4.331392288208008701e+00
4.332663536071776456e+00
4.333911895751953125e+00
4.334041595458983487e+00
4.334893703460693359e+00
4.333289146423339844e+00
4.335510730743408203e+00
4.336868286132812500e+00
4.336678028106689453e+00
4.338173389434815341e+00
4.336055278778076172e+00
4.336756229400634766e+00
4.338282108306884766e+00
4.340113639831542969e+00
4.339971542358397549e+00
4.339860439300537109e+00
4.340927124023437500e+00
4.342281818389893466e+00
4.340141296386718750e+00
4.342742919921875000e+00
4.342402458190917969e+00
4.344417572021483487e+00
4.345036983489990234e+00
4.343978404998778409e+00
4.345596790313721591e+00
4.345412254333496094e+00
4.348022937774658203e+00
4.349159717559815341e+00
4.350995063781738281e+00
4.354101657867431641e+00
4.353849887847899502e+00
4.356022834777832031e+00
4.358087062835693359e+00
4.357595920562743252e+00
4.358447551727294922e+00
4.358359336853026456e+00
4.357153892517089844e+00
4.358237266540526456e+00
4.359068393707274502e+00
4.360931873321533203e+00
4.361145973205566406e+00
4.363146781921386719e+00
4.363131999969481534e+00
4.364195346832274502e+00
4.366287708282471591e+00
4.364837646484375000e+00
4.366623401641846591e+00
4.366109848022461826e+00
4.365894317626953125e+00
4.368441581726073331e+00
4.369641780853272373e+00
4.371885776519774502e+00
4.372997760772705078e+00
4.374714374542236328e+00
4.374928474426269531e+00
4.375541210174560547e+00
4.376349925994873047e+00
4.374532699584961826e+00
4.377986907958983487e+00
4.378861904144287109e+00
4.379669189453125000e+00
4.381493091583251953e+00
4.381535053253173828e+00
4.382217884063721591e+00
4.382788181304931641e+00
4.382680416107178623e+00
4.383305072784423828e+00
4.383592605590819424e+00
4.384153842926024502e+00
4.384407043457031250e+00
4.385879039764403409e+00
4.387923717498778409e+00
4.388023853302001953e+00
4.389258384704589844e+00
4.389258384704589844e+00
4.389848232269287109e+00
4.390913009643555576e+00
4.391077041625977451e+00
4.391788959503173828e+00
4.390968322753906250e+00
4.391682624816895419e+00
4.392323970794678623e+00
4.393024921417236328e+00
4.392889499664306641e+00
4.391969203948975498e+00
4.392653465270996094e+00
4.392663955688477451e+00
4.393285274505615234e+00
4.394535541534423828e+00
4.394280433654785156e+00
4.394851207733153409e+00
4.394202232360839844e+00
4.396049022674560547e+00
4.397108554840087891e+00
4.396644115447998047e+00
4.397351264953613281e+00
4.398029327392578125e+00
4.397639751434326172e+00
4.399261951446533203e+00
4.399188518524169922e+00
4.400518894195556641e+00
4.401127815246582031e+00
4.402204513549804688e+00
4.402106761932373047e+00
4.402106761932373047e+00
4.403262138366699219e+00
4.402829170227050781e+00
4.404071331024169922e+00
4.405384540557861328e+00
4.405596733093261719e+00
4.405299186706542969e+00
4.404429435729980469e+00
4.405885219573974609e+00
4.407443523406981534e+00
4.406859397888183594e+00
4.409118175506591797e+00
4.408854007720947266e+00
4.410163879394531250e+00
4.410978794097900391e+00
4.411144733428955078e+00
4.413188934326171875e+00
4.412970542907714844e+00
4.414640903472900391e+00
4.415458202362060547e+00
4.416285037994384766e+00
4.416794776916503906e+00
4.416357517242431641e+00
4.417008399963378906e+00
4.418138504028320312e+00
4.420358180999755859e+00
4.420951366424560547e+00
4.420951366424560547e+00
4.420608043670653409e+00
4.421765804290772373e+00
4.421597003936768466e+00
4.421453952789306641e+00
4.420991420745849609e+00
4.420550346374511719e+00
4.420535087585449219e+00
4.420862674713134766e+00
4.422205924987792969e+00
4.421958923339843750e+00
4.424097537994384766e+00
4.422317028045653409e+00
4.423523426055908203e+00
4.425396442413330078e+00
4.425960063934326172e+00
4.428014278411865234e+00
4.428870201110839844e+00
4.430791854858398438e+00
4.433084964752197266e+00
4.433553695678710938e+00
4.435695171356201172e+00
4.434661865234375000e+00
4.435878276824951172e+00
4.434781074523925781e+00
4.435224533081054688e+00
4.434221744537353516e+00
4.433650016784667969e+00
4.434402465820312500e+00
4.436155796051025391e+00
4.436339855194091797e+00
4.437424182891846591e+00
4.437035560607910156e+00
4.438473224639893466e+00
4.439198970794677734e+00
4.439747810363769531e+00
4.441117763519287109e+00
4.441446781158447266e+00
4.442224979400634766e+00
4.442853927612304688e+00
4.443945884704589844e+00
4.445127964019775391e+00
4.444323062896728516e+00
4.444050312042236328e+00
4.443291187286376953e+00
4.442358016967773438e+00
4.443085670471191406e+00
4.442824840545653409e+00
4.442748069763183594e+00
4.442607402801513672e+00
4.443280696868896484e+00
4.444633007049560547e+00
4.444525241851806641e+00
4.445911884307861328e+00
4.444994449615479404e+00
4.446068286895751953e+00
4.447459220886231357e+00
4.447590827941895419e+00
4.448392868041992188e+00
4.448506355285644531e+00
4.449762821197509766e+00
4.450607299804688388e+00
4.452064514160156250e+00
4.454846382141113281e+00
4.454323291778564453e+00
4.454329490661621094e+00
4.454197883605957031e+00
4.454817295074462891e+00
4.455381393432617188e+00
4.454462528228759766e+00
4.456565380096436435e+00
4.457917213439941406e+00
4.458364486694335938e+00
4.459958076477050781e+00
4.459604740142822266e+00
4.461230754852294922e+00
4.461468696594238281e+00
4.461465835571289062e+00
4.462150573730468750e+00
4.461710929870605469e+00
4.462998867034912109e+00
4.463464260101318359e+00
4.465189456939697266e+00
4.465021133422851562e+00
4.464528083801269531e+00
4.465386867523193359e+00
4.465777397155761719e+00
4.467003345489501953e+00
4.467611789703369141e+00
4.467695236206054688e+00
4.469184398651123047e+00
4.468739032745361328e+00
4.470685005187988281e+00
4.472464084625244141e+00
4.471907615661621094e+00
4.473914146423339844e+00
4.473392963409423828e+00
4.475298881530761719e+00
4.475778579711914062e+00
4.476166248321533203e+00
4.478413581848144531e+00
4.478399276733398438e+00
4.479531764984130859e+00
4.480845451354980469e+00
4.480454444885253906e+00
4.481336116790772373e+00
4.480550765991210938e+00
4.482281684875488281e+00
4.483113765716552734e+00
4.483684062957763672e+00
4.484539985656738281e+00
4.485180377960205078e+00
4.485010147094726562e+00
4.484349727630615234e+00
4.484616756439208984e+00
4.485060214996337891e+00
4.484083175659179688e+00
4.483438491821289062e+00
4.483263015747070312e+00
4.483606815338134766e+00
4.485761642456054688e+00
4.485811233520507812e+00
4.487885951995849609e+00
4.487622737884521484e+00
4.486537933349608487e+00
4.487043857574462891e+00
4.487344741821289062e+00
4.489730834960937500e+00
4.489207744598388672e+00
4.490168571472167969e+00
4.490760803222656250e+00
4.490379333496093750e+00
4.492842674255371094e+00
4.492629051208496094e+00
4.493885993957520419e+00
4.494737625122070312e+00
4.495563983917236328e+00
4.496010303497314453e+00
4.495048522949218750e+00
4.495616436004638672e+00
4.496182441711425781e+00
4.496397018432617188e+00
4.497645378112792969e+00
4.498775482177733487e+00
4.499888896942138672e+00
4.500141620635986328e+00
4.500803947448730469e+00
4.501128673553466797e+00
4.500665664672851562e+00
4.500646591186523438e+00
4.500912189483643466e+00
4.501375675201416016e+00
4.503751277923583984e+00
4.502913951873778409e+00
4.502777099609375000e+00
4.502068996429443359e+00
4.501620769500731534e+00
4.500774383544921875e+00
4.500599384307861328e+00
4.501986503601074219e+00
4.501940250396728516e+00
4.501966953277587891e+00
4.502155303955078125e+00
4.501355648040772373e+00
4.502404689788818359e+00
4.501390457153320312e+00
4.502487659454346591e+00
4.503592491149902344e+00
4.503274917602539062e+00
4.503341197967528409e+00
4.503009796142578125e+00
4.502802848815917969e+00
4.503844261169433594e+00
4.503947257995605469e+00
4.503622055053710938e+00
4.503805160522460938e+00
4.504438877105712891e+00
4.505422115325927734e+00
4.505346775054931641e+00
4.505398750305175781e+00
4.505365371704101562e+00
4.507564067840576172e+00
4.508111953735351562e+00
4.507880210876464844e+00
4.510786533355712891e+00
4.510869503021240234e+00
4.512531280517578125e+00
4.513024330139160156e+00
4.514504432678222656e+00
4.515451431274414062e+00
4.516083717346191406e+00
4.517965316772460938e+00
4.517406940460205078e+00
4.518152236938476562e+00
4.518268108367919922e+00
4.517743110656738281e+00
4.517594814300537109e+00
4.517560005187988281e+00
4.517933368682861328e+00
4.518900871276856357e+00
4.518513202667236328e+00
4.518509864807128906e+00
4.518688201904296875e+00
4.519064426422119141e+00
4.519846439361572266e+00
4.519458770751953125e+00
4.520039081573486328e+00
4.519475936889648438e+00
4.521007537841796875e+00
4.521472930908203125e+00
4.521324157714843750e+00
4.521903038024902344e+00
4.521667480468750000e+00
4.522506713867188388e+00
4.522293090820312500e+00
4.522089004516601562e+00
4.522316932678222656e+00
4.521885871887207031e+00
4.522502899169921875e+00
4.522675037384033203e+00
4.523652076721191406e+00
4.523824691772460938e+00
4.523939132690429688e+00
4.524306774139403409e+00
4.525155067443847656e+00
4.524488449096679688e+00
4.525858879089356357e+00
4.525908470153808594e+00
4.526668548583983487e+00
4.526239395141601562e+00
4.526537418365479404e+00
4.526310443878173828e+00
4.526311397552490234e+00
4.526395797729492188e+00
4.525414943695068359e+00
4.524982929229736328e+00
4.525136947631835938e+00
4.525886535644531250e+00
4.527700901031494141e+00
4.527691841125488281e+00
4.530027389526367188e+00
4.529000759124755859e+00
4.528810501098632812e+00
4.528696537017822266e+00
4.528064727783203125e+00
4.528932094573974609e+00
4.529607772827148438e+00
4.529788017272949219e+00
4.529608726501464844e+00
4.529101848602294922e+00
4.530078411102294922e+00
4.530336856842041016e+00
4.530338764190673828e+00
4.531269550323486328e+00
4.531887054443358487e+00
4.531634807586669922e+00
4.530816555023193359e+00
4.530545234680175781e+00
4.531183242797851562e+00
4.531191825866699219e+00
4.531661987304688388e+00
4.531946659088134766e+00
4.532624721527099609e+00
4.532577991485596591e+00
4.531536579132080078e+00
4.531443595886231357e+00
4.530752658843994141e+00
4.530153751373291016e+00
4.531530380249023438e+00
4.531125545501708984e+00
4.531816005706787109e+00
4.532387256622314453e+00
4.531661510467528409e+00
4.531484127044677734e+00
4.530678272247314453e+00
4.532507419586181641e+00
4.531991004943847656e+00
4.532929420471191406e+00
4.533132553100585938e+00
4.532019615173339844e+00
4.532478809356689453e+00
4.532108783721923828e+00
4.531715393066406250e+00
4.532718658447266513e+00
4.533075332641601562e+00
4.533826828002929688e+00
4.532970428466796875e+00
4.534660816192626953e+00
4.534512519836425781e+00
4.534862995147705078e+00
4.534200191497802734e+00
4.534019947052001953e+00
4.533754348754882812e+00
4.533404827117919922e+00
4.533932209014893466e+00
4.534728050231933594e+00
4.533059597015380859e+00
4.532807826995849609e+00
4.532516956329346591e+00
4.532158374786376953e+00
4.531980991363525391e+00
4.532521724700927734e+00
4.532928466796875000e+00
4.532337188720703125e+00
4.533193111419677734e+00
4.533302783966064453e+00
4.533360004425048828e+00
4.533451080322266513e+00
4.532865524291992188e+00
4.534546375274658203e+00
4.536140441894531250e+00
4.535671234130858487e+00
4.535840988159179688e+00
4.535267829895020419e+00
4.535779953002929688e+00
4.535377025604248047e+00
4.535351753234863281e+00
4.535284519195556641e+00
4.534393310546875000e+00
4.534580707550048828e+00
4.533535003662108487e+00
4.533189296722412109e+00
4.532481670379638672e+00
4.532032012939453125e+00
4.532448768615722656e+00
4.532342910766601562e+00
4.532901287078856534e+00
4.533782005310058594e+00
4.533497810363769531e+00
4.534677505493164062e+00
4.535576343536376953e+00
4.535406112670898438e+00
4.535645008087158203e+00
4.535819530487060547e+00
4.535489559173583984e+00
4.535542011260986328e+00
4.536063194274902344e+00
4.535081386566162109e+00
4.534297466278076172e+00
4.534167289733886719e+00
4.533619880676269531e+00
4.534398078918457031e+00
4.535362243652343750e+00
4.535675048828125000e+00
4.536173343658447266e+00
4.535942554473876953e+00
4.536952018737792969e+00
4.538578987121582031e+00
4.537893295288085938e+00
4.538137912750244141e+00
4.537555217742919922e+00
4.537400245666503906e+00
4.537614822387695312e+00
4.538343906402587891e+00
4.537624359130858487e+00
4.537778377532958984e+00
4.538959026336669922e+00
4.539236545562744141e+00
4.538604736328125000e+00
4.538404941558837891e+00
4.537330627441406250e+00
4.536758899688721591e+00
4.537325382232666016e+00
4.537327289581298828e+00
4.538650035858153409e+00
4.537932395935058594e+00
4.538006305694580078e+00
4.538850784301757812e+00
4.538542747497558594e+00
4.540376186370849609e+00
4.539729595184326172e+00
4.539898872375488281e+00
4.539680480957031250e+00
4.539789676666259766e+00
4.539665222167968750e+00
4.539238452911376953e+00
4.539129734039306641e+00
4.539077758789063388e+00
4.540395259857177734e+00
4.540497779846191406e+00
4.540980339050292969e+00
4.541325092315673828e+00
4.540797710418701172e+00
4.541775703430175781e+00
4.541277408599853516e+00
4.540485858917236328e+00
4.539827346801757812e+00
4.539199352264403409e+00
4.538565158843994141e+00
4.538432121276856357e+00
4.538217544555664062e+00
4.538402080535888672e+00
4.538261413574218750e+00
4.538372516632080078e+00
4.538181781768798828e+00
4.538875579833983487e+00
4.539775371551513672e+00
4.539005279541016513e+00
4.540365219116210938e+00
4.540996551513671875e+00
4.541047573089599609e+00
4.543599128723144531e+00
4.543199539184570312e+00
4.542482852935791016e+00
4.542980194091796875e+00
4.542714118957520419e+00
4.543693065643311435e+00
4.543593883514403409e+00
4.544559478759766513e+00
4.545289516448974609e+00
4.545266151428222656e+00
4.545341968536376953e+00
4.545132637023925781e+00
4.545881271362304688e+00
4.545710086822509766e+00
4.546960353851318359e+00
4.546570777893066406e+00
4.546268463134766513e+00
4.546178817749023438e+00
4.545632839202880859e+00
4.546634197235106534e+00
4.546017169952393466e+00
4.545917034149169922e+00
4.545567035675048828e+00
4.545189857482910156e+00
4.545098781585693359e+00
4.545629978179931641e+00
4.545370578765869141e+00
4.545863151550292969e+00
4.545513153076171875e+00
4.546712875366210938e+00
4.547521591186523438e+00
4.547675132751464844e+00
4.547869682312011719e+00
4.548047065734863281e+00
4.549318313598632812e+00
4.548813819885253906e+00
4.549365520477294922e+00
4.549587249755858487e+00
4.548394203186035156e+00
4.549582958221436435e+00
4.550094127655028409e+00
4.550287246704101562e+00
4.551229000091552734e+00
4.551277160644531250e+00
4.551437377929688388e+00
4.551397323608398438e+00
4.551543235778808594e+00
4.552939891815185547e+00
4.552909851074218750e+00
4.553636550903320312e+00
4.553329467773437500e+00
4.552741050720214844e+00
4.553248882293701172e+00
4.553635597229003906e+00
4.553826332092285156e+00
