1.551481187343597412e-01
1.570585668087005615e-01
1.587402075529098511e-01
1.601884812116622925e-01
1.617205590009689331e-01
1.635326147079467773e-01
1.649152338504791260e-01
1.666510105133056363e-01
1.683734357357025146e-01
1.702260226011276245e-01
1.726672947406768799e-01
1.746024638414382935e-01
1.767369210720062533e-01
1.813643276691436768e-01
1.839253455400466919e-01
1.864019632339477262e-01
1.890518218278884888e-01
1.934593468904495239e-01
1.964305341243743896e-01
1.992798000574111938e-01
2.034178525209426880e-01
2.065333127975463867e-01
2.093135267496109009e-01
2.121183425188064853e-01
2.154633253812789917e-01
2.183407694101333618e-01
2.208731472492218018e-01
2.274533510208130160e-01
2.308010905981064120e-01
2.337201237678528110e-01
2.382067143917084018e-01
2.410697340965270996e-01
2.439272850751877109e-01
2.463556230068207065e-01
2.494756877422333041e-01
2.520323991775513250e-01
2.547111809253693182e-01
2.569839358329772949e-01
2.591911554336547852e-01
2.612479925155640204e-01
2.653504014015197754e-01
2.674249112606049139e-01
2.693514227867126465e-01
2.731685340404510498e-01
2.750279903411865234e-01
2.768122851848602295e-01
2.782592773437500000e-01
2.798171043395996094e-01
2.815553247928619385e-01
2.829333841800689697e-01
2.830767929553985596e-01
2.840155661106109619e-01
2.850340604782104492e-01
2.850052118301392157e-01
2.857699990272521973e-01
2.865689694881439209e-01
2.906489074230194092e-01
2.911932766437530518e-01
2.916309237480164129e-01
2.923097610473632812e-01
2.922852635383605957e-01
2.927541732788085938e-01
2.930754721164703369e-01
2.944706082344055176e-01
2.956275641918182373e-01
2.963102459907531738e-01
2.947634458541870117e-01
2.952399253845214844e-01
2.954397499561310370e-01
2.979948222637176514e-01
2.983930110931396484e-01
2.988586723804473877e-01
2.992748618125915527e-01
2.985074520111083984e-01
2.988533377647399902e-01
2.992086410522460938e-01
2.998764216899871826e-01
3.002406060695648193e-01
3.005613088607788086e-01
3.036330938339232843e-01
3.040890097618103027e-01
3.045608401298522949e-01
3.050833642482757568e-01
3.039821088314056396e-01
3.043731153011322021e-01
3.047149479389191229e-01
3.023433387279510498e-01
3.024680316448212225e-01
3.026589751243591309e-01
3.012106120586395264e-01
3.012448251247406006e-01
3.012940287590026855e-01
3.012810945510864258e-01
2.982057631015777588e-01
2.980431616306304932e-01
2.979072928428649902e-01
2.985132634639739990e-01
2.985628843307495117e-01
2.984868884086608887e-01
2.978691458702087402e-01
2.977635264396667480e-01
2.976320385932922363e-01
2.966629862785339355e-01
2.965044677257537842e-01
2.963089644908905029e-01
2.960806488990784247e-01
2.948374450206757147e-01
2.947208583354949951e-01
2.946926355361938477e-01
2.965075969696044922e-01
2.966161370277404785e-01
2.968347072601318359e-01
2.973299324512481689e-01
2.976592183113098145e-01
2.978658080101013184e-01
2.980542182922363281e-01
2.983116805553436279e-01
2.985264062881469727e-01
2.989254593849182129e-01
3.021574616432189941e-01
3.027037084102630615e-01
3.032362759113311768e-01
3.042611777782439630e-01
3.048515915870666504e-01
3.054891228675842285e-01
3.059613704681396484e-01
3.065953254699707031e-01
3.072153627872467041e-01
3.078241646289824884e-01
3.120669424533843994e-01
3.128773868083953857e-01
3.135305047035216730e-01
3.123932182788848877e-01
3.130616843700408936e-01
3.135649561882019043e-01
3.120416998863220215e-01
3.123145401477813721e-01
3.126290440559387207e-01
3.130089342594146729e-01
3.141592442989348810e-01
3.141233026981353760e-01
3.146703243255615234e-01
3.147031366825103760e-01
3.150262534618377686e-01
3.152928650379180908e-01
3.135105073451995850e-01
3.136387765407562256e-01
3.135705292224884033e-01
3.133387267589569092e-01
3.108284175395965576e-01
3.106567263603210449e-01
3.103508949279785156e-01
3.127576708793640137e-01
3.125326931476593018e-01
3.121820390224456787e-01
3.088270723819733221e-01
3.083459734916687012e-01
3.076772093772888184e-01
3.069693744182587225e-01
3.099676370620727539e-01
3.095699250698089600e-01
3.091990649700164795e-01
3.120538890361785889e-01
3.119503259658812921e-01
3.119628429412841797e-01
3.129910528659821112e-01
3.130243122577667236e-01
3.131651878356933594e-01
3.132741749286652166e-01
3.161070644855499268e-01
3.165949583053588867e-01
3.169223070144652765e-01
3.180264234542847235e-01
3.184977173805236816e-01
3.188916146755218506e-01
3.188704252243041992e-01
3.192308545112609863e-01
3.195163309574127197e-01
3.205437958240509033e-01
3.208543658256530762e-01
3.210974037647247314e-01
3.213550150394440252e-01
3.227391541004180908e-01
3.229246735572814941e-01
3.229786753654479980e-01
3.239936828613281250e-01
3.240406811237335205e-01
3.240263164043426514e-01
3.230184614658356268e-01
3.229752480983734131e-01
3.229882717132568359e-01
3.229605257511138916e-01
3.212326765060424805e-01
3.211165964603424072e-01
3.209331333637236994e-01
3.258537650108336847e-01
3.258322179317474365e-01
3.259907960891724188e-01
3.250400424003601074e-01
3.250412046909332275e-01
3.251031041145325262e-01
3.251741230487823486e-01
3.275017440319060724e-01
3.276319205760955811e-01
3.277121782302856445e-01
3.305490612983704168e-01
3.306722939014434814e-01
3.308229446411132812e-01
3.305870890617370605e-01
3.306672275066375732e-01
3.306677937507628839e-01
3.300409913063048761e-01
3.298974931240081787e-01
3.297613263130187988e-01
3.295945525169373114e-01
3.294658958911895752e-01
3.291831612586975098e-01
3.289040625095367432e-01
3.287027180194854736e-01
3.283909857273101807e-01
3.280418217182159424e-01
3.284628391265869141e-01
3.280273973941802979e-01
3.275581896305084229e-01
3.271086513996124268e-01
3.309088647365570068e-01
3.306622207164764404e-01
3.304920196533203125e-01
3.272310793399810791e-01
3.268289864063262939e-01
3.264215886592864990e-01
3.256101310253143311e-01
3.252789676189422607e-01
3.246989548206328791e-01
3.239268958568572998e-01
3.235069215297698975e-01
3.231367766857147217e-01
3.227351009845733643e-01
3.226679563522338867e-01
3.222214579582214355e-01
3.218392431735992432e-01
3.198270797729492188e-01
3.193971216678619385e-01
3.190585076808928888e-01
3.195881843566894531e-01
3.192884027957916260e-01
3.191232383251189630e-01
3.188084959983825684e-01
3.190045952796936035e-01
3.187006115913391113e-01
3.186158537864685059e-01
3.182089626789093018e-01
3.180945813655853271e-01
3.178471624851226807e-01
3.200109004974365234e-01
3.199559748172760010e-01
3.197062313556671143e-01
3.195162117481232245e-01
3.199754059314727783e-01
3.197829127311706543e-01
3.198329210281372070e-01
3.173585832118988037e-01
3.170558512210845947e-01
3.168517053127288818e-01
3.159699440002440851e-01
3.156414330005645752e-01
3.153972625732421875e-01
3.143315315246582031e-01
3.140830695629119873e-01
3.136791884899139404e-01
3.134914636611938477e-01
3.133175671100616455e-01
3.129940629005432129e-01
3.127736151218414307e-01
3.129566609859466553e-01
3.126818835735321045e-01
3.124740421772003174e-01
3.141214549541472834e-01
3.139145374298096258e-01
3.137358427047728937e-01
3.133773803710936945e-01
3.132438063621520996e-01
3.130088150501251221e-01
3.129096329212189276e-01
3.125442266464232843e-01
3.125864267349243164e-01
3.121360242366790771e-01
3.114485740661621094e-01
3.113160133361816406e-01
3.110903799533843994e-01
3.108078241348266602e-01
3.114763200283050537e-01
3.114687800407409668e-01
3.113650679588317871e-01
3.101024925708770752e-01
3.099794387817382812e-01
3.097380101680756170e-01
3.127375245094299316e-01
3.127286732196807861e-01
3.129518032073974609e-01
3.128395080566406250e-01
3.175942003726959229e-01
3.180285692214965820e-01
3.185797929763793945e-01
3.150605559349060059e-01
3.151010572910308838e-01
3.151741921901702881e-01
3.138252794742584229e-01
3.137293756008148193e-01
3.136841058731079102e-01
3.111601173877716064e-01
3.107874095439910889e-01
3.104947805404663086e-01
3.101380169391632080e-01
3.060548007488250732e-01
3.055121302604675293e-01
3.048909306526184082e-01
3.041751980781555176e-01
3.035721778869628906e-01
3.027662932872772217e-01
3.019521236419677734e-01
3.013329207897186279e-01
3.006895184516906738e-01
3.002904057502746582e-01
2.984517812728881836e-01
2.977049946784973145e-01
2.971821129322052002e-01
2.981065809726715088e-01
2.977354526519775391e-01
2.971663773059844971e-01
2.989005744457244873e-01
2.986702024936676025e-01
2.985531687736511230e-01
2.983790636062622070e-01
2.978598475456237793e-01
2.976079285144805908e-01
2.978652417659759521e-01
2.972505390644072931e-01
2.972922623157501221e-01
2.973608672618865967e-01
3.000341951847076416e-01
3.003347218036652166e-01
3.007349073886871338e-01
3.020105361938477118e-01
3.023391962051392157e-01
3.027584850788116455e-01
3.030525743961334229e-01
3.028472959995269775e-01
3.034048974514008123e-01
3.035369813442230225e-01
3.042341172695159912e-01
3.046376109123229980e-01
3.049019277095795233e-01
3.057097196578979492e-01
3.060424327850341797e-01
3.062340319156646729e-01
3.063992857933044434e-01
3.077494502067565918e-01
3.080879151821136475e-01
3.082697987556456964e-01
3.069167733192443848e-01
3.069366216659545898e-01
3.070160746574401855e-01
3.040052056312561035e-01
3.038353323936462402e-01
3.037434220314025879e-01
3.039977848529816229e-01
3.039360940456390381e-01
3.037700355052947998e-01
3.035003840923308771e-01
3.008167445659636896e-01
3.004527091979980469e-01
3.001244664192200262e-01
2.984273433685302734e-01
2.979305982589721680e-01
2.975970804691315252e-01
2.981240451335906982e-01
2.978132367134094238e-01
2.976010441780090332e-01
2.972714304924011230e-01
2.983535230159759521e-01
2.981619834899902344e-01
2.978894710540771484e-01
2.956079542636871338e-01
2.953285574913024902e-01
2.950678467750548761e-01
2.933194637298583984e-01
2.931718826293944757e-01
2.928284704685211182e-01
2.928050756454467773e-01
2.943754494190216064e-01
2.943143546581268311e-01
2.944518029689788818e-01
2.946679592132568359e-01
2.946739792823791504e-01
2.949423491954803467e-01
2.916545867919921875e-01
2.915977537631988525e-01
2.914796769618988037e-01
2.914216816425323486e-01
2.901826202869415283e-01
2.901489734649658203e-01
2.900591790676116943e-01
2.900568246841431219e-01
2.900781929492950439e-01
2.900522351264953613e-01
2.887006700038909912e-01
2.886037528514862061e-01
2.885409593582152765e-01
2.917432487010955811e-01
2.919165194034576416e-01
2.920925915241240900e-01
2.925649583339691162e-01
2.908493280410766602e-01
2.911481857299805243e-01
2.911784052848815918e-01
2.917988598346710205e-01
2.919269204139708918e-01
2.921539843082427979e-01
2.911343872547149658e-01
2.913075089454650879e-01
2.913109362125396729e-01
2.914429605007172186e-01
2.943246066570281982e-01
2.946068942546844482e-01
2.949733734130859375e-01
2.944729030132293701e-01
2.948231995105743408e-01
2.951249480247497559e-01
2.969377338886260986e-01
2.973061800003051758e-01
2.975596785545349121e-01
2.979864180088043213e-01
2.990890443325042725e-01
2.995497584342956543e-01
2.998657524585723877e-01
2.970740795135498047e-01
2.972266077995300293e-01
2.971876859664916992e-01
2.985454499721527100e-01
2.986764013767242432e-01
2.989066243171691895e-01
2.989107966423035223e-01
2.989848852157592773e-01
2.991017699241638184e-01
2.989200353622436523e-01
2.962818145751953125e-01
2.960658073425292969e-01
2.958344221115112305e-01
2.975307404994965155e-01
2.974271476268768311e-01
2.975190281867980957e-01
2.962765991687775213e-01
2.963060736656188965e-01
2.962171733379364014e-01
2.961039245128632147e-01
2.991401255130767822e-01
2.992720007896423340e-01
2.994053959846497137e-01
2.983761131763458252e-01
2.984172403812408447e-01
2.984266877174376886e-01
2.971011102199554443e-01
2.971531748771667480e-01
2.970562875270843506e-01
2.969795167446136475e-01
3.005478382110596258e-01
3.007989227771759033e-01
3.009829521179199219e-01
2.997517883777618408e-01
2.997042238712310791e-01
2.996975779533386230e-01
3.015601336956024170e-01
3.016585707664489746e-01
3.017576634883881170e-01
3.011491298675537109e-01
3.012290596961975098e-01
3.012474179267883301e-01
3.013403117656707764e-01
3.027749061584473211e-01
3.028322160243988037e-01
3.029336929321289062e-01
3.016543388366699219e-01
3.015432953834533691e-01
3.015103042125701904e-01
3.032978177070617676e-01
3.034639954566956122e-01
3.034524023532867432e-01
3.034866750240325928e-01
3.016279041767120361e-01
3.014195859432220459e-01
3.013457059860228937e-01
2.986799180507659912e-01
2.982188165187836248e-01
2.979533076286315918e-01
2.972314059734344482e-01
2.968575656414031982e-01
2.964922487735748291e-01
2.961370646953582764e-01
2.960111796855926514e-01
2.956199049949645996e-01
2.952469587326049805e-01
2.944454550743103027e-01
2.942150831222534180e-01
2.939161956310272217e-01
2.935995757579803467e-01
2.933281958103179932e-01
2.928574383258820135e-01
2.935802042484283447e-01
2.934648394584655762e-01
2.931940257549285889e-01
2.931358218193054199e-01
2.947882413864135742e-01
2.949570715427399237e-01
2.947327494621276855e-01
2.965015172958374023e-01
2.968324422836304266e-01
2.970898449420928955e-01
2.976103127002716064e-01
2.977939248085021973e-01
2.980389595031738281e-01
2.984153628349304199e-01
2.985318303108215332e-01
2.986739873886108398e-01
2.991447448730468750e-01
3.001180589199066162e-01
3.003841936588287354e-01
3.002715706825256348e-01
3.014307916164398193e-01
3.016532063484191895e-01
3.018189072608947754e-01
3.020788133144379217e-01
3.042694032192230225e-01
3.047962784767150879e-01
3.051198720932006836e-01
3.025817275047302246e-01
3.026422262191772461e-01
3.028898239135742188e-01
3.028391599655151367e-01
3.028709590435028076e-01
3.030590713024139404e-01
3.028099238872528076e-01
3.028778433799744207e-01
3.028895854949951172e-01
3.027957975864410400e-01
3.038410544395446777e-01
3.037120997905731201e-01
3.036181330680847168e-01
3.011014759540557861e-01
3.008270561695098877e-01
3.005279898643493652e-01
2.994901239871978760e-01
2.989493012428284247e-01
2.987289130687713623e-01
2.982998788356781006e-01
2.961708009243011475e-01
2.956620156764984131e-01
2.951673865318298340e-01
2.978148162364960272e-01
2.975664138793944757e-01
2.973999083042144775e-01
2.974522709846497137e-01
2.972680330276489258e-01
2.971097528934478760e-01
2.969584167003632147e-01
2.956220209598541260e-01
2.954370379447937012e-01
2.953377366065979004e-01
2.944891452789306641e-01
2.942818105220795233e-01
2.941443026065826416e-01
2.946373522281646729e-01
2.946152687072753906e-01
2.945198118686676025e-01
2.925921380519866943e-01
2.925287485122681219e-01
2.922331690788269043e-01
2.920109629631042480e-01
2.960817515850067139e-01
2.962799668312072754e-01
2.962918579578400213e-01
2.960038483142852783e-01
2.962098419666290283e-01
2.963899374008179266e-01
2.963182330131530762e-01
2.964194118976593018e-01
2.966072857379912775e-01
2.971829175949097235e-01
2.962535023689270020e-01
2.964697182178496759e-01
2.968396246433258057e-01
2.981754541397094727e-01
2.984445691108704168e-01
2.988370656967163086e-01
2.960526049137115479e-01
2.961120605468750000e-01
2.963253557682036798e-01
2.942002117633820135e-01
2.941308915615081787e-01
2.939686775207519531e-01
2.937517464160919189e-01
2.941290140151976984e-01
2.940136194229125977e-01
2.938713431358336847e-01
2.935255467891693115e-01
2.934384346008300781e-01
2.933610379695892334e-01
2.916075885295867920e-01
2.914552092552185059e-01
2.912710011005401611e-01
2.912639081478118896e-01
2.874572873115540106e-01
2.869992852210998535e-01
2.867016494274139404e-01
2.872358858585357666e-01
2.870102822780609131e-01
2.866818904876708984e-01
2.873769402503967285e-01
2.870728373527526855e-01
2.869988381862640381e-01
2.867643237113953192e-01
2.864964902400970459e-01
2.865341901779174805e-01
2.864160835742950439e-01
2.866731286048889160e-01
2.867227792739868164e-01
2.867507934570312500e-01
2.866140902042388916e-01
2.866519987583160400e-01
2.867136597633361816e-01
2.892469763755798340e-01
2.896037399768828791e-01
2.898881137371063232e-01
2.902613878250122070e-01
2.905167937278748114e-01
2.908714711666107178e-01
2.911955416202545166e-01
2.877795696258544922e-01
2.880313396453856867e-01
2.882686853408812921e-01
2.882061600685120184e-01
2.883681356906890869e-01
2.885375320911407471e-01
2.885838747024536133e-01
2.897621095180511475e-01
2.901370227336883545e-01
2.903126776218414307e-01
2.917756736278533936e-01
2.923504412174224854e-01
2.929444313049316406e-01
2.931593954563140869e-01
2.937021553516387939e-01
2.943070232868194580e-01
2.947202026844025213e-01
2.945724725723266602e-01
2.949516475200653076e-01
2.954720258712769110e-01
2.959942519664764404e-01
2.962903678417205811e-01
2.966410517692565918e-01
2.956152558326721191e-01
2.958198487758636475e-01
2.959713339805603027e-01
2.942118048667908270e-01
2.941620647907257080e-01
2.938938140869141180e-01
2.938586473464965820e-01
2.949236929416656494e-01
2.945684194564819336e-01
2.946832478046417236e-01
2.931291759014129639e-01
2.930735945701599121e-01
2.929512262344360352e-01
2.928833067417144775e-01
2.927785217761992853e-01
2.925639748573303223e-01
2.926077246665954590e-01
2.918999493122100830e-01
2.917476594448089600e-01
2.917478084564208984e-01
2.913987040519714355e-01
2.913762927055358887e-01
2.912191152572631836e-01
2.897529304027556818e-01
2.895618379116058350e-01
2.893762290477753241e-01
2.893753051757812500e-01
2.908756136894226074e-01
2.908476591110228937e-01
2.908365428447723389e-01
2.915367782115936279e-01
2.915171682834625244e-01
2.915573418140411377e-01
2.924414277076721191e-01
2.925715744495391846e-01
2.926895022392272949e-01
2.925750911235808771e-01
2.927427589893341064e-01
2.929921150207519531e-01
2.931205630302429199e-01
2.933285832405090332e-01
2.935611605644226074e-01
2.937412858009338379e-01
2.928230166435241699e-01
2.930680811405181885e-01
2.930171489715576172e-01
2.933814823627471924e-01
2.936767935752869207e-01
2.938258945941925049e-01
2.939090728759765625e-01
2.918650507926940918e-01
2.919483184814453125e-01
2.919009029865264893e-01
2.933689057826995850e-01
2.936712205410004217e-01
2.937069535255432129e-01
2.956227958202362061e-01
2.955011725425720215e-01
2.960362434387207031e-01
2.962823212146759033e-01
2.983890175819396973e-01
2.987932562828063965e-01
2.990725934505462646e-01
2.997795045375823975e-01
3.001598417758941650e-01
3.005112707614899237e-01
3.009014129638671875e-01
3.012311160564422607e-01
3.015677630901337225e-01
3.013122975826263428e-01
3.017389774322510321e-01
3.019453585147857666e-01
3.022700548171997070e-01
3.034120798110961914e-01
3.035567700862884521e-01
3.038407564163208008e-01
3.015778362751007080e-01
3.017555475234984796e-01
3.018334209918975830e-01
3.015031814575195312e-01
3.013665378093719482e-01
3.012066781520843506e-01
3.008310198783874512e-01
2.996944189071655273e-01
2.992386221885681152e-01
2.988969385623931885e-01
3.017710149288176935e-01
3.016718924045562744e-01
3.014432191848754883e-01
2.990507185459136963e-01
2.986562252044677734e-01
2.981736660003662109e-01
2.977313697338104248e-01
2.971520125865936279e-01
2.967870831489562988e-01
2.964808046817779541e-01
2.975157201290130615e-01
2.974301576614379883e-01
2.971916794776916504e-01
2.976506352424621582e-01
2.976887822151184082e-01
2.975368797779083252e-01
2.974343895912170410e-01
2.953932583332061768e-01
2.954179346561431885e-01
2.952783405780792236e-01
2.967613935470581055e-01
2.969122827053070068e-01
2.968169152736663818e-01
2.961348295211791992e-01
2.962631583213806152e-01
2.961500287055969238e-01
2.951604723930358887e-01
2.951463162899016779e-01
2.951525151729583740e-01
2.951388657093048096e-01
2.941939830780028742e-01
2.940408289432525635e-01
2.938262820243835449e-01
2.932821214199066162e-01
2.928980886936187744e-01
2.927846908569335938e-01
2.939303815364837646e-01
2.938306033611297607e-01
2.937349677085876465e-01
2.933243513107299805e-01
2.938199639320372980e-01
2.937984466552734375e-01
2.936127781867980957e-01
2.944582402706146240e-01
2.945297062397003174e-01
2.944687604904174805e-01
2.945321500301361084e-01
2.944834828376770020e-01
2.944542169570922852e-01
2.939795255661010742e-01
2.939684391021728516e-01
2.939587235450745184e-01
2.939076721668243408e-01
2.953544259071350098e-01
2.952705323696136475e-01
2.954401671886444092e-01
2.973859608173370361e-01
2.975066602230072021e-01
2.974944710731506348e-01
2.967175543308258057e-01
2.967830896377563477e-01
2.968306541442871094e-01
2.968358695507049561e-01
2.978491187095642090e-01
2.980016469955444336e-01
2.977945506572723389e-01
2.970620691776276190e-01
2.971144914627075195e-01
2.972239851951599121e-01
2.996467947959899902e-01
2.998957633972167969e-01
3.001050949096680243e-01
3.002913892269134521e-01
3.000218868255615234e-01
3.001579344272612970e-01
3.004060387611389160e-01
3.018620908260344904e-01
3.022679686546325684e-01
3.026705086231232245e-01
3.007698059082031250e-01
3.008044362068176270e-01
3.007695078849792480e-01
3.007094562053680420e-01
3.014334440231323242e-01
3.014739751815795898e-01
3.014940619468688965e-01
2.997114360332489014e-01
2.993587851524353027e-01
2.991291284561157227e-01
2.986611425876616877e-01
2.981898784637451172e-01
2.977558374404907227e-01
2.955028414726256769e-01
2.949228584766387939e-01
2.944651544094085693e-01
2.938704192638397217e-01
2.934705317020416260e-01
2.929452657699584961e-01
2.924578785896301270e-01
2.903868556022644043e-01
2.898345887660980225e-01
2.892176508903503418e-01
2.912877798080444336e-01
2.908132970333099365e-01
2.906450927257537842e-01
2.903457283973693848e-01
2.901228666305541992e-01
2.899341583251953125e-01
2.897073924541472834e-01
2.920313775539398193e-01
2.921327650547028143e-01
2.920717298984528143e-01
2.917324006557465155e-01
2.917148172855377197e-01
2.915930151939392090e-01
2.899749875068665106e-01
2.896434068679809570e-01
2.895946204662322998e-01
2.895775437355040949e-01
2.899668514728546143e-01
2.900167703628540039e-01
2.900078296661376953e-01
2.901216149330139160e-01
2.901242673397064209e-01
2.900439500808715820e-01
2.907022833824157715e-01
2.907285094261168878e-01
2.907215654850006104e-01
2.907350659370422363e-01
2.921345829963684082e-01
2.921379804611206055e-01
2.922390401363372803e-01
2.932916283607482910e-01
2.933784425258636475e-01
2.935447096824645996e-01
2.931410968303680420e-01
2.931806445121765137e-01
2.933314740657806396e-01
2.934059798717498779e-01
2.937430739402770996e-01
2.940427362918853760e-01
2.942440509796142578e-01
2.946098148822784424e-01
2.947163581848144531e-01
2.948875129222869873e-01
2.966144084930419922e-01
2.968740761280060370e-01
2.971931695938110352e-01
2.977263629436492920e-01
2.978347837924957275e-01
2.981968224048614502e-01
2.985578775405883789e-01
2.984935641288756769e-01
2.985966503620148260e-01
2.987557649612426758e-01
3.011128604412078857e-01
3.012993335723876953e-01
3.014020025730133057e-01
3.027156889438629150e-01
3.029848337173461914e-01
3.031125664710998535e-01
3.031904697418212891e-01
3.031982481479644775e-01
3.033247590065002441e-01
3.032341599464416504e-01
3.024530708789824884e-01
3.025046586990356445e-01
3.021791875362396240e-01
3.012136816978454590e-01
3.010089099407196045e-01
3.005523681640625000e-01
3.001331090927124023e-01
2.987866699695587158e-01
2.982272803783416748e-01
2.978323996067047119e-01
3.006334602832794189e-01
3.002870678901672363e-01
2.999531626701354980e-01
2.984896600246428888e-01
2.981373369693756104e-01
2.978770732879639227e-01
2.992942035198212225e-01
2.991097271442412775e-01
2.988089919090270996e-01
2.985356748104095459e-01
2.957188487052916925e-01
2.953860759735107422e-01
2.950122356414794922e-01
2.949366569519042969e-01
2.946890592575073242e-01
2.942425906658173163e-01
2.950098216533660889e-01
2.947638630867004395e-01
2.946185767650604248e-01
2.945690155029296875e-01
2.948806583881378174e-01
2.949117124080657959e-01
2.948059737682342529e-01
2.951054871082305908e-01
2.950945198535919189e-01
2.951835095882415771e-01
2.960208952426910400e-01
2.961575686931610107e-01
2.964204847812653143e-01
2.965110838413238525e-01
2.964642941951752264e-01
2.967826724052429199e-01
2.969650030136108398e-01
2.978156507015228271e-01
2.981381416320800781e-01
2.982904613018035889e-01
2.980294823646544855e-01
2.981915771961212158e-01
2.982130050659180243e-01
2.988318800926208496e-01
2.989225685596466064e-01
2.989859879016876221e-01
2.991635203361511230e-01
3.008500039577484131e-01
3.010131418704986572e-01
3.012330532073974609e-01
2.988061308860778809e-01
2.986777722835540771e-01
2.985448837280272882e-01
2.978586852550506592e-01
2.977652251720428467e-01
2.975567281246184748e-01
2.974209487438201904e-01
2.974752187728881836e-01
2.972344756126403809e-01
2.968934476375579834e-01
2.948534786701202393e-01
2.944189012050629217e-01
2.941694259643555243e-01
2.942957580089569092e-01
2.939116656780242920e-01
2.937332689762115479e-01
2.935978174209594727e-01
2.942443490028380793e-01
2.941724061965942383e-01
2.942155599594116211e-01
2.950020432472229004e-01
2.949762642383575439e-01
2.950577437877655029e-01
2.945744097232818604e-01
2.945154905319213867e-01
2.945854067802429199e-01
2.944832146167755127e-01
2.929984629154204767e-01
2.927988469600676935e-01
2.928439676761627197e-01
2.921058237552642822e-01
2.919872403144836426e-01
2.920928001403809149e-01
2.914287149906158447e-01
2.912563085556030273e-01
2.911955118179320734e-01
2.930307686328887939e-01
2.928461730480194092e-01
2.930108904838562012e-01
2.931604385375977118e-01
2.928059697151184082e-01
2.927955985069274902e-01
2.929825782775878906e-01
2.932930290699005127e-01
2.935011982917785645e-01
2.938120365142822266e-01
2.936201989650726318e-01
2.936797738075256348e-01
2.936450839042664129e-01
2.935985326766967773e-01
2.916985154151916504e-01
2.916096150875092108e-01
2.914606332778931219e-01
2.899563908576964777e-01
2.897979617118835449e-01
2.895275950431823730e-01
2.903652191162108820e-01
2.901739478111267090e-01
2.899090945720673163e-01
2.897546291351318359e-01
2.896930873394012451e-01
2.894937992095947266e-01
2.895103096961975098e-01
2.895828187465667725e-01
2.895872294902800959e-01
2.896111011505126953e-01
2.896712422370910645e-01
2.897110581398010254e-01
2.896025776863098145e-01
2.916238605976104736e-01
2.916637957096099854e-01
2.917844951152800959e-01
2.918362319469451904e-01
2.914155721664429266e-01
2.913330495357512873e-01
2.913221716880798340e-01
2.927656769752502441e-01
2.928698360919952393e-01
2.930014729499816895e-01
2.948387861251831055e-01
2.949539721012115479e-01
2.952413856983184814e-01
2.955891788005828857e-01
2.931252121925354004e-01
2.933090031147003174e-01
2.932659387588500977e-01
2.932497859001160223e-01
2.933262288570404053e-01
2.931759357452393133e-01
2.930148839950560968e-01
2.929734289646149237e-01
2.927048802375792902e-01
2.944436967372894287e-01
2.944430112838745117e-01
2.944140136241912842e-01
2.942009866237640381e-01
2.948175370693206787e-01
2.947972714900970459e-01
2.950046062469482422e-01
2.957237362861632746e-01
2.957378923892974854e-01
2.957351505756378174e-01
2.968146204948424738e-01
2.970038354396820068e-01
2.970608770847321112e-01
2.973012328147888184e-01
2.973118424415588379e-01
2.974891364574432373e-01
2.976124882698059082e-01
3.001962006092071533e-01
3.003538250923156738e-01
3.004959225654602051e-01
3.011025190353393555e-01
3.013127148151397705e-01
3.013711571693420410e-01
3.014431595802307129e-01
2.998263239860535223e-01
2.998315095901489258e-01
2.997455000877380371e-01
3.021750450134276789e-01
3.021651506423950195e-01
3.021808862686157227e-01
2.990396022796630859e-01
2.988220155239105225e-01
2.986291050910949707e-01
2.984400093555450439e-01
2.983742058277130127e-01
2.982044816017150879e-01
2.979780733585357666e-01
2.991819083690643311e-01
2.990316748619080145e-01
2.988608777523040771e-01
2.984379827976226807e-01
2.984120249748229980e-01
2.982271015644072931e-01
2.979770898818969727e-01
2.979336678981781006e-01
2.977355420589447021e-01
2.976108193397521973e-01
2.980280518531799316e-01
2.979189455509185791e-01
2.979117035865784247e-01
2.982708513736724854e-01
2.981429398059844971e-01
2.981648147106171209e-01
3.023363947868347168e-01
3.026000559329986572e-01
3.029236793518066406e-01
3.030509650707244873e-01
3.007812798023223877e-01
3.008154928684234619e-01
3.007965683937072754e-01
3.015406131744384766e-01
3.017134964466094971e-01
3.017319142818450928e-01
3.005696833133696955e-01
3.005722463130950928e-01
3.004048466682434082e-01
3.003689944744110107e-01
2.984254360198974609e-01
2.981771826744080145e-01
2.980266809463500977e-01
2.976069152355194092e-01
2.975233197212219238e-01
2.972740232944488525e-01
2.959631979465485174e-01
2.956943511962890625e-01
2.953763008117675781e-01
2.946908473968505859e-01
2.944798767566680908e-01
2.941856682300568182e-01
2.938326597213745117e-01
2.919898331165313721e-01
2.915919423103332520e-01
2.911584675312042236e-01
2.908205091953277588e-01
2.905707657337189276e-01
2.902110815048217773e-01
2.906278073787689209e-01
2.904487848281860352e-01
2.901848256587982178e-01
2.899825870990753174e-01
2.901892066001892090e-01
2.898132801055908203e-01
2.897853851318359375e-01
2.903535366058349609e-01
2.903345525264739990e-01
2.902386188507080078e-01
2.893278002738953192e-01
2.893545329570769709e-01
2.892876565456390381e-01
2.891212701797484796e-01
2.896329462528228760e-01
2.895869314670562744e-01
2.894851565361022949e-01
2.881816029548645020e-01
2.880404591560363770e-01
2.880510389804840088e-01
2.890853285789489746e-01
2.890484929084777832e-01
2.889973819255828857e-01
2.886610031127929688e-01
2.884898781776428223e-01
2.884828746318817139e-01
2.884761989116669256e-01
2.878566384315490723e-01
2.880153357982635498e-01
2.881346046924591064e-01
2.901480197906494141e-01
2.905055880546569824e-01
2.908001542091369629e-01
2.906942069530487061e-01
2.910461425781250000e-01
2.912852466106414795e-01
2.915797233581542969e-01
2.899641096591948908e-01
2.898837625980377197e-01
2.899284660816193182e-01
2.902480065822600763e-01
2.903942763805388849e-01
2.907774746417999268e-01
2.913575768470764160e-01
2.915742099285125732e-01
2.919095158576964777e-01
2.922297418117523193e-01
2.924813330173492432e-01
2.928906381130218506e-01
2.931419312953948975e-01
2.942866981029510498e-01
2.945376932621002197e-01
2.948986887931823730e-01
2.939477860927581787e-01
2.940762042999268133e-01
2.941356003284454346e-01
2.913141250610352118e-01
2.912334203720092773e-01
2.909717261791229248e-01
2.909257411956787109e-01
2.936297059059143066e-01
2.937152385711669922e-01
2.939586043357849121e-01
2.943747639656066895e-01
2.944992780685424805e-01
2.946241497993469238e-01
2.942767143249512274e-01
2.943157255649567206e-01
2.943778932094573975e-01
2.944517731666564941e-01
2.903134524822235107e-01
2.900636196136474609e-01
2.898097634315490723e-01
2.901834249496459961e-01
2.899609208106994629e-01
2.896822690963745117e-01
2.893951237201691229e-01
2.891739904880524237e-01
2.887970209121704102e-01
2.887924909591674805e-01
2.887112200260162354e-01
2.884954214096068781e-01
2.885338664054870605e-01
2.885200679302216131e-01
2.884360551834106445e-01
2.883437573909759521e-01
2.913811504840850830e-01
2.915345430374144953e-01
2.918508350849152166e-01
2.876930832862854004e-01
2.876286506652832031e-01
2.875800132751464844e-01
2.874718010425568182e-01
2.863132953643798828e-01
2.861870527267456055e-01
2.860936820507049561e-01
2.868189811706542969e-01
2.867582142353057861e-01
2.866694033145904541e-01
2.840224802494049072e-01
2.838321030139923096e-01
2.837033271789550781e-01
2.834592461585998535e-01
2.838259041309357245e-01
2.835458815097808838e-01
2.835920155048370361e-01
2.829703092575073242e-01
2.826763689517974854e-01
2.827062606811523438e-01
2.837075889110565186e-01
2.837040126323699951e-01
2.837304174900054932e-01
2.837905287742614746e-01
2.853164076805114746e-01
2.854879796504974365e-01
2.856198847293853760e-01
2.855670154094696045e-01
2.858783006668090820e-01
2.860047519207000732e-01
2.865514457225800116e-01
2.869555354118347168e-01
2.872767746448516846e-01
2.882639765739440918e-01
2.887308299541472834e-01
2.891404628753662109e-01
2.897279262542725164e-01
2.898697555065155029e-01
2.904223501682280939e-01
2.908135056495666504e-01
2.910230755805969238e-01
2.913427650928496759e-01
2.916042804718017578e-01
2.898584008216857910e-01
2.899555563926696777e-01
2.900567352771759033e-01
2.904098927974700928e-01
2.893836796283721924e-01
2.892648577690124512e-01
2.891535460948944092e-01
2.891891896724700928e-01
2.888354063034057617e-01
2.886852622032164972e-01
2.873084545135498047e-01
2.870806455612182617e-01
2.867550253868103027e-01
2.891564965248107910e-01
2.890385091304779053e-01
2.890473604202270508e-01
2.889661490917205811e-01
2.888310849666595459e-01
2.889567613601685125e-01
2.889950275421142578e-01
2.908276617527008057e-01
2.910993099212646484e-01
2.911458611488342285e-01
2.928549945354461670e-01
2.931456565856933594e-01
2.934116721153259277e-01
2.935952246189116877e-01
2.951458990573883057e-01
2.955510914325714111e-01
2.959665358066558838e-01
2.963857054710388184e-01
2.967004179954528809e-01
2.971450090408325195e-01
2.995190620422363281e-01
2.999235987663269043e-01
3.003676235675811768e-01
3.008659183979034424e-01
3.024389743804932196e-01
3.028789758682250977e-01
3.033879697322844904e-01
3.036482930183410645e-01
3.038794398307800293e-01
3.042989969253540039e-01
3.018986880779266357e-01
3.018812239170074463e-01
3.020267784595488947e-01
3.020232319831848145e-01
3.020738959312438965e-01
3.020472228527069092e-01
3.020887672901153564e-01
3.006732761859893799e-01
3.005318939685820978e-01
3.003633022308349609e-01
2.987382411956787109e-01
2.983650565147399902e-01
2.981801033020019531e-01
2.979952692985535223e-01
2.978329956531525213e-01
2.976051867008209229e-01
2.974769473075867254e-01
2.975128889083862305e-01
2.974742352962493896e-01
2.975108921527862549e-01
2.975581288337707520e-01
2.975506186485290527e-01
2.975730597972869873e-01
2.967523634433746338e-01
2.966608107089996338e-01
2.965847253799438477e-01
2.966871261596680243e-01
2.956706583499908447e-01
2.954442203044891357e-01
2.954920828342437744e-01
2.945257425308227539e-01
2.942158579826354980e-01
2.939213812351226807e-01
2.901176512241363525e-01
2.895704507827758789e-01
2.893005609512329102e-01
2.889831662178040106e-01
2.881967127323150635e-01
2.877453565597534180e-01
2.875456809997558594e-01
2.873116731643676758e-01
2.871769070625305176e-01
2.870516479015350342e-01
2.869726121425629217e-01
2.869583666324615479e-01
2.867910265922546387e-01
2.864578366279602051e-01
2.864333689212799072e-01
2.863632142543792725e-01
2.864342331886291504e-01
2.874765694141387939e-01
2.874978184700012207e-01
2.875961959362030029e-01
2.871014773845673163e-01
2.871622443199157715e-01
2.873229682445526123e-01
2.835556864738464355e-01
2.834447622299194336e-01
2.834791541099548340e-01
2.832855582237244207e-01
2.849904596805572510e-01
2.850683331489562988e-01
2.851401269435882568e-01
2.855830192565917969e-01
2.858637273311614990e-01
2.861065268516540527e-01
2.879074215888977051e-01
2.883375287055969238e-01
2.887642979621887207e-01
2.891357839107512873e-01
2.920312881469726562e-01
2.926715314388275146e-01
2.934546470642089844e-01
2.944628894329071045e-01
2.949646711349487305e-01
2.957970201969146729e-01
2.989476025104523260e-01
2.996993660926818848e-01
3.004389703273773193e-01
3.005443215370178223e-01
3.011594712734222412e-01
3.017307221889495850e-01
3.023057579994201660e-01
3.012683093547821045e-01
3.015565872192382812e-01
3.018147647380828857e-01
3.034504055976868231e-01
3.037187755107880194e-01
3.038145005702972412e-01
3.030554056167602539e-01
3.031566441059112549e-01
3.032808601856232245e-01
3.032080233097076416e-01
3.024981617927551270e-01
3.025574386119842529e-01
3.023944497108459473e-01
3.008925616741180420e-01
3.006051182746887207e-01
3.002805113792419434e-01
3.003292381763458252e-01
2.999874055385589600e-01
2.997537255287170410e-01
2.993113696575164795e-01
2.982507944107056219e-01
2.979493439197540283e-01
2.974450588226318359e-01
2.971775829792023260e-01
2.968690097332000732e-01
2.965333163738250732e-01
2.975529432296752930e-01
2.973914742469788153e-01
2.972076535224914551e-01
2.970778942108154297e-01
2.970401644706726074e-01
2.968576252460480291e-01
2.968260347843170166e-01
2.968961894512176514e-01
2.967748045921325684e-01
2.969296574592590332e-01
2.974139451980590820e-01
2.975065410137176514e-01
2.976237237453461248e-01
2.978432178497314453e-01
2.981481254100800116e-01
2.983188629150390625e-01
2.984969317913055420e-01
2.978959977626800537e-01
2.981542348861694336e-01
2.982715070247650146e-01
2.975960075855255127e-01
2.978178858757019043e-01
2.979612052440643311e-01
2.964056134223937988e-01
2.964800000190734863e-01
2.965559065341948908e-01
2.977177500724792480e-01
2.977619767189025879e-01
2.978321313858032227e-01
2.981445789337158203e-01
2.971098423004150391e-01
2.973251044750213623e-01
2.976082861423492432e-01
2.960854172706604004e-01
2.961455881595612127e-01
2.960543334484100342e-01
2.958423793315887451e-01
2.958846688270568848e-01
2.959738373756409247e-01
2.959566712379456122e-01
2.950517833232880194e-01
2.950354516506195068e-01
2.948078215122222900e-01
2.936213314533233643e-01
2.934401631355285645e-01
2.936010658740996759e-01
2.926768362522125244e-01
2.926184833049774170e-01
2.924681603908538818e-01
2.924689948558807373e-01
2.918097078800200861e-01
2.919031083583831787e-01
2.918913960456848145e-01
2.912685275077819824e-01
2.911867797374724787e-01
2.911655902862548828e-01
2.903220951557159424e-01
2.902465164661407471e-01
2.902894318103790283e-01
2.902403175830841064e-01
2.909071743488311768e-01
2.910496592521667480e-01
2.909694015979766846e-01
2.910467088222504217e-01
2.908887565135955811e-01
2.910575568675994873e-01
2.908701598644257147e-01
2.909464836120604914e-01
2.910410165786743164e-01
2.914493680000305176e-01
2.914846837520599365e-01
2.915507555007934570e-01
2.917346358299255371e-01
2.903942167758941650e-01
2.904408574104309082e-01
2.903533577919006348e-01
2.920638322830200195e-01
2.920976281166077215e-01
2.923184931278228760e-01
2.921784222126007080e-01
2.922929227352142334e-01
2.923236191272736151e-01
2.923309206962584894e-01
2.938056588172913153e-01
2.937363088130950928e-01
2.940833568572998047e-01
2.948485016822814941e-01
2.950093746185302734e-01
2.952249348163604736e-01
2.956987023353577215e-01
2.957976162433624268e-01
2.961646318435668945e-01
2.969482243061065674e-01
2.970152795314788818e-01
2.971624433994293213e-01
2.972579300403594971e-01
2.955980002880096436e-01
2.957798540592193604e-01
2.957722842693328857e-01
2.959876954555511475e-01
2.960461378097534180e-01
2.960436940193176270e-01
2.970756590366363525e-01
2.973475754261016846e-01
2.973819077014923096e-01
2.975597679615020752e-01
3.012388646602630615e-01
3.014640510082244873e-01
3.018307089805603027e-01
3.028367757797241211e-01
3.031911253929138184e-01
3.035358488559722900e-01
3.040055632591248114e-01
3.042400777339935303e-01
3.044849932193756104e-01
3.047658801078796387e-01
3.045346438884735107e-01
3.045881688594818115e-01
3.046219348907471258e-01
3.040645718574523926e-01
3.040313422679901123e-01
3.039674162864685059e-01
3.056822419166564941e-01
3.056897819042205811e-01
3.056083023548126221e-01
3.054978251457214355e-01
3.079146146774291992e-01
3.077527582645416260e-01
3.079170286655426025e-01
3.056704103946685791e-01
3.055073916912078857e-01
3.052317798137664795e-01
3.061896264553070068e-01
3.061373531818389893e-01
3.061045110225676935e-01
3.076674044132233221e-01
3.076738715171813965e-01
3.078942894935607910e-01
3.081365525722504217e-01
3.071339726448059082e-01
3.072561323642731268e-01
3.072779774665832520e-01
3.086698055267333984e-01
3.087736964225769043e-01
3.090088069438934326e-01
3.081680834293364923e-01
3.085227012634276789e-01
3.086837828159332275e-01
3.087479472160339355e-01
3.078962564468383789e-01
3.077735602855682373e-01
3.077309131622314453e-01
3.059396445751189630e-01
3.056331872940063477e-01
3.054788410663604736e-01
3.048772811889648438e-01
3.046607971191406250e-01
3.043056130409240723e-01
3.040953874588013250e-01
3.045327365398406982e-01
3.042868673801422119e-01
3.040586113929748535e-01
3.011044561862945557e-01
3.008629977703094482e-01
3.004401326179504395e-01
2.994768321514129639e-01
2.990395724773406982e-01
2.986440062522888184e-01
2.947565615177154541e-01
2.942755222320557196e-01
2.936855554580688477e-01
2.933082282543182373e-01
2.923111617565155029e-01
2.916935384273529053e-01
2.913364171981811523e-01
2.912359833717346191e-01
2.906286120414733887e-01
2.903238832950592041e-01
2.908559143543243408e-01
2.906504869461060125e-01
2.903401255607604980e-01
2.899984419345856268e-01
2.888314425945281982e-01
2.887548506259918213e-01
2.885031104087829590e-01
2.889222502708435059e-01
2.888583242893218994e-01
2.886794209480285645e-01
2.908776700496673584e-01
2.910213470458984375e-01
2.911511659622192383e-01
2.918573617935181219e-01
2.921045124530792236e-01
2.922171950340270996e-01
2.925938367843627930e-01
2.921704947948455811e-01
2.924804091453552246e-01
2.926047146320343018e-01
2.921147346496582031e-01
2.921564280986785889e-01
2.923331856727600098e-01
2.908688187599182129e-01
2.909504771232604980e-01
2.909234166145325262e-01
2.908448576927185059e-01
2.895678877830504816e-01
2.896198034286499023e-01
2.896674871444702148e-01
2.929998934268951416e-01
2.932482659816741943e-01
2.936237752437592108e-01
2.946453690528869629e-01
2.950317263603210449e-01
2.952065169811248779e-01
2.956372797489166260e-01
2.967292368412017822e-01
2.970783114433289129e-01
2.974105179309844971e-01
2.975708544254302979e-01
2.979960441589355469e-01
2.985053658485413153e-01
2.971507012844085693e-01
2.973189949989318848e-01
2.975785434246063232e-01
2.974964380264282227e-01
2.975291609764099121e-01
2.977650165557860773e-01
2.978838384151458740e-01
2.984324991703032892e-01
2.985884547233580988e-01
2.987200021743774414e-01
2.983359098434448242e-01
2.983792722225189209e-01
2.985716760158538818e-01
2.991103529930114746e-01
2.992924451828002930e-01
2.991372048854827881e-01
2.993252873420715332e-01
2.991287112236022949e-01
2.991862297058104914e-01
2.990824282169342041e-01
2.996394038200378418e-01
2.994938194751739502e-01
2.992920279502869207e-01
2.995103001594543457e-01
2.995702028274536133e-01
2.996007204055786133e-01
2.995399832725524902e-01
3.001031279563903809e-01
3.000159263610839844e-01
2.999813854694366455e-01
2.995131015777587891e-01
2.995942533016204834e-01
2.995131611824036200e-01
3.021364510059357245e-01
3.022612631320952814e-01
3.025342822074890137e-01
3.026343882083892822e-01
3.014574348926544189e-01
3.015722036361694336e-01
3.017900288105010986e-01
3.001931607723236084e-01
3.002740144729614258e-01
3.004123270511627197e-01
3.008941411972045898e-01
3.009906113147736151e-01
3.010575175285339355e-01
3.007125556468964178e-01
3.007110357284545898e-01
3.008262515068054199e-01
3.008181452751160223e-01
3.015894889831542969e-01
3.017866015434265137e-01
3.018214106559752863e-01
3.020783960819244385e-01
3.022513687610626221e-01
3.024085462093353271e-01
3.000218570232391357e-01
3.000104427337646484e-01
3.000252544879912775e-01
3.000773787498474121e-01
2.990654706954956055e-01
2.991065084934234619e-01
2.991814017295836847e-01
2.997956275939940851e-01
2.997808456420898438e-01
2.999654412269592285e-01
2.979763746261597235e-01
2.979381084442139227e-01
2.980092763900756836e-01
2.979082763195037842e-01
2.978528439998627264e-01
2.975585758686065674e-01
2.972151339054108221e-01
2.970301806926727295e-01
2.967503368854523260e-01
2.965810000896453857e-01
2.953616380691528320e-01
2.950929403305053711e-01
2.949243485927581787e-01
2.957043051719664972e-01
2.955101132392883301e-01
2.955015599727630615e-01
2.954158186912537176e-01
2.946379780769348145e-01
2.947487831115723211e-01
2.949207425117493231e-01
2.984425425529479980e-01
2.987263500690460205e-01
2.990558445453643799e-01
2.965660095214843750e-01
2.967877388000488281e-01
2.970000505447388250e-01
2.969850003719329834e-01
2.967723608016967773e-01
2.969038784503936768e-01
2.971227765083312988e-01
2.961983680725097656e-01
2.962509393692017157e-01
2.963137328624724787e-01
2.935440540313721258e-01
2.935020029544830322e-01
2.934717535972595215e-01
2.923045754432678223e-01
2.922017872333526611e-01
2.922032773494720459e-01
2.922590374946594238e-01
2.946998775005341131e-01
2.949168682098389227e-01
2.951955795288085938e-01
2.950656414031982422e-01
2.952648699283599854e-01
2.955308258533477783e-01
2.942949533462524414e-01
2.946045696735382080e-01
2.947210967540740967e-01
2.951394319534301758e-01
2.940141558647155762e-01
2.940409183502197266e-01
2.940492928028107245e-01
2.937700748443603516e-01
2.938115596771239679e-01
2.940158247947692871e-01
2.949027419090270996e-01
2.950940728187561035e-01
2.953788638114929199e-01
2.954498231410980225e-01
2.976671457290648859e-01
2.980654537677764893e-01
2.983793318271636963e-01
2.973437011241912842e-01
2.976079285144805908e-01
2.976029515266418457e-01
2.959680557250977118e-01
2.959823608398436945e-01
2.960114479064940851e-01
2.961371243000030518e-01
2.941243052482604980e-01
2.940565049648284912e-01
2.940201759338378906e-01
2.940053343772888184e-01
2.939402163028717041e-01
2.939635813236237127e-01
2.941295802593231201e-01
2.941996157169342041e-01
2.943392693996428888e-01
2.956477701663970947e-01
2.958781421184539795e-01
2.961230576038361151e-01
2.962500154972076416e-01
2.952619194984436035e-01
2.954440116882324219e-01
2.954175174236297607e-01
2.923488616943359375e-01
2.922458648681641180e-01
2.920626401901245117e-01
2.925972938537597656e-01
2.924974858760833740e-01
2.922276258468627930e-01
2.922123372554779053e-01
2.943781316280364990e-01
2.944390475749968927e-01
2.947655320167540949e-01
2.945601642131804865e-01
2.945978343486785889e-01
2.946488261222839355e-01
2.952107787132263184e-01
2.952019572257996161e-01
2.953923344612121582e-01
2.949245870113372803e-01
2.950839102268218994e-01
2.952311038970947266e-01
2.953751683235168457e-01
2.959738075733184814e-01
2.962192893028259277e-01
2.964341342449188232e-01
2.957684099674224854e-01
2.958443760871887207e-01
2.959273755550384521e-01
2.956570684909821112e-01
2.958931326866149902e-01
2.959387004375457764e-01
2.960346043109893799e-01
2.961017191410065252e-01
2.961079478263854980e-01
2.961855530738830566e-01
2.950399219989777166e-01
2.951824367046356201e-01
2.951947450637816828e-01
2.971221804618835449e-01
2.971889972686768133e-01
2.973507642745972235e-01
2.973251044750213623e-01
2.979659438133239746e-01
2.980404198169708252e-01
2.980587184429169256e-01
2.988435328006744385e-01
2.988681495189666748e-01
2.987219691276550293e-01
3.008167445659636896e-01
3.008435070514678955e-01
3.008091449737548828e-01
3.008340299129486084e-01
2.983562946319580078e-01
2.983324229717254639e-01
2.981654703617095947e-01
2.969314157962799072e-01
2.966376245021820068e-01
2.965787351131439209e-01
2.972440123558044434e-01
2.971692383289337158e-01
2.970277667045593262e-01
2.982413172721862793e-01
2.980760931968688965e-01
2.980790436267852783e-01
2.978395223617553711e-01
2.960899472236632746e-01
2.958388030529022217e-01
2.956663072109222412e-01
2.980288863182067871e-01
2.979614138603210449e-01
2.979543507099152166e-01
2.978855371475219727e-01
2.978658676147460938e-01
2.978295683860778809e-01
2.978886365890502930e-01
2.968875467777252197e-01
2.969650626182556152e-01
2.970229089260100763e-01
2.984010279178619385e-01
2.985506951808928888e-01
2.987447082996368408e-01
3.013947606086730957e-01
3.016172349452972412e-01
3.019915819168090820e-01
3.022114038467407227e-01
3.020650148391724188e-01
3.023166060447692871e-01
3.026064932346343994e-01
3.046553432941436768e-01
3.049527406692504883e-01
3.052569627761840820e-01
3.036417365074157715e-01
3.037734031677246094e-01
3.038952350616455078e-01
3.034025728702545166e-01
3.033212423324584961e-01
3.033294379711151123e-01
3.031912147998810370e-01
3.016918599605560303e-01
3.015493452548981268e-01
3.015916645526885986e-01
3.029151856899260919e-01
3.029135167598724365e-01
3.028897047042847235e-01
3.031511008739471436e-01
3.030882179737091064e-01
3.029620051383972168e-01
3.028326630592346191e-01
3.008999824523925781e-01
3.005035221576691229e-01
3.002019226551055908e-01
2.998950183391571045e-01
2.995286285877227783e-01
2.993252575397491455e-01
2.981442809104919434e-01
2.977688610553740900e-01
2.975551784038544256e-01
2.995982170104980469e-01
2.995676696300506592e-01
2.995462417602539062e-01
2.994546294212340753e-01
2.980717420578002930e-01
2.980888485908508301e-01
2.980137169361114502e-01
2.981048524379730225e-01
2.979839444160460871e-01
2.980813086032867432e-01
2.969999015331268311e-01
2.969772815704345703e-01
2.969627678394317627e-01
2.971366047859191895e-01
2.962639331817626953e-01
2.963869869709014893e-01
2.963804602622985840e-01
2.977206707000732422e-01
2.977289557456970215e-01
2.980236709117888849e-01
2.989017963409423828e-01
2.990415096282958984e-01
2.993185222148895264e-01
2.995382249355316162e-01
3.004679381847381592e-01
3.003883361816406250e-01
3.008409738540648859e-01
3.023607730865478516e-01
3.027015030384064276e-01
3.030515909194946289e-01
3.015280961990356445e-01
3.020070791244506836e-01
3.020797073841094971e-01
3.001388609409332275e-01
2.999532222747802734e-01
2.996293008327484131e-01
2.993737459182739258e-01
2.994291484355926514e-01
2.992320060729980469e-01
2.990619838237762451e-01
3.016425669193267822e-01
3.015524744987487793e-01
3.016397655010223389e-01
3.004197180271149237e-01
3.003782927989960272e-01
3.003275692462921143e-01
3.002763688564300537e-01
3.027105927467346191e-01
3.029583096504211426e-01
3.030324280261992853e-01
3.027979731559752863e-01
3.028936982154846191e-01
3.030157983303070068e-01
2.988495230674744207e-01
2.987821996212005615e-01
2.985819578170776367e-01
2.983992099761962891e-01
2.998724877834320068e-01
2.999963760375977118e-01
2.999116778373718262e-01
3.009364902973175049e-01
3.009732663631439209e-01
3.011244535446166992e-01
3.000622093677520752e-01
2.999692559242248535e-01
2.998497486114501953e-01
2.996333837509155273e-01
2.970910966396331787e-01
2.966454327106475830e-01
2.963444292545318604e-01
2.967337071895599365e-01
2.962259650230408270e-01
2.960926592350006104e-01
2.956025898456572931e-01
2.950870394706726074e-01
2.950559556484222412e-01
2.954442203044891357e-01
2.951136231422424316e-01
2.948282361030578613e-01
2.948377132415771484e-01
2.929413318634033203e-01
2.929225862026214600e-01
2.927580177783966064e-01
2.937841117382049561e-01
2.937032878398895264e-01
2.938491106033325195e-01
2.941433191299438477e-01
2.943447828292847235e-01
2.945055365562438965e-01
2.948664128780364990e-01
2.957827150821685791e-01
2.962082922458649237e-01
2.965856492519379217e-01
2.966815829277038574e-01
2.969035506248474121e-01
2.973929345607757568e-01
2.998786866664886475e-01
3.005279004573822021e-01
3.009871840476989746e-01
2.991526126861572266e-01
2.995359599590300959e-01
3.000069260597229004e-01
3.002343773841857910e-01
3.007900118827819824e-01
3.012249469757080078e-01
3.015037477016448975e-01
3.022981286048889160e-01
3.026237487792968750e-01
3.028589189052581787e-01
3.004507124423981268e-01
3.005040585994720459e-01
3.005268871784210205e-01
3.005306124687194824e-01
2.999865412712097168e-01
2.997872531414031982e-01
2.997834682464600164e-01
3.012681305408477783e-01
3.011947572231292725e-01
3.012730181217193604e-01
3.015043437480926514e-01
3.012924194335936945e-01
3.013143241405487061e-01
3.011663258075714111e-01
2.998905181884765625e-01
2.997902929782867432e-01
2.994856834411621094e-01
2.986296713352203369e-01
2.983013391494750977e-01
2.979997396469116211e-01
2.958927154541016180e-01
2.954906225204467773e-01
2.948659360408782959e-01
2.952372729778289795e-01
2.947033643722534180e-01
2.944087088108062744e-01
2.940638959407806396e-01
2.957621812820434570e-01
2.954939603805541992e-01
2.952982485294342041e-01
2.955938279628753662e-01
2.955382764339447021e-01
2.954056859016418457e-01
2.944300472736358643e-01
2.943343222141265869e-01
2.943873703479766846e-01
2.943712174892424982e-01
2.945140302181243896e-01
2.944808304309844971e-01
2.945266067981719971e-01
2.960503995418549139e-01
2.960946857929230291e-01
2.962194681167602539e-01
2.990736961364746094e-01
2.993230819702148438e-01
2.997887134552001953e-01
3.002012968063354492e-01
2.990659475326538086e-01
2.992394566535949707e-01
2.992611229419708252e-01
2.996891140937805176e-01
2.995418906211853027e-01
2.998148500919342041e-01
3.003004789352416992e-01
3.003672957420349121e-01
3.003240227699279785e-01
3.003896176815032959e-01
2.988515794277191162e-01
2.988474965095520020e-01
2.985806763172149658e-01
2.965784966945648193e-01
2.962951660156250000e-01
2.960294187068939209e-01
2.990969419479370117e-01
2.989647686481475830e-01
2.987379431724548340e-01
3.003709912300109863e-01
3.004767894744873047e-01
3.004610836505889893e-01
3.006015419960021973e-01
3.028330206871033270e-01
3.030210435390472412e-01
3.031800985336304266e-01
3.045221567153931219e-01
3.047339618206024170e-01
3.048124909400939941e-01
3.059071004390717108e-01
3.061502277851104736e-01
3.062633574008941650e-01
3.063645958900452215e-01
3.062265217304230291e-01
3.064877092838287354e-01
3.066214919090270996e-01
3.079120814800262451e-01
3.081134557723999023e-01
3.083964884281158447e-01
3.071681559085845947e-01
3.072775006294250488e-01
3.073118031024932861e-01
3.075438439846038818e-01
3.089390695095062256e-01
3.091947436332702637e-01
3.093481361865996759e-01
3.081609010696411133e-01
3.082707226276397705e-01
3.082873821258544922e-01
3.078862726688385010e-01
3.078306615352630615e-01
3.078866004943848211e-01
3.075952231884003241e-01
3.074907660484313965e-01
3.072953224182128906e-01
3.072436451911926270e-01
3.056241571903228760e-01
3.053385615348815918e-01
3.050295114517211914e-01
3.038115501403809149e-01
3.034048378467560370e-01
3.029181957244873047e-01
3.037763535976409912e-01
3.035570681095123291e-01
3.032822012901306152e-01
3.031166195869445801e-01
3.031978309154510498e-01
3.028771877288818359e-01
3.027698397636413574e-01
3.019425570964813232e-01
3.017111420631409247e-01
3.013250827789306641e-01
3.009552657604216974e-01
3.007351756095886230e-01
3.003233969211578369e-01
3.003467917442321777e-01
3.021135032176971436e-01
3.020172715187072754e-01
3.020450174808502197e-01
3.002379238605499268e-01
3.000785708427429199e-01
2.998500764369965155e-01
2.988657355308533270e-01
2.986248731613159180e-01
2.986300587654113770e-01
2.963891923427581787e-01
2.961732745170593262e-01
2.960047125816345215e-01
2.958138287067412775e-01
2.957769334316253662e-01
2.957127392292023260e-01
2.955977022647857666e-01
2.998526692390441895e-01
3.000907599925994873e-01
3.002861738204956055e-01
2.983454763889312744e-01
2.985588014125823975e-01
2.986865639686584473e-01
2.988797128200531006e-01
3.014514744281768799e-01
3.015290498733520508e-01
3.018407523632049561e-01
3.038924336433410645e-01
3.043515980243682861e-01
3.048466145992279053e-01
3.077847957611083984e-01
3.082638680934906006e-01
3.089008033275604248e-01
3.065777719020843506e-01
3.068303465843201239e-01
3.070026636123657227e-01
3.072021305561065674e-01
3.051631748676300049e-01
3.051793277263640802e-01
3.050731122493743896e-01
3.043779134750366211e-01
3.042721152305603027e-01
3.041306734085083008e-01
3.033514022827148438e-01
3.030857145786284845e-01
3.026784956455231268e-01
3.025166690349578857e-01
3.027198910713195801e-01
3.025063574314116877e-01
3.022291362285614014e-01
3.030292987823486328e-01
3.029798865318298340e-01
3.029254376888275146e-01
3.021955490112305243e-01
3.020958304405212402e-01
3.020353019237518311e-01
3.019673526287078857e-01
3.021244406700134277e-01
3.021143376827239990e-01
3.021483123302460272e-01
3.036040961742401123e-01
3.036503493785858154e-01
3.038035631179809570e-01
3.026939034461975098e-01
3.026108443737030029e-01
3.028902113437653143e-01
3.030456006526947021e-01
3.008652329444885254e-01
3.009218573570251465e-01
3.008649647235870361e-01
2.984171509742736816e-01
2.982970476150513250e-01
2.981982529163361151e-01
2.994080483913421631e-01
2.994877099990844727e-01
2.995348870754241943e-01
2.987148463726044256e-01
2.987060546875000000e-01
2.986539006233215332e-01
2.986496090888977051e-01
2.997715473175048828e-01
2.998109459877014160e-01
2.998503446578979492e-01
2.984994947910308838e-01
2.984262406826019287e-01
2.983409762382507324e-01
2.974924147129058838e-01
2.973484992980957031e-01
2.972075939178466797e-01
2.970877885818480890e-01
2.969352304935455322e-01
2.968867123126984198e-01
2.967580556869506836e-01
2.953884303569793701e-01
2.952856421470642090e-01
2.951729893684387207e-01
2.963823676109313965e-01
2.964420318603516180e-01
2.963951826095581055e-01
2.963873744010924738e-01
2.969279289245604914e-01
2.969525754451752264e-01
2.970070540904998779e-01
2.983311712741851807e-01
2.984073162078856867e-01
2.984589338302612305e-01
2.973460257053375244e-01
2.973406314849852961e-01
2.973715066909790039e-01
2.995270192623138428e-01
2.996777594089508057e-01
2.998475730419158936e-01
3.000368177890777588e-01
2.977451980113983154e-01
2.978958487510681152e-01
2.979082763195037842e-01
2.960017621517180841e-01
2.959645390510559082e-01
2.959384024143218994e-01
2.968918681144714355e-01
2.969000339508057196e-01
2.969020903110504150e-01
2.969081699848175049e-01
2.945196628570557196e-01
2.944530248641967773e-01
2.944356203079224188e-01
2.939569354057312012e-01
2.938790917396544855e-01
2.937753200531005859e-01
2.947587966918944757e-01
2.946715354919433594e-01
2.945631742477416992e-01
2.962155044078826904e-01
2.961997389793395996e-01
2.962107062339783270e-01
2.962736487388610840e-01
2.983011007308959961e-01
2.985096275806427002e-01
2.987685501575469971e-01
2.983732223510742188e-01
2.986577749252319336e-01
2.990258932113647461e-01
2.985546886920928955e-01
2.988422811031341553e-01
2.990761101245880127e-01
2.994086742401123047e-01
2.994893193244934082e-01
2.997366786003112793e-01
2.999491095542908270e-01
3.000956177711486816e-01
3.003008663654327393e-01
3.005595803260803223e-01
2.974638640880585272e-01
2.974250316619873047e-01
2.973054647445679266e-01
2.971083223819733221e-01
2.964980900287628174e-01
2.961832284927368164e-01
2.959315478801727295e-01
2.966925501823424738e-01
2.965057492256165106e-01
2.963218688964843750e-01
2.974462509155272882e-01
2.973429858684539795e-01
2.972565591335297186e-01
2.974597811698913574e-01
2.974156141281127930e-01
2.976031601428985596e-01
2.976100444793701172e-01
2.970505654811859131e-01
2.973070144653320312e-01
2.973427772521973211e-01
2.979334294795989990e-01
2.980814874172211248e-01
2.981791794300079346e-01
2.988302111625671387e-01
2.988828420639038086e-01
2.990376055240631104e-01
2.991707324981688898e-01
2.995250225067139227e-01
2.996668517589569092e-01
2.996870577335357666e-01
2.987079620361328125e-01
2.987053692340850830e-01
2.986743450164794922e-01
2.977303862571716309e-01
2.976504564285278320e-01
2.974838614463806152e-01
2.975031137466431219e-01
2.962383627891540527e-01
2.958642542362213135e-01
2.957738041877746582e-01
2.936481833457946777e-01
2.934843897819519043e-01
2.932598292827606201e-01
2.927244603633881170e-01
2.925288379192352295e-01
2.925367653369904120e-01
2.925131618976593018e-01
2.919164597988129217e-01
2.918923497200012207e-01
2.920007109642028809e-01
2.933683395385742188e-01
2.935947775840759277e-01
2.937947511672973633e-01
2.932979464530944824e-01
2.934175431728363037e-01
2.935959100723266602e-01
2.924822270870208740e-01
2.927431464195251465e-01
2.928963601589202881e-01
2.929764688014984131e-01
2.896756231784821112e-01
2.896120250225067139e-01
2.895664274692535400e-01
2.903790771961212158e-01
2.903880774974822998e-01
2.904045879840850830e-01
2.916053533554077148e-01
2.917649149894714355e-01
2.919429540634155273e-01
2.921175658702850342e-01
2.898457050323486328e-01
2.898606359958649237e-01
2.897629439830780029e-01
2.902049124240875244e-01
2.903216779232025146e-01
2.904459238052368164e-01
2.913338840007781982e-01
2.914356589317321777e-01
2.914943695068359375e-01
2.915589213371276855e-01
2.907116413116455078e-01
2.907299101352692206e-01
2.907740473747252863e-01
2.929240763187408447e-01
2.930917739868164062e-01
2.933146357536315918e-01
2.953535318374633789e-01
2.955845594406127930e-01
2.958280742168426514e-01
2.967038750648498535e-01
2.970528304576873779e-01
2.973650097846984863e-01
2.977063953876495361e-01
2.991338372230529785e-01
2.994411587715148926e-01
2.997598052024840753e-01
3.018619716167449951e-01
3.022809922695159912e-01
3.026743233203887939e-01
