4.070390701293944424e+00
4.071537971496582031e+00
4.073378086090087891e+00
4.071790695190430576e+00
4.071385860443115234e+00
4.071748256683350498e+00
4.069931983947753906e+00
4.069816589355468750e+00
4.067322731018066406e+00
4.068500041961669922e+00
4.061480522155761719e+00
4.062823772430419922e+00
4.062848091125488281e+00
4.060167312622069424e+00
4.060850143432616299e+00
4.060988903045653409e+00
4.061269283294678623e+00
4.062483310699462891e+00
4.062837123870850498e+00
4.063302040100098544e+00
4.062915325164794922e+00
4.063662052154541016e+00
4.063709259033203125e+00
4.062643527984618252e+00
4.063147544860839844e+00
4.063394546508788174e+00
4.063675403594971591e+00
4.066106319427490234e+00
4.066273212432861328e+00
4.065839767456055576e+00
4.064471721649169922e+00
4.064763545989990234e+00
4.062212467193604404e+00
4.062409400939941406e+00
4.063662528991698331e+00
4.062347888946533203e+00
4.064803123474121094e+00
4.065296649932861328e+00
4.065374851226806641e+00
4.065091133117676669e+00
4.065820217132568359e+00
4.067180156707763672e+00
4.068387031555176669e+00
4.069962978363037109e+00
4.070324420928955078e+00
4.070783615112305576e+00
4.069824695587158203e+00
4.070675849914551669e+00
4.071504116058350498e+00
4.071263313293457031e+00
4.075847625732421875e+00
4.076044559478759766e+00
4.075647354125977451e+00
4.074550628662108487e+00
4.075290679931641513e+00
4.078431129455566406e+00
4.079992294311522549e+00
4.078746795654296875e+00
4.077996253967285156e+00
4.083231449127196377e+00
4.082615852355957031e+00
4.081020355224608487e+00
4.081117630004883701e+00
4.080684661865233487e+00
4.080692291259766513e+00
4.078983783721923828e+00
4.079255104064941406e+00
4.079690933227538174e+00
4.079342365264893466e+00
4.080076694488524502e+00
4.079158782958983487e+00
4.079367637634276456e+00
4.079422950744628906e+00
4.078147411346436435e+00
4.075996875762940341e+00
4.075896739959716797e+00
4.075300693511962891e+00
4.075118064880371094e+00
4.074680805206298828e+00
4.071166992187500000e+00
4.070976257324218750e+00
4.072046279907227451e+00
4.070920944213866299e+00
4.071610927581787109e+00
4.070309638977051669e+00
4.070925712585448331e+00
4.070826530456542969e+00
4.069673061370850498e+00
4.067080974578856534e+00
4.067085266113281250e+00
4.067224025726318359e+00
4.067591667175292969e+00
4.067867755889893466e+00
4.066742420196533203e+00
4.066100120544433594e+00
4.065560817718506748e+00
4.064386367797852451e+00
4.062886714935303623e+00
4.062300682067871094e+00
4.061427116394042969e+00
4.061616420745850498e+00
4.061440467834473544e+00
4.060325145721436435e+00
4.061011791229248047e+00
4.060017585754394531e+00
4.059675216674805576e+00
4.059559345245361328e+00
4.059312820434569424e+00
4.059252262115479404e+00
4.057922840118408203e+00
4.059492111206055576e+00
4.058878421783446377e+00
4.058631896972656250e+00
4.058565139770508701e+00
4.058573722839356357e+00
4.055445671081542969e+00
4.055766582489013672e+00
4.054960250854491299e+00
4.054866790771483487e+00
4.054850101470946377e+00
4.054847240447998047e+00
4.052916049957274502e+00
4.052768707275391513e+00
4.052787303924560547e+00
4.052061557769774502e+00
4.052608489990233487e+00
4.052046775817871094e+00
4.051580429077147549e+00
4.051185131072998047e+00
4.051450252532958984e+00
4.052809238433837891e+00
4.052236080169678623e+00
4.052963256835937500e+00
4.052874565124511719e+00
4.052595615386962891e+00
4.052231311798096591e+00
4.053002357482910156e+00
4.051840305328368252e+00
4.051278591156006748e+00
4.053035259246826172e+00
4.052441596984863281e+00
4.052787780761718750e+00
4.052664279937743252e+00
4.056105136871337891e+00
4.055616855621337891e+00
4.053853511810303623e+00
4.053965568542480469e+00
4.054165840148926669e+00
4.054871559143066406e+00
4.055605888366698331e+00
4.051108837127685547e+00
4.051009178161621094e+00
4.052196502685546875e+00
4.051607131958008701e+00
4.051586151123046875e+00
4.051611900329589844e+00
4.050832271575928623e+00
4.050354003906250000e+00
4.049716472625731534e+00
4.049368858337401456e+00
4.049856185913086826e+00
4.050310134887694424e+00
4.051174640655518466e+00
4.051196098327636719e+00
4.050985813140868252e+00
4.051841735839843750e+00
4.050741672515868252e+00
4.049929141998291016e+00
4.050531387329102451e+00
4.049804210662841797e+00
4.050051212310791016e+00
4.050042629241943359e+00
4.049820899963378906e+00
4.050938129425048828e+00
4.051437854766846591e+00
4.052594184875488281e+00
4.052578449249268466e+00
4.052596569061278409e+00
4.051910400390625000e+00
4.051800251007080078e+00
4.051149845123291016e+00
4.050477981567383701e+00
4.051230907440185547e+00
4.051269054412841797e+00
4.050311088562011719e+00
4.050102710723876953e+00
4.050720691680908203e+00
4.049571990966796875e+00
4.049651145935058594e+00
4.048141956329346591e+00
4.048514366149901456e+00
4.047741413116455078e+00
4.047564029693604404e+00
4.046743392944336826e+00
4.046648025512694424e+00
4.046238899230957031e+00
4.045341491699218750e+00
4.045420169830321377e+00
4.044514656066895419e+00
4.044071197509766513e+00
4.043754100799560547e+00
4.042213916778564453e+00
4.042544364929198331e+00
4.042717456817626953e+00
4.042207241058350498e+00
4.042530536651611328e+00
4.042356967926024502e+00
4.041125297546386719e+00
4.041015625000000000e+00
4.039349555969238281e+00
4.038269996643066406e+00
4.038592815399169922e+00
4.038051605224608487e+00
4.037504673004149502e+00
4.035347938537598544e+00
4.035260200500488281e+00
4.034730911254883701e+00
4.034509658813477451e+00
4.034633636474608487e+00
4.031785488128662109e+00
4.031713485717772549e+00
4.030195236206055576e+00
4.028949260711669922e+00
4.028275012969971591e+00
4.029505252838134766e+00
4.028850078582763672e+00
4.029868602752685547e+00
4.029893398284912109e+00
4.031255722045897549e+00
4.030303478240966797e+00
4.030101776123046875e+00
4.028957366943358487e+00
4.028171062469481534e+00
4.028429031372069424e+00
4.028734683990479404e+00
4.028411865234375000e+00
4.027640819549560547e+00
4.027417659759521484e+00
4.027775287628173828e+00
4.028819084167480469e+00
4.028226375579833984e+00
4.026897430419921875e+00
4.026563644409180576e+00
4.027230262756348544e+00
4.027591705322266513e+00
4.027243137359618252e+00
4.028208255767821377e+00
4.031259536743163174e+00
4.030676841735839844e+00
4.030270576477051669e+00
4.032512664794921875e+00
4.032475471496582031e+00
4.031937122344971591e+00
4.031325340270996094e+00
4.031121730804443359e+00
4.030541419982910156e+00
4.030889511108397549e+00
4.031644344329833984e+00
4.030807018280028409e+00
4.031010627746582031e+00
4.030369758605957031e+00
4.031394958496093750e+00
4.031391143798828125e+00
4.031084060668944424e+00
4.030546188354491299e+00
4.030613422393798828e+00
4.031616210937500000e+00
4.032618999481201172e+00
4.032690048217772549e+00
4.033731460571288174e+00
4.036076545715332031e+00
4.034748554229736328e+00
4.036239624023437500e+00
4.036882400512694424e+00
4.036809921264647549e+00
4.036300182342528409e+00
4.034974098205566406e+00
4.037064075469971591e+00
4.037370204925537109e+00
4.038607120513916016e+00
4.038887023925781250e+00
4.039601325988769531e+00
4.038728713989258701e+00
4.037561893463134766e+00
4.040315151214600498e+00
4.041357994079589844e+00
4.041437625885009766e+00
4.040878772735596591e+00
4.041214466094971591e+00
4.041117668151856357e+00
4.040948867797852451e+00
4.042146205902100498e+00
4.042526245117188388e+00
4.042733669281006748e+00
4.043365478515625000e+00
4.044305324554443359e+00
4.045762062072753906e+00
4.045568943023681641e+00
4.046719551086426669e+00
4.046458721160888672e+00
4.045965194702147549e+00
4.045708179473876953e+00
4.045222282409667969e+00
4.047498226165772373e+00
4.051035881042480469e+00
4.049113273620605469e+00
4.047556877136231357e+00
4.049511909484863281e+00
4.050641059875488281e+00
4.050541400909423828e+00
4.049970149993896484e+00
4.051594257354736328e+00
4.054164409637451172e+00
4.055403232574462891e+00
4.057842731475830078e+00
4.058980464935303623e+00
4.058938026428223544e+00
4.058819770812988281e+00
4.058116436004638672e+00
4.057619571685791016e+00
4.058029174804688388e+00
4.060009479522705078e+00
4.059986114501953125e+00
4.059451103210448331e+00
4.060069084167480469e+00
4.059807777404785156e+00
4.061216354370116299e+00
4.061825752258301669e+00
4.061724662780761719e+00
4.064333915710448331e+00
4.063871860504149502e+00
4.063570499420166016e+00
4.063426017761231357e+00
4.064049243927001953e+00
4.063221931457520419e+00
4.063011169433593750e+00
4.064327716827393466e+00
4.065021514892578125e+00
4.068194389343261719e+00
4.068241119384766513e+00
4.068258762359618252e+00
4.068184375762940341e+00
4.068624019622803623e+00
4.069842815399169922e+00
4.069548606872558594e+00
4.069248676300048828e+00
4.069045543670653409e+00
4.068912029266356534e+00
4.070348739624022549e+00
4.071763038635253906e+00
4.072060585021973544e+00
4.072014808654785156e+00
4.071663856506348544e+00
4.073700428009033203e+00
4.074096202850341797e+00
4.072950839996337891e+00
4.073188304901123047e+00
4.073510646820068359e+00
4.074464797973633701e+00
4.074789524078368252e+00
4.074687004089356357e+00
4.075043678283691406e+00
4.074170589447021484e+00
4.073954105377196377e+00
4.074316024780272549e+00
4.074639797210693359e+00
4.075239181518555576e+00
4.074498653411865234e+00
4.074599266052246094e+00
4.076093673706055576e+00
4.076654434204102451e+00
4.076416492462158203e+00
4.076711177825928623e+00
4.076960563659667969e+00
4.076113700866698331e+00
4.077646732330321377e+00
4.078177452087401456e+00
4.078920841217041016e+00
4.080278873443604404e+00
4.079668998718261719e+00
4.079567432403564453e+00
4.081221580505371094e+00
4.081958293914794922e+00
4.083720207214356357e+00
4.084814071655272549e+00
4.086354732513428623e+00
4.086414337158203125e+00
4.086989402770996094e+00
4.088323593139647549e+00
4.087456703186035156e+00
4.086513996124268466e+00
4.087308406829833984e+00
4.086614131927490234e+00
4.086157798767089844e+00
4.086106777191162109e+00
4.086380004882812500e+00
4.086380004882812500e+00
4.086532592773437500e+00
4.089229106903076172e+00
4.088183879852294922e+00
4.088181972503662109e+00
4.087987899780272549e+00
4.086915493011475498e+00
4.087989330291748047e+00
4.088274955749511719e+00
4.088160037994384766e+00
4.088067054748535156e+00
4.088098526000977451e+00
4.088134765625000000e+00
4.088153839111328125e+00
4.088641166687011719e+00
4.089083671569823331e+00
4.088916301727294922e+00
4.089623928070068359e+00
4.088163852691649502e+00
4.087841033935546875e+00
4.087926864624022549e+00
4.088117599487305576e+00
4.089217662811278409e+00
4.089262485504149502e+00
4.087619781494141513e+00
4.084942340850830078e+00
4.084239959716796875e+00
4.083114147186278409e+00
4.082689762115479404e+00
4.080675601959228516e+00
4.081530094146728516e+00
4.082071304321288174e+00
4.082118511199951172e+00
4.081964969635009766e+00
4.081943988800048828e+00
4.081910133361816406e+00
4.081239700317383701e+00
4.080890178680419922e+00
4.081147670745850498e+00
4.081385135650634766e+00
4.082402706146240234e+00
4.082354545593261719e+00
4.083148479461669922e+00
4.082367897033691406e+00
4.081991195678711826e+00
4.082344532012940341e+00
4.082039356231689453e+00
4.082993030548096591e+00
4.083545684814453125e+00
4.083228588104248047e+00
4.083811759948730469e+00
4.084621906280518466e+00
4.085342407226562500e+00
4.085165500640868252e+00
4.085368633270263672e+00
4.085273742675781250e+00
4.084241390228272373e+00
4.084211349487305576e+00
4.084071159362792969e+00
4.083659648895263672e+00
4.085246086120605469e+00
4.085000038146973544e+00
4.084074974060058594e+00
4.082844734191895419e+00
4.083446979522705078e+00
4.083237648010253906e+00
4.083628177642821377e+00
4.084403514862060547e+00
4.082094192504883701e+00
4.082030296325683594e+00
4.081814765930176669e+00
4.081689357757568359e+00
4.081791877746582031e+00
4.081435680389403409e+00
4.081359386444091797e+00
4.080840110778808594e+00
4.080504894256591797e+00
4.080231189727783203e+00
4.079760074615479404e+00
4.079292297363281250e+00
4.080176353454589844e+00
4.079242229461669922e+00
4.078921318054198331e+00
4.079717159271240234e+00
4.079302787780761719e+00
4.079238891601562500e+00
4.079041957855225498e+00
4.078915596008301669e+00
4.077433586120605469e+00
4.077617645263671875e+00
4.077313899993896484e+00
4.077915191650391513e+00
4.078079700469971591e+00
4.078135013580321377e+00
4.078228473663330078e+00
4.078615188598633701e+00
4.079132080078125000e+00
4.079797267913818359e+00
4.080292224884033203e+00
4.080883979797363281e+00
4.080719470977783203e+00
4.081063747406006748e+00
4.082398891448975498e+00
4.083851337432861328e+00
4.083782196044921875e+00
4.083654403686522549e+00
4.083581924438477451e+00
4.083618640899658203e+00
4.084273815155028409e+00
4.083290576934815341e+00
4.083187580108643466e+00
4.083739757537841797e+00
4.084696769714356357e+00
4.083665847778319424e+00
4.083648204803466797e+00
4.084360599517821377e+00
4.083729743957520419e+00
4.083900928497314453e+00
4.084090709686278409e+00
4.083879470825194424e+00
4.083984375000000000e+00
4.083795070648193359e+00
4.083472251892089844e+00
4.083491802215576172e+00
4.083535671234131748e+00
4.083259582519531250e+00
4.083206653594971591e+00
4.082108020782471591e+00
4.083249568939208984e+00
4.082703590393066406e+00
4.082339763641356534e+00
4.083933830261231357e+00
4.084197998046875000e+00
4.086120128631591797e+00
4.085989475250243252e+00
4.085453510284423828e+00
4.085985660552978516e+00
4.086009025573730469e+00
4.085964202880858487e+00
4.084167003631591797e+00
4.085229873657227451e+00
4.084764957427978516e+00
4.085671424865723544e+00
4.085572719573975498e+00
4.085722446441649502e+00
4.086804389953613281e+00
4.087014198303223544e+00
4.087518692016602451e+00
4.087620735168457031e+00
4.087464332580566406e+00
4.088064670562743252e+00
4.088330268859863281e+00
4.088278770446776456e+00
4.088219165802001953e+00
4.086683273315430576e+00
4.087285041809082031e+00
4.086499214172363281e+00
4.085405349731444424e+00
4.081905364990233487e+00
4.082127571105957031e+00
4.080387592315673828e+00
4.079624652862548828e+00
4.078031539916991299e+00
4.078072071075440341e+00
4.077496051788330078e+00
4.076799392700194424e+00
4.076723575592041016e+00
4.075699806213378906e+00
4.075932502746582031e+00
4.071464538574218750e+00
4.070830345153808594e+00
4.070834636688231534e+00
4.066449165344238281e+00
4.066605091094971591e+00
4.062105655670166016e+00
4.058088302612305576e+00
4.057950019836426669e+00
4.058969974517821377e+00
4.058929443359375000e+00
4.058327674865723544e+00
4.056336879730225498e+00
4.057288169860839844e+00
4.058673858642578125e+00
4.058972358703613281e+00
4.058370590209961826e+00
4.059543609619141513e+00
4.060264110565185547e+00
4.059495925903319424e+00
4.059112548828125000e+00
4.058667182922363281e+00
4.057976722717285156e+00
4.057365417480468750e+00
4.057600021362305576e+00
4.057309150695801669e+00
4.057203769683837891e+00
4.058498859405518466e+00
4.058636188507080078e+00
4.060623168945312500e+00
4.059663295745850498e+00
4.059204101562500000e+00
4.057608604431151456e+00
4.059159278869628906e+00
4.057962894439696377e+00
4.058128833770751953e+00
4.059267044067383701e+00
4.059728145599365234e+00
4.059186935424805576e+00
4.058856487274169922e+00
4.059082984924316406e+00
4.058707237243651456e+00
4.059340476989746094e+00
4.058225154876708984e+00
4.058027744293212891e+00
4.058633327484131748e+00
4.053201198577881748e+00
4.053182125091553623e+00
4.054098129272461826e+00
4.054183959960937500e+00
4.053864002227783203e+00
4.054001808166503906e+00
4.053454875946044922e+00
4.052227973937988281e+00
4.051503181457520419e+00
4.053448200225830078e+00
4.053397178649901456e+00
4.054215908050537109e+00
4.054873943328856534e+00
4.055127620697021484e+00
4.054733753204346591e+00
4.053357124328613281e+00
4.054509639739990234e+00
4.054226875305176669e+00
4.054723262786865234e+00
4.055400848388671875e+00
4.054496288299560547e+00
4.054617404937743252e+00
4.056035518646240234e+00
4.056095123291016513e+00
4.055028915405272549e+00
4.055205345153808594e+00
4.055658817291259766e+00
4.055786132812500000e+00
4.054236412048339844e+00
4.054124355316162109e+00
4.056498527526856357e+00
4.057826995849608487e+00
4.057808876037598544e+00
4.057215213775634766e+00
4.057011127471923828e+00
4.057159900665283203e+00
4.057480335235596591e+00
4.058096408843993252e+00
4.057693958282471591e+00
4.057418823242188388e+00
4.057531833648681641e+00
4.057975292205810547e+00
4.057685375213623047e+00
4.056914806365966797e+00
4.056933403015136719e+00
4.056903362274169922e+00
4.057324886322021484e+00
4.057898521423339844e+00
4.057722568511962891e+00
4.058515548706055576e+00
4.058192729949951172e+00
4.056355476379394531e+00
4.056206226348876953e+00
4.056105136871337891e+00
4.055865287780761719e+00
4.056206703186035156e+00
4.056761264801024502e+00
4.056002616882323331e+00
4.055762290954589844e+00
4.055518627166748047e+00
4.055034160614013672e+00
4.054782390594481534e+00
4.055834293365479404e+00
4.056837081909180576e+00
4.056793689727783203e+00
4.055193424224853516e+00
4.055884838104248047e+00
4.053940296173096591e+00
4.053382396697998047e+00
4.051352024078368252e+00
4.050918579101562500e+00
4.051216125488281250e+00
4.048842430114746094e+00
4.050111770629883701e+00
4.048691749572753906e+00
4.048578262329102451e+00
4.048230648040772373e+00
4.048485755920410156e+00
4.049326419830321377e+00
4.049318790435791016e+00
4.048231601715087891e+00
4.047735691070556641e+00
4.047312736511231357e+00
4.048488140106201172e+00
4.048784255981444424e+00
4.047640323638916016e+00
4.048107624053955078e+00
4.048216342926024502e+00
4.049458503723144531e+00
4.050791263580321377e+00
4.050218582153319424e+00
4.049685001373291016e+00
4.049513339996337891e+00
4.048378944396973544e+00
4.049022197723388672e+00
4.048428535461426669e+00
4.049414157867431641e+00
4.049195289611816406e+00
4.049824237823486328e+00
4.049443244934082031e+00
4.050134658813477451e+00
4.050597667694091797e+00
4.049525737762451172e+00
4.050743103027343750e+00
4.049630641937256748e+00
4.050252914428711826e+00
4.049519062042236328e+00
4.049915790557861328e+00
4.050274372100830078e+00
4.049388408660888672e+00
4.049104690551758701e+00
4.050050735473633701e+00
4.049988746643066406e+00
4.050823688507080078e+00
4.050543785095214844e+00
4.050056934356689453e+00
4.049253463745116299e+00
4.049611091613769531e+00
4.051310062408446377e+00
4.050999641418457031e+00
4.050965309143066406e+00
4.051004409790038174e+00
4.051657676696776456e+00
4.051414966583251953e+00
4.050892829895020419e+00
4.050481319427490234e+00
4.051461219787598544e+00
4.052361965179443359e+00
4.053022861480712891e+00
4.052595138549805576e+00
4.051877021789551669e+00
4.052701473236083984e+00
4.052720546722412109e+00
4.053433418273926669e+00
4.053194522857666016e+00
4.054194450378417969e+00
4.054259777069091797e+00
4.054360389709473544e+00
4.053789138793944424e+00
4.053514957427978516e+00
4.053491592407227451e+00
4.054070472717285156e+00
4.054244518280028409e+00
4.053244590759276456e+00
4.053455829620361328e+00
4.054063320159912109e+00
4.054079055786133701e+00
4.053273200988769531e+00
4.053575992584228516e+00
4.053544521331787109e+00
4.051656723022461826e+00
4.050881385803223544e+00
4.050111293792725498e+00
4.050615310668944424e+00
4.050655364990233487e+00
4.049785614013671875e+00
4.049936771392821377e+00
4.050695896148681641e+00
4.049794197082520419e+00
4.049754142761231357e+00
4.048637866973876953e+00
4.048688888549805576e+00
4.048473358154296875e+00
4.047865867614746094e+00
4.048303127288818359e+00
4.049390792846680576e+00
4.050105571746826172e+00
4.049757480621337891e+00
4.049864768981933594e+00
4.049767971038818359e+00
4.050297737121582031e+00
4.050179958343506748e+00
4.047357559204102451e+00
4.046763896942138672e+00
4.046760559082031250e+00
4.047496795654296875e+00
4.047308444976806641e+00
4.047273159027100498e+00
4.045104980468750000e+00
4.045244216918944424e+00
4.043524742126464844e+00
4.043564796447753906e+00
4.044044971466064453e+00
4.044438362121582031e+00
4.044909000396728516e+00
4.045457363128662109e+00
4.045391082763671875e+00
4.044619560241698331e+00
4.043428897857666016e+00
4.043844223022461826e+00
4.042618274688721591e+00
4.042833805084228516e+00
4.042755126953125000e+00
4.043392658233643466e+00
4.043381214141846591e+00
4.044142723083496094e+00
4.046414375305176669e+00
4.046496868133544922e+00
4.046690940856933594e+00
4.046637535095214844e+00
4.046463489532471591e+00
4.049514293670653409e+00
4.047972202301024502e+00
4.046887397766113281e+00
4.047106266021728516e+00
4.045670986175537109e+00
4.045838832855225498e+00
4.044304370880126953e+00
4.042892932891846591e+00
4.043060779571533203e+00
4.040668010711669922e+00
4.040750026702881748e+00
4.038046836853026456e+00
4.038097858428955078e+00
4.038224697113037109e+00
4.038999557495116299e+00
4.039094448089600498e+00
4.038583755493163174e+00
4.040430068969727451e+00
4.041599750518798828e+00
4.043231487274169922e+00
4.042458534240723544e+00
4.042936801910399502e+00
4.044178962707520419e+00
4.044082641601562500e+00
4.044736385345458984e+00
4.044470310211181641e+00
4.045624256134033203e+00
4.046730995178223544e+00
4.046462059020996094e+00
4.046447277069091797e+00
4.046514511108397549e+00
4.045642375946044922e+00
4.047508239746093750e+00
4.048215389251708984e+00
4.048488140106201172e+00
4.049317359924316406e+00
4.049196243286133701e+00
4.048996925354003906e+00
4.048903465270996094e+00
4.051495552062988281e+00
4.050282001495361328e+00
4.050360202789306641e+00
4.051183223724365234e+00
4.050923824310303623e+00
4.051483154296875000e+00
4.051581382751464844e+00
4.052012443542480469e+00
4.050371170043944424e+00
4.049955368041991299e+00
4.050672531127930576e+00
4.050832748413086826e+00
4.050014972686768466e+00
4.050172328948975498e+00
4.050174236297606534e+00
4.050099849700928623e+00
4.050246238708496094e+00
4.050689220428466797e+00
4.050487995147705078e+00
4.050237655639647549e+00
4.050810337066649502e+00
4.050352573394774502e+00
4.050530433654785156e+00
4.050129890441895419e+00
4.050040245056151456e+00
4.050374984741211826e+00
4.050524234771728516e+00
4.051392078399658203e+00
4.050875186920166016e+00
4.050899982452393466e+00
4.050936222076416016e+00
4.051546096801758701e+00
4.050867557525634766e+00
4.050340652465819424e+00
4.050785541534423828e+00
4.050139904022216797e+00
4.050367355346680576e+00
4.050524711608886719e+00
4.050718784332274502e+00
4.050797939300537109e+00
4.050808906555176669e+00
4.048830509185791016e+00
4.048540592193604404e+00
4.048548221588134766e+00
4.048597812652587891e+00
4.049052715301513672e+00
4.049478054046631748e+00
4.048949241638183594e+00
4.048996925354003906e+00
4.048973083496093750e+00
4.049092292785644531e+00
4.048910140991211826e+00
4.048848152160644531e+00
4.049040317535399502e+00
4.049601554870605469e+00
4.049784660339356357e+00
4.049142837524413174e+00
4.049174308776856357e+00
4.049213409423828125e+00
4.049926280975341797e+00
4.049851894378662109e+00
4.049221515655518466e+00
4.048551559448241299e+00
4.049153327941895419e+00
4.049354553222656250e+00
4.048804759979248047e+00
4.048268318176269531e+00
4.048426151275634766e+00
4.047738075256348544e+00
4.048034191131591797e+00
4.047537326812743252e+00
4.048196315765381748e+00
4.049537658691406250e+00
4.049400806427001953e+00
4.049530029296875000e+00
4.049969673156738281e+00
4.050034523010253906e+00
4.050153732299805576e+00
4.050185680389403409e+00
4.050243854522705078e+00
4.048878192901611328e+00
4.048814773559569424e+00
4.048795700073241299e+00
4.049692630767821377e+00
4.050659656524658203e+00
4.050847053527832031e+00
4.050540447235106534e+00
4.050867080688477451e+00
4.049095153808593750e+00
4.050000667572021484e+00
4.050047397613524502e+00
4.049684047698975498e+00
4.049160003662108487e+00
4.048223018646240234e+00
4.048307418823241299e+00
4.047951698303223544e+00
4.048089504241943359e+00
4.047670841217041016e+00
4.046681880950928623e+00
4.047229766845703125e+00
4.047114372253417969e+00
4.047023773193358487e+00
4.046894550323486328e+00
4.047659873962401456e+00
4.047796249389647549e+00
4.047695636749268466e+00
4.047664165496826172e+00
4.048450469970703125e+00
4.047861576080321377e+00
4.047042846679688388e+00
4.047024250030518466e+00
4.047951221466064453e+00
4.047780513763428623e+00
4.048603534698486328e+00
4.048113822937011719e+00
4.048207759857178623e+00
4.049394607543944424e+00
4.049059867858886719e+00
4.049844264984131748e+00
4.048503398895263672e+00
4.048679828643798828e+00
4.049026012420653409e+00
4.048909187316895419e+00
4.049188137054443359e+00
4.048442840576171875e+00
4.046962738037108487e+00
4.046982765197753906e+00
4.046977043151856357e+00
4.046282291412353516e+00
4.046758174896240234e+00
4.046972751617431641e+00
4.047153949737548828e+00
4.047379493713378906e+00
4.047309398651123047e+00
4.047231197357178623e+00
4.046718597412108487e+00
4.047380447387694424e+00
4.048202991485596591e+00
4.047008514404296875e+00
4.047248363494873047e+00
4.047314167022705078e+00
4.048028945922852451e+00
4.049145698547363281e+00
4.050433158874511719e+00
4.049338340759276456e+00
4.047873020172118252e+00
4.047655582427978516e+00
4.046811103820801669e+00
4.046577930450440341e+00
4.046285629272461826e+00
4.046237945556641513e+00
4.046541213989258701e+00
4.046060562133788174e+00
4.045597076416016513e+00
4.045561313629149502e+00
4.044431686401366299e+00
4.044731140136718750e+00
4.045071601867676669e+00
4.045075893402100498e+00
4.044807434082031250e+00
4.044664382934569424e+00
4.044102191925048828e+00
4.045278072357178623e+00
4.045302867889403409e+00
4.045880317687988281e+00
4.046279907226562500e+00
4.044307708740233487e+00
4.043824672698975498e+00
4.044087409973144531e+00
4.045000076293944424e+00
4.044847965240479404e+00
4.043109893798828125e+00
4.044001579284667969e+00
4.043639659881591797e+00
4.044733047485352451e+00
4.045060157775878906e+00
4.044217109680176669e+00
4.044378280639647549e+00
4.044147491455078125e+00
4.043916225433350498e+00
4.043663978576660156e+00
4.043451786041259766e+00
4.043212890625000000e+00
4.042351722717285156e+00
4.043487548828125000e+00
4.044355392456055576e+00
4.044736862182616299e+00
4.042100429534912109e+00
4.043460369110106534e+00
4.041836261749268466e+00
4.042296886444091797e+00
4.040688514709473544e+00
4.040670394897461826e+00
4.039714813232421875e+00
4.038290500640868252e+00
4.038671493530272549e+00
4.038045406341553623e+00
4.037362575531006748e+00
4.037256717681884766e+00
4.038101673126221591e+00
4.038110733032227451e+00
4.038184642791748047e+00
4.038271903991698331e+00
4.038263320922852451e+00
4.036628723144531250e+00
4.035669326782227451e+00
4.034986019134521484e+00
4.034199714660644531e+00
4.033708572387694424e+00
4.034208297729491299e+00
4.033811569213866299e+00
4.033520221710205078e+00
4.033097743988037109e+00
4.032409667968750000e+00
4.032591819763183594e+00
4.031929016113281250e+00
4.031891345977783203e+00
4.031828403472899502e+00
4.031447887420653409e+00
4.030997753143311435e+00
4.031054973602294922e+00
4.031062126159667969e+00
4.031594276428223544e+00
4.031412601470946377e+00
4.028459548950194424e+00
4.027779102325440341e+00
4.027483940124511719e+00
4.026612281799316406e+00
4.026557922363281250e+00
4.027279853820801669e+00
4.026007175445556641e+00
4.025916576385498047e+00
4.025379657745361328e+00
4.026500225067138672e+00
4.026339530944823331e+00
4.025864124298096591e+00
4.026550769805908203e+00
4.027889728546143466e+00
4.029188632965087891e+00
4.029370307922363281e+00
4.029524803161621094e+00
4.028870105743408203e+00
4.028510570526123047e+00
4.029251098632812500e+00
4.029072284698486328e+00
4.028572559356689453e+00
4.028386116027832031e+00
4.028426170349121094e+00
4.027611732482910156e+00
4.027729988098144531e+00
4.027752399444580078e+00
4.027305603027343750e+00
4.026604652404785156e+00
4.026100635528564453e+00
4.025903701782227451e+00
4.025583744049071377e+00
4.025173664093018466e+00
4.024917602539063388e+00
4.025954723358153409e+00
4.026257038116455078e+00
4.025989532470703125e+00
4.026292800903319424e+00
4.025432586669921875e+00
4.025518894195556641e+00
4.025200366973876953e+00
4.025008201599121094e+00
4.025439739227294922e+00
4.025241374969481534e+00
4.024733066558837891e+00
4.024963378906250000e+00
4.024807929992676669e+00
4.024476051330566406e+00
4.023232460021973544e+00
4.023956298828125000e+00
4.023797035217285156e+00
4.023704051971436435e+00
4.023681163787841797e+00
4.023379802703856534e+00
4.023164749145508701e+00
4.023392200469971591e+00
4.022545814514160156e+00
4.022625923156738281e+00
4.022801399230957031e+00
4.022956371307373047e+00
4.022448062896728516e+00
4.022356510162353516e+00
4.022192001342772549e+00
4.022286891937256748e+00
4.022409915924071377e+00
4.022678375244141513e+00
4.023067951202393466e+00
4.022588729858397549e+00
4.022436141967772549e+00
4.022607326507568359e+00
4.023760318756104404e+00
4.023704528808593750e+00
4.023617744445801669e+00
4.022560596466064453e+00
4.022382736206055576e+00
4.021314620971680576e+00
4.020526885986328125e+00
4.019973754882812500e+00
4.019266128540038174e+00
4.019459247589111328e+00
4.019049167633056641e+00
4.018512725830078125e+00
4.018942832946776456e+00
4.018358230590819424e+00
4.018060684204102451e+00
4.018020153045653409e+00
4.018658638000488281e+00
4.018597602844238281e+00
4.018575668334961826e+00
4.018667221069336826e+00
4.018934249877930576e+00
4.018400192260741299e+00
4.017520427703856534e+00
4.017846584320068359e+00
4.016526699066162109e+00
4.016458034515381748e+00
4.017148494720458984e+00
4.017355442047118252e+00
4.017426013946533203e+00
4.016444683074951172e+00
4.016434669494628906e+00
4.016802787780761719e+00
4.017180919647216797e+00
4.018178939819336826e+00
4.017049789428711826e+00
4.017524242401123047e+00
4.015795230865479404e+00
4.015918254852294922e+00
4.016088962554931641e+00
4.015542984008788174e+00
4.015973567962647373e+00
4.017091751098633701e+00
4.016715049743651456e+00
4.016209125518798828e+00
4.016328811645508701e+00
4.016031742095946377e+00
4.016068935394287109e+00
4.015861511230468750e+00
4.016562938690185547e+00
4.016363143920897549e+00
4.016383647918701172e+00
4.016762733459473544e+00
4.016453742980957031e+00
4.016915321350098544e+00
4.017164707183837891e+00
4.016657352447509766e+00
4.016484737396240234e+00
4.016500473022461826e+00
4.016206741333008701e+00
4.016452789306641513e+00
4.016434192657471591e+00
4.016705989837647373e+00
4.017082691192626953e+00
4.018566131591796875e+00
4.018860340118408203e+00
4.019977569580078125e+00
4.020111083984375000e+00
4.019820213317871094e+00
4.019343376159667969e+00
4.019170284271240234e+00
4.018997192382812500e+00
4.020613670349121094e+00
4.020105838775634766e+00
4.020449638366698331e+00
4.020326614379883701e+00
4.019896507263183594e+00
4.020254611968993252e+00
4.021086215972899502e+00
4.021847248077393466e+00
4.021916389465332031e+00
4.022730350494384766e+00
4.022501468658446377e+00
4.024063587188721591e+00
4.023770809173583984e+00
4.024728775024413174e+00
4.025586128234863281e+00
4.025806427001953125e+00
4.025749206542968750e+00
4.025571346282958984e+00
4.025359153747558594e+00
4.026559829711913174e+00
4.026221752166748047e+00
4.027019977569580078e+00
4.026891708374022549e+00
4.027194976806641513e+00
4.028405189514160156e+00
4.028137207031250000e+00
4.029769420623778409e+00
4.029942035675048828e+00
4.030182361602783203e+00
4.031042098999022549e+00
4.031385898590087891e+00
4.031250476837158203e+00
4.031540393829346591e+00
4.032091140747069424e+00
4.032443523406981534e+00
4.032417297363281250e+00
4.033016204833983487e+00
4.033701419830321377e+00
4.034070014953613281e+00
4.033915042877196377e+00
4.033843517303466797e+00
4.034061431884766513e+00
4.034404754638671875e+00
4.035501480102538174e+00
4.035882472991943359e+00
4.035906314849853516e+00
4.036810874938964844e+00
4.037302494049071377e+00
4.037030220031738281e+00
4.037048339843750000e+00
4.036941051483153409e+00
4.036749362945556641e+00
4.037775993347167969e+00
4.037362575531006748e+00
4.035953521728516513e+00
4.035795688629149502e+00
4.036317348480225498e+00
4.035715579986571377e+00
4.035294532775878906e+00
4.035243988037108487e+00
4.037058830261231357e+00
4.036967754364013672e+00
4.036971569061278409e+00
4.036310672760009766e+00
4.036286830902100498e+00
4.036100387573241299e+00
4.036486148834228516e+00
4.037112712860106534e+00
4.037122249603272373e+00
4.036968708038330078e+00
4.036225795745850498e+00
4.035170555114746094e+00
4.035883903503417969e+00
4.035995483398437500e+00
4.036103725433350498e+00
4.035176753997803623e+00
4.035971641540526456e+00
4.036564350128173828e+00
4.037559986114501953e+00
4.036940097808837891e+00
4.036820888519287109e+00
4.035748958587647373e+00
4.034676074981689453e+00
4.034609317779541016e+00
4.034573078155518466e+00
4.034595966339111328e+00
4.034450531005858487e+00
4.034073352813721591e+00
4.033778667449951172e+00
4.033501148223876953e+00
4.032920837402343750e+00
4.032877922058105469e+00
4.031316280364990234e+00
4.031431198120116299e+00
4.031226158142089844e+00
4.031176090240479404e+00
4.032242774963378906e+00
4.031838893890381748e+00
4.031887531280518466e+00
4.031976699829102451e+00
4.032430648803711826e+00
4.032914161682128906e+00
4.032995700836181641e+00
4.033187866210937500e+00
4.033297538757323331e+00
4.033106803894042969e+00
4.033105850219727451e+00
4.032975673675537109e+00
4.033503055572509766e+00
4.033171176910399502e+00
4.033829212188721591e+00
4.033395767211913174e+00
4.032117843627930576e+00
4.032668590545653409e+00
4.032526493072509766e+00
4.032739162445068359e+00
4.033298492431641513e+00
4.032980442047118252e+00
4.032965660095214844e+00
4.033286571502685547e+00
4.034176349639893466e+00
4.034474849700928623e+00
4.033793449401856357e+00
4.034311771392821377e+00
4.035510063171386719e+00
4.035404682159423828e+00
4.035218238830566406e+00
4.035139560699462891e+00
4.035002231597899502e+00
4.035515785217285156e+00
4.036290168762207031e+00
4.035973072052001953e+00
4.035969257354736328e+00
4.035830020904541016e+00
4.035563945770263672e+00
4.034679412841796875e+00
4.035477161407471591e+00
4.035413742065430576e+00
4.035962581634521484e+00
4.035985469818115234e+00
4.035412788391113281e+00
4.035539150238037109e+00
4.035171508789063388e+00
4.034087657928466797e+00
4.033971786499022549e+00
4.034505367279053623e+00
4.033785820007323331e+00
4.033768177032471591e+00
4.033858776092528409e+00
4.033923625946044922e+00
4.033875942230225498e+00
4.033281326293944424e+00
4.033360481262207031e+00
4.033011913299560547e+00
4.032883644104003906e+00
4.032765388488769531e+00
4.032414913177490234e+00
4.032948493957520419e+00
4.033139228820801669e+00
4.032667160034180576e+00
4.034467220306396484e+00
4.034450054168701172e+00
4.034532070159912109e+00
4.034371852874756748e+00
4.033975601196288174e+00
4.035663604736328125e+00
4.035677433013916016e+00
4.035920619964600498e+00
4.035641193389893466e+00
4.035896778106689453e+00
4.036239147186278409e+00
4.036211967468261719e+00
4.036261081695556641e+00
4.035694122314453125e+00
4.036096096038818359e+00
4.035645961761475498e+00
4.035352230072021484e+00
4.036049842834473544e+00
4.036073207855225498e+00
4.036624431610106534e+00
4.037108421325683594e+00
4.036883831024169922e+00
4.036870956420897549e+00
4.036700725555419922e+00
4.035151004791259766e+00
4.035779476165772373e+00
4.035597801208496094e+00
4.035902023315430576e+00
4.036350250244141513e+00
4.036708354949951172e+00
4.036729335784912109e+00
4.036726474761962891e+00
4.037233352661133701e+00
4.037174701690673828e+00
4.037317752838134766e+00
4.037047386169433594e+00
4.036708831787108487e+00
4.036442756652832031e+00
4.036415100097656250e+00
4.036755084991455078e+00
4.036829471588134766e+00
4.036977767944336826e+00
4.037614822387694424e+00
4.038025856018066406e+00
4.039787769317626953e+00
4.039896011352538174e+00
4.042485237121582031e+00
4.041953563690185547e+00
4.041751861572266513e+00
4.042160511016846591e+00
4.042536735534667969e+00
4.042924880981444424e+00
4.043148994445801669e+00
4.043633460998535156e+00
4.044210433959961826e+00
4.043870925903319424e+00
4.044783592224121094e+00
4.044669151306151456e+00
4.045155525207520419e+00
4.045374870300292969e+00
4.045186042785644531e+00
4.046102046966553623e+00
4.047174930572509766e+00
4.047107696533203125e+00
4.049428939819336826e+00
4.049439430236816406e+00
4.048605442047118252e+00
4.049657344818115234e+00
4.051469802856444424e+00
4.051307201385498047e+00
4.051825523376464844e+00
4.052794456481933594e+00
4.052705287933350498e+00
4.053041934967041016e+00
4.053735256195068359e+00
4.054121971130371094e+00
4.053822040557861328e+00
4.053644180297852451e+00
4.053760051727294922e+00
4.052685737609863281e+00
4.053835868835448331e+00
4.054615020751953125e+00
4.054531097412108487e+00
4.055273532867431641e+00
4.055881977081298828e+00
4.056749343872069424e+00
4.057095050811768466e+00
4.057027339935303623e+00
4.056274414062500000e+00
4.056510925292968750e+00
4.056741237640381748e+00
4.058500766754149502e+00
4.057387828826903409e+00
4.058893680572509766e+00
4.058991432189941406e+00
4.059291362762451172e+00
4.058781623840332031e+00
4.056792736053466797e+00
4.056107044219971591e+00
4.055872440338134766e+00
4.055881977081298828e+00
4.055985450744628906e+00
4.056103229522705078e+00
4.056498050689696377e+00
4.057077884674071377e+00
4.057260990142821377e+00
4.057317256927490234e+00
4.057321548461913174e+00
4.057979106903076172e+00
4.058254241943358487e+00
4.059864044189453125e+00
4.060547828674316406e+00
4.059967517852783203e+00
4.060819149017333984e+00
4.060665130615233487e+00
4.060997962951660156e+00
4.061236858367919922e+00
4.061146259307861328e+00
4.060430526733397549e+00
4.060648441314696377e+00
4.061379909515381748e+00
4.062443256378173828e+00
4.062418460845946377e+00
4.063843250274658203e+00
4.064211845397948331e+00
4.065076828002930576e+00
4.065289020538330078e+00
4.065566539764403409e+00
4.065738201141356534e+00
4.065658569335937500e+00
4.065830230712891513e+00
4.065259456634521484e+00
4.066267967224121094e+00
4.067043781280518466e+00
4.067166328430176669e+00
4.067868709564208984e+00
4.067724704742431641e+00
4.067789554595946377e+00
4.068210124969481534e+00
4.069118499755858487e+00
4.071141719818115234e+00
4.070871829986571377e+00
4.070621967315673828e+00
4.070569038391113281e+00
4.070612430572509766e+00
4.073073863983153409e+00
4.074065208435058594e+00
4.076300621032714844e+00
4.078258991241455078e+00
4.078068733215332031e+00
4.079578876495361328e+00
4.079497814178466797e+00
4.080181121826171875e+00
4.080822467803955078e+00
4.081298828125000000e+00
4.081486701965332031e+00
4.081914901733397549e+00
4.081958770751953125e+00
4.082030296325683594e+00
4.081945419311522549e+00
4.082198619842528409e+00
4.082368850708008701e+00
4.083964347839356357e+00
4.083526134490966797e+00
4.084141731262207031e+00
4.084215164184569424e+00
4.085791110992431641e+00
4.086877346038818359e+00
4.087271213531493252e+00
4.086965084075928623e+00
4.087546825408936435e+00
4.087305068969727451e+00
4.088012695312500000e+00
4.087991237640381748e+00
4.088080406188964844e+00
4.087632179260253906e+00
4.088449954986571377e+00
4.088016510009766513e+00
4.088714599609375000e+00
4.088721275329589844e+00
4.088324069976806641e+00
4.088190078735352451e+00
4.089178562164306641e+00
4.089425086975098544e+00
4.090454578399658203e+00
4.090408325195312500e+00
4.090427875518798828e+00
4.091351509094238281e+00
4.091166496276856357e+00
4.092081069946288174e+00
4.092388629913330078e+00
4.092913627624511719e+00
4.093804359436035156e+00
4.094063758850098544e+00
4.094963550567626953e+00
4.094560146331787109e+00
4.094899654388428623e+00
4.095115184783936435e+00
4.095416069030761719e+00
4.096132278442383701e+00
4.096686363220214844e+00
4.097219467163086826e+00
4.096968173980712891e+00
4.096499443054198331e+00
4.097455501556396484e+00
4.096992015838623047e+00
4.099086761474608487e+00
4.099979400634766513e+00
4.100788593292236328e+00
4.099660396575928623e+00
4.100869178771973544e+00
4.100234985351562500e+00
4.101656913757323331e+00
4.102287769317626953e+00
4.102837562561035156e+00
4.102685451507568359e+00
4.104298114776611328e+00
4.105550289154053623e+00
4.106108188629149502e+00
4.104789257049560547e+00
4.104891300201416016e+00
4.105456352233886719e+00
4.104615211486816406e+00
4.107158660888671875e+00
4.107284545898437500e+00
4.107626914978026456e+00
4.107412338256836826e+00
4.106692790985106534e+00
4.106560230255126953e+00
4.107219696044921875e+00
4.107221126556396484e+00
4.110402107238769531e+00
4.111162662506104404e+00
4.108889579772948331e+00
4.108868122100830078e+00
4.109010696411133701e+00
4.109236717224121094e+00
4.109352588653564453e+00
4.109778881072998047e+00
4.109740257263183594e+00
4.110084056854248047e+00
4.109629631042480469e+00
4.109482288360596591e+00
4.109970569610596591e+00
4.109518051147461826e+00
4.109556674957274502e+00
4.109512329101562500e+00
4.109329223632812500e+00
4.109524250030518466e+00
4.109671592712401456e+00
4.110498905181884766e+00
4.110675334930419922e+00
4.112971782684326172e+00
4.112407207489013672e+00
4.110309600830078125e+00
4.112010478973388672e+00
4.112146854400634766e+00
4.113281726837158203e+00
4.114332675933837891e+00
4.110843658447266513e+00
4.111957073211669922e+00
4.112222194671631748e+00
4.111914157867431641e+00
4.112582683563231534e+00
4.111964225769042969e+00
4.112735271453856534e+00
4.112757205963134766e+00
4.112932205200194424e+00
4.114908695220946377e+00
4.116468429565430576e+00
4.117107391357421875e+00
4.117295742034912109e+00
4.117912292480468750e+00
4.117245674133301669e+00
4.117153167724608487e+00
4.117166042327881748e+00
4.116610050201416016e+00
4.117805004119873047e+00
4.116110801696776456e+00
4.115954875946044922e+00
4.116564750671386719e+00
4.117078304290772373e+00
4.116950988769531250e+00
4.116837501525878906e+00
4.117217063903808594e+00
4.117852687835693359e+00
4.117846965789794922e+00
4.117782592773437500e+00
4.116935253143311435e+00
4.116707801818848544e+00
4.117348194122314453e+00
4.117529392242431641e+00
4.117644786834716797e+00
4.117298126220703125e+00
4.117368698120116299e+00
4.117196083068848544e+00
4.116995334625243252e+00
4.116973876953125000e+00
4.116200447082520419e+00
4.116400241851806641e+00
4.115892410278319424e+00
4.116459369659423828e+00
4.115154743194580078e+00
4.115857601165772373e+00
4.116218090057373047e+00
4.116816997528076172e+00
4.117150306701660156e+00
4.117894172668457031e+00
4.117854118347167969e+00
4.118888854980468750e+00
4.118383407592772549e+00
4.119961261749268466e+00
4.118635654449462891e+00
4.119698524475098544e+00
4.119194984436035156e+00
4.119334697723388672e+00
4.119025230407714844e+00
4.119158267974853516e+00
4.118250370025634766e+00
4.118902683258056641e+00
4.118306159973144531e+00
4.119484901428223544e+00
4.119544029235839844e+00
4.120468616485596591e+00
4.121016502380371094e+00
4.119724750518798828e+00
4.119746685028076172e+00
4.119810581207274502e+00
4.119835853576660156e+00
4.119352817535399502e+00
4.119657993316649502e+00
4.121660709381104404e+00
4.120935916900634766e+00
4.119274139404296875e+00
4.118629932403564453e+00
4.118918418884276456e+00
4.119974136352538174e+00
4.120543956756591797e+00
4.120355129241943359e+00
4.119384765625000000e+00
4.119540214538573331e+00
4.119603157043457031e+00
4.120226860046386719e+00
4.118431568145751953e+00
4.119130611419678623e+00
4.118776798248291016e+00
4.119101047515868252e+00
4.119579792022705078e+00
4.119415760040283203e+00
4.119418621063231534e+00
4.119053363800048828e+00
4.118569374084473544e+00
4.118662834167480469e+00
4.118058681488037109e+00
4.118097305297852451e+00
4.116923809051513672e+00
4.117723941802978516e+00
4.117484092712401456e+00
4.119998931884766513e+00
4.119998455047606534e+00
4.119567871093750000e+00
4.120963096618651456e+00
4.121115207672118252e+00
4.123347282409667969e+00
4.124269962310791016e+00
4.124915599822998047e+00
4.127698898315430576e+00
4.127073287963866299e+00
4.126096248626708984e+00
4.124966621398926669e+00
4.124720096588134766e+00
4.125487327575683594e+00
4.125783443450928623e+00
4.126504421234131748e+00
4.127660751342772549e+00
4.129831790924071377e+00
4.129671573638916016e+00
4.129310131072998047e+00
4.128092288970946377e+00
4.127099514007568359e+00
4.126101970672606534e+00
4.125551700592041016e+00
4.126357078552246094e+00
4.126553535461426669e+00
4.126598834991455078e+00
4.126464843750000000e+00
4.126248359680176669e+00
4.124807357788086826e+00
4.122586250305176669e+00
4.124630451202393466e+00
4.124595165252685547e+00
4.124428749084473544e+00
4.127275943756104404e+00
4.127970218658446377e+00
4.127837181091308594e+00
4.129980564117431641e+00
4.129912376403808594e+00
4.129313945770263672e+00
4.131116867065430576e+00
4.130850791931151456e+00
4.132767200469971591e+00
4.131827354431151456e+00
4.131583690643311435e+00
4.131405830383301669e+00
4.136634349822998047e+00
4.134445190429688388e+00
4.136468410491943359e+00
4.138144493103026456e+00
4.138109207153319424e+00
4.137718677520751953e+00
4.138652801513671875e+00
4.140235424041748047e+00
4.140487194061278409e+00
4.138569831848144531e+00
4.136786937713623047e+00
4.136232852935791016e+00
4.136217117309569424e+00
4.137293338775634766e+00
4.136347293853759766e+00
4.137398242950440341e+00
4.137426853179931641e+00
4.139503955841064453e+00
4.138327598571776456e+00
4.138168334960937500e+00
4.139396190643311435e+00
4.139523983001708984e+00
4.137755870819091797e+00
4.133536338806151456e+00
4.131633758544921875e+00
4.131628513336181641e+00
4.130370616912841797e+00
4.130422592163086826e+00
4.130451202392578125e+00
4.130485057830810547e+00
4.130081176757812500e+00
4.130301952362060547e+00
4.129814147949218750e+00
4.129666805267333984e+00
4.129047393798828125e+00
4.128566265106201172e+00
4.130453586578368252e+00
4.129505157470703125e+00
4.130036830902100498e+00
4.129735469818115234e+00
4.129786491394042969e+00
4.130548000335693359e+00
4.130490779876708984e+00
4.131352424621582031e+00
4.132002830505371094e+00
4.132978916168212891e+00
4.135138511657714844e+00
4.135120391845703125e+00
4.134613037109375000e+00
4.134017944335937500e+00
4.134664058685303623e+00
4.134490013122558594e+00
4.134422302246093750e+00
4.133735179901123047e+00
4.133640289306641513e+00
4.139520168304443359e+00
4.138725280761718750e+00
4.136634826660156250e+00
4.135269165039063388e+00
4.136578559875488281e+00
4.139445781707763672e+00
4.139629364013671875e+00
4.146916389465332031e+00
4.148796081542968750e+00
4.148827552795410156e+00
4.148815631866455078e+00
4.148724079132080078e+00
4.148334026336669922e+00
4.147177696228026456e+00
4.147767066955566406e+00
4.150961875915526456e+00
4.151747703552246094e+00
4.151866912841796875e+00
4.151960372924805576e+00
4.149828433990479404e+00
4.149044513702393466e+00
4.148877143859863281e+00
4.149747371673583984e+00
4.149668216705321377e+00
4.152939319610596591e+00
4.153391838073730469e+00
4.153518676757812500e+00
4.154113292694091797e+00
4.153883934020996094e+00
4.157378196716308594e+00
4.155341148376464844e+00
4.156807422637940341e+00
4.156767845153808594e+00
4.153382301330566406e+00
4.151025295257568359e+00
4.150878906250000000e+00
4.153767108917236328e+00
4.152748584747314453e+00
4.151419162750243252e+00
4.151299476623535156e+00
4.151176452636718750e+00
4.149854660034180576e+00
4.147462368011475498e+00
4.148423194885253906e+00
4.149270534515381748e+00
4.148725509643555576e+00
4.148972511291503906e+00
4.149961471557616299e+00
4.150828838348388672e+00
4.152527809143066406e+00
4.149924755096436435e+00
4.152522563934326172e+00
4.153068065643311435e+00
4.153264999389647549e+00
4.156333446502685547e+00
4.157417297363281250e+00
4.158987998962401456e+00
4.160580635070801669e+00
4.160658836364746094e+00
4.162402153015136719e+00
4.162382125854491299e+00
4.165153503417968750e+00
4.166958808898926669e+00
4.167392253875731534e+00
4.168263912200928623e+00
4.168720722198486328e+00
4.169815540313721591e+00
4.168619632720946377e+00
4.171690940856933594e+00
4.173712730407714844e+00
4.174416065216064453e+00
4.174656391143798828e+00
4.174435615539551669e+00
4.175199031829833984e+00
4.178503036499022549e+00
4.178515911102294922e+00
4.180724620819091797e+00
4.181015968322753906e+00
4.183065891265868252e+00
4.181683063507080078e+00
4.181535243988037109e+00
4.183908462524413174e+00
4.183342933654785156e+00
4.183959007263183594e+00
4.184770107269287109e+00
4.185894012451171875e+00
4.187899112701416016e+00
4.188011646270751953e+00
4.190261840820312500e+00
4.190102577209473544e+00
4.189893722534180576e+00
4.190989971160888672e+00
4.190577983856201172e+00
4.194355964660644531e+00
4.195126533508301669e+00
4.194649219512940341e+00
4.195594787597656250e+00
4.195881843566895419e+00
4.196960449218750000e+00
4.197579860687256748e+00
4.198344707489013672e+00
4.199485301971436435e+00
4.199978351593018466e+00
4.199664592742919922e+00
4.200302600860596591e+00
4.200425624847412109e+00
4.199359893798828125e+00
4.199736118316649502e+00
4.199536323547363281e+00
4.199410915374756748e+00
4.200117588043212891e+00
4.200014591217041016e+00
4.199917316436768466e+00
4.199913978576660156e+00
4.201538085937500000e+00
4.203624725341796875e+00
4.203768253326416016e+00
4.203998565673828125e+00
4.203302383422852451e+00
4.203370571136475498e+00
4.206202030181884766e+00
4.205384731292725498e+00
4.206214904785156250e+00
4.206599235534667969e+00
4.206093788146973544e+00
4.204859256744384766e+00
4.207214355468750000e+00
4.207059383392333984e+00
4.204108238220214844e+00
4.205286979675292969e+00
4.207253932952881748e+00
4.208545207977294922e+00
4.208452701568604404e+00
4.206146240234375000e+00
4.206017971038818359e+00
4.206002235412598544e+00
4.207085132598876953e+00
4.208723068237305576e+00
4.207601070404053623e+00
4.207552909851073331e+00
4.207578182220458984e+00
4.206426620483397549e+00
4.209541797637940341e+00
4.210155010223388672e+00
4.210607528686522549e+00
4.210109710693358487e+00
4.208539485931396484e+00
4.209882259368896484e+00
4.209547996520996094e+00
4.210008621215819424e+00
4.209844112396240234e+00
4.209690570831298828e+00
4.211340427398681641e+00
4.211723327636718750e+00
4.212239265441895419e+00
4.214105606079102451e+00
4.213546752929688388e+00
4.214580059051513672e+00
4.215869903564453125e+00
4.216554164886475498e+00
4.217768192291259766e+00
4.218069076538086826e+00
4.219465732574462891e+00
4.219448089599608487e+00
4.220264434814453125e+00
4.222736835479736328e+00
4.222767829895020419e+00
4.224422931671143466e+00
4.226420879364013672e+00
4.226947307586669922e+00
4.228089809417725498e+00
4.227406024932861328e+00
4.227341175079346591e+00
4.226095199584961826e+00
4.226153850555419922e+00
4.223166942596436435e+00
4.221889972686768466e+00
4.223023414611816406e+00
4.222022533416748047e+00
4.220442771911621094e+00
4.219209194183350498e+00
4.219347953796386719e+00
4.220393657684326172e+00
4.220670223236083984e+00
4.221699237823486328e+00
4.223029136657714844e+00
4.222522258758544922e+00
4.224427223205566406e+00
4.223031044006348544e+00
4.223245620727538174e+00
4.220422744750977451e+00
4.220917224884033203e+00
4.220272541046143466e+00
4.219194889068604404e+00
4.222078323364258701e+00
4.223412990570068359e+00
4.224407196044921875e+00
4.224060535430908203e+00
4.223982334136962891e+00
4.227161884307861328e+00
4.226631641387940341e+00
4.227352619171143466e+00
4.228951454162598544e+00
4.229969501495361328e+00
4.230024814605712891e+00
4.230043888092041016e+00
4.230022430419921875e+00
4.230582237243651456e+00
4.230752468109131748e+00
4.231859207153319424e+00
4.231296539306641513e+00
4.232252120971680576e+00
4.236656188964843750e+00
4.236027717590332031e+00
4.238608837127685547e+00
4.239028453826903409e+00
4.241111755371093750e+00
4.244886875152587891e+00
4.246086120605468750e+00
4.243606090545653409e+00
4.244242191314696377e+00
4.244630336761475498e+00
4.246023178100586826e+00
4.246892452239990234e+00
4.249004840850830078e+00
4.250443935394287109e+00
4.254734516143798828e+00
4.254493236541748047e+00
4.255412101745605469e+00
4.257174968719481534e+00
4.259150981903076172e+00
4.263777256011962891e+00
4.265526771545410156e+00
4.266582965850830078e+00
4.268305301666259766e+00
4.268326759338378906e+00
4.270499706268311435e+00
4.273109912872314453e+00
4.273699760437011719e+00
4.274296760559082031e+00
4.272871017456055576e+00
4.272898674011231357e+00
4.272887229919433594e+00
4.275137901306151456e+00
4.276786804199218750e+00
4.277646064758301669e+00
4.280429840087891513e+00
4.281917572021483487e+00
4.282845497131348544e+00
4.284719467163086826e+00
4.287339687347412109e+00
4.287617683410644531e+00
4.287131309509276456e+00
4.287210941314696377e+00
4.286768913269042969e+00
4.287423610687256748e+00
4.288191795349121094e+00
4.289085865020751953e+00
4.290655612945556641e+00
4.291325569152832031e+00
4.292042255401611328e+00
4.293374061584473544e+00
4.292867183685303623e+00
4.294387340545653409e+00
4.296997547149658203e+00
4.297376155853272373e+00
4.299157619476318359e+00
4.299743175506591797e+00
4.302805900573730469e+00
4.304323196411133701e+00
4.305084228515625000e+00
4.305263996124268466e+00
4.305550098419189453e+00
4.305836677551269531e+00
4.306641578674316406e+00
4.306737899780272549e+00
4.307164669036865234e+00
4.306376457214356357e+00
4.308289527893066406e+00
4.308771133422852451e+00
4.308981895446776456e+00
4.308661460876464844e+00
4.308882236480712891e+00
4.309526920318604404e+00
4.309099197387694424e+00
4.310848712921143466e+00
4.308207511901856357e+00
4.307674884796143466e+00
4.307787418365479404e+00
4.309676647186278409e+00
4.310753345489501953e+00
4.310528755187988281e+00
4.310521602630615234e+00
4.310463905334473544e+00
4.311034202575683594e+00
4.310889244079589844e+00
4.310671806335448331e+00
4.311075687408446377e+00
4.311165332794189453e+00
4.311110019683837891e+00
4.310941219329833984e+00
4.310938835144042969e+00
4.312994480133056641e+00
4.312969207763671875e+00
4.313330173492431641e+00
4.315323829650878906e+00
4.316726684570312500e+00
4.316977500915526456e+00
4.316976070404053623e+00
4.318234443664551669e+00
4.320302486419678623e+00
4.322513103485106534e+00
4.322109699249268466e+00
4.323876857757568359e+00
4.323947906494141513e+00
4.325596809387207031e+00
4.326102256774901456e+00
4.326341152191162109e+00
4.328209400177001953e+00
4.327696800231933594e+00
4.327628135681151456e+00
4.327099800109863281e+00
4.328706741333008701e+00
4.331362724304198331e+00
4.332080364227294922e+00
4.332250595092772549e+00
4.332177162170410156e+00
4.333374023437500000e+00
4.333636283874511719e+00
4.333829402923583984e+00
4.335081100463866299e+00
4.334774017333983487e+00
4.334242343902587891e+00
4.338080883026123047e+00
4.338109493255615234e+00
4.339840888977051669e+00
4.338141918182373047e+00
4.341081619262694424e+00
4.342932701110839844e+00
4.343905448913573331e+00
4.344145298004149502e+00
4.344266891479491299e+00
4.344314575195312500e+00
4.344789505004883701e+00
4.345003604888916016e+00
4.346908569335937500e+00
4.346222877502441406e+00
4.348107337951660156e+00
4.348325252532958984e+00
4.348464012145996094e+00
4.347879886627196377e+00
4.348106384277343750e+00
4.348260879516602451e+00
4.350616931915283203e+00
4.350083351135253906e+00
4.349790096282958984e+00
4.349439620971680576e+00
4.349378108978272373e+00
4.348940849304198331e+00
4.348863601684569424e+00
4.349903583526611328e+00
4.350141048431396484e+00
4.350992679595946377e+00
4.351215362548828125e+00
4.351885795593261719e+00
4.351801395416259766e+00
4.351803779602051669e+00
4.353066921234131748e+00
4.355537414550781250e+00
4.355812072753906250e+00
4.356902122497558594e+00
4.356958389282227451e+00
4.358285903930663174e+00
4.358515262603759766e+00
4.358616352081298828e+00
4.357489109039306641e+00
4.357409477233886719e+00
4.358004570007323331e+00
4.358049869537353516e+00
4.359549999237060547e+00
4.359690666198730469e+00
4.359661102294921875e+00
4.360844612121582031e+00
4.360934734344481534e+00
4.364014148712158203e+00
4.363738059997558594e+00
4.363633632659912109e+00
4.363543033599853516e+00
4.365029335021973544e+00
4.366359710693358487e+00
4.366521835327147549e+00
4.366631984710693359e+00
4.366791725158691406e+00
4.367030620574951172e+00
4.366269588470458984e+00
4.365550994873046875e+00
4.366501331329346591e+00
4.367857456207274502e+00
4.367804050445556641e+00
4.369040012359618252e+00
4.369947433471680576e+00
4.371086120605468750e+00
4.372279167175292969e+00
4.372395038604736328e+00
4.371846199035644531e+00
4.370124340057373047e+00
4.370768547058105469e+00
4.370943069458008701e+00
4.370802879333496094e+00
4.370879650115966797e+00
4.370810985565185547e+00
4.372061729431151456e+00
4.372807502746582031e+00
4.373700618743896484e+00
4.373178482055663174e+00
4.369611740112305576e+00
4.369441986083983487e+00
4.369187831878662109e+00
4.369410037994384766e+00
4.369939327239990234e+00
4.370063304901123047e+00
4.370028495788573331e+00
4.370118618011475498e+00
4.370929241180419922e+00
4.369058609008788174e+00
4.368492126464843750e+00
4.368675708770751953e+00
4.369711875915526456e+00
4.370326042175292969e+00
4.368062496185303623e+00
4.367097377777100498e+00
4.367330551147461826e+00
4.367085456848144531e+00
4.367221355438231534e+00
4.366907119750977451e+00
4.365874290466308594e+00
4.365382671356201172e+00
4.365402221679688388e+00
4.365291595458983487e+00
4.365124702453613281e+00
4.365610599517821377e+00
4.364488601684569424e+00
4.364915847778319424e+00
4.365279674530028409e+00
4.365118503570556641e+00
4.365331649780272549e+00
4.365575313568115234e+00
4.364948272705078125e+00
4.365068912506104404e+00
4.364056587219238281e+00
4.363747119903564453e+00
4.363148689270020419e+00
4.362955093383788174e+00
4.363883018493651456e+00
4.363433361053466797e+00
4.363716602325440341e+00
4.363949775695801669e+00
4.363915920257568359e+00
4.364424705505371094e+00
4.366281032562256748e+00
4.367091178894042969e+00
4.366954326629638672e+00
4.366717338562011719e+00
4.367009162902832031e+00
4.368215560913086826e+00
4.367835521697998047e+00
4.367690086364746094e+00
4.366587162017821377e+00
4.365282535552978516e+00
4.365458488464356357e+00
4.365565776824951172e+00
4.365213394165038174e+00
4.365185737609863281e+00
4.363525390625000000e+00
4.363017559051513672e+00
4.363228797912598544e+00
4.364217281341553623e+00
4.364502429962158203e+00
4.365462779998778409e+00
4.365677833557128906e+00
4.366855621337891513e+00
4.367341518402100498e+00
4.367224216461181641e+00
4.367135524749756748e+00
4.366569995880126953e+00
4.366346836090087891e+00
4.366786003112792969e+00
4.366848945617676669e+00
4.366671562194823331e+00
4.366642951965332031e+00
4.365982055664063388e+00
4.365375041961669922e+00
4.364882946014403409e+00
4.365661144256591797e+00
4.365229606628417969e+00
4.367831230163573331e+00
4.368638515472412109e+00
4.368793964385986328e+00
4.369888782501221591e+00
4.369593620300292969e+00
4.369909286499022549e+00
4.369568824768066406e+00
4.369904994964600498e+00
4.368864536285399502e+00
4.369001388549805576e+00
4.370584964752196377e+00
4.369569301605225498e+00
4.371014118194580078e+00
4.370877265930176669e+00
4.369635581970214844e+00
4.369531631469727451e+00
4.370350837707520419e+00
4.370968341827393466e+00
4.371945858001708984e+00
4.371984004974365234e+00
4.371922969818115234e+00
4.371805667877196377e+00
4.372360229492188388e+00
4.373614311218261719e+00
4.373391628265381748e+00
4.373209953308105469e+00
4.373185634613037109e+00
4.372945785522461826e+00
4.374751091003417969e+00
4.374719619750977451e+00
4.375412940979003906e+00
4.374134540557861328e+00
4.374053001403808594e+00
4.374336719512940341e+00
4.374017715454102451e+00
4.373959541320801669e+00
4.374646663665772373e+00
4.374783515930176669e+00
4.376274585723876953e+00
4.376304626464843750e+00
4.377046108245850498e+00
4.377089500427246094e+00
4.377185821533203125e+00
4.378366470336913174e+00
4.378160953521728516e+00
4.379351139068604404e+00
4.380019187927246094e+00
4.381377696990966797e+00
4.381656646728516513e+00
4.382295131683350498e+00
4.382902622222899502e+00
4.382931709289551669e+00
4.383451461791991299e+00
4.383057594299316406e+00
4.383569240570068359e+00
4.383429050445556641e+00
4.383654594421386719e+00
4.384512901306151456e+00
4.384462833404541016e+00
4.384605407714843750e+00
4.384958267211913174e+00
4.384996891021728516e+00
4.385013103485106534e+00
4.385600090026856357e+00
4.385894775390625000e+00
4.386352539062500000e+00
4.386310100555419922e+00
4.386744022369384766e+00
4.387118816375731534e+00
4.388782978057861328e+00
4.388782978057861328e+00
