1.842931985855102317e+00
1.844373345375061035e+00
1.844964385032653587e+00
1.846247434616088867e+00
1.845518589019775613e+00
1.845142841339111550e+00
1.844695925712585227e+00
1.844490170478820801e+00
1.843955993652343972e+00
1.845171213150024414e+00
1.840474605560302734e+00
1.844286918640136719e+00
1.842084407806396484e+00
1.846578598022460938e+00
1.836922883987426758e+00
1.836906433105468750e+00
1.837265491485595925e+00
1.837770819664001243e+00
1.838006258010864480e+00
1.838730096817016824e+00
1.840582728385925293e+00
1.840688109397887962e+00
1.840766191482543945e+00
1.841631531715393066e+00
1.845715284347534402e+00
1.841223597526550293e+00
1.849142909049988015e+00
1.849509358406066895e+00
1.852263927459716797e+00
1.851636052131652832e+00
1.853188157081604004e+00
1.853430390357971191e+00
1.856900691986083984e+00
1.856927394866943581e+00
1.858880400657653587e+00
1.858241915702820046e+00
1.857614517211914062e+00
1.859040141105652078e+00
1.858493924140930398e+00
1.859051585197448730e+00
1.859882116317749023e+00
1.861680507659911887e+00
1.861706376075744851e+00
1.862910628318786399e+00
1.862720131874084473e+00
1.863558650016784890e+00
1.863292694091796875e+00
1.865102648735046387e+00
1.865151882171630859e+00
1.864586949348449707e+00
1.864489316940308061e+00
1.865241885185241699e+00
1.865440011024475098e+00
1.864221692085265891e+00
1.864947438240051492e+00
1.866349339485168457e+00
1.864139080047607644e+00
1.865110158920288086e+00
1.864270567893981934e+00
1.865359902381896973e+00
1.865565299987793191e+00
1.866215467453003152e+00
1.866422057151794434e+00
1.867375850677490456e+00
1.866727471351623535e+00
1.867335200309753196e+00
1.867446780204773171e+00
1.866738319396972878e+00
1.864827275276184082e+00
1.865719199180603027e+00
1.865800023078918457e+00
1.865316271781921165e+00
1.865825414657592773e+00
1.865678668022155984e+00
1.866208076477050781e+00
1.867126107215881126e+00
1.866689562797546387e+00
1.865680098533630371e+00
1.865876078605652078e+00
1.866153001785278320e+00
1.866667270660400391e+00
1.866866469383239968e+00
1.866715312004089133e+00
1.867216467857360840e+00
1.866332411766052024e+00
1.866321444511413574e+00
1.867112159729004128e+00
1.868899583816528320e+00
1.870238065719604492e+00
1.870852470397948775e+00
1.870371937751770020e+00
1.870816826820373091e+00
1.870837569236755593e+00
1.872044444084167703e+00
1.872369647026061790e+00
1.872581481933593528e+00
1.874067544937133567e+00
1.876091241836548074e+00
1.876525282859802468e+00
1.878164649009704812e+00
1.878577709197998047e+00
1.879265666007996050e+00
1.881486296653748003e+00
1.884018301963806374e+00
1.884206414222717285e+00
1.886578559875488503e+00
1.888212442398071511e+00
1.889933586120605247e+00
1.891937136650085227e+00
1.891591191291809082e+00
1.895409703254699929e+00
1.896164059638976829e+00
1.897355198860168457e+00
1.899409532546996848e+00
1.899745106697082297e+00
1.899963140487670898e+00
1.904564976692199929e+00
1.905488848686218484e+00
1.906301736831665039e+00
1.909682035446166992e+00
1.907996773719788042e+00
1.909531593322754128e+00
1.913569092750549094e+00
1.914953589439391868e+00
1.916504859924316406e+00
1.917741894721984863e+00
1.918960571289062500e+00
1.920507311820984109e+00
1.924056529998779519e+00
1.925486326217651589e+00
1.927763938903808816e+00
1.929170370101928711e+00
1.930988192558288796e+00
1.931592583656311035e+00
1.934448719024658425e+00
1.935458064079284890e+00
1.938187122344970703e+00
1.939420580863952859e+00
1.939270853996276855e+00
1.941221475601196289e+00
1.941913247108459695e+00
1.942505478858947976e+00
1.944700241088867188e+00
1.945328593254089133e+00
1.945563077926635964e+00
1.949199438095092773e+00
1.949552774429321289e+00
1.950910091400146484e+00
1.951678633689880371e+00
1.952484488487244096e+00
1.952603578567504883e+00
1.954955101013184038e+00
1.955388069152831809e+00
1.957073330879211648e+00
1.957415461540222390e+00
1.958130240440368874e+00
1.958669781684875710e+00
1.959226012229919656e+00
1.960484385490417258e+00
1.961477994918823242e+00
1.961459279060363992e+00
1.961824655532836914e+00
1.963538765907288042e+00
1.963749289512634499e+00
1.965777039527893066e+00
1.966446876525879128e+00
1.966999173164367898e+00
1.966637730598449707e+00
1.966589570045471191e+00
1.968747377395629661e+00
1.968881487846374290e+00
1.969229221343993919e+00
1.970717310905456321e+00
1.971742987632751687e+00
1.972302436828613281e+00
1.973092436790466309e+00
1.974991559982300027e+00
1.974170446395874023e+00
1.974474787712096724e+00
1.975845098495483620e+00
1.976551532745361106e+00
1.977973699569701926e+00
1.978379011154174805e+00
1.979914426803588867e+00
1.980471968650817649e+00
1.981910943984985130e+00
1.983570098876952903e+00
1.983677506446838379e+00
1.986122727394104004e+00
1.986080765724181907e+00
1.987338542938232422e+00
1.988533377647399902e+00
1.990008950233459695e+00
1.990931510925293191e+00
1.992643833160400391e+00
1.992488861083984375e+00
1.993048429489135964e+00
1.992714047431945579e+00
1.994145750999450906e+00
1.995783209800719993e+00
1.996287584304809570e+00
1.998511433601379617e+00
2.000602245330810547e+00
2.000835657119750977e+00
2.000867843627929688e+00
2.004259586334228516e+00
2.003746747970581055e+00
2.005183458328246626e+00
2.006845474243164062e+00
2.006596803665160689e+00
2.009373664855956587e+00
2.010231256484985352e+00
2.011139392852783203e+00
2.013187646865844727e+00
2.013354778289794922e+00
2.014832735061645064e+00
2.016256093978881836e+00
2.015796422958374023e+00
2.015362739562988281e+00
2.017741441726685014e+00
2.016999959945678711e+00
2.017607688903808594e+00
2.020149230957031250e+00
2.020630121231079102e+00
2.021944046020508257e+00
2.022984743118285689e+00
2.023826837539673296e+00
2.023765802383423296e+00
2.026583194732666016e+00
2.026383876800536665e+00
2.028362274169921875e+00
2.029066085815429688e+00
2.029038667678833008e+00
2.031636714935302734e+00
2.032561540603637695e+00
2.033249616622925249e+00
2.032883644104004350e+00
2.035641431808472124e+00
2.037108898162841797e+00
2.037873506546020508e+00
2.038540601730346680e+00
2.038964271545409712e+00
2.038683891296386719e+00
2.038344860076904297e+00
2.038654088973999023e+00
2.041293621063232422e+00
2.041183233261108398e+00
2.043234109878540039e+00
2.043982505798340288e+00
2.046185016632080078e+00
2.047602653503418413e+00
2.048517465591430664e+00
2.048799276351928711e+00
2.050915479660034180e+00
2.051039934158324751e+00
2.050878524780272993e+00
2.050758600234985352e+00
2.052628755569458008e+00
2.052618741989136186e+00
2.054388284683227539e+00
2.055058002471924272e+00
2.055063962936401367e+00
2.055985212326050249e+00
2.056967973709106445e+00
2.058389663696289062e+00
2.058076620101928711e+00
2.060394763946533203e+00
2.061051607131958008e+00
2.062322854995727539e+00
2.062589168548583984e+00
2.063385725021362305e+00
2.063359498977660689e+00
2.064458131790160689e+00
2.066940069198608398e+00
2.067142248153686523e+00
2.068184852600097656e+00
2.069905281066894531e+00
2.070222616195678711e+00
2.072725057601928711e+00
2.073521137237549272e+00
2.073319911956786665e+00
2.074660539627074751e+00
2.076267480850220171e+00
2.076194047927856445e+00
2.078700065612793413e+00
2.079735517501831055e+00
2.080275774002074751e+00
2.081974506378174272e+00
2.084584474563598189e+00
2.083124637603760210e+00
2.084399461746215820e+00
2.085523128509521040e+00
2.086194515228271484e+00
2.086999654769897017e+00
2.089446544647216797e+00
2.089690446853637695e+00
2.092354774475097656e+00
2.091208457946777344e+00
2.093508720397948775e+00
2.092645645141601562e+00
2.094006061553955078e+00
2.095374107360840288e+00
2.096139669418334961e+00
2.096672773361206055e+00
2.099388599395751953e+00
2.098954677581786665e+00
2.099196910858154297e+00
2.101742029190063477e+00
2.101605176925659180e+00
2.104583978652954102e+00
2.104927539825439453e+00
2.105004072189331055e+00
2.106914520263671875e+00
2.107566833496093750e+00
2.108154773712158203e+00
2.109553337097168413e+00
2.109261035919189009e+00
2.109593629837035689e+00
2.112494945526123047e+00
2.112668275833129883e+00
2.113617658615112305e+00
2.116097211837768999e+00
2.116958618164062500e+00
2.118181467056274414e+00
2.120024681091308594e+00
2.119768857955932617e+00
2.120502471923828125e+00
2.123261928558349609e+00
2.123353481292724609e+00
2.124330997467041016e+00
2.126199722290039062e+00
2.126785278320312500e+00
2.129699468612670898e+00
2.129893302917480469e+00
2.130539894104004350e+00
2.131827592849731445e+00
2.133126020431518555e+00
2.133560895919800249e+00
2.134837627410888672e+00
2.137520790100097656e+00
2.137605905532836914e+00
2.140194892883301225e+00
2.141204118728637695e+00
2.141139984130859819e+00
2.143972635269165039e+00
2.143433332443237305e+00
2.144470453262329102e+00
2.145941257476806197e+00
2.147891759872436523e+00
2.148189067840575728e+00
2.149689912796020508e+00
2.150610923767090288e+00
2.151710510253906250e+00
2.151736259460448775e+00
2.151649475097655806e+00
2.153035402297973633e+00
2.153645038604736328e+00
2.153975486755370650e+00
2.156567096710205078e+00
2.157061576843261719e+00
2.158130407333374023e+00
2.159804105758666992e+00
2.160046577453613281e+00
2.161844491958618164e+00
2.162789821624755859e+00
2.162382364273071733e+00
2.163659572601318359e+00
2.163967609405517578e+00
2.163788795471191406e+00
2.165490627288818359e+00
2.166447639465331587e+00
2.166958570480346680e+00
2.167992353439331055e+00
2.169619083404541016e+00
2.170598983764648438e+00
2.170614480972290039e+00
2.172153711318969727e+00
2.173352479934692383e+00
2.173504590988159180e+00
2.174178361892699751e+00
2.175492763519286665e+00
2.176511049270629883e+00
2.178042173385620117e+00
2.178251504898071733e+00
2.179547309875488281e+00
2.180168628692626953e+00
2.180474281311034712e+00
2.181722879409790039e+00
2.183355093002319780e+00
2.183541059494018555e+00
2.184446096420288086e+00
2.184495925903320312e+00
2.185739994049072266e+00
2.185663461685180664e+00
2.186959266662597656e+00
2.188575267791748047e+00
2.189731597900390181e+00
2.189825057983398438e+00
2.192983150482177734e+00
2.192838668823241743e+00
2.193490982055664062e+00
2.194296598434447798e+00
2.196270227432250977e+00
2.195995330810546875e+00
2.197832584381103516e+00
2.197628974914551225e+00
2.198454141616821289e+00
2.198279142379760742e+00
2.200935125350951704e+00
2.201795101165771484e+00
2.201923847198486328e+00
2.204146146774291992e+00
2.204092741012572798e+00
2.204736471176147461e+00
2.205046415328979492e+00
2.206207275390625000e+00
2.206954717636108398e+00
2.207406520843505859e+00
2.209421873092651811e+00
2.210867881774902344e+00
2.211299896240234375e+00
2.212675333023071733e+00
2.214224100112915039e+00
2.214985132217407227e+00
2.216186761856079102e+00
2.216287851333618164e+00
2.218507766723633257e+00
2.218292951583862305e+00
2.220340728759765625e+00
2.221016407012939453e+00
2.222606658935546875e+00
2.224134206771850586e+00
2.224934339523315430e+00
2.223752021789550781e+00
2.223731517791748047e+00
2.226455926895141602e+00
2.226495981216430664e+00
2.228043079376220703e+00
2.228902578353881836e+00
2.230147600173950195e+00
2.230487823486328125e+00
2.232041835784912109e+00
2.232561588287353072e+00
2.235405445098876953e+00
2.237074613571166992e+00
2.237384557723999023e+00
2.238298892974853072e+00
2.240903139114379883e+00
2.240651369094848633e+00
2.242271661758423296e+00
2.243730545043945312e+00
2.244069099426269087e+00
2.246192455291748047e+00
2.245826482772826704e+00
2.248582363128662109e+00
2.248242616653442383e+00
2.248739004135131836e+00
2.250880718231201172e+00
2.250999450683593750e+00
2.251033067703247070e+00
2.253347635269165039e+00
2.253797292709350586e+00
2.254612684249877930e+00
2.256798267364501953e+00
2.256480693817138672e+00
2.256336450576782227e+00
2.258268356323241743e+00
2.259941339492798296e+00
2.259522438049316406e+00
2.261255502700805664e+00
2.259727001190185103e+00
2.260892152786254883e+00
2.260125875473022461e+00
2.261499881744384766e+00
2.262077569961548296e+00
2.262501955032348633e+00
2.263005018234252930e+00
2.263287305831909180e+00
2.264476537704468218e+00
2.265331506729125977e+00
2.266720056533813032e+00
2.266836881637572798e+00
2.266313076019287109e+00
2.266886711120605025e+00
2.268378973007201704e+00
2.268611907958984375e+00
2.269058942794799805e+00
2.269375324249268022e+00
2.270556688308715820e+00
2.270874738693237305e+00
2.270810604095458984e+00
2.270703315734863725e+00
2.272093534469604492e+00
2.272147417068481001e+00
2.271845102310180664e+00
2.273188829421997070e+00
2.273413419723510742e+00
2.274494886398315430e+00
2.274766206741333008e+00
2.275607585906982422e+00
2.276554584503173828e+00
2.277234077453613281e+00
2.278006553649902344e+00
2.279226779937744141e+00
2.279045820236206055e+00
2.279312372207641602e+00
2.278920173645019531e+00
2.280315637588500977e+00
2.280328035354614258e+00
2.282012462615966797e+00
2.282716989517211914e+00
2.282773971557616743e+00
2.284621715545654297e+00
2.284242630004883257e+00
2.286018133163451704e+00
2.285737276077270508e+00
2.286681413650512695e+00
2.287464380264282227e+00
2.288115501403808594e+00
2.288773298263549805e+00
2.289549350738525391e+00
2.289569139480590820e+00
2.291785240173339844e+00
2.291615962982177734e+00
2.292042016983031782e+00
2.291442394256591797e+00
2.293319225311279741e+00
2.293563127517700195e+00
2.294069766998291016e+00
2.295516490936279741e+00
2.296392202377319780e+00
2.296235561370849609e+00
2.297208070755004883e+00
2.298523187637329102e+00
2.299363136291503906e+00
2.299154520034790039e+00
2.299278974533081055e+00
2.300013780593872070e+00
2.301288604736328125e+00
2.301604986190795898e+00
2.304052829742432085e+00
2.303715705871582031e+00
2.304631710052490234e+00
2.305268049240112305e+00
2.305464029312134233e+00
2.306800842285155806e+00
2.307310342788696289e+00
2.307509899139404297e+00
2.308769702911376953e+00
2.309435844421386719e+00
2.310245990753173828e+00
2.310250043869018555e+00
2.311598062515259233e+00
2.310720682144165039e+00
2.312903165817260742e+00
2.312864542007446289e+00
2.313875436782836914e+00
2.315263986587524414e+00
2.314989566802978516e+00
2.316272020339965820e+00
2.317760229110717773e+00
2.317407369613647461e+00
2.318802118301392046e+00
2.320440769195556641e+00
2.320461750030517578e+00
2.321069240570068359e+00
2.321520805358886719e+00
2.321553230285644531e+00
2.321650028228760210e+00
2.323566436767578125e+00
2.324246406555175781e+00
2.324207544326782227e+00
2.325067520141601562e+00
2.325577974319458008e+00
2.326246738433837891e+00
2.327015399932861328e+00
2.328166484832764116e+00
2.328698873519897017e+00
2.329556226730346680e+00
2.329586029052734375e+00
2.331221818923950195e+00
2.332238435745239702e+00
2.332578897476196289e+00
2.334624767303466797e+00
2.334684848785400391e+00
2.334778308868408203e+00
2.336176156997680664e+00
2.338182210922240767e+00
2.337724685668945312e+00
2.337697744369506836e+00
2.340097427368164062e+00
2.339891195297240767e+00
2.340784788131713867e+00
2.340008497238159180e+00
2.342668771743774414e+00
2.343331575393676758e+00
2.343440294265747070e+00
2.345993757247924805e+00
2.346425056457519531e+00
2.347308397293090820e+00
2.348383665084838867e+00
2.349100828170776367e+00
2.350169181823730469e+00
2.352286815643310547e+00
2.351826906204224077e+00
2.353080987930298296e+00
2.354199409484863725e+00
2.354267835617064986e+00
2.355026483535766602e+00
2.355526447296142578e+00
2.355468034744262695e+00
2.355470657348633257e+00
2.356600284576416016e+00
2.357995748519897017e+00
2.358014345169067383e+00
2.359152555465698242e+00
2.359651088714600053e+00
2.361729860305786133e+00
2.360627174377441406e+00
2.361150979995727539e+00
2.361956357955932617e+00
2.362782239913940430e+00
2.363258600234985352e+00
2.364926815032958984e+00
2.365454196929932085e+00
2.366649150848388672e+00
2.367540359497070312e+00
2.368869781494140625e+00
2.368838548660278320e+00
2.369796037673950195e+00
2.370328187942504883e+00
2.370366334915161133e+00
2.371601581573486328e+00
2.371923208236694336e+00
2.372660160064697266e+00
2.374173402786254883e+00
2.374511480331420898e+00
2.374891042709350586e+00
2.375624895095825195e+00
2.375640869140625000e+00
2.377431631088256836e+00
2.377178668975830078e+00
2.376825571060180664e+00
2.378780364990234375e+00
2.378836154937744141e+00
2.380100488662720171e+00
2.382123947143554688e+00
2.381848096847534180e+00
2.382933855056762695e+00
2.383980274200439453e+00
2.383868217468261719e+00
2.385607242584228516e+00
2.386014223098754883e+00
2.387900829315185103e+00
2.388530969619750977e+00
2.389296531677246094e+00
2.389666080474853072e+00
2.391372919082641602e+00
2.392335176467895508e+00
2.393162965774536133e+00
2.394354820251464844e+00
2.394201517105102539e+00
2.396163225173950195e+00
2.395804166793823242e+00
2.397352695465087891e+00
2.397941827774048296e+00
2.400543689727783203e+00
2.400004148483276367e+00
2.402160882949829102e+00
2.402069807052612305e+00
2.402801036834716797e+00
2.404896974563598189e+00
2.404203891754150391e+00
2.404703855514526367e+00
2.406283855438232422e+00
2.406270980834960938e+00
2.407913923263549805e+00
2.409495830535888672e+00
2.409608602523804155e+00
2.410176515579224077e+00
2.410270929336548296e+00
2.410865068435668945e+00
2.411382198333739790e+00
2.412694931030272993e+00
2.413549900054932085e+00
2.413589239120483398e+00
2.415079593658447710e+00
2.415380954742432085e+00
2.416391372680664062e+00
2.418032407760620117e+00
2.418168783187865767e+00
2.418371200561523438e+00
2.418740749359130859e+00
2.418790340423583984e+00
2.421369791030884233e+00
2.421152830123901367e+00
2.422242403030395508e+00
2.423325300216674805e+00
2.424489736557006836e+00
2.424669265747070312e+00
2.426551580429076704e+00
2.426544427871704102e+00
2.426596164703369141e+00
2.428473711013793945e+00
2.428198337554932085e+00
2.427806615829468218e+00
2.428409099578857422e+00
2.429148197174072266e+00
2.428869962692260742e+00
2.429227590560913086e+00
2.430158138275146484e+00
2.431557178497314453e+00
2.431444406509399414e+00
2.431513547897338867e+00
2.433105707168579102e+00
2.431925773620605025e+00
2.431982278823852539e+00
2.433676958084106445e+00
2.433862924575805664e+00
2.434380054473876953e+00
2.434655904769897017e+00
2.434569120407104492e+00
2.435272693634033203e+00
2.434696197509765625e+00
2.432093858718872070e+00
2.432926416397094727e+00
2.433153629302978516e+00
2.434144496917724609e+00
2.434387683868408203e+00
2.434460878372192383e+00
2.435256242752075195e+00
2.436185598373413086e+00
2.438358068466186523e+00
2.438333988189697266e+00
2.440353631973266602e+00
2.440565347671509233e+00
2.440709114074707031e+00
2.441174030303955078e+00
2.444103002548217773e+00
2.444184541702270508e+00
2.443879842758178711e+00
2.444793701171875000e+00
2.445895433425903764e+00
2.445875406265259233e+00
2.446000576019287109e+00
2.447220087051392046e+00
2.448575258255004883e+00
2.449820041656494141e+00
2.451220273971557617e+00
2.450932741165161133e+00
2.452250242233276367e+00
2.453450202941894531e+00
2.452608823776245117e+00
2.453082084655761719e+00
2.452754735946655718e+00
2.454185724258423296e+00
2.454575061798096147e+00
2.455311059951782227e+00
2.455224037170410156e+00
2.456172227859497070e+00
2.457295656204224077e+00
2.458832740783691406e+00
2.459551572799682617e+00
2.461713314056396484e+00
2.461569309234619141e+00
2.461208343505859819e+00
2.462897062301636186e+00
2.463435888290405273e+00
2.464261054992675781e+00
2.465723991394042969e+00
2.466804504394531250e+00
2.467036247253417969e+00
2.467863082885741743e+00
2.468621015548706055e+00
2.468647241592407227e+00
2.470498085021972656e+00
2.471269369125365767e+00
2.472923755645751953e+00
2.472724437713623047e+00
2.472929716110229048e+00
2.474704027175903764e+00
2.475679636001586914e+00
2.476540565490722656e+00
2.479392051696777344e+00
2.478026866912841797e+00
2.479629993438720703e+00
2.478896856307983398e+00
2.480144977569580078e+00
2.480056524276733398e+00
2.481501817703247070e+00
2.482808828353881836e+00
2.483680248260498047e+00
2.484660148620605025e+00
2.484692096710205078e+00
2.485086917877197266e+00
2.485858917236328125e+00
2.487825393676758257e+00
2.487747192382812500e+00
2.487884759902954102e+00
2.488674163818359819e+00
2.489770174026489258e+00
2.489918470382690430e+00
2.491254568099976030e+00
2.489224195480346680e+00
2.489187717437744141e+00
2.491732358932495117e+00
2.490642309188842773e+00
2.491250514984130859e+00
2.489820241928100586e+00
2.490759134292602539e+00
2.490654230117798296e+00
2.491319179534912109e+00
2.492023468017578125e+00
2.494350194931030273e+00
2.494828224182128906e+00
2.495808601379394531e+00
2.496314048767089844e+00
2.496547222137451172e+00
2.498100042343140093e+00
2.499677419662476030e+00
2.498458623886108398e+00
2.500031709671020508e+00
2.501368284225463867e+00
2.502186775207519531e+00
2.503105878829956055e+00
2.504366159439086914e+00
2.504304647445678711e+00
2.505143165588378906e+00
2.505288362503052202e+00
2.507082462310791016e+00
2.507517814636230469e+00
2.507636547088623047e+00
2.508499622344970703e+00
2.509826421737670898e+00
2.510527610778808594e+00
2.510607719421386719e+00
2.512929677963256836e+00
2.513643503189086914e+00
2.514475107192993164e+00
2.515968561172485352e+00
2.516105413436889648e+00
2.516999244689941406e+00
2.517730474472045898e+00
2.519732713699340820e+00
2.519256353378295898e+00
2.519971370697021040e+00
2.521925210952759233e+00
2.522183895111083984e+00
2.523447513580322266e+00
2.524126291275024414e+00
2.525783538818359819e+00
2.526837110519409180e+00
2.527717113494873047e+00
2.527954816818237305e+00
2.529946565628052202e+00
2.531269311904907227e+00
2.532667398452759233e+00
2.534348726272583008e+00
2.534251213073730469e+00
2.535736083984375000e+00
2.536979198455810547e+00
2.537244558334350586e+00
2.538502931594848633e+00
2.539356470108031782e+00
2.541295528411864790e+00
2.541899681091308594e+00
2.542307376861572266e+00
2.543687105178833008e+00
2.544938564300537109e+00
2.547082424163818359e+00
2.547914743423461914e+00
2.548407316207885742e+00
2.550864696502685103e+00
2.551418542861938477e+00
2.551234960556030273e+00
2.552243232727050781e+00
2.553210735321044922e+00
2.553258419036864790e+00
2.555755615234375000e+00
2.556041240692138672e+00
2.556863069534301758e+00
2.558226585388184038e+00
2.559159994125365767e+00
2.558914184570312500e+00
2.560992002487182617e+00
2.560627698898315430e+00
2.561287641525268999e+00
2.562706470489501953e+00
2.562680244445800781e+00
2.564421176910400391e+00
2.564922571182250977e+00
2.564978599548339844e+00
2.565840482711791992e+00
2.566136360168457031e+00
2.566924095153808594e+00
2.568650484085083008e+00
2.569572925567626953e+00
2.570183992385864258e+00
2.570993900299072266e+00
2.571694135665893555e+00
2.572343826293945312e+00
2.572844982147216797e+00
2.574681043624877930e+00
2.574708938598633257e+00
2.575443029403686523e+00
2.576318740844726562e+00
2.577080488204956055e+00
2.577821731567383257e+00
2.579271793365478516e+00
2.580561637878417969e+00
2.580726623535155806e+00
2.580599784851074219e+00
2.581882238388061079e+00
2.583156108856201172e+00
2.583722829818725586e+00
2.585508108139038086e+00
2.586794137954711914e+00
2.586952686309814453e+00
2.588388204574584961e+00
2.589505672454833984e+00
2.588907957077026367e+00
2.589969635009765625e+00
2.590940475463866743e+00
2.592993259429932085e+00
2.594489097595214844e+00
2.595661640167236328e+00
2.595795631408691406e+00
2.597154378890990767e+00
2.598430156707764116e+00
2.599009275436401367e+00
2.600009679794311523e+00
2.601073026657104492e+00
2.602633237838745117e+00
2.603190660476685014e+00
2.603499174118041992e+00
2.605645179748535156e+00
2.606272459030151811e+00
2.606653690338134766e+00
2.608059644699096680e+00
2.609197616577148438e+00
2.609690666198730469e+00
2.611582279205322266e+00
2.612708568572998047e+00
2.612178087234497070e+00
2.612807750701904297e+00
2.612774133682250977e+00
2.613703966140747070e+00
2.615692853927612305e+00
2.616006851196289062e+00
2.616253137588500977e+00
2.617320060729980469e+00
2.618088245391845703e+00
2.618716955184936523e+00
2.621109962463378906e+00
2.621195793151855469e+00
2.621376276016235796e+00
2.623834133148193359e+00
2.623813390731811523e+00
2.623887777328490767e+00
2.625075578689575195e+00
2.625258445739746094e+00
2.626143932342529297e+00
2.627643823623656782e+00
2.627262115478516069e+00
2.628845453262329102e+00
2.630426406860352007e+00
2.629810571670531782e+00
2.630454540252685103e+00
2.630394935607910156e+00
2.631851196289062500e+00
2.634148120880126953e+00
2.634206295013428178e+00
2.635028600692749023e+00
2.636660337448120117e+00
2.636517286300659180e+00
2.637631177902221680e+00
2.639430761337280273e+00
2.639194726943969727e+00
2.641242504119873047e+00
2.642431020736694336e+00
2.641754150390625000e+00
2.643006801605224609e+00
2.642367124557495117e+00
2.643379926681518555e+00
2.645502567291260210e+00
2.647150039672852007e+00
2.647177457809447798e+00
2.648206949234009233e+00
2.647868871688842773e+00
2.649260520935058594e+00
2.649804592132568359e+00
2.650378465652465820e+00
2.651417970657348633e+00
2.652292013168334961e+00
2.653906106948852539e+00
2.653039932250977007e+00
2.654568195343017578e+00
2.655095338821411133e+00
2.656579494476318359e+00
2.657408475875854492e+00
2.659780263900756836e+00
2.660110235214233398e+00
2.660686254501342773e+00
2.660172700881958008e+00
2.662974119186401367e+00
2.662979125976562500e+00
2.663756847381591797e+00
2.666370630264282227e+00
2.667438030242919922e+00
2.668895721435546875e+00
2.669616937637329102e+00
2.669599294662476030e+00
2.671706438064575195e+00
2.672370195388793945e+00
2.673028230667114258e+00
2.674592971801758257e+00
2.675917387008666992e+00
2.677101612091064453e+00
2.678657770156860352e+00
2.678466320037841797e+00
2.679152011871337891e+00
2.680441379547119141e+00
2.681107997894287109e+00
2.682116508483886719e+00
2.683448314666748047e+00
2.683469295501708984e+00
2.684681892395019531e+00
2.685466051101685014e+00
2.685845613479614258e+00
2.686752319335937056e+00
2.688531160354614258e+00
2.689078807830810547e+00
2.689729928970336914e+00
2.689469099044799805e+00
2.690397739410400391e+00
2.690451860427856445e+00
2.692490339279174805e+00
2.693319082260131836e+00
2.694363117218017578e+00
2.695352077484130859e+00
2.696081638336181641e+00
2.697076559066772461e+00
2.697290182113647461e+00
2.696747779846191406e+00
2.698583364486694336e+00
2.699633359909057617e+00
2.699912786483764648e+00
2.700640678405761719e+00
2.701215744018554688e+00
2.702394723892211914e+00
2.703287601470947710e+00
2.704196691513061079e+00
2.704936742782592773e+00
2.706482410430908203e+00
2.706206560134888139e+00
2.707956552505493164e+00
2.708007335662841797e+00
2.707979440689086914e+00
2.709028244018554688e+00
2.710558414459228516e+00
2.711527824401855469e+00
2.711553812026977095e+00
2.712404727935791016e+00
2.712628841400146484e+00
2.714771747589111772e+00
2.715440988540649414e+00
2.716883659362792969e+00
2.717837095260620117e+00
2.718351602554321289e+00
2.718819618225097656e+00
2.720517635345458984e+00
2.721304893493652344e+00
2.723093748092651811e+00
2.723601341247558594e+00
2.724205255508423296e+00
2.725127696990966797e+00
2.726275205612182617e+00
2.726604223251342773e+00
2.728992938995361328e+00
2.729272842407226562e+00
2.729278326034545898e+00
2.730716466903686523e+00
2.731259584426879883e+00
2.732160806655884233e+00
2.734761714935302734e+00
2.734181165695190430e+00
2.734656572341918945e+00
2.735357046127319780e+00
2.737080097198486328e+00
2.737544536590576172e+00
2.737991333007812500e+00
2.738803386688232422e+00
2.740027666091918945e+00
2.741438388824462891e+00
2.741638183593750000e+00
2.742640256881713867e+00
2.742894887924194336e+00
2.743025064468384233e+00
2.744449853897094727e+00
2.744891166687012163e+00
2.745795726776123047e+00
2.747254610061645064e+00
2.748019933700561079e+00
2.748113393783569336e+00
2.748582601547240767e+00
2.750015735626220703e+00
2.751051664352416992e+00
2.752386569976806197e+00
2.753027915954589844e+00
2.753743171691894531e+00
2.754713535308837891e+00
2.755856275558472124e+00
2.757141590118408203e+00
2.758544921875000000e+00
2.758605957031250000e+00
2.758962869644165039e+00
2.760129451751708984e+00
2.760643959045410156e+00
2.761973857879638672e+00
2.763575553894042969e+00
2.763420104980468750e+00
2.764083385467529297e+00
2.764655351638793945e+00
2.765484333038330078e+00
2.766325712203979492e+00
2.766591787338256836e+00
2.767697095870972124e+00
2.768773078918457031e+00
2.769794225692749023e+00
2.771148443222045898e+00
2.772642374038696289e+00
2.773240804672240767e+00
2.773921966552734375e+00
2.775513648986816406e+00
2.775567054748535156e+00
2.776294231414794922e+00
2.777665376663208008e+00
2.779373645782470703e+00
2.781193017959594727e+00
2.781388998031615767e+00
2.782708168029785156e+00
2.783478021621704102e+00
2.784898519515990767e+00
2.784742832183837891e+00
2.786265850067138672e+00
2.787534236907958984e+00
2.788473844528198242e+00
2.788815021514892578e+00
2.790117025375365767e+00
2.791043519973754883e+00
2.790713071823120117e+00
2.791271924972534180e+00
2.793771028518676758e+00
2.793634891510009766e+00
2.794440746307373047e+00
2.796131610870361328e+00
2.796161174774169922e+00
2.796364545822143999e+00
2.798322677612304688e+00
2.798669338226318359e+00
2.799771070480346680e+00
2.800626039505004883e+00
2.799883365631103516e+00
2.802370786666870117e+00
2.801648378372192383e+00
2.801052093505859819e+00
2.803591728210449219e+00
2.803976774215698242e+00
2.805881977081298828e+00
2.805857896804809570e+00
2.807538270950317383e+00
2.807118892669677734e+00
2.809069633483886719e+00
2.807881116867064986e+00
2.808901786804199219e+00
2.809967517852783203e+00
2.809191942214965820e+00
2.810234308242798296e+00
2.811220884323120117e+00
2.812034368515014204e+00
2.813151359558105025e+00
2.814258337020874023e+00
2.814427137374877930e+00
2.814805984497070312e+00
2.817208051681518555e+00
2.817758560180663618e+00
2.818326473236083984e+00
2.820411682128906250e+00
2.820575237274169922e+00
2.822865724563598189e+00
2.823387384414673296e+00
2.823203802108764648e+00
2.824458599090576172e+00
2.824220895767211914e+00
2.825469493865966797e+00
2.825920104980468750e+00
2.827587842941283736e+00
2.829142808914185014e+00
2.830437660217285156e+00
2.831252574920654297e+00
2.831133127212524414e+00
2.833794116973876953e+00
2.833748579025268999e+00
2.836145401000977007e+00
2.836704492568969727e+00
2.838338375091552734e+00
2.840466499328613281e+00
2.841333389282226562e+00
2.842585563659667969e+00
2.843259811401366743e+00
2.843702077865600586e+00
2.844149589538573775e+00
2.845533847808837891e+00
2.846563100814819780e+00
2.846891880035400391e+00
2.849305629730224609e+00
2.849188566207885742e+00
2.851524353027344194e+00
2.851521492004394531e+00
2.852542161941528320e+00
2.852568387985229048e+00
2.854018449783325195e+00
2.855304479598998579e+00
2.855638742446899414e+00
2.857861280441283736e+00
2.857746362686156782e+00
2.859446048736572266e+00
2.859446763992309570e+00
2.860136032104491743e+00
2.861873626708984375e+00
2.861543655395508257e+00
2.864010095596313032e+00
2.864749670028686523e+00
2.864877223968506303e+00
2.866377592086791992e+00
2.867091655731201172e+00
2.866681814193725586e+00
2.869661808013916016e+00
2.869632720947265625e+00
2.870662927627563477e+00
2.872668027877808061e+00
2.873201131820678711e+00
2.873606681823730469e+00
2.875642776489258257e+00
2.877304792404174805e+00
2.877344369888305664e+00
2.880038976669311523e+00
2.880364179611206055e+00
2.880004644393921343e+00
2.882620573043823242e+00
2.883326530456542969e+00
2.882904052734375000e+00
2.885907888412476030e+00
2.885399103164673296e+00
2.886887073516845703e+00
2.888546943664551225e+00
2.888534307479858398e+00
2.891137361526489258e+00
2.890490531921386719e+00
2.891710996627808061e+00
2.893546342849731445e+00
2.894175529479980469e+00
2.895784616470336914e+00
2.897783756256103516e+00
2.897862672805786133e+00
2.898229360580444336e+00
2.899703741073608398e+00
2.899622201919556108e+00
2.900488138198852539e+00
2.902604579925537109e+00
2.903678178787231445e+00
2.905381202697753906e+00
2.905639171600341797e+00
2.906439304351806197e+00
2.905982971191406250e+00
2.907191038131713867e+00
2.910134553909301758e+00
2.909920692443848100e+00
2.910696268081665039e+00
2.911462545394897017e+00
2.912291526794433594e+00
2.913931846618652344e+00
2.914191961288451704e+00
2.915466308593750000e+00
2.914897680282592773e+00
2.916104793548583984e+00
2.917807579040527788e+00
2.917323350906372070e+00
2.919005155563354492e+00
2.920740365982056108e+00
2.920439720153808594e+00
2.922525167465209961e+00
2.924333572387695757e+00
2.924594879150390181e+00
2.925028085708618164e+00
2.924756765365600586e+00
2.925951004028320312e+00
2.928481101989746094e+00
2.928928136825561079e+00
2.930678367614746094e+00
2.931318759918212891e+00
2.932736873626708984e+00
2.933474779129028320e+00
2.934857845306396484e+00
2.934937477111816406e+00
2.934952974319458008e+00
2.937402486801147461e+00
2.937674522399902344e+00
2.939168214797973633e+00
2.939105272293091264e+00
2.940674781799316406e+00
2.940786600112915039e+00
2.942508459091186523e+00
2.943989515304564986e+00
2.943521261215209961e+00
2.946822404861450195e+00
2.946927309036254883e+00
2.948148488998413086e+00
2.947879314422607422e+00
2.948994874954224077e+00
2.950720071792602539e+00
2.950368165969848633e+00
2.951855659484863725e+00
2.953035831451416016e+00
2.953783035278320312e+00
2.955329179763793945e+00
2.955107450485229048e+00
2.955531120300292969e+00
2.956058025360107422e+00
2.959182500839233398e+00
2.958990097045898438e+00
2.959342241287231445e+00
2.961939811706542969e+00
2.961957216262817383e+00
2.962512493133544922e+00
2.963361740112304688e+00
2.964852094650268999e+00
2.965221405029296875e+00
2.966751337051392046e+00
2.968125343322753906e+00
2.967676877975463867e+00
2.969244003295898438e+00
2.969424962997436523e+00
2.972187280654907227e+00
2.972447633743286133e+00
2.973104953765868697e+00
2.974245548248291016e+00
2.974718570709228516e+00
2.975200176239013672e+00
2.976905822753906250e+00
2.978147029876708984e+00
2.978651285171508789e+00
2.979958057403564453e+00
2.981989145278930664e+00
2.982081890106201172e+00
2.983500957489013672e+00
2.982975244522094727e+00
2.985958576202392578e+00
2.985800266265868697e+00
2.987675666809082031e+00
2.988960504531860352e+00
2.989239931106567383e+00
2.990127801895141602e+00
2.993417501449584961e+00
2.993536233901977095e+00
2.994940519332885742e+00
2.995631217956542969e+00
2.996666431427001953e+00
2.998271942138671875e+00
2.999250173568725586e+00
2.999132394790649414e+00
3.000210762023926225e+00
3.002620935440063477e+00
3.003167867660522461e+00
3.003238677978516069e+00
3.005590915679932085e+00
3.005574226379394531e+00
3.007189989089966264e+00
3.007314443588256836e+00
3.008756160736083984e+00
3.009015083312988281e+00
3.009708642959594727e+00
3.010288715362548828e+00
3.012906789779663086e+00
3.012351512908935547e+00
3.012516021728516069e+00
3.012915134429932085e+00
3.013011217117309570e+00
3.014507055282592773e+00
3.014876365661621094e+00
3.016611814498901367e+00
3.018586158752441406e+00
3.019418001174926758e+00
3.019743680953979492e+00
3.019351243972778320e+00
3.021132707595825195e+00
3.022618532180786133e+00
3.024452209472655806e+00
3.024688482284546343e+00
3.024806499481201172e+00
3.027575731277466264e+00
3.027652025222778320e+00
3.029199838638305664e+00
3.029536724090576172e+00
3.030451297760009766e+00
3.030997037887572798e+00
3.031635284423828125e+00
3.031640529632568359e+00
3.033676624298096147e+00
3.036668300628662109e+00
3.036479234695434570e+00
3.037497758865356445e+00
3.039749145507812500e+00
3.039469480514526367e+00
3.040645599365234375e+00
3.040080547332764116e+00
3.040830373764038086e+00
3.042685985565185103e+00
3.042444467544556108e+00
3.044020175933837891e+00
3.045780658721923828e+00
3.045277595520019531e+00
3.046827316284180132e+00
3.047485351562500000e+00
3.046770811080932617e+00
3.047206640243530273e+00
3.048758983612060547e+00
3.050593852996826172e+00
3.051159143447876421e+00
3.051953554153442383e+00
3.052285432815552202e+00
3.054685115814208984e+00
3.055055618286133257e+00
3.056013345718383789e+00
3.057719707489013672e+00
3.057179689407348633e+00
3.057585477828979492e+00
3.058537483215332031e+00
3.060306310653686523e+00
3.061081647872924805e+00
3.061272382736206055e+00
3.062155723571777344e+00
3.063333511352538618e+00
3.063252210617064986e+00
3.065301418304443803e+00
3.064748287200928178e+00
3.066131114959716797e+00
3.067930698394775391e+00
3.068515300750732422e+00
3.068345308303833008e+00
3.068843841552734375e+00
3.070007801055908203e+00
3.070907115936279741e+00
3.071679353713989258e+00
3.072129011154174805e+00
3.074234485626220703e+00
3.076418876647948775e+00
3.076843500137328657e+00
3.077662944793701172e+00
3.078779458999633789e+00
3.079033136367798296e+00
3.078874588012695757e+00
3.080805301666260210e+00
3.080803394317626953e+00
3.081702709197998047e+00
3.081423282623291016e+00
3.082617521286010742e+00
3.083423137664794922e+00
3.084885358810424805e+00
3.084994316101073775e+00
3.086250066757201704e+00
3.087830066680908203e+00
3.088976383209228516e+00
3.089026212692260742e+00
3.089294910430908203e+00
3.090819358825684038e+00
3.091087102890014204e+00
3.092190265655517578e+00
3.092648506164551225e+00
3.093392133712768999e+00
3.095011472702026367e+00
3.095738887786864790e+00
3.096519947052001953e+00
3.097411394119262695e+00
3.098099946975708008e+00
3.099449634552001953e+00
3.101262331008911133e+00
3.102119207382201704e+00
3.104688644409180132e+00
3.104691267013549805e+00
3.106188297271728516e+00
3.107287645339966264e+00
3.107790946960448775e+00
3.109355449676513672e+00
3.109105587005615234e+00
3.109407663345336914e+00
3.110733747482299805e+00
3.112277984619140625e+00
3.113140106201171875e+00
3.113638639450072798e+00
3.113031864166260210e+00
3.114658594131469727e+00
3.115920066833496094e+00
3.116790056228637695e+00
3.118267059326171875e+00
3.118582963943481001e+00
3.119358539581298828e+00
3.119441032409667969e+00
3.122140884399413618e+00
3.122315883636474609e+00
3.123158216476440430e+00
3.125704526901245117e+00
3.125298023223876953e+00
3.126460790634155718e+00
3.127538681030272993e+00
3.128405809402466264e+00
3.128518342971801758e+00
3.130266904830932617e+00
3.131493330001831055e+00
3.131609439849853072e+00
3.133709192276001421e+00
3.134167194366455078e+00
3.134530544281006303e+00
3.135767459869384766e+00
3.135822296142578125e+00
3.136645317077636719e+00
3.137298822402953657e+00
3.137943744659423828e+00
3.139338731765747070e+00
3.140352725982666016e+00
3.140419721603393555e+00
3.141586542129516602e+00
3.141723871231078657e+00
3.143282413482666016e+00
3.144782543182373047e+00
3.146367073059082031e+00
3.146394252777100053e+00
3.147698163986206055e+00
3.148437500000000000e+00
3.149691343307495117e+00
3.150597095489501953e+00
3.152045488357543945e+00
3.152748346328735796e+00
3.154479503631591797e+00
3.154712438583373579e+00
3.156635284423828125e+00
3.157979011535644531e+00
3.158058643341064453e+00
3.159462213516235796e+00
3.159685611724853072e+00
3.160842657089233398e+00
3.161642313003540039e+00
3.162829160690308061e+00
3.163187503814697266e+00
3.164165496826171875e+00
3.165634870529174805e+00
3.167103290557861328e+00
3.167922019958496094e+00
3.167602539062500000e+00
3.168964385986328125e+00
3.169990777969360352e+00
3.170232772827148438e+00
3.171434879302978516e+00
3.172539710998535156e+00
3.172794818878173828e+00
3.176261425018310547e+00
3.176548242568969727e+00
3.177768468856811523e+00
3.177093267440796343e+00
3.178825855255126953e+00
3.179832458496093750e+00
3.179923057556152344e+00
3.180968999862671343e+00
3.181147336959838867e+00
3.181519746780395508e+00
3.183237552642822266e+00
3.184277534484863725e+00
3.185276746749877930e+00
3.184671878814697266e+00
3.185899972915649414e+00
3.186187505722046343e+00
3.187590837478637695e+00
3.189080953598022461e+00
3.189691305160522461e+00
3.191196680068969727e+00
3.191605091094970703e+00
3.192059516906738281e+00
3.191486835479736328e+00
3.193407297134399414e+00
3.195165395736694336e+00
3.193949222564697266e+00
3.194662094116211382e+00
3.195663452148437056e+00
3.196275472640991211e+00
3.197637081146239790e+00
3.198998689651489258e+00
3.199207067489623579e+00
3.200945615768432617e+00
3.200120449066162109e+00
3.201916456222533736e+00
3.202241182327270508e+00
3.203545808792114258e+00
3.204334020614623579e+00
3.205509424209594727e+00
3.206914424896239790e+00
3.207560777664185014e+00
3.209009408950805664e+00
3.209876060485839844e+00
3.211744785308837891e+00
3.211709022521972656e+00
3.213596582412720171e+00
3.215468168258666992e+00
3.216214418411254883e+00
3.217199087142944336e+00
3.217628955841064453e+00
3.219173908233642578e+00
3.220445871353149414e+00
3.221785545349121094e+00
3.222973585128783736e+00
3.223619461059570312e+00
3.226601600646972656e+00
3.226999759674072266e+00
3.229312419891357422e+00
3.229269742965698242e+00
3.229767084121703657e+00
3.229903936386108398e+00
3.230616092681884766e+00
3.230960369110107422e+00
3.233062267303466797e+00
3.233407258987426758e+00
3.235949754714966264e+00
3.237838506698608398e+00
3.237278938293457031e+00
3.237545490264892578e+00
3.239253997802734375e+00
3.239471197128296343e+00
3.239604949951171875e+00
3.242440462112426758e+00
3.242788314819336382e+00
3.244455575942993164e+00
3.245709419250488281e+00
3.246851205825805664e+00
3.248404741287231445e+00
3.249055147171020508e+00
3.249835252761841264e+00
3.250967502593993697e+00
3.251935720443725586e+00
3.253289222717285156e+00
3.254755258560180664e+00
3.254491090774536133e+00
3.254618406295776367e+00
3.255311727523804155e+00
3.256381273269653320e+00
3.256697177886962891e+00
3.258574247360229048e+00
3.258529901504516602e+00
3.259608983993530273e+00
3.260667324066162109e+00
3.261696338653564453e+00
3.262074232101440430e+00
3.262961149215698242e+00
3.263999938964844194e+00
3.265507459640502930e+00
3.265810489654541016e+00
3.266514539718627930e+00
3.267189025878906250e+00
3.269150972366333008e+00
3.270816087722778320e+00
3.271338462829589844e+00
3.271016836166381836e+00
3.271486282348633257e+00
3.273113012313842773e+00
3.274647474288940430e+00
3.275504112243652344e+00
3.276354312896728516e+00
3.278128862380981001e+00
3.278410196304321289e+00
3.279556751251220703e+00
3.280624151229858398e+00
3.281560897827148438e+00
3.282462358474731445e+00
3.284273862838745117e+00
3.285854816436768022e+00
3.286086320877075195e+00
3.287453651428222656e+00
3.289389610290527788e+00
3.290940999984741211e+00
3.290244579315185103e+00
3.293283700942993164e+00
3.293158292770385742e+00
3.294832229614258257e+00
3.294648647308349609e+00
3.295980215072631836e+00
3.297552108764648438e+00
3.297473192214966264e+00
3.298169136047363725e+00
3.299716949462890181e+00
3.300719022750854492e+00
3.301788091659546343e+00
3.302641153335571733e+00
3.303811788558959961e+00
3.303932428359985352e+00
3.305981636047363725e+00
3.307482481002808061e+00
3.306454420089721680e+00
3.308730363845825195e+00
3.309437036514282227e+00
3.311974763870239702e+00
3.313071250915527788e+00
3.313268184661864790e+00
3.313733339309692383e+00
3.315452814102173296e+00
3.317208766937256303e+00
3.318220615386962891e+00
3.319319725036621094e+00
3.321057558059692383e+00
3.321689128875732422e+00
3.322105407714844194e+00
3.323659658432006836e+00
3.324476480484008789e+00
3.326076030731201172e+00
3.325543403625488281e+00
3.327981472015381303e+00
3.329113006591796875e+00
3.329715013504028320e+00
3.330259799957275391e+00
3.329142332077026367e+00
3.329917192459106445e+00
3.331968069076538086e+00
3.331488609313964844e+00
3.332849502563477007e+00
3.333646774291991743e+00
3.334827661514282227e+00
3.334934473037720171e+00
3.335682392120361328e+00
3.336348295211791992e+00
3.336326837539673296e+00
3.337375402450561079e+00
3.338921308517456055e+00
3.339394092559814453e+00
3.340636491775512695e+00
3.341962337493896484e+00
3.342950105667114258e+00
3.343076944351196289e+00
3.342916011810302734e+00
3.345741033554076704e+00
3.347251653671264648e+00
3.347137689590453657e+00
3.347980976104736328e+00
3.348233699798583984e+00
3.350197315216064453e+00
3.351051092147826704e+00
3.353121042251586914e+00
3.352399826049804688e+00
3.354283809661864790e+00
3.352830886840820312e+00
3.352590560913086382e+00
3.353387832641601562e+00
3.356059312820434570e+00
3.357037305831908736e+00
3.358261585235596147e+00
3.359640359878540039e+00
3.359480857849121094e+00
3.359228610992432085e+00
3.359236240386962891e+00
3.362086057662963867e+00
3.362472295761108398e+00
3.363986730575561079e+00
3.364218711853027788e+00
3.364439964294433594e+00
3.365599155426025391e+00
3.367593526840209961e+00
3.369023323059082031e+00
3.369847536087036133e+00
3.370944738388061079e+00
3.372297763824462891e+00
3.372448682785033736e+00
3.375420808792114258e+00
3.376175880432128906e+00
3.377562046051025391e+00
3.377688169479370117e+00
3.377944231033325195e+00
3.378654956817626953e+00
3.378786325454711914e+00
3.379380226135253906e+00
3.380818367004394531e+00
3.381145000457764116e+00
3.382170200347900391e+00
3.382798433303833008e+00
3.384587287902832031e+00
3.384587526321411133e+00
3.386209249496459961e+00
3.387157678604126421e+00
3.387767314910888672e+00
3.389364719390868697e+00
3.390297174453735796e+00
3.389894723892211914e+00
3.391703367233276367e+00
3.391242980957031250e+00
3.392266273498535156e+00
3.393486499786376953e+00
3.393852710723876953e+00
3.394010305404663086e+00
3.395497083663940430e+00
3.394668579101562500e+00
3.396325111389160156e+00
3.397899627685546875e+00
3.397899866104126421e+00
3.400298357009888139e+00
3.401045560836791992e+00
3.402342557907104492e+00
3.403727054595947710e+00
3.403918743133544922e+00
3.404812812805176225e+00
3.405978441238403764e+00
3.406743764877319780e+00
3.408453226089477095e+00
3.409279346466064453e+00
3.410101890563964844e+00
3.411490201950072798e+00
3.411273956298828125e+00
3.411845445632934570e+00
3.413688659667968750e+00
3.413556575775146484e+00
3.414388179779052734e+00
3.414162635803222656e+00
3.416753053665161133e+00
3.417089939117432085e+00
3.417795419692993164e+00
3.419131040573120117e+00
3.419543981552123579e+00
3.420548439025878906e+00
3.421565294265747070e+00
3.421582937240600586e+00
3.422918319702148438e+00
3.422583103179932085e+00
3.425126552581787109e+00
3.425982475280761719e+00
3.427149295806884766e+00
3.428367137908935547e+00
3.429481029510498047e+00
3.430271148681640625e+00
3.430576801300048828e+00
3.431099176406860352e+00
3.431437730789185014e+00
3.431718111038208008e+00
3.433666944503783736e+00
3.434513330459594727e+00
3.436095952987671343e+00
3.436176776885986328e+00
3.437151432037353072e+00
3.438097238540649414e+00
3.437941312789916992e+00
3.437932729721069336e+00
3.438814640045166016e+00
3.440496921539306197e+00
3.441250801086426225e+00
3.442044973373413086e+00
3.442741155624389648e+00
3.444486379623413086e+00
3.444678544998168945e+00
3.445803642272948775e+00
3.446683406829833984e+00
3.447535991668701172e+00
3.447001934051513672e+00
3.447934627532958984e+00
3.449886322021484375e+00
3.451123237609863725e+00
3.453415632247924805e+00
3.453237771987915039e+00
3.453010082244873047e+00
3.455162286758423296e+00
3.455150604248046875e+00
3.455051183700561079e+00
3.456911087036133257e+00
3.457852602005004883e+00
3.457827568054198775e+00
3.459918022155761719e+00
3.460590362548828125e+00
3.460614681243896484e+00
3.462895631790161133e+00
3.464051485061645064e+00
3.464436769485473633e+00
3.465321540832519531e+00
3.465195655822753906e+00
3.467131137847900391e+00
3.467561960220336914e+00
3.468648910522461382e+00
3.469778537750243697e+00
3.470138788223266602e+00
3.471284151077270508e+00
3.472715616226196289e+00
3.473019838333129883e+00
3.472865581512451172e+00
3.473783969879150391e+00
3.475148200988769087e+00
3.476834297180176225e+00
3.477128267288208008e+00
3.478087186813354492e+00
3.477577924728393555e+00
3.478931188583373579e+00
3.478228807449341264e+00
3.479080915451049805e+00
3.481257677078247070e+00
3.481305122375488281e+00
3.481691122055053711e+00
3.482978582382201704e+00
3.483093261718750000e+00
3.483602762222290039e+00
3.483922958374023438e+00
3.484859704971313032e+00
3.487117052078247070e+00
3.486641645431518555e+00
3.487530946731567383e+00
3.488773107528686523e+00
3.489512443542480469e+00
3.489387035369873047e+00
3.492157459259033203e+00
3.491571187973022461e+00
3.492864847183227539e+00
3.493350982666016069e+00
3.495062351226806197e+00
3.495236158370972124e+00
3.497518062591552734e+00
3.497639179229736328e+00
3.498212099075317383e+00
3.498118877410888672e+00
3.499554872512817383e+00
3.499467611312866211e+00
3.500260829925537109e+00
3.499985694885253906e+00
3.501236200332641602e+00
3.501723051071166992e+00
3.501827955245972124e+00
3.502627134323120117e+00
3.504444122314453125e+00
3.504642009735107422e+00
3.506282806396484375e+00
3.507054567337036133e+00
3.507287502288818359e+00
3.509619951248168945e+00
3.510463953018188477e+00
3.510547637939453125e+00
3.511404514312743697e+00
3.511539459228516069e+00
3.511498928070068359e+00
3.513068675994873047e+00
3.513808965682983398e+00
3.514168262481689009e+00
3.515966415405272993e+00
3.515578746795654297e+00
3.517086505889892578e+00
3.518437623977661133e+00
3.517464876174926758e+00
3.518779039382934570e+00
3.517615795135498047e+00
3.518240451812743697e+00
3.519433021545410156e+00
3.520075082778930664e+00
3.520065546035766602e+00
3.521112918853760210e+00
3.520541906356811523e+00
3.523049592971801758e+00
3.523014307022094727e+00
3.523405313491821289e+00
3.523351192474364790e+00
3.523750066757201704e+00
3.524430513381958008e+00
3.525132894515991211e+00
3.525605201721191406e+00
3.525506019592285156e+00
3.526077747344970703e+00
3.527359008789062500e+00
3.526671648025512695e+00
3.527818679809570312e+00
3.526880741119384766e+00
3.527833461761474609e+00
3.529401063919067383e+00
3.529012680053711382e+00
3.529905319213866743e+00
3.531224489212036133e+00
3.531541824340820312e+00
3.532275676727294922e+00
3.532703161239623579e+00
3.533636569976806197e+00
3.534789085388184038e+00
3.534998893737792969e+00
3.534656763076782227e+00
3.534672498703002930e+00
3.535673856735229048e+00
3.534895420074462891e+00
3.536888599395751953e+00
3.536834478378296343e+00
3.538584709167480469e+00
3.538795709609985352e+00
3.538569927215576172e+00
3.540887355804443803e+00
3.539977312088012695e+00
3.540194749832153320e+00
3.543132305145264116e+00
3.542550802230834961e+00
3.543575763702392578e+00
3.543429613113403764e+00
3.544831275939941406e+00
3.545337915420531782e+00
3.545860052108764648e+00
3.546779632568359819e+00
3.548826456069946289e+00
3.549659490585326704e+00
3.550227403640747070e+00
3.550559759140014204e+00
3.550672531127929688e+00
3.550421237945556641e+00
3.551478862762451172e+00
3.552881717681884766e+00
3.552920818328857422e+00
3.554572820663451704e+00
3.554398775100708008e+00
3.554469347000122070e+00
3.555941104888916016e+00
3.557097911834716797e+00
3.558534622192383257e+00
3.559486865997314453e+00
3.560023546218872070e+00
3.560542345046997070e+00
3.560761690139770508e+00
3.560892343521118164e+00
3.561893224716186523e+00
3.561669826507568359e+00
3.562578916549682617e+00
3.564250230789185014e+00
3.565165281295776367e+00
3.565374851226806197e+00
3.566337108612060547e+00
3.566123723983764648e+00
3.567692279815673828e+00
3.568670511245727539e+00
3.568564414978027788e+00
3.568648815155029297e+00
3.570922613143921343e+00
3.570413589477538618e+00
3.570225954055786133e+00
3.570329666137695757e+00
3.571256875991821289e+00
3.573016881942748579e+00
3.574865579605102539e+00
3.575428724288940430e+00
3.575703382492064986e+00
3.576992988586426225e+00
3.577701091766357422e+00
3.578636646270751953e+00
3.578760862350463867e+00
3.578041553497314453e+00
3.580703973770141602e+00
3.580421447753906250e+00
3.580934524536133257e+00
3.581476926803588867e+00
3.581344127655029297e+00
3.582077741622924805e+00
3.583788394927978516e+00
3.583652973175048828e+00
3.583084106445312500e+00
3.584479093551636186e+00
3.585677623748779741e+00
3.586733818054198775e+00
3.586252927780151811e+00
3.587619066238403764e+00
3.588169574737548828e+00
3.588895320892333984e+00
3.588912010192871094e+00
3.590875148773193359e+00
3.591590881347655806e+00
3.591306686401366743e+00
3.593810796737671343e+00
3.593685865402221680e+00
3.594347715377808061e+00
3.595722436904907227e+00
3.596047878265381303e+00
3.596790552139282227e+00
3.598057746887207031e+00
3.599135875701904297e+00
3.600183248519897017e+00
3.601016998291016069e+00
3.600467443466186523e+00
3.602674484252929688e+00
3.603234291076660156e+00
3.602467536926269087e+00
3.603443145751953125e+00
3.605012416839600053e+00
3.604968070983887163e+00
3.606978416442871094e+00
3.606533527374268022e+00
3.608155012130736861e+00
3.608953475952148882e+00
3.610664367675780806e+00
3.611215114593506303e+00
3.611990690231323242e+00
3.612536668777466264e+00
3.613497018814086914e+00
3.614173889160155806e+00
3.615061998367309570e+00
3.614516735076903853e+00
3.615399599075316939e+00
3.616970300674439365e+00
3.616697072982788086e+00
3.617823362350463867e+00
3.617844104766845703e+00
3.618380546569823775e+00
3.617967128753662109e+00
3.619012117385863814e+00
3.618981599807739258e+00
3.618883371353148970e+00
3.619576215744018555e+00
3.619603395462036133e+00
3.619367361068725586e+00
3.619471311569213867e+00
3.618845462799071822e+00
3.619224786758423296e+00
3.619068622589111328e+00
3.619678735733031782e+00
3.619832277297973633e+00
3.619103908538817471e+00
3.619956731796264648e+00
3.619784832000732866e+00
3.620131492614746094e+00
3.620108127593993697e+00
3.620991230010985440e+00
3.621235609054564986e+00
3.620699405670166016e+00
3.620380163192748579e+00
3.620528697967528853e+00
3.619283676147461382e+00
3.619598150253296343e+00
3.619572639465332031e+00
3.619615554809569424e+00
3.619724273681640625e+00
3.619959115982056108e+00
3.619512081146239790e+00
3.619634866714477539e+00
3.620358705520629883e+00
3.618961572647095171e+00
3.618568897247314453e+00
3.618520736694336382e+00
3.618345022201538086e+00
3.618707418441772905e+00
3.618940830230712891e+00
3.618746519088745117e+00
3.618077993392943892e+00
3.617764949798583984e+00
3.618022680282592773e+00
3.618066549301147905e+00
3.616875410079956055e+00
3.617077589035033736e+00
3.617050647735596147e+00
3.617688179016112837e+00
3.617019176483153409e+00
3.617496013641356978e+00
3.616012573242187944e+00
3.616184234619140625e+00
3.616370201110839844e+00
3.615844726562500000e+00
3.615387439727783203e+00
3.615448474884033203e+00
3.614586353302001953e+00
3.614743471145629883e+00
3.614508390426636186e+00
3.614375114440917969e+00
3.614696741104126421e+00
3.613363027572631836e+00
3.613654613494873047e+00
3.612499237060546875e+00
3.613151550292968750e+00
3.612681388854980913e+00
3.612363815307616743e+00
3.612116813659667969e+00
3.611734628677368164e+00
3.611493825912476030e+00
3.611176729202271396e+00
3.610847711563110352e+00
3.610865592956542969e+00
3.610032558441162109e+00
3.610019207000732866e+00
3.610112667083739790e+00
3.609800577163695845e+00
3.609930038452148882e+00
3.609376907348633257e+00
3.609398841857910156e+00
3.608328580856323242e+00
3.607882976531982422e+00
3.608035802841186523e+00
3.608719825744628906e+00
3.608865499496459961e+00
3.608958244323730469e+00
3.609227180480957031e+00
3.608944892883301225e+00
3.608003616333008257e+00
3.607811927795410156e+00
3.607363700866698775e+00
3.606694221496582031e+00
3.606425762176513672e+00
3.605626344680786133e+00
3.605814695358276811e+00
3.605482101440429688e+00
3.605514287948607954e+00
3.605399847030640093e+00
3.605112314224243164e+00
3.605199813842772993e+00
3.605235815048217773e+00
3.604880809783935991e+00
3.604349136352538618e+00
3.604145765304564986e+00
3.603729724884033203e+00
3.603153228759765625e+00
3.602723598480224609e+00
3.602782249450684038e+00
3.602421045303344727e+00
3.602784395217895508e+00
3.602838516235352007e+00
3.602913141250609463e+00
3.602889299392700195e+00
3.602541685104370117e+00
3.602662801742553711e+00
3.602221250534057617e+00
3.602655172348022461e+00
3.601627349853516069e+00
3.601501226425171343e+00
3.601835966110229048e+00
3.601549625396728516e+00
3.601678848266601562e+00
3.599764823913573775e+00
3.600324153900146484e+00
3.599886417388916016e+00
3.598126888275146484e+00
3.598751783370972124e+00
3.596926689147948775e+00
3.597453832626342773e+00
3.598401069641113281e+00
3.598434209823608398e+00
3.599871397018432617e+00
3.598098278045654297e+00
3.598806619644165039e+00
3.597903251647948775e+00
3.597519636154174805e+00
3.596325874328613281e+00
3.595546483993530273e+00
3.595897197723388672e+00
3.596542358398437056e+00
3.597083091735839844e+00
3.596503973007201704e+00
3.595537185668945312e+00
3.596106529235839844e+00
3.595049858093261719e+00
3.595133781433105025e+00
3.595278024673461914e+00
3.595000028610229048e+00
3.595566272735596147e+00
3.595076084136962891e+00
3.595348596572876421e+00
3.595994472503662109e+00
3.595767974853516069e+00
3.596267461776733398e+00
3.596055030822753906e+00
3.596818447113037109e+00
3.596782445907592773e+00
3.598033905029296875e+00
3.598067760467529297e+00
3.597606182098388672e+00
3.598354339599609375e+00
3.598557710647583008e+00
3.598427772521972656e+00
3.601601123809814453e+00
3.602032184600830078e+00
3.602204561233520508e+00
3.602782726287841797e+00
3.603205680847167969e+00
3.604417800903319868e+00
3.603832960128783736e+00
3.604471683502196822e+00
3.605546951293944868e+00
3.607568740844727007e+00
3.607500314712524858e+00
3.607887983322143999e+00
3.608493804931640625e+00
3.610099315643310991e+00
3.610012292861938477e+00
3.611069202423096147e+00
3.610990762710571289e+00
3.612142086029052734e+00
3.611272096633911133e+00
3.611580371856689453e+00
3.613020181655883789e+00
3.613517284393310991e+00
3.615004777908325195e+00
3.614300012588501421e+00
3.614461898803711382e+00
3.615559339523314986e+00
3.614854812622070312e+00
3.616251468658447266e+00
3.615451812744140625e+00
3.615620136260985440e+00
3.616519927978516069e+00
3.616743087768554243e+00
3.617211341857910156e+00
3.617646217346191850e+00
3.617953300476073775e+00
3.618453502655028853e+00
3.618091821670531782e+00
3.618150949478148970e+00
3.617395877838135210e+00
3.618519306182860884e+00
3.617564439773560014e+00
3.617773771286010298e+00
3.617505550384521484e+00
3.617608547210692915e+00
3.617825508117676225e+00
3.617403984069823775e+00
3.616786718368529385e+00
3.616493225097655806e+00
3.615592956542968750e+00
3.615656852722167969e+00
3.614955186843872070e+00
3.615170717239379883e+00
3.614261388778687412e+00
3.614219427108764648e+00
3.614910840988158736e+00
3.615361928939819336e+00
3.615981101989746094e+00
3.616196393966674805e+00
3.615863800048828125e+00
3.615247011184692827e+00
3.614772558212279829e+00
3.614938974380493164e+00
3.614944458007812944e+00
3.615490674972533736e+00
3.615746498107910156e+00
3.615940570831298828e+00
3.616573572158813477e+00
3.616730690002441406e+00
3.615299940109252930e+00
3.616346836090087891e+00
3.615311861038208008e+00
3.616392135620116743e+00
3.616332769393921343e+00
3.616681575775146484e+00
3.616748809814453125e+00
3.616115331649779829e+00
3.616520643234252930e+00
3.617285251617432085e+00
3.616852521896361417e+00
3.616733789443969727e+00
3.616606950759888139e+00
3.617250919342041016e+00
3.616450548171997070e+00
3.616739988327025479e+00
3.616690158843993697e+00
3.616359472274779829e+00
3.617297887802123579e+00
3.617157220840453657e+00
3.616908073425292969e+00
3.616613149642943892e+00
3.617053985595703125e+00
3.616619110107421875e+00
3.616628408432006836e+00
3.617710828781127930e+00
3.617492198944091797e+00
3.616985082626343218e+00
3.616796970367432085e+00
3.616062402725220171e+00
3.616319417953491211e+00
3.616480588912963867e+00
3.616255760192871094e+00
3.616416692733764648e+00
3.616333484649658203e+00
3.616894721984863281e+00
3.616487741470336914e+00
3.616072416305541992e+00
3.616218805313110352e+00
3.616050243377685547e+00
3.616201639175415039e+00
3.615674257278441495e+00
3.616393804550171343e+00
3.616654872894287109e+00
3.617292881011962891e+00
3.617428541183472124e+00
3.618029356002808061e+00
3.618128538131713867e+00
3.618461370468140093e+00
3.618483066558837891e+00
3.618343353271484819e+00
3.618599176406860796e+00
3.619575738906860796e+00
3.619540452957152876e+00
3.620015621185303178e+00
3.620228290557860884e+00
3.621171951293944868e+00
3.622005701065063921e+00
3.622371435165404829e+00
3.622097015380859375e+00
3.622740745544433594e+00
3.620801210403441495e+00
3.620950460433959961e+00
