-1.238408946990966797e+01
-1.368529415130615234e+01
-1.520004463195800781e+01
-1.522671699523925781e+01
-1.451148700714111328e+01
-1.374730491638183594e+01
-1.373706436157226562e+01
-1.370266437530517578e+01
-1.428013706207275568e+01
-1.448256778717041016e+01
-1.436957836151123047e+01
-1.388151550292968750e+01
-1.281567287445068537e+01
-1.144041347503661932e+01
-1.008524894714355646e+01
-8.863389015197753906e+00
-7.126549243927002841e+00
-5.716673374176025391e+00
-4.632302761077880859e+00
-3.005969285964966264e+00
-2.962918519973754883e+00
-3.514781475067138672e+00
-2.930703401565552202e+00
-2.814976453781127930e+00
-2.121542453765869141e+00
-1.899237394332885520e+00
-1.052642941474914551e+00
-5.252599343657493591e-02
2.125361114740371982e-01
7.806803584098815918e-01
1.468138813972473145e+00
1.394061803817749023e+00
1.840189695358276367e+00
2.350684642791748047e+00
2.370392084121704102e+00
2.457272529602050781e+00
2.479594469070434570e+00
2.692767620086669922e+00
2.770631551742553711e+00
2.193796157836914062e+00
2.381694078445434570e+00
1.572405099868774414e+00
8.609907627105712891e-01
8.414387702941894531e-01
-1.693524122238159180e-01
-7.029601931571960449e-01
-5.146911740303039551e-01
-4.301856160163879950e-01
-3.851467370986938477e-01
5.439556837081909180e-01
9.487350583076475941e-01
1.662575006484985352e+00
2.850987911224364790e+00
3.027967453002929688e+00
2.564207553863525391e+00
2.916134357452392578e+00
2.611459493637084961e+00
2.491677284240722656e+00
2.416060447692871094e+00
2.161438703536987749e+00
2.559431314468384233e+00
2.783533811569213867e+00
2.025626897811889648e+00
2.308880329132080078e+00
2.421819686889648438e+00
2.640587568283081055e+00
2.483977794647216797e+00
2.447626590728760210e+00
2.586263179779052734e+00
2.978868961334228516e+00
3.357602596282958984e+00
3.964376688003540039e+00
3.833721399307251421e+00
3.722672462463378906e+00
4.441189765930175781e+00
5.094138145446777344e+00
4.376159667968750000e+00
4.576113224029541016e+00
4.234188079833983487e+00
4.092733383178711826e+00
4.651459693908691406e+00
3.987737178802489790e+00
3.585666418075561079e+00
3.044665336608886719e+00
2.042958498001098189e+00
6.624649763107299805e-01
-9.271679073572160201e-02
-8.583186864852905273e-01
-1.433643579483032227e+00
-1.578687191009521706e+00
-1.243517875671386719e+00
-8.960833549499511719e-01
-8.746076226234436035e-01
-6.940500736236572266e-01
-3.829425275325775146e-01
-2.689303159713745117e-01
-6.881678700447082520e-01
-1.035181164741515891e+00
-8.463883996009826660e-01
-8.998027443885803223e-01
-6.237235665321350098e-01
-4.123426973819733221e-01
-7.318388223648071289e-01
-1.858899712562561035e+00
-2.579792499542236328e+00
-2.993749141693115234e+00
-3.857618331909180132e+00
-4.098223686218261719e+00
-3.977072954177856001e+00
-3.664422750473023349e+00
-3.830396652221680132e+00
-3.659936189651488814e+00
-3.365910053253173828e+00
-3.711662769317626953e+00
-3.521772861480712891e+00
-3.173326015472412109e+00
-2.984536170959472656e+00
-2.322292327880859819e+00
-2.225035667419433594e+00
-2.614589691162109375e+00
-2.797930479049682617e+00
-3.339723825454711914e+00
-3.724663972854614258e+00
-4.633757591247558594e+00
-4.478404045104980469e+00
-4.121876239776611328e+00
-3.371951818466186523e+00
-2.660474777221680132e+00
-1.909111857414245605e+00
-1.719539403915405273e+00
-1.339793324470520020e+00
-1.667729854583740234e+00
-2.030318975448608398e+00
-1.916928172111511230e+00
-1.310491681098937988e+00
-6.566737890243530273e-01
7.624003291130065918e-02
6.379752755165100098e-01
8.275993466377258301e-01
8.845811486244201660e-01
9.607529640197753906e-01
9.887024164199827991e-01
5.043044686317443848e-01
1.182879447937011497e+00
1.294250249862670898e+00
1.339704871177673118e+00
7.774192690849304199e-01
7.936298847198486328e-01
1.102757006883621216e-01
-8.067917823791503906e-01
-1.646747231483459695e+00
-2.628817796707153320e+00
-2.736850500106811523e+00
-2.680789709091186523e+00
-2.589248895645141602e+00
-2.414533853530884233e+00
-2.545361518859863725e+00
-2.872341394424438477e+00
-3.092624187469482422e+00
-3.140318632125854492e+00
-3.063769340515136719e+00
-3.327909231185913086e+00
-3.487783908843993697e+00
-3.060103654861450195e+00
-2.841420173645019531e+00
-2.339029788970947710e+00
-2.091340303421020508e+00
-2.469916820526123047e+00
-3.256637573242187500e+00
-3.997071743011474609e+00
-4.920193672180175781e+00
-5.940700531005858487e+00
-6.283500671386718750e+00
-6.051278591156005859e+00
-6.235617637634277344e+00
-6.502296447753906250e+00
-5.821789264678955078e+00
-6.094053745269775391e+00
-5.960713386535644531e+00
-5.254726409912108487e+00
-4.537895202636718750e+00
-4.760613918304443359e+00
-5.046755790710449219e+00
-4.771274089813231534e+00
-4.641936302185058594e+00
-4.488923072814941406e+00
-4.680395126342773438e+00
-4.992847919464111328e+00
-5.425424575805664062e+00
-6.232242584228516513e+00
-6.649818420410156250e+00
-6.683461189270020419e+00
-6.526509284973144531e+00
-6.055103778839111328e+00
-6.575207233428955078e+00
-6.912442684173583984e+00
-6.257475852966308594e+00
-5.606950759887695312e+00
-5.184248924255371094e+00
-5.006283760070800781e+00
-5.122988700866699219e+00
-4.511211395263671875e+00
-3.650676727294921875e+00
-3.179192066192626953e+00
-3.407332420349121094e+00
-3.346070766448974609e+00
-3.245744705200195757e+00
-2.895754575729370117e+00
-3.052636623382568359e+00
-2.825017929077148438e+00
-3.376848459243774414e+00
-3.983469486236571822e+00
-4.302206993103026456e+00
-4.435733795166016513e+00
-4.566371440887451172e+00
-5.014634609222412109e+00
-4.928406238555908203e+00
-4.304534435272216797e+00
-3.924104213714600053e+00
-4.148887634277343750e+00
-4.048128604888916016e+00
-3.985692262649536133e+00
-3.525495052337646484e+00
-2.762163639068603516e+00
-2.423416614532470703e+00
-2.425239086151123047e+00
-2.589694023132324219e+00
-2.714369535446166992e+00
-2.714407205581665039e+00
-2.976334571838378906e+00
-2.286340475082397017e+00
-1.832887053489685059e+00
-1.370227217674255371e+00
-1.100630402565002441e+00
-1.756921768188476562e+00
-1.646069169044494629e+00
-1.999538064002990723e+00
-2.019262552261352539e+00
-1.348832249641418457e+00
-1.650873303413391113e+00
-1.462370872497558594e+00
-9.563511610031127930e-01
-1.088392376899719238e+00
-7.052845954895020641e-01
-5.749169588088989258e-01
-5.097612142562866211e-01
-6.801755428314208984e-01
-2.292492985725403110e-01
1.906172633171081265e-01
8.810001015663146973e-01
1.668078660964965820e+00
2.612572193145751953e+00
2.625031471252441406e+00
3.571652889251708984e+00
3.465948820114136186e+00
3.326085090637207031e+00
3.440253019332885742e+00
3.485525369644165039e+00
3.238980054855346680e+00
3.504177808761596680e+00
3.987811326980591264e+00
3.982555627822876421e+00
4.150108814239501953e+00
4.230536937713623047e+00
4.348523616790772373e+00
4.668018817901611328e+00
4.739515304565429688e+00
4.656147956848144531e+00
4.455710887908936435e+00
4.617605686187744141e+00
4.286587238311768466e+00
3.877758026123046875e+00
3.694684743881225586e+00
4.114624500274658203e+00
4.270573139190673828e+00
4.071564197540283203e+00
3.914941549301147905e+00
3.668457031250000000e+00
3.234253883361816406e+00
2.584343194961548296e+00
2.905308961868286133e+00
2.249576807022094727e+00
2.085002183914185014e+00
2.287657737731933594e+00
2.236805438995361328e+00
2.573213338851928711e+00
2.133442640304564986e+00
2.334326028823852539e+00
1.936475872993468794e+00
2.029094457626342773e+00
1.970956206321716309e+00
2.293814420700072798e+00
2.827725887298583984e+00
3.959314346313477007e+00
4.967823505401611328e+00
6.157315731048583984e+00
7.635091781616210938e+00
7.845139026641846591e+00
7.688732147216797763e+00
6.871174812316895419e+00
7.288997173309326172e+00
8.111309051513673651e+00
8.274968147277832031e+00
7.810183525085449219e+00
8.164894104003906250e+00
7.849715709686278409e+00
8.584470748901367188e+00
8.825942039489746094e+00
9.722765922546386719e+00
1.031345653533935547e+01
9.611094474792480469e+00
8.134514808654785156e+00
6.611990451812744141e+00
5.403227806091308594e+00
3.739032030105591264e+00
2.960858583450317383e+00
3.078602313995361328e+00
2.816920995712280273e+00
3.760848522186279297e+00
4.701088905334472656e+00
4.635314464569091797e+00
4.127978324890136719e+00
4.411148548126221591e+00
3.763020277023314986e+00
3.442673444747924805e+00
3.713304758071899414e+00
3.268310546875000000e+00
4.210507392883301669e+00
4.768340587615966797e+00
5.788661003112792969e+00
6.382550239562987393e+00
6.910849094390869141e+00
7.494827747344971591e+00
8.553997993469236505e+00
9.497907638549804688e+00
1.019253921508789062e+01
1.100757980346679688e+01
1.202130603790283203e+01
1.186601638793945312e+01
1.087849140167236328e+01
1.017556667327880682e+01
1.007690525054931641e+01
1.036294555664062322e+01
9.186971664428712714e+00
8.654685020446777344e+00
7.879661083221435547e+00
7.106791496276856357e+00
7.293694972991942471e+00
6.612208366394042969e+00
6.701546192169189453e+00
7.263489723205566406e+00
8.032699584960937500e+00
8.722589492797853339e+00
9.036785125732421875e+00
8.425898551940917969e+00
7.546560287475585938e+00
5.532890796661376953e+00
2.912934541702270508e+00
9.356768727302552380e-01
-1.035556316375732422e+00
-2.280787706375122070e+00
-3.172238588333129883e+00
-3.988282442092895952e+00
-4.823442459106445312e+00
-5.436022758483886719e+00
-5.024435043334960938e+00
-4.255610942840576172e+00
-2.303078651428222656e+00
3.693964779376984198e-01
2.587494850158691406e+00
5.098124504089356357e+00
7.984851837158202237e+00
9.756149291992187500e+00
1.029617118835449219e+01
9.380435943603515625e+00
7.635193347930907315e+00
6.475256919860839844e+00
4.450329780578613281e+00
1.525845289230346902e+00
4.083621203899384100e-01
1.076823920011520386e-01
2.012800455093384233e+00
5.514751434326171875e+00
8.663432121276855469e+00
9.649322509765623224e+00
7.960466861724852627e+00
5.648647785186767578e+00
3.512248992919921875e+00
5.992320179939270020e-01
-1.764868497848510742e+00
-3.431449413299560547e+00
-4.587342262268066406e+00
-4.084562301635741299e+00
-4.981596469879150391e+00
-6.023408412933349609e+00
-5.763635158538817471e+00
-3.109692811965942383e+00
5.231855511665344238e-01
3.340837717056274414e+00
4.835436820983886719e+00
6.547315120697021484e+00
8.341955184936521661e+00
1.150589275360107422e+01
1.460825729370117188e+01
1.732201766967773438e+01
1.883985137939453125e+01
1.963414764404296875e+01
1.855250740051269176e+01
1.873383903503417969e+01
1.888793945312500000e+01
1.871830177307128906e+01
1.869369125366210938e+01
1.902543830871582031e+01
1.972624588012695312e+01
1.976272201538085938e+01
2.030711936950683949e+01
1.897070503234863637e+01
1.922077751159667969e+01
1.910454559326171875e+01
1.934370994567871094e+01
1.927612304687500000e+01
1.782121086120605469e+01
1.515380859375000000e+01
1.333511638641357422e+01
1.075377273559570312e+01
8.217761039733888495e+00
6.157256603240967685e+00
4.571711540222167969e+00
3.109688520431518555e+00
2.192227840423583984e+00
1.911544799804687500e+00
9.913133382797240101e-01
3.753534257411956787e-01
-2.073072195053100863e-01
-2.223145484924316406e+00
-2.739309072494506836e+00
-3.031443119049072266e+00
-4.806106090545653409e+00
-7.798212051391602451e+00
-1.041828823089599609e+01
-1.234187126159667969e+01
-1.353410339355468750e+01
-1.376521778106689453e+01
-1.422318172454833984e+01
-1.330731201171875000e+01
-1.316529178619384766e+01
-1.182313442230224432e+01
-1.189357948303222656e+01
-1.035883903503417969e+01
-7.886697292327880859e+00
-5.999362945556641513e+00
-2.980554342269897017e+00
-1.721907973289489524e+00
8.294914364814758301e-01
2.578490018844604492e+00
3.921725273132323775e+00
5.244099617004394531e+00
5.672492027282714844e+00
5.905988216400146484e+00
6.399445533752441406e+00
7.008227825164794922e+00
7.825676918029785156e+00
8.693121910095214844e+00
8.167950630187986505e+00
7.207201957702637607e+00
6.193938255310058594e+00
5.594008922576903409e+00
4.840212345123291016e+00
2.986219406127929688e+00
1.446440339088439941e+00
1.098064184188842773e+00
-3.462160527706146240e-01
-1.713783383369445801e+00
-1.776827692985534890e+00
-1.789440393447875977e+00
-1.600247144699096902e+00
-1.191856741905212402e+00
-9.839221239089965820e-01
-7.143179774284362793e-01
5.942154526710510254e-01
1.579760670661926492e+00
2.544218778610229048e+00
1.904492378234863503e+00
-1.774398207664489524e+00
-5.468226909637451172e+00
-7.461865901947020596e+00
-8.166502952575683594e+00
-7.992876052856445312e+00
-8.432008743286132812e+00
-9.378165245056152344e+00
-8.384322166442871094e+00
-6.927189350128173828e+00
-5.488661289215087891e+00
-4.759639739990233487e+00
-2.269743680953979492e+00
-1.610329598188400546e-01
1.520944476127624290e+00
2.895439386367798296e+00
3.292517185211181641e+00
3.305779933929443803e+00
3.427361011505126953e+00
2.643380165100097656e+00
2.119615316390990767e+00
2.307094097137451172e+00
1.506509542465209961e+00
9.634796977043151855e-01
-9.500718712806701660e-01
-3.586786746978760210e+00
-5.585303783416748047e+00
-6.986696720123291016e+00
-8.771055221557617188e+00
-1.124705410003661932e+01
-1.281602764129638672e+01
-1.326783466339111328e+01
-1.374094104766845525e+01
-1.351142501831054688e+01
-1.355304527282714844e+01
-1.290905761718750000e+01
-1.339694690704345525e+01
-1.321919536590576172e+01
-1.255917739868164062e+01
-1.138836479187011541e+01
-1.246121311187743963e+01
-1.442621421813964844e+01
-1.766500282287597656e+01
-2.127861595153808594e+01
-2.420467948913574574e+01
-2.699788284301757457e+01
-2.752621459960937145e+01
-2.838732337951660156e+01
-2.821341896057128906e+01
-2.823615074157714844e+01
-2.802683830261230469e+01
-2.699385643005371094e+01
-2.605592727661132812e+01
-2.597933387756348012e+01
-2.425112533569335938e+01
-2.283166503906250000e+01
-2.213640785217285156e+01
-2.094041252136230469e+01
-2.118202972412109375e+01
-2.188267517089844105e+01
-2.154561805725097656e+01
-2.111440658569335938e+01
-1.982167243957519531e+01
-2.000707244873046875e+01
-2.116492080688476562e+01
-2.184217453002929688e+01
-2.187933158874512074e+01
-2.110669326782226562e+01
-1.955068016052246094e+01
-1.779841995239257812e+01
-1.565213489532470703e+01
-1.301075649261474432e+01
-9.777193069458007812e+00
-4.722956657409667969e+00
-7.501215338706970215e-01
1.401805996894836426e+00
2.434162855148315430e+00
1.830839633941650391e+00
1.501680970191955566e+00
6.500215530395507812e-01
-1.715404093265533447e-01
1.886782050132751465e-01
-2.466421723365783969e-01
7.141194492578506470e-02
8.468053340911865234e-01
3.032057881355285645e-01
4.287077486515045166e-02
1.466532945632934570e-01
-1.413258194923400879e+00
-1.749965906143188477e+00
-2.567991495132446289e+00
-2.344473838806152344e+00
-2.689890384674072266e+00
-3.826208829879760742e+00
-4.678982257843018466e+00
-4.981948375701903409e+00
-4.660398960113525391e+00
-3.970998764038086382e+00
-3.572614431381225586e+00
-2.263708829879760742e+00
-1.044034838676452637e+00
6.554254889488220215e-01
2.813009738922119141e+00
4.499129295349121094e+00
5.838579177856445312e+00
6.835021495819092685e+00
8.321405410766603339e+00
9.722947120666503906e+00
1.066002750396728338e+01
1.076417446136474609e+01
1.202832508087158203e+01
1.145454406738281250e+01
1.143359184265136719e+01
1.079024982452392578e+01
1.041308307647705078e+01
9.077221870422363281e+00
7.100647926330566406e+00
6.419085025787353516e+00
6.417274475097656250e+00
5.354284286499023438e+00
4.375364303588866299e+00
3.485107183456421343e+00
1.954669594764709251e+00
1.726212143898010476e+00
1.675169348716735840e+00
1.659794569015503152e+00
1.965315341949463113e+00
1.309575915336608887e+00
3.041684329509735107e-01
-3.018395900726318359e-01
-5.867822170257568359e-01
-6.032959222793579102e-01
1.864327788352966586e-01
3.657532110810279846e-02
2.686480879783630371e-01
-1.443605065345764160e+00
-1.229028224945068359e+00
-1.468852400779723899e+00
-1.083310127258300781e+00
-1.407579064369201660e+00
-1.582973241806030495e+00
-1.743720889091491699e+00
-8.876693844795227051e-01
2.121665887534618378e-02
1.944023489952087624e+00
1.644417524337768555e+00
8.655616044998168945e-01
3.889029920101165771e-01
7.314021587371826172e-01
8.803495168685913086e-01
1.128919124603271706e+00
1.698940396308899148e+00
2.208483219146728516e+00
2.075412034988403764e+00
2.214524745941162109e+00
1.932496190071105957e+00
1.234078049659729004e+00
4.278230071067810059e-01
-5.561707541346549988e-02
-1.648519933223724365e-02
1.147848069667816301e-01
7.567749023437500000e-01
8.515824079513549805e-01
4.776968359947205145e-01
6.427721381187438965e-01
3.948175013065338135e-01
-3.946400880813599188e-01
-1.599444389343261497e+00
-2.684616565704345703e+00
-3.443161010742187500e+00
-3.162962436676025391e+00
-3.092201709747314453e+00
-2.634274005889892578e+00
-2.120700359344482422e+00
-9.817778468132020153e-01
-6.502537131309509277e-01
-8.013691902160644531e-01
-7.917397618293762207e-01
-6.684649586677551270e-01
-1.430090218782424927e-01
-8.927988260984420776e-02
7.717196643352508545e-02
4.059681296348571777e-01
9.552369713783264160e-01
1.471850514411926492e+00
1.667958021163940430e+00
1.713691234588623047e+00
1.938432693481445090e+00
2.524297952651977095e+00
1.636270523071289062e+00
2.113755464553833008e+00
2.092176198959350586e+00
2.177074909210205078e+00
2.470407724380493164e+00
2.778416633605957031e+00
2.713526010513305664e+00
2.255750179290771484e+00
2.413072347640990767e+00
2.183421611785888672e+00
2.418636083602905273e+00
2.463040828704833984e+00
2.647618293762207031e+00
2.554480314254760742e+00
2.331367015838623047e+00
2.380853891372680664e+00
2.545718431472778320e+00
3.505582571029663086e+00
3.180374383926392046e+00
4.487020492553710938e+00
5.069031715393066406e+00
6.045244693756104404e+00
4.961327075958251953e+00
5.471154212951660156e+00
6.013927459716797763e+00
7.159981250762940341e+00
7.836502552032471591e+00
8.485571861267089844e+00
9.423858642578123224e+00
9.597479820251463067e+00
9.150547981262207031e+00
9.196166038513183594e+00
8.691193580627441406e+00
7.920806407928467685e+00
6.906090259552002841e+00
6.113685607910156250e+00
5.615989208221436435e+00
5.228464126586914062e+00
5.310595035552978516e+00
5.592427253723144531e+00
5.824423789978027344e+00
5.548384666442871094e+00
5.121651649475097656e+00
4.155820846557616299e+00
3.749582052230834961e+00
2.866178750991821289e+00
2.476526260375977007e+00
2.334004640579224077e+00
1.031710028648376465e+00
9.072112441062928356e-01
1.177026867866515891e+00
7.167375683784484863e-01
-2.389277517795563022e-01
-2.537747025489807129e-01
-5.248520374298095703e-01
-1.185331702232360840e+00
-1.488931059837341309e+00
-1.107896566390991211e+00
-1.184973001480102317e+00
-1.085885763168334961e+00
-6.147695183753967285e-01
-3.514231368899344704e-02
-1.777096092700958599e-02
1.904084235429764072e-01
6.430889945477247238e-03
-4.929341673851013184e-01
-6.634134650230407715e-01
-1.661842465400695801e+00
-6.124264597892761230e-01
-3.268027603626251221e-01
-1.453668810427188700e-02
2.562376260757446289e-01
-1.017496138811111589e-01
-6.024906178936362267e-04
5.060635972768068314e-03
-3.553614318370819092e-01
-1.075715780258178711e+00
-2.536742687225341797e+00
-2.888756036758423296e+00
-3.693215608596801758e+00
-4.469761848449707031e+00
-5.538892269134521484e+00
-6.056491851806641513e+00
-5.919996738433837891e+00
-6.330704212188721591e+00
-6.679872035980224609e+00
-6.609539031982422763e+00
-6.969338417053222656e+00
-6.167922973632812500e+00
-5.968432903289794922e+00
-5.504717350006104404e+00
-5.185685634613037109e+00
-5.182201385498046875e+00
-5.136096000671386719e+00
-4.885313987731933594e+00
-5.292454719543457031e+00
-5.231825828552246094e+00
-4.917032241821289062e+00
-5.134455680847167969e+00
-4.669839859008789062e+00
-4.785998821258544922e+00
-4.442322254180908203e+00
-3.701824903488158736e+00
-3.016169071197509766e+00
-2.276900768280029297e+00
-1.570421218872070312e+00
-6.187347769737243652e-01
3.234477713704108498e-02
7.826722264289855957e-01
1.812649726867676003e+00
2.771439313888549805e+00
3.237938165664673296e+00
5.064087390899658203e+00
5.540192127227783203e+00
5.694506645202637607e+00
5.506670475006104404e+00
5.463483333587647373e+00
5.320461750030518466e+00
5.959060192108153409e+00
5.330401420593261719e+00
4.578441143035888672e+00
5.378394126892089844e+00
5.436163425445556641e+00
4.934899330139160156e+00
4.862477779388427734e+00
4.973487377166748047e+00
5.290144920349121094e+00
5.486414432525634766e+00
5.479912757873535156e+00
5.524456501007080078e+00
5.826116561889647549e+00
5.867128372192382812e+00
6.333564758300781250e+00
6.085698127746582031e+00
6.037438869476317471e+00
5.763832569122314453e+00
6.060861587524414062e+00
5.395956993103027344e+00
5.106223106384277344e+00
5.158908367156981534e+00
4.908548831939697266e+00
4.659606456756591797e+00
4.816575527191162109e+00
4.722807407379150391e+00
4.876008033752441406e+00
4.687591552734375000e+00
5.182637214660644531e+00
5.067075252532958984e+00
4.376511573791503906e+00
3.703102111816406250e+00
2.391573667526245117e+00
1.878612518310546875e+00
5.728634595870971680e-01
2.785751819610596258e-01
3.712564706802368164e-02
-9.900422692298888050e-01
-8.712035417556762695e-01
-2.925375998020172119e-01
-2.009005546569823941e-01
3.247753679752349854e-01
5.485988855361938477e-01
9.806298613548279919e-01
1.205319166183471680e+00
1.608096361160278320e+00
1.992943525314331055e+00
2.553321361541748047e+00
2.860475778579711914e+00
2.809431076049804688e+00
2.598150253295898438e+00
2.919782876968383789e+00
1.243843913078307883e+00
-2.260709106922149381e-01
-1.767620325088500977e+00
-3.628692150115966797e+00
-4.981279373168945312e+00
-6.398692131042480469e+00
-7.653312206268310547e+00
-7.912424564361572266e+00
-8.143735885620117188e+00
-9.291154861450195312e+00
-9.548686027526855469e+00
-1.012323570251464844e+01
-1.052902603149414062e+01
-1.112562370300292969e+01
-1.070579338073730469e+01
-1.025650405883789062e+01
-1.022528934478759766e+01
-1.037371921539306641e+01
-1.063068008422851562e+01
-1.071121311187743963e+01
-1.079449272155761719e+01
-9.233762741088867188e+00
-8.539772987365722656e+00
-8.449287414550781250e+00
-9.229163169860839844e+00
-8.434402465820312500e+00
-7.320437431335449219e+00
-6.434157848358153409e+00
-5.860131263732910156e+00
-5.589222908020020419e+00
-5.356695652008056641e+00
-4.894078254699707031e+00
-4.086439132690430576e+00
-4.039679050445556641e+00
-4.043768405914306641e+00
-3.611641883850097656e+00
-2.841545343399048296e+00
-2.876103639602661133e+00
-2.002816200256348100e+00
-1.466108560562133789e+00
-1.255105614662170410e+00
-1.201605439186096191e+00
-1.499533057212829590e+00
-1.211035966873168945e+00
-7.941350936889648438e-01
-7.565367817878723145e-01
-3.182694911956787109e-01
-1.064090013504028320e+00
-1.849251866340636763e+00
-2.859120130538940430e+00
-3.737520456314086914e+00
-3.340005874633788618e+00
-2.907945394515991211e+00
-2.396558761596680132e+00
-2.120658636093140093e+00
-1.234699249267577903e+00
-7.177889347076416016e-01
-4.568828940391541082e-01
-7.576938867568969727e-01
-9.165644645690917969e-02
1.155963316559791565e-01
-1.767728179693222046e-01
-6.421219706535339355e-01
-5.899693965911865234e-01
-8.430811762809753418e-01
-1.400796890258789062e+00
-1.632340431213379128e+00
-1.632395505905151367e+00
-1.999477028846740723e+00
-2.423053741455078125e+00
-1.934106945991515891e+00
-1.156636834144592507e+00
-1.571411132812500000e+00
-2.204254388809204102e+00
-3.481999397277832031e+00
-4.394290924072266513e+00
-4.213109493255615234e+00
-4.319526672363281250e+00
-3.725999116897583008e+00
-4.067303180694580078e+00
-3.849990844726562500e+00
-3.680152654647826704e+00
-3.562402248382568359e+00
-3.989437341690063921e+00
-4.652223110198974609e+00
-3.903406620025634322e+00
-3.496723651885986328e+00
-3.034592628479003906e+00
-3.631483316421508789e+00
-3.167703628540038618e+00
-2.377097606658935547e+00
-1.714462876319885254e+00
-1.796976208686828613e+00
-2.241654872894287109e+00
-2.875028133392333984e+00
-3.705953359603881836e+00
-3.493881702423096147e+00
-2.863472223281860352e+00
-1.789702177047729492e+00
-1.991961359977722390e+00
-2.575090169906615767e+00
-2.557519197463989258e+00
-2.872628211975097656e+00
-3.102698802947998047e+00
-2.902182340621947798e+00
-2.916525602340698242e+00
-2.241380214691162109e+00
-2.068040370941161665e+00
-2.078706741333008257e+00
-1.609127402305603027e+00
-2.804280996322631836e+00
-3.969494581222533736e+00
-3.765681982040404829e+00
-2.269884347915649414e+00
-1.122413516044616699e+00
-9.474729895591735840e-01
2.579181492328643799e-01
1.834653377532958984e+00
2.135433435440063477e+00
7.995385527610778809e-01
-9.024762511253355823e-01
-2.239886760711669922e+00
-3.370212554931640625e+00
-4.883406162261962891e+00
-6.111631870269775391e+00
-6.453342437744141513e+00
-5.730761528015137607e+00
-5.201097965240479404e+00
-2.788182258605957031e+00
-2.004220962524414062e+00
-2.951381921768188477e+00
-3.370779991149902344e+00
-2.780630588531494141e+00
-2.612387657165527788e+00
-2.040341138839721680e+00
-7.234546542167663574e-01
1.770258784294128418e+00
2.315127611160278320e+00
2.874778032302856445e+00
2.872604131698608398e+00
1.948677182197570801e+00
4.543098509311676025e-01
-9.096419811248780685e-02
8.403987288475036621e-01
1.037129878997802734e+00
1.904508024454116821e-01
-1.014230728149414062e+00
-1.498035430908203125e+00
-4.108933210372924805e-01
5.942468643188476562e-01
2.132058382034301758e+00
3.579040527343750000e+00
4.884043693542480469e+00
4.761385917663574219e+00
6.283074378967285156e+00
8.508734703063964844e+00
6.993531227111816406e+00
5.714847087860107422e+00
6.552405834197997159e+00
6.871286869049072266e+00
6.604592323303222656e+00
6.777186870574951172e+00
7.138387680053710938e+00
8.118797302246093750e+00
7.811503887176513672e+00
5.145897865295410156e+00
3.732564449310303178e+00
3.609933376312256303e+00
6.411645412445067471e+00
9.304162025451660156e+00
1.069101428985595703e+01
9.169734954833984375e+00
4.942064285278320312e+00
2.648660898208618164e+00
1.618291735649108887e+00
1.616510003805160522e-01
2.437959015369415561e-01
4.787681400775908869e-01
1.546237230300903098e+00
-1.704697370529174805e+00
-5.181023597717285156e+00
-4.676365852355957031e+00
-2.342933177947998047e+00
-6.006524562835693359e-01
1.166207432746887207e+00
3.392293214797973633e+00
4.158353328704833984e+00
3.511855125427246094e+00
1.834498286247253196e+00
2.616558313369750977e+00
5.385844230651856357e+00
6.257434844970702237e+00
6.141036987304688388e+00
4.198964595794678623e+00
2.328974246978760210e+00
2.268083095550537109e+00
4.483565688133239746e-01
-7.067451477050781250e-01
-2.584559202194213867e+00
-3.346542835235596147e+00
-2.474514007568359819e+00
8.483436703681945801e-01
2.515177011489868164e+00
3.670429944992065430e+00
3.652859210968017578e+00
1.642497777938842773e-01
-7.497225999832153320e-01
-1.877534985542297141e+00
-1.461012125015258789e+00
-4.552772343158721924e-01
1.209211468696594238e+00
3.631211280822753906e+00
5.328028202056884766e+00
6.971899986267089844e+00
8.761964797973632812e+00
5.557322025299072266e+00
3.087611913681030273e+00
4.197610855102538174e+00
5.087550163269042969e+00
4.988522529602050781e+00
2.860768079757690430e+00
3.894546627998352051e-01
3.732374906539916992e-01
5.244131088256835938e-01
8.155006170272827148e-01
3.365184783935546875e+00
5.329321384429931641e+00
7.548812389373778409e+00
8.119985580444335938e+00
9.690864562988279474e+00
1.069831371307373047e+01
8.706583976745605469e+00
8.686503410339355469e+00
6.460685729980468750e+00
8.180622100830076349e+00
1.125345611572265625e+01
1.226364040374756037e+01
1.141881847381591797e+01
8.626340866088867188e+00
6.371439456939697266e+00
6.617881298065185547e+00
8.543510437011718750e+00
8.881871223449707031e+00
9.617134094238279474e+00
1.098414325714111328e+01
9.723078727722167969e+00
8.775381088256835938e+00
7.646916389465332031e+00
6.722210884094237393e+00
5.746111869812012607e+00
2.928172826766968218e+00
8.951925039291381836e-01
8.505355119705200195e-01
2.596668720245361328e+00
2.492134332656860352e+00
1.308552265167236328e+00
1.964298725128173606e+00
1.997221231460571511e+00
1.121838450431823508e+00
6.580154299736022949e-01
-2.995444238185882568e-01
1.723560571670532227e+00
3.075633525848388672e+00
1.162763714790344238e+00
-1.576532363891601562e+00
-4.176934242248535156e+00
-4.187102794647216797e+00
-2.870913982391357422e+00
-3.616527318954467773e-01
1.073822498321533203e+00
7.815317511558532715e-01
2.004488468170166016e+00
3.534188270568848100e+00
3.996548175811768022e+00
1.358356356620788574e+00
5.560972094535827637e-01
3.007897615432739702e+00
4.587273597717285156e+00
4.888526916503906250e+00
8.374222755432128906e+00
9.743433952331542969e+00
9.395388603210449219e+00
8.770147323608396661e+00
6.982568264007567471e+00
7.033709049224853516e+00
6.383136749267577237e+00
3.191581487655640093e+00
-6.902178525924682617e-01
-2.369917154312134233e+00
1.853266358375549316e-01
1.607007861137389915e+00
1.753810763359069824e+00
3.591088056564331055e+00
5.327033519744873047e+00
4.068451881408691406e+00
2.370666027069091797e+00
4.495202600955963135e-01
-5.327050089836120605e-01
-1.864877700805664062e+00
-4.283011853694915771e-01
6.994951367378234863e-01
1.518999814987182617e+00
1.105524778366088867e+00
1.551083087921142578e+00
1.251842141151428223e+00
1.109525322914123535e+00
4.496364891529083252e-01
4.558368921279907227e-01
1.398266077041625977e+00
5.315206646919249378e-01
-1.857199370861053189e-01
-2.294645309448241743e+00
-3.591464519500732422e+00
-4.465716838836669922e+00
-1.315079689025879128e+00
6.619167327880859375e-01
3.043348193168640137e-01
1.509120345115661621e+00
8.986833691596984863e-01
-2.381313562393188477e+00
-4.753036975860596591e+00
-2.001164436340331587e+00
-9.959298968315124512e-01
-5.449685096740722656e+00
-8.465789794921875000e+00
-7.187626361846923828e+00
-5.508855342864990234e+00
-2.716392993927001953e+00
-6.201614737510681152e-01
1.448604464530944824e+00
1.421466827392577903e+00
-2.513998270034790039e+00
-5.033089160919189453e+00
-4.451393604278564453e+00
-4.032721996307373047e+00
-2.817300558090209961e+00
-3.137880802154541016e+00
-2.682392358779907227e+00
-3.674681663513184038e+00
-2.747994661331176758e+00
-2.401827335357666016e+00
-4.904399394989013672e+00
-5.831308841705322266e+00
-6.763551235198974609e+00
-6.988069534301757812e+00
-5.414937019348144531e+00
-4.469866752624511719e+00
-4.613560676574707031e+00
-4.567603111267089844e+00
-5.749848842620849609e+00
-4.546966075897216797e+00
-2.691233634948730469e+00
-2.059028625488280806e+00
4.684001207351685125e-01
3.216337442398071733e+00
2.353573322296142578e+00
1.613825201988220215e+00
8.963099122047424316e-01
9.206931591033935547e-01
-5.500060915946960449e-01
-2.683417081832885742e+00
-2.646052360534667969e+00
-9.176506996154784046e-01
1.941514849662780762e+00
1.308080673217773438e+00
1.471458077430725098e+00
7.362357974052429199e-01
-2.922781705856323242e-01
-2.015444755554198775e+00
-1.759405136108398438e+00
-6.110565662384033203e-01
-2.812787294387816828e-01
-9.480849504470824085e-01
4.441601336002349854e-01
6.616947054862976074e-01
-5.446811914443970837e-01
-5.003572106361389160e-01
-6.249452233314514160e-01
-1.126238584518432617e+00
-2.978534698486328125e+00
-3.177002191543578657e+00
-1.734955906867980957e+00
-1.889194488525390403e+00
-3.210761785507201704e+00
-1.720216751098632812e+00
-9.054704308509827770e-01
-3.791542530059815341e+00
-6.085000991821289062e+00
-8.967996597290039062e+00
-9.769705772399902344e+00
-9.005470275878906250e+00
-7.549732208251952237e+00
-8.910287857055664062e+00
-1.066447734832763672e+01
-1.118807601928710938e+01
-8.143845558166503906e+00
-5.087643623352050781e+00
-3.600265979766845703e+00
-2.164181232452392578e+00
-3.300268054008483887e-01
6.201032549142837524e-02
-2.118302345275879350e+00
-4.723077774047851562e+00
-7.165428638458252841e+00
-6.683897972106933594e+00
-6.200872421264647549e+00
-5.817428588867188388e+00
-5.434027194976806641e+00
-4.979674816131591797e+00
-4.610349178314208984e+00
-2.744719743728637695e+00
-2.177941560745239702e+00
-2.751441955566406250e+00
-1.496918439865112305e+00
-1.949157476425170898e+00
-4.277022361755371094e+00
-5.315534114837647373e+00
-6.248998641967772549e+00
-6.952618598937987393e+00
-6.904060363769531250e+00
-4.820378303527832031e+00
-3.358892440795898438e+00
-2.176288604736328125e+00
-1.044940948486327903e+00
-1.801543086767196655e-01
-4.215830266475677490e-01
-2.092418432235717773e+00
-3.375344276428222656e+00
-3.722247838973998579e+00
-4.887722969055175781e+00
-3.637174129486083984e+00
-2.686786174774169922e+00
-1.962998628616333008e+00
-3.678222417831421343e+00
-3.086361646652221680e+00
-1.507750749588012695e+00
-1.798174142837524414e+00
-3.739543199539185014e+00
-6.401080608367919922e+00
-7.960597515106201172e+00
-5.539058685302733487e+00
-4.430454254150391513e+00
-4.635121345520020419e+00
-4.864043712615966797e+00
-4.621174812316895419e+00
-3.171939373016357422e+00
-7.004984021186828613e-01
1.388107985258102417e-01
4.485692083835601807e-01
1.145887374877929549e-01
1.892144441604614480e+00
2.466020345687865767e+00
2.062277793884277344e+00
2.205805063247680664e+00
1.024479508399963379e+00
-1.342694044113159180e+00
-3.920096158981323242e+00
-4.145532608032227451e+00
-1.210261702537536621e+00
9.607057571411131702e-01
3.719741106033325195e-01
-5.650948882102966309e-01
-2.616731166839600053e+00
-2.436697483062744141e+00
-9.711192250251770020e-01
1.295394599437713623e-01
-4.815981090068817139e-01
-2.453468084335326704e+00
-4.340692043304443359e+00
-6.333371162414550781e+00
-7.469189167022705078e+00
-8.382724761962888849e+00
-9.854989051818847656e+00
-1.000226211547851562e+01
-9.999196052551269531e+00
-9.651470184326171875e+00
-1.019152545928955078e+01
-1.136399459838867188e+01
-9.527373313903806817e+00
-7.642017841339111328e+00
-6.161674976348877841e+00
-5.981763362884521484e+00
-7.308016777038574219e+00
-7.508089542388916016e+00
-7.479732036590576172e+00
-5.977012634277343750e+00
-4.530115604400634766e+00
-3.201890707015991211e+00
-1.816429138183593528e+00
-1.957314163446426392e-01
3.558296561241149902e-01
2.560339570045471191e-01
-6.547316312789916992e-01
-4.743608832359313965e-02
5.435048341751098633e-01
9.143353700637816273e-01
1.205730080604553223e+00
2.319543361663818359e+00
2.566004037857056108e+00
2.893782377243041992e+00
2.924622058868408203e+00
2.786348342895508257e+00
2.497849225997924805e+00
1.814880847930907981e+00
2.190162897109985352e+00
2.693999290466308594e+00
3.046612024307251421e+00
3.027089834213256836e+00
3.183007001876831055e+00
3.339998483657836914e+00
3.028892278671264648e+00
3.457284450531006303e+00
3.631492137908935991e+00
3.950371265411376953e+00
3.966330528259276900e+00
3.998610019683837891e+00
3.864954471588135210e+00
3.876908779144287109e+00
3.801193952560424805e+00
4.027917385101318359e+00
4.070982933044433594e+00
4.052289009094238281e+00
4.105874538421631748e+00
3.506793498992919922e+00
3.184766769409180132e+00
2.973535060882568359e+00
2.819799423217772993e+00
3.438009023666381836e+00
3.128653526306152344e+00
3.009709596633911133e+00
2.390241146087646484e+00
2.182282924652100053e+00
2.145201444625854492e+00
2.268011331558227539e+00
2.213869333267211914e+00
2.038307428359985352e+00
1.796566367149353027e+00
1.689577102661132812e+00
1.412604689598083496e+00
1.405822992324829102e+00
1.158888101577758789e+00
1.178369402885437012e+00
1.655363440513610840e+00
1.624840021133422852e+00
1.221157312393188477e+00
1.529775619506835938e+00
1.589959144592285156e+00
1.953248262405395508e+00
2.057120800018310547e+00
1.986472368240356445e+00
1.889722228050231934e+00
1.585287809371948242e+00
1.546149969100951926e+00
1.673821210861206055e+00
1.323630928993225098e+00
1.498745679855346902e+00
1.432863712310791016e+00
1.897709846496581809e+00
2.302169084548950195e+00
2.733610868453979492e+00
2.680286884307861328e+00
2.631711006164550781e+00
2.355456829071044922e+00
2.221197128295898438e+00
1.936521291732788086e+00
2.273432254791260210e+00
2.802328824996947798e+00
2.421084880828857422e+00
2.172379970550536665e+00
1.618055343627929688e+00
2.048237800598144531e+00
1.914239525794983132e+00
2.327322244644165039e+00
2.091535806655884233e+00
1.888636112213134766e+00
1.980406761169433594e+00
2.292606353759765625e+00
2.826150178909301758e+00
2.782203674316406250e+00
2.738956928253173828e+00
2.781105995178222656e+00
2.172891616821289062e+00
2.354578495025634766e+00
2.920519828796386719e+00
2.612188816070556641e+00
2.269227743148804155e+00
2.237765789031982422e+00
2.380487203598022461e+00
2.279884576797485352e+00
2.614247798919677734e+00
2.476036548614501953e+00
2.092571020126342773e+00
2.024028539657592773e+00
2.214377164840698242e+00
2.067006111145019531e+00
1.630516648292541504e+00
1.600215077400207520e+00
1.862999439239501953e+00
2.157629966735840288e+00
2.085369110107421875e+00
2.251696348190308061e+00
1.966799616813659890e+00
2.229658842086791992e+00
2.141624450683593750e+00
2.191050767898560014e+00
2.366730690002441406e+00
2.084034919738769087e+00
2.602008581161499023e+00
3.070755958557128906e+00
2.516386747360229048e+00
2.201889276504516602e+00
2.677593708038330078e+00
3.062125444412231445e+00
2.978949069976806197e+00
3.227340459823608398e+00
2.826470136642456055e+00
2.837368965148926225e+00
2.630717039108276367e+00
2.647124052047729048e+00
2.736822366714477095e+00
2.776807308197021040e+00
2.741522789001464844e+00
2.751136302947998047e+00
2.276840448379516602e+00
2.490678071975708008e+00
2.113499641418456587e+00
2.002105951309204102e+00
1.868082046508789062e+00
1.572718739509582297e+00
1.283175587654113770e+00
1.201262474060058594e+00
1.143573045730590820e+00
1.173611521720886230e+00
1.182433366775512695e+00
1.085455179214477539e+00
9.228936433792114258e-01
-6.405199319124223190e-02
-9.326194971799850464e-02
-3.118265569210052490e-01
4.832286760210990906e-02
-7.070222496986389160e-01
-2.342985421419143954e-01
-4.118864536285399836e-01
-5.828957557678222656e-01
-1.177471041679382324e+00
-7.894122004508972168e-01
-4.421474039554595947e-01
-3.253009021282196045e-01
-7.514410018920898438e-01
-1.009396433830261230e+00
-7.932021021842956543e-01
-2.712465226650238037e-01
-1.540742814540863037e-01
-2.966052889823913574e-01
-4.122986495494842529e-01
-6.013056039810180664e-01
-4.094790518283843994e-01
-6.258456110954284668e-01
-6.654749512672424316e-01
-5.082055926322937012e-01
-1.049773573875427246e+00
-8.974958658218383789e-01
-1.163009643554687500e+00
-8.309778571128845215e-01
-1.257772445678710938e+00
-1.184197664260864480e+00
-1.457788944244384766e+00
-1.424717903137206809e+00
-1.681314706802368164e+00
-1.223192453384399414e+00
-1.539274454116821289e+00
-1.740540146827697754e+00
-1.951334834098815918e+00
-2.036610364913940430e+00
-1.780024766921996848e+00
-1.725777387619018555e+00
-2.544429063796997070e+00
-2.854503154754638672e+00
-2.470330715179443803e+00
-2.346424102783203125e+00
-2.454723358154296875e+00
-2.678547382354736328e+00
-3.199644327163696289e+00
-2.909912824630737305e+00
-2.531949758529663086e+00
-2.281963825225830078e+00
-2.245039701461791992e+00
-2.076724052429198775e+00
-2.198981046676636186e+00
-1.787731289863586426e+00
-1.271333694458007812e+00
-1.142535924911499023e+00
-1.315862536430358887e+00
-1.285510301589965820e+00
-1.078102588653564453e+00
-3.821367323398590088e-01
-4.266975522041320801e-01
7.206977158784866333e-02
9.327835589647293091e-02
8.250129222869873047e-02
8.079736493527890986e-03
-9.230039082467556000e-03
7.071943283081054688e-01
5.170595049858093262e-01
-3.391750454902648926e-01
-1.587611883878707886e-01
-2.565041184425354004e-01
-5.449517965316772461e-01
-2.754892706871033270e-01
-9.709911346435547985e-01
-7.014129757881164551e-01
-6.968504190444946289e-01
-4.413273930549621582e-01
-2.240468412637710571e-01
-2.352488934993743896e-01
-4.050359427928925116e-01
-3.942288458347321112e-01
-1.229325309395789961e-01
-5.670762807130813599e-02
2.412173151969909390e-01
1.386264115571975430e-01
-1.330835074186325073e-01
-5.267786979675292969e-01
-6.059556603431701660e-01
-6.391258239746093750e-01
-4.905591905117034912e-01
-5.174749493598937988e-01
-7.194650769233703613e-01
-1.091307520866394043e+00
-1.216311573982238770e+00
-1.432161092758178711e+00
-1.423768639564514160e+00
-1.720221996307373047e+00
-2.128992795944214311e+00
-2.172182321548461914e+00
-2.266896247863769087e+00
-2.731939792633056641e+00
-2.600235223770141602e+00
-2.538127660751342773e+00
-2.794141530990600586e+00
-2.609718322753906250e+00
-2.171381711959839311e+00
-2.354954719543457031e+00
-2.546399116516113281e+00
-2.858662128448486328e+00
-3.335624456405640093e+00
-3.404180526733398438e+00
-3.017782211303711382e+00
-2.408747196197509766e+00
-1.947051525115966797e+00
-1.949403166770935059e+00
-2.149545907974243164e+00
-1.967638134956360085e+00
-1.693987131118774414e+00
-1.603328824043274148e+00
-1.110957026481628418e+00
-9.930564761161804199e-01
-1.701582908630370872e+00
-2.098955631256103516e+00
-1.931793570518493652e+00
-2.001968145370483398e+00
-1.442950844764709695e+00
-1.374953627586364746e+00
-1.328052520751953125e+00
-1.037284016609192117e+00
-1.337668418884277122e+00
-1.654842019081115501e+00
-2.117138147354125977e+00
-2.383728504180908203e+00
-2.281683444976806197e+00
-2.451146841049194336e+00
-1.998697876930236816e+00
-2.243729829788208008e+00
-1.979344964027404785e+00
-1.782855033874511497e+00
-1.271729469299316406e+00
-1.380333900451660156e+00
-1.302389144897460938e+00
-9.940966963768004261e-01
-9.422063827514648438e-01
-6.348758339881896973e-01
-4.278275370597839911e-01
-2.174222916364669522e-01
4.608080387115479071e-01
3.973836600780487061e-01
1.844298690557480136e-01
-1.445296555757522583e-01
-1.915280520915985107e-01
-6.466391682624816895e-01
-8.636140227317808948e-01
-1.173989653587341309e+00
-6.090028882026672363e-01
-4.699790179729462225e-01
-2.105041891336441040e-01
-2.567801773548126221e-01
-1.851871460676192682e-01
-2.102973014116287231e-01
-4.608556330204010010e-01
3.387604653835297186e-01
-2.232176251709460865e-02
7.620171308517456055e-01
2.861725389957427979e-01
-2.161181718111038486e-01
-7.074643373489379883e-01
-4.376191198825836182e-01
-6.297401785850524902e-01
-4.871300160884857178e-01
-6.963582038879394531e-01
-6.488335132598876953e-01
-4.826726019382476807e-01
-1.033817455172538757e-01
-2.204554229974746704e-01
1.047371327877044851e-02
-4.756473004817962091e-01
-7.253844738006591797e-01
-4.380551874637603760e-01
-4.478835165500640869e-01
-4.799844026565551758e-01
-5.482909083366394043e-01
-5.564132928848266602e-01
-4.130346179008483887e-01
-3.686598837375640869e-01
-5.978843569755554199e-01
-3.039957880973815918e-01
-5.525245666503906250e-01
-5.644851326942443848e-01
-5.788427591323852539e-01
-3.565106391906738281e-01
-9.498608112335203968e-01
-1.144829750061035156e+00
-1.484306097030639648e+00
-9.807994365692139782e-01
-9.019830226898192249e-01
-7.219860553741455078e-01
-7.101396471261978149e-02
-1.883211880922317227e-01
-3.354032635688781738e-01
-4.641686379909514687e-02
-1.108151972293853760e-01
3.439352810382843018e-01
3.580115139484404962e-01
8.082503080368041992e-01
2.540282905101776123e-01
3.571353852748870850e-01
3.859781324863433838e-01
2.478861957788467407e-01
6.289706826210021973e-01
7.722947597503662109e-01
6.116480827331542969e-01
7.559797763824462891e-01
2.681887447834014893e-01
2.798032462596892755e-01
4.705436527729033869e-01
9.303367137908936935e-02
-8.399674296379089355e-01
-1.144487977027893066e+00
-3.820929229259490967e-01
-1.097147464752197266e-01
-4.920642822980881431e-02
4.459079504013061523e-01
1.512057036161422729e-01
1.280964493751526101e+00
6.043950915336608887e-01
6.610964536666870117e-01
1.010509371757507102e+00
1.297918319702148438e+00
1.032525300979614480e+00
1.232230663299560325e+00
1.311969161033630371e+00
1.801499605178833008e+00
1.504109144210815430e+00
2.038147449493408203e+00
1.824086546897887962e+00
1.171413183212280495e+00
1.454773902893066406e+00
1.434892177581786887e+00
1.227963924407958984e+00
1.418339252471923828e+00
1.443400382995605691e+00
1.595617771148681641e+00
1.687781095504760742e+00
1.678601503372192383e+00
2.076506853103637695e+00
1.948346734046936035e+00
2.043460130691528320e+00
1.840919971466064453e+00
1.394187092781067117e+00
1.110460162162780762e+00
9.503924846649169922e-01
6.982131600379943848e-01
5.285255908966064453e-01
5.425038337707520641e-01
6.372560858726501465e-01
5.551449656486511230e-01
6.986433267593383789e-01
1.030303001403808594e+00
4.517113864421845038e-01
6.692259907722473145e-01
2.855840623378753662e-01
1.158343777060508728e-01
-2.670382382348180251e-03
9.632912278175354004e-02
1.625642552971839905e-02
2.286115847527980804e-02
1.366210579872131348e-01
2.738221585750580389e-01
-6.761993467807769775e-02
-4.027678668498992920e-01
-2.925307452678680420e-01
-2.039485722780227939e-01
-1.956328451633453369e-01
-7.483237981796264648e-01
-1.061277747154235840e+00
-1.117027878761291504e+00
-1.162908911705017090e+00
-1.036410450935363770e+00
-1.354780554771423118e+00
-1.417861819267273171e+00
-1.069052577018737793e+00
-1.327598810195922852e+00
-1.436196684837341309e+00
-1.418195247650146484e+00
-1.115874290466308594e+00
-9.403901100158692516e-01
-9.745708107948304333e-01
-9.303671717643737793e-01
-1.031628131866454856e+00
-1.012550592422485352e+00
-7.778474688529968262e-01
-5.348730683326721191e-01
-2.732830047607421875e-01
-2.941907346248627264e-01
-8.087204098701477051e-01
-1.207647562026977539e+00
-1.091445446014404297e+00
-1.201928973197937012e+00
-9.994560480117797852e-01
-1.179991483688354492e+00
-1.392933845520019531e+00
-1.376168012619018555e+00
-8.426165580749511719e-01
-1.038551092147827148e+00
-1.027272820472717285e+00
-1.073450207710265891e+00
-1.031735897064209206e+00
-6.631623506546020508e-01
-8.360137343406677246e-01
-8.288121223449707031e-01
-1.009650111198425293e+00
-9.812514781951904297e-01
-1.138050436973571777e+00
-8.636499047279357910e-01
-7.214800119400024414e-01
-2.306723743677139560e-01
5.944687724113464355e-01
6.053541302680969238e-01
7.445856332778930664e-01
8.397439122200012207e-01
7.676702141761779785e-01
1.010253190994262695e+00
9.815405011177064099e-01
1.159900784492492898e+00
1.092622160911560059e+00
1.436246633529663086e+00
1.420146465301513672e+00
1.161046624183654785e+00
1.011078238487243652e+00
7.807687520980834961e-01
5.466787219047546387e-01
9.676513075828552246e-01
1.028887867927551270e+00
8.043711185455322266e-01
2.632577717304230291e-01
9.175667762756347656e-01
7.930969595909118652e-01
7.577853202819824219e-01
8.547453284263610840e-01
1.279790759086608887e+00
5.736463069915771484e-01
3.489368855953217108e-01
-7.238954305648803711e-02
-9.435798972845077515e-02
-1.501780450344085416e-01
-3.274821043014526367e-01
1.422445774078369141e-01
-3.051177971065044403e-02
3.490149974822998047e-01
2.998612523078918457e-01
8.144928812980651855e-01
1.188147783279418945e+00
1.000733017921447754e+00
6.571245789527893066e-01
1.184412613511085510e-01
3.901342451572418213e-01
-2.556413114070892334e-01
-2.671652436256409247e-01
-9.239348173141479492e-01
-1.517102718353271706e+00
-1.584898352622985840e+00
-1.528976798057556152e+00
-2.212516784667968750e+00
-1.599355459213256836e+00
-1.412807703018188477e+00
-1.162550091743469238e+00
-1.045679807662964089e+00
-9.663094878196716309e-01
-4.469498097896575928e-01
-4.680034220218657892e-01
-7.715494632720947266e-01
-5.148601531982421875e-01
-1.050624698400497437e-01
2.257239222526550571e-01
4.501290023326873779e-01
8.567548394203186035e-01
9.240478873252867542e-01
8.510982990264892578e-01
6.565155982971191406e-01
8.755798339843750000e-01
5.986149311065673828e-01
7.777704000473022461e-01
7.122620940208435059e-01
5.984700918197631836e-01
8.703213930130004883e-01
8.139824867248535156e-01
9.881506562232972302e-01
7.780082225799559437e-01
1.054878354072570801e+00
1.309123158454895020e+00
1.331645131111145020e+00
1.414077877998351829e+00
1.930175662040710449e+00
2.063944101333618164e+00
2.234659194946289062e+00
2.227236032485961914e+00
2.000939369201659712e+00
1.763453245162964089e+00
2.159354925155640093e+00
2.180048465728760210e+00
2.292125701904296875e+00
1.176497817039489524e+00
1.489778995513916016e+00
1.656712770462035911e+00
1.252850174903869629e+00
1.151688337326049805e+00
1.256772994995117188e+00
1.421135663986206055e+00
1.777940988540649414e+00
1.682506322860717773e+00
1.647493124008178711e+00
1.710040450096130371e+00
1.351697564125061035e+00
8.081507682800292969e-01
7.193953990936279297e-01
6.957796812057495117e-01
4.041671752929688055e-01
5.300694704055786133e-01
8.231641650199890137e-01
1.277628540992736816e+00
1.374758124351501687e+00
1.797449707984924316e+00
2.010488986968994141e+00
1.657829999923706055e+00
1.247002124786376953e+00
7.680916190147399902e-01
4.040047824382781982e-01
7.362334132194519043e-01
8.689209222793579102e-01
1.154686808586120605e+00
1.278922915458679199e+00
1.461344122886657493e+00
1.326461791992187500e+00
1.304211854934692383e+00
1.507780671119689941e+00
1.959404110908508301e+00
1.903253674507140891e+00
1.892482757568359597e+00
2.118129968643188477e+00
2.362593173980712891e+00
2.082842588424682617e+00
1.907484173774719238e+00
2.330247640609740767e+00
2.397184133529663086e+00
2.785056591033935547e+00
2.745191097259521040e+00
2.434690952301025391e+00
2.098014116287231445e+00
1.474329113960265891e+00
1.698300480842590332e+00
1.899267196655273215e+00
2.043653011322021040e+00
2.061022281646728516e+00
1.536733865737915039e+00
1.535864472389221191e+00
1.591633558273315430e+00
1.185662865638732910e+00
1.298889994621276855e+00
1.257087707519531250e+00
1.094255447387695090e+00
1.173154115676880105e+00
7.941571474075317383e-01
1.205367922782897949e+00
9.896973967552183948e-01
1.102803945541381836e+00
1.426005244255065918e+00
9.422562122344971813e-01
1.182297587394714355e+00
1.210429072380065918e+00
1.321626305580139160e+00
1.160882234573364480e+00
1.153660774230957031e+00
9.295516014099119984e-01
9.035531878471375622e-01
1.745425820350646973e+00
2.045123100280761719e+00
1.910264849662780762e+00
1.950011610984802468e+00
1.468551039695739524e+00
1.420505881309509277e+00
1.391007423400879128e+00
1.179596424102783203e+00
2.043338537216186523e+00
2.000641584396362305e+00
1.695326209068298340e+00
1.249186158180236816e+00
1.242613315582275391e+00
1.168232083320617676e+00
1.531817197799682617e+00
1.432800889015197754e+00
1.630584478378295898e+00
1.396025061607360840e+00
1.339962482452392578e+00
1.443666458129882812e+00
1.746782541275024414e+00
1.452426075935363770e+00
9.592269062995911755e-01
7.449491024017333984e-01
3.321238160133361816e-01
2.767274677753448486e-01
2.981442511081696112e-01
9.285632371902465820e-01
2.168492227792739868e-01
5.891810655593872070e-01
5.601837038993835449e-01
4.149425774812697670e-02
-1.849091202020644864e-01
1.185523462481796741e-03
3.550050556659698486e-01
2.742204964160919189e-01
-1.393823605030775070e-02
-6.200579553842545250e-02
-5.698199272155761719e-01
-7.532069087028503418e-01
-5.786592364311218262e-01
-1.910928636789321899e-01
-1.052667498588562012e-01
-5.395555496215820312e-01
4.211055487394332886e-02
-1.042234182357787864e+00
-1.327711462974548340e+00
-1.372708797454833984e+00
-1.733049511909484863e+00
-1.400449156761169434e+00
-1.644370317459106445e+00
-1.797231078147888184e+00
-2.848448276519775391e+00
-1.988652348518372026e+00
-2.082042694091796875e+00
-1.973855376243591531e+00
-2.236397027969360352e+00
-2.215198040008544922e+00
-2.507611513137817383e+00
-2.677879571914673296e+00
-3.034086465835571733e+00
-3.053551912307739702e+00
-2.645879030227661133e+00
-2.384449958801269087e+00
-1.957208871841430886e+00
-2.014878749847411665e+00
-1.933764100074768066e+00
-2.196927070617676225e+00
-1.812510132789612038e+00
-2.204325675964355469e+00
-2.304013967514038086e+00
-2.305461168289185014e+00
-2.399870872497558594e+00
-1.535875439643860085e+00
-1.338453054428100586e+00
-1.351474523544311523e+00
-6.175292134284973145e-01
-5.959796309471129261e-01
-5.330921411514282227e-01
-4.339432120323181152e-01
-3.155935406684875488e-01
-1.070395410060882568e-01
-5.162711814045906067e-02
-6.399586796760559082e-01
-9.262397885322571911e-01
-8.660476207733154297e-01
-1.673600822687149048e-01
8.723953366279602051e-02
4.622618257999420166e-01
4.443559348583220880e-01
7.551204562187194824e-01
1.555128544569015503e-01
1.915061771869659424e-01
-3.943833336234093406e-02
1.523751616477966586e-01
9.344737529754639782e-01
1.999259442090987882e-01
9.807648658752440296e-01
9.994054436683655895e-01
9.826408624649047852e-01
8.414726853370666504e-01
8.424332737922668457e-01
7.569684386253356934e-01
1.409229278564453125e+00
1.570364594459533691e+00
1.709831118583679199e+00
1.625708103179931641e+00
1.308227777481079102e+00
1.452863097190856934e+00
1.232081890106201172e+00
1.325011253356933594e+00
9.696246981620787464e-01
5.211479067802429199e-01
7.418867200613021851e-02
-1.236319243907928467e-01
3.645322024822235107e-01
1.610050946474075317e-01
1.054068058729171753e-01
-1.555166095495223999e-01
-2.265617102384567538e-01
-4.430443346500396729e-01
-5.657296180725097656e-01
-5.001519918441772461e-01
-3.362809866666793823e-02
1.941456273198128094e-02
-1.285818964242935181e-01
8.700908720493318038e-02
1.511187106370925903e-01
3.559130430221557617e-01
7.476681470870971680e-01
6.581705808639526367e-01
7.651224136352539062e-01
1.229371309280395508e+00
1.749894857406616211e+00
1.886820673942565918e+00
2.361481428146362305e+00
2.275032043457031250e+00
2.400785923004150391e+00
1.917283177375793235e+00
2.223691225051879883e+00
2.379003286361694336e+00
2.513625383377075195e+00
2.274642705917358398e+00
2.431839466094970703e+00
2.331214427947998047e+00
2.114855766296386719e+00
1.857474803924560325e+00
2.350888967514038086e+00
1.977516651153564453e+00
1.507408022880554199e+00
1.386369466781616211e+00
1.843947410583495872e+00
1.039246439933776855e+00
8.968670964241027832e-01
9.952730536460876465e-01
1.381329178810119629e+00
1.226896643638610840e+00
1.943392157554626465e+00
1.324632167816162109e+00
1.303312301635742188e+00
1.336823701858520508e+00
1.499673724174499512e+00
1.334889411926269531e+00
1.158561944961548074e+00
1.310142993927001953e+00
1.228149175643920898e+00
1.552125334739685059e+00
1.412214159965515137e+00
1.332858204841613770e+00
1.649088740348815918e+00
1.987262129783630371e+00
2.403368949890136719e+00
2.523982524871826172e+00
2.130719423294067383e+00
1.906971573829650879e+00
2.382650852203369141e+00
2.807942867279052734e+00
3.084063768386841264e+00
3.075765132904052734e+00
2.396219968795776367e+00
2.171350002288818359e+00
1.989303708076476829e+00
1.960960865020751953e+00
2.104079723358154297e+00
2.178394079208374023e+00
2.043817520141601562e+00
1.905385375022887962e+00
1.822782278060913086e+00
1.870069026947021262e+00
1.855687737464904785e+00
1.409129381179809570e+00
1.080382227897644043e+00
7.473778128623962402e-01
9.897964596748352051e-01
7.107582688331604004e-01
4.732754826545714777e-01
3.845132887363433838e-01
5.275188945233821869e-03
-4.774900674819945734e-01
-1.000417590141296387e+00
-6.599460840225219727e-01
-3.361863493919373114e-01
-4.130538702011108954e-01
-7.724269032478332520e-01
-7.942622900009155273e-01
-1.191941142082214355e+00
-1.211072921752929688e+00
-1.174843788146972878e+00
-1.114191040396690369e-01
-3.412703573703765869e-01
-6.981073021888732910e-01
-1.128415822982788086e+00
-1.085588693618774414e+00
-9.214899539947509766e-01
-6.183863282203674316e-01
-9.771276712417603649e-01
-1.329990029335021973e+00
-1.279527902603149414e+00
-8.971291780471801758e-01
-1.591931223869323508e+00
-1.570412635803222878e+00
-1.725221872329711914e+00
-1.421579957008361816e+00
-1.055252075195312500e+00
-9.835427999496459961e-01
-1.346178650856018066e+00
-1.341694355010986328e+00
-1.628803849220276101e+00
-1.532655239105224609e+00
-1.496719956398010476e+00
-1.171403884887695090e+00
-1.616749882698059082e+00
-1.901407718658447710e+00
-2.155513286590575728e+00
-1.995256900787353294e+00
-1.735425233840942383e+00
-1.742015361785888894e+00
-2.164279222488403764e+00
-2.074116706848144531e+00
-2.120080709457397017e+00
-2.252893924713134766e+00
-2.198807001113892046e+00
-2.233278274536133257e+00
-2.254003047943115234e+00
-2.222500801086425781e+00
-1.895104885101318359e+00
-1.999847173690795898e+00
-2.186011791229248047e+00
-2.583148241043090820e+00
-2.943479299545288086e+00
-2.945028543472290039e+00
-3.182965755462646484e+00
-3.178467988967895508e+00
-3.042052268981933594e+00
-2.667905092239379883e+00
-2.431192874908447710e+00
-2.725010156631469727e+00
-2.576839923858642578e+00
-2.584866523742675781e+00
-2.349174022674560547e+00
-1.718971729278564453e+00
-1.692095160484313965e+00
-1.600218057632446289e+00
-1.116969943046569824e+00
-1.166807889938354492e+00
-1.457011938095092773e+00
-2.150733709335326704e+00
-2.269382953643798828e+00
-2.325853109359740767e+00
-2.182762861251831055e+00
-2.079137325286864790e+00
-1.668187141418456809e+00
-1.672701239585876465e+00
-1.395413041114807129e+00
-1.442624568939208984e+00
-1.512028813362121582e+00
-1.405354261398315430e+00
-1.520631194114685059e+00
-1.566764116287231445e+00
-1.210992932319641113e+00
-1.135283470153808594e+00
-7.438195943832397461e-01
-3.382914960384368896e-01
-8.300656825304031372e-02
-2.245132029056549072e-01
-3.609905838966369629e-01
6.225042790174483559e-02
2.219416201114654541e-01
4.962204992771149237e-01
5.955806970596313477e-01
6.079976558685302734e-01
6.385320425033569336e-01
1.087032198905944824e+00
9.880943894386291504e-01
1.177497863769531250e+00
1.407845377922058105e+00
1.998206496238708496e+00
1.885892271995544434e+00
1.887750506401061790e+00
1.571146011352539062e+00
1.007415652275085449e+00
8.053148388862609863e-01
1.324168920516967773e+00
1.813337922096252441e+00
2.149178743362426758e+00
2.336620569229125977e+00
2.254445791244506836e+00
1.597122192382812500e+00
1.263734698295593262e+00
1.499852418899535911e+00
1.856016159057616743e+00
1.903868794441223145e+00
2.308084487915039062e+00
1.804652333259582297e+00
2.041312932968140093e+00
1.901548624038696289e+00
1.086161255836486816e+00
1.537455797195434570e+00
2.133262395858764648e+00
2.207243919372558594e+00
2.269651412963866743e+00
2.200436830520629883e+00
2.077607631683349609e+00
1.929444909095763938e+00
1.492267966270446777e+00
1.534492850303649902e+00
1.688676238059997559e+00
1.725407719612121582e+00
1.302791118621826172e+00
1.041133880615234375e+00
5.413829088211060681e-01
3.632358014583588202e-01
1.067865371704101562e+00
1.196476936340332031e+00
1.085567474365234375e+00
8.825905919075012207e-01
8.684589862823486328e-01
1.139715313911437988e+00
5.421453118324279785e-01
6.394671201705932617e-01
4.155094623565673828e-01
7.163639068603515625e-01
6.734769940376281738e-01
3.019084930419921875e-01
3.816571533679962158e-01
7.392612099647521973e-01
9.963165521621704102e-01
1.181075572967529297e+00
1.283217310905456321e+00
9.148802757263183594e-01
4.286493062973023016e-01
9.389138817787170410e-01
1.247634291648864746e+00
1.361698985099792480e+00
1.110872030258178711e+00
6.719226837158203125e-01
7.510428428649902344e-01
7.835647463798522949e-01
3.611165583133697510e-01
1.486635953187942505e-02
1.212232857942581316e-01
-1.084645241498947282e-01
1.748103797435760498e-01
5.691945552825927734e-02
-2.058725990355014801e-02
1.983319818973541260e-01
2.912061810493469238e-01
2.542510926723480225e-01
5.490061640739440918e-01
2.503428161144257147e-01
8.183112740516662598e-01
7.338684797286987305e-01
1.227439522743225098e+00
1.612189173698425293e+00
2.018640995025634766e+00
1.840140938758850098e+00
1.572413921356201172e+00
1.527356505393981934e+00
1.655453562736511230e+00
1.948089480400085227e+00
2.069169282913208008e+00
2.029874563217163086e+00
1.765006661415100098e+00
1.815139651298523171e+00
1.883304953575134499e+00
1.719316244125366211e+00
1.343600749969482422e+00
1.445744991302490234e+00
1.238953948020935059e+00
1.339987277984619141e+00
1.624131083488464355e+00
1.208979368209838867e+00
7.569187879562377930e-01
8.531109094619750977e-01
8.220083713531494141e-01
8.842907547950744629e-01
3.747968077659606934e-01
1.785776466131210605e-01
1.408747285604476929e-01
-1.848421096801757535e-01
-1.022972702980041504e+00
-1.199833273887634499e+00
-1.433676600456237793e+00
-1.733965396881103516e+00
-1.575766682624816895e+00
-1.680608630180358887e+00
-1.963678717613219993e+00
-1.737390637397765891e+00
-1.882557511329650879e+00
-2.008129835128784180e+00
-2.038916110992432085e+00
-1.919245243072509544e+00
-1.943122625350951926e+00
-2.187925815582275391e+00
-1.974180102348328081e+00
-1.961836218833923562e+00
-1.810558199882507546e+00
-1.714940190315246582e+00
-1.642737984657287598e+00
-1.466565728187561035e+00
-1.537660360336303711e+00
-1.349711894989013672e+00
-1.468842864036560059e+00
-1.223844408988952637e+00
-1.037039875984192117e+00
-8.861773014068603516e-01
-4.776983857154846191e-01
-4.012969732284545898e-01
-7.003992795944213867e-01
-8.051407337188720703e-01
-6.612946391105651855e-01
-4.369886517524719238e-01
-9.352616220712663131e-02
-2.239422649145126620e-01
1.579452678561210632e-02
-4.316029548645020086e-01
-3.522426187992095947e-01
-3.386798202991485596e-01
-4.291690587997437079e-01
3.789504244923591614e-02
5.984109640121459961e-01
5.374270081520080566e-01
7.577987853437662125e-03
6.230121850967407227e-01
3.350387513637542725e-01
1.730427592992782593e-01
1.040364146232604980e+00
