1.984113097190856934e+00
1.813769459724426492e+00
1.530526638031006081e+00
1.566226959228515625e+00
1.262086153030395508e+00
1.169151663780212402e+00
1.010759115219116211e+00
1.111899256706237793e+00
5.390142798423767090e-01
7.546661496162414551e-01
8.796194791793823242e-01
1.028472065925597922e+00
1.114686012268066406e+00
1.313227415084838867e+00
1.425179123878479004e+00
1.608688473701476829e+00
1.508112549781799094e+00
1.295010566711425781e+00
-6.508651375770568848e-01
-4.735622406005858820e-01
-2.757553756237030029e-01
-2.821460599079728127e-03
4.901084601879120428e-01
1.142140388488769531e+00
1.641226649284362793e+00
2.021155357360840288e+00
2.462879896163940430e+00
2.740381002426147461e+00
2.816684484481811523e+00
2.716108560562134233e+00
2.504467725753784180e+00
2.403908967971801758e+00
2.127192735671996626e+00
2.034147739410400391e+00
1.814415693283081055e+00
1.692000865936279297e+00
1.757443189620971680e+00
1.657492280006408691e+00
1.372008204460144043e+00
1.383919000625610352e+00
1.166950345039367676e+00
8.267251849174499512e-01
8.160677552223205566e-01
5.095816254615783691e-01
1.761680245399475098e-01
1.711726188659667969e-01
-1.682211905717849454e-01
-4.067157804965972900e-01
-4.163410663604735773e-01
-6.466359496116638184e-01
-7.390952706336975098e-01
-9.168785810470579944e-01
-1.228061318397521973e+00
-1.294595956802368164e+00
-1.612285017967223899e+00
-1.735923051834106445e+00
-1.760906577110290305e+00
-1.969504952430725098e+00
-2.068736791610717773e+00
-1.993760108947754128e+00
-2.026674509048461914e+00
-2.158877849578857422e+00
-2.066856861114501953e+00
-2.125695705413818359e+00
-2.246452331542968750e+00
-2.221170663833618164e+00
-2.327174663543701172e+00
-2.326414346694946289e+00
-2.278576850891113281e+00
-2.181378841400146484e+00
-2.111176013946533203e+00
-2.089634895324706587e+00
-2.002073287963866743e+00
-1.988702058792114480e+00
-1.906461954116821289e+00
-1.817224264144897239e+00
-1.775506138801574707e+00
-1.711476683616638184e+00
-1.629759073257446289e+00
-1.465911984443664551e+00
-1.434123754501342773e+00
-1.315737366676330566e+00
-1.102831244468688965e+00
-1.038945436477661133e+00
-1.117357015609741211e+00
-9.235782623291015625e-01
-7.641105651855468750e-01
-8.529343605041503906e-01
-7.652673721313476562e-01
-6.298817396163940430e-01
-7.257347702980041504e-01
-5.742510557174682617e-01
-4.752702116966248114e-01
-3.528935313224792480e-01
-2.906156480312347412e-01
-9.134160727262495560e-02
-1.362970471382141113e-01
2.831391058862209320e-02
2.527591958642005920e-02
1.708181798458099365e-01
1.578009873628616611e-01
2.381235957145690918e-01
3.780198097229003906e-01
4.172540605068206787e-01
3.764336407184600830e-01
4.806649386882781982e-01
5.747033953666687012e-01
5.809879899024963379e-01
5.904734730720520020e-01
4.745298326015471857e-01
2.426328212022781095e-01
-6.418178975582122803e-02
-1.726493090391159058e-01
-4.005609750747681219e-01
-5.497736930847167969e-01
-5.720127820968627930e-01
-5.712800025939941406e-01
-5.258625149726867676e-01
-5.600963234901428223e-01
-5.517246127128601074e-01
-6.026079654693603516e-01
-6.480237245559692383e-01
-8.034434318542479359e-01
-9.338468909263611950e-01
-8.987759947776794434e-01
-1.010159134864807129e+00
-1.090743660926818848e+00
-1.143829107284545898e+00
-1.177675127983093262e+00
-1.191250801086425781e+00
-1.262863993644714355e+00
-1.240397214889526367e+00
-1.291482090950012207e+00
-1.253392100334167703e+00
-1.291944742202758789e+00
-1.258543968200683594e+00
-1.232744932174682617e+00
-1.353886604309082031e+00
-1.392979502677917703e+00
-1.405454754829406738e+00
-1.373582124710083008e+00
-1.385828137397765891e+00
-1.315260410308837891e+00
-1.242637276649475098e+00
-1.239817976951599121e+00
-1.159085512161254883e+00
-1.091550946235656738e+00
-1.027207732200622559e+00
-1.099964857101440430e+00
-1.074926733970642090e+00
-9.678821563720704235e-01
-8.579503893852233887e-01
-8.236844539642333984e-01
-6.397306323051452637e-01
-9.134680628776550293e-01
-7.213073372840881348e-01
-6.975765824317932129e-01
-6.592748165130615234e-01
-5.268558859825134277e-01
-3.869321644306182861e-01
-4.762545526027679998e-01
-3.460859656333923340e-01
-3.074243664741516113e-01
-2.596962749958038330e-01
-2.022592127323150635e-01
-2.881017029285430908e-01
-1.481990963220596591e-01
-2.191812358796596180e-02
3.849387168884276650e-02
2.584019601345062256e-01
1.698594689369201383e-01
1.445246040821075439e-01
2.208979576826096136e-01
1.677602082490921021e-01
2.402569353580475131e-01
2.319421321153641025e-01
2.380613684654236117e-01
1.986871212720870972e-01
1.854331344366073608e-01
1.815953552722930908e-01
2.380336076021194458e-01
2.033392190933227539e-01
2.382803112268447876e-01
2.575109899044036865e-01
3.258526325225830078e-01
2.255780547857284546e-01
2.619075775146484375e-01
2.228842973709106445e-01
2.053043693304061890e-01
1.329144537448883057e-01
2.176535278558731079e-01
1.720640063285827637e-01
2.826779484748840332e-01
1.016853600740432739e-01
2.044086903333663940e-01
1.420582383871078491e-01
6.930465996265411377e-02
5.820074677467346191e-02
1.113372147083282332e-01
1.046531274914741655e-01
1.340817064046859464e-01
2.511911988258361816e-01
1.568702012300491333e-01
2.028069496154784879e-01
2.838441729545593262e-01
1.751638799905776978e-01
1.096462309360504289e-01
3.578098863363265991e-02
3.628045693039893410e-02
4.215955361723899841e-02
-2.268621884286404003e-02
2.237303415313363075e-03
5.688481032848358154e-03
-8.635586500167848067e-02
-1.027195602655410767e-01
-2.556741535663604736e-01
-3.198551237583160400e-01
-3.689034581184387207e-01
-3.253984749317169189e-01
-2.706783115863800049e-01
-2.128327786922454834e-01
-3.037180602550506592e-01
-3.137471377849578857e-01
-2.771012783050537109e-01
-4.116177856922149658e-01
-5.585252046585083008e-01
-5.629768371582031250e-01
-7.031106948852539062e-01
-7.868282794952392578e-01
-7.346392869949340820e-01
-7.015065550804138184e-01
-5.525572299957275391e-01
-4.022080600261688232e-01
-4.840840697288513184e-01
-4.081548750400543213e-01
-5.511100292205810547e-01
-5.536631345748901367e-01
-4.693908393383026123e-01
-5.579993724822998047e-01
-4.366578757762908936e-01
-3.677319884300231934e-01
-3.430233597755432129e-01
-1.678375750780105591e-01
-1.669171005487442017e-01
-2.656163275241851807e-01
-1.459589153528213501e-01
-6.522227078676223755e-02
-7.954239845275878906e-02
-4.473960492759943008e-03
-1.403594315052032471e-01
1.227678544819355011e-02
1.689224243164062500e-01
1.635296046733856201e-01
2.945293784141540527e-01
3.124546408653259277e-01
3.098549544811248779e-01
3.510487675666809082e-01
3.682156503200531006e-01
1.431310474872589111e-01
1.807512044906615933e-01
2.361120283603667935e-01
2.502880394458770752e-01
3.754655718803405762e-01
3.405501544475555420e-01
3.891176581382752020e-01
5.880300402641296387e-01
6.118867397308349609e-01
5.236614346504211426e-01
5.489560365676879883e-01
5.218853354454039417e-01
5.407528281211853027e-01
4.641588330268859863e-01
4.027031064033507746e-01
3.730452656745911200e-01
3.772617280483245850e-01
4.794768095016480047e-01
5.004541873931884766e-01
3.501001894474028986e-01
4.120627939701079767e-01
4.272615611553192139e-01
2.602922916412352961e-01
2.589734196662902832e-01
1.866757720708847046e-01
1.376683562994003296e-01
1.190463230013847490e-01
1.170317083597183228e-01
4.738238453865051270e-02
4.759408161044121482e-02
1.034610047936439653e-01
7.124638557434082031e-02
1.231014281511306763e-01
1.131545901298522949e-01
2.002787739038467407e-01
1.358432173728942871e-01
8.004206418991088867e-02
9.111045300960539384e-02
6.219103187322616577e-02
-1.649078167974949230e-02
-4.207707569003105164e-02
-1.242785677313804488e-01
-9.266925603151320023e-02
-1.164448857307433943e-01
-1.321493536233901978e-01
-8.825706690549850464e-02
5.345031991600990295e-02
1.155220493674278537e-01
2.560667395591735840e-01
4.352456927299500067e-01
2.708337306976318359e-01
3.258462846279144287e-01
2.707099318504332941e-01
2.003817856311798096e-01
4.406077787280082703e-03
-3.909526392817496560e-02
-1.454030871391296387e-01
-1.555735915899276733e-01
-1.825566589832305908e-01
-2.321917563676834106e-01
-2.530969083309173584e-01
-1.810286194086074829e-01
-2.286414504051208496e-01
-9.756591171026229858e-02
-4.455025494098663330e-02
-1.000361070036887984e-01
-5.239390581846237183e-02
-1.733040362596511841e-01
-2.373660802841186523e-01
-3.312433362007141113e-01
-3.918052017688751221e-01
-4.036714434623718262e-01
-4.825040698051453192e-01
-5.113148689270020641e-01
-6.589909195899963379e-01
-7.593644261360168457e-01
-8.658709526062011719e-01
-9.453730583190917969e-01
-9.619495868682860218e-01
-8.928964138031005859e-01
-9.680641293525695801e-01
-9.605765938758850098e-01
-8.254708647727966309e-01
-5.982762575149536133e-01
-5.129250884056091309e-01
-4.220095872879027765e-01
-3.591775894165039062e-01
-4.668539166450501043e-01
-5.430179238319396973e-01
-5.453450679779052734e-01
-5.796038508415222168e-01
-4.213388860225677490e-01
-4.019304513931273304e-01
-2.532491385936737061e-01
-1.296751797199249268e-01
6.159546785056591034e-03
-7.401723414659500122e-02
-2.000257074832916537e-01
-2.924032807350159247e-01
-2.169097214937210083e-01
-8.617512136697769165e-02
-8.080687373876573043e-02
1.529890149831772128e-01
4.669106304645537775e-01
4.789732992649077814e-01
5.836920142173767090e-01
5.762975215911865234e-01
4.117431044578552246e-01
1.852073818445205411e-01
2.098304629325866699e-01
-8.358205109834671021e-02
-2.457116693258284967e-01
-2.041190862655639926e-01
-1.857543922960758556e-02
2.614435553550719660e-01
3.946112096309661865e-01
5.814169645309448242e-01
5.431277155876160778e-01
4.465992152690888006e-01
2.860648632049560547e-01
1.314083784818649292e-01
-3.571402048692107201e-04
-9.342125803232192993e-02
-1.362722218036651611e-01
-9.270475059747695923e-02
-7.540435343980789185e-02
-3.840129449963569641e-02
6.729027628898620605e-02
-3.076284378767013203e-02
-4.142333567142487266e-02
-1.696939766407012939e-01
-3.860338628292083740e-01
-5.688473582267761230e-01
-6.388009786605834961e-01
-8.151317238807678223e-01
-8.201109766960144043e-01
-7.875427007675170898e-01
-5.965800285339355469e-01
-3.969397842884064276e-01
-3.845706880092620850e-01
-2.494869530200958530e-01
-1.667591333389282227e-01
-1.900800168514251987e-01
-2.188482731580734530e-01
-3.639858365058898926e-01
-5.513765811920166016e-01
-7.250626087188720703e-01
-8.112282752990722656e-01
-1.038317561149597168e+00
-1.087197542190551758e+00
-1.041111230850219505e+00
-9.239833354949952282e-01
-7.920035123825073242e-01
-7.959508299827575684e-01
-8.837459683418273926e-01
-1.033870458602905273e+00
-1.242792963981628418e+00
-1.353513002395630105e+00
-1.497714638710021973e+00
-1.524774193763733132e+00
-1.592895865440368874e+00
-1.602778553962707520e+00
-1.665044069290161133e+00
-1.669745564460754395e+00
-1.814276814460754395e+00
-1.782176733016967773e+00
-1.987890958786010742e+00
-2.030275821685791016e+00
-2.222091674804687500e+00
-2.000498056411743164e+00
-1.673426508903503418e+00
-1.564033746719360352e+00
-9.994260072708129883e-01
-7.018775343894958496e-01
-5.442296266555786133e-01
-4.206902682781220038e-01
-4.880288839340209961e-01
-7.169385552406311035e-01
-1.007974386215209961e+00
-1.386589527130126953e+00
-1.494678139686584473e+00
-1.585858345031738503e+00
-1.590441942214965820e+00
-1.225396513938903809e+00
-6.654722690582275391e-01
-5.558770298957824707e-01
4.461207985877991417e-02
4.642584025859832764e-01
3.891463875770568848e-01
4.406486451625823975e-01
3.706576526165009100e-01
1.806158870458602905e-01
-1.786120235919952393e-01
-4.525882601737976074e-01
-5.201918482780456543e-01
-4.099075496196746826e-01
-3.711702227592468262e-01
-8.892641961574554443e-02
1.448396295309066772e-01
6.459484994411468506e-02
1.738080009818076740e-02
8.979511260986328125e-02
3.169978037476540306e-02
-1.156779471784829920e-02
9.285827167332172394e-03
-4.254911467432976463e-02
-1.382271200418472290e-02
7.027397304773330688e-02
2.833203598856926311e-02
8.788259327411652999e-02
7.876453548669815063e-02
1.297807693481445312e-01
1.911888420581817627e-01
1.052679121494293213e-01
2.729894220829010010e-01
3.788040578365325928e-01
3.744527399539948065e-01
5.886746644973754883e-01
8.424022197723388672e-01
8.909298181533813477e-01
9.354220032691955566e-01
8.022114038467407227e-01
6.913402080535888672e-01
6.078059077262878418e-01
5.138191580772399902e-01
4.169681370258330744e-01
4.454365372657775879e-01
4.085897505283356268e-01
6.385806798934936523e-01
7.798075079917907715e-01
6.503312587738037109e-01
7.390735745429992676e-01
6.233521699905395508e-01
4.317643642425537109e-01
1.272741407155990601e-01
-1.329022198915481567e-01
-2.677327692508696955e-01
-4.226063489913940985e-01
-4.181986153125762939e-01
-4.336405396461486816e-01
-2.724351584911346436e-01
-3.234923779964447021e-01
-1.784832626581192017e-01
-2.021524906158447543e-01
-3.285151720046997070e-01
-3.771658241748810370e-01
-4.588443934917449951e-01
-6.125925183296203613e-01
-4.280467033386231024e-01
-1.556087732315063477e-01
-4.288896452635527524e-03
3.151786327362060547e-01
7.610996961593627930e-01
6.389223337173461914e-01
6.389477252960205078e-01
4.906198680400847834e-01
2.439381182193756104e-01
-3.766167536377906799e-02
-1.156173273921012740e-01
-4.192928075790405273e-01
-6.350244283676147461e-01
-6.205862760543823242e-01
-5.235977172851562500e-01
-3.438751995563507080e-01
-1.338683366775512695e-01
1.447298675775527954e-01
5.153890252113342285e-01
3.262605965137481689e-01
5.380121469497680664e-01
4.814166128635407049e-01
2.829990684986114502e-01
1.104660108685493608e-01
-5.735009443014860153e-03
2.593212202191353191e-02
2.035252898931503573e-01
1.342408508062362671e-01
6.621425598859786987e-02
1.258630454540252686e-01
1.469973921775817871e-01
2.028353065252304077e-01
3.490626811981201172e-01
3.573729097843170166e-01
4.894450306892395020e-01
3.257927894592285156e-01
4.134083390235900879e-01
4.335837066173553467e-01
3.834106922149658203e-01
3.341083824634552002e-01
2.228056341409683228e-01
9.635669738054276900e-02
2.504268288612365723e-02
5.185798183083533547e-02
-1.303430530242622115e-03
5.526708811521530151e-02
1.603742688894272128e-01
1.903233379125595093e-01
1.342930048704147339e-01
-2.328834729269146919e-03
-1.344723105430603027e-01
-2.213105261325835904e-01
-3.645463287830352783e-01
-4.537402093410491943e-01
-4.962499141693115234e-01
-5.239555239677429199e-01
-5.810504555702210583e-01
-6.842645406723022461e-01
-8.722481131553649902e-01
-9.627104997634887695e-01
-1.006557345390319824e+00
-9.604439735412597656e-01
-9.825106859207152210e-01
-9.816309809684752308e-01
-9.968229532241820179e-01
-8.512786030769348145e-01
-9.548645615577697754e-01
-8.023776412010192871e-01
-5.663951039314270020e-01
-5.047240853309631348e-01
-4.384725987911223810e-01
-5.370223522186279297e-01
-7.046017646789550781e-01
-7.807418107986450195e-01
-9.133741259574890137e-01
-8.593611121177673340e-01
-8.477057814598083496e-01
-5.826201438903808594e-01
-7.214277982711791992e-01
-4.789745211601256769e-01
-5.945204496383666992e-01
-6.743214130401611328e-01
-7.527729868888854980e-01
-9.837897419929504395e-01
-1.025306940078735352e+00
-9.737803339958192028e-01
-9.363632798194884144e-01
-7.789933085441589355e-01
-7.466077208518981934e-01
-6.774849891662597656e-01
-3.957553207874298096e-01
-2.043851166963577271e-01
-1.962563395500183105e-01
-4.099299013614655235e-02
-8.981613814830780029e-02
-5.541974678635596535e-02
-2.666414529085159649e-02
-1.338684707880019864e-01
-1.634321510791778564e-01
-2.735750079154968262e-01
-3.324511945247650146e-01
-2.867045104503632147e-01
-7.889475673437118530e-02
2.576314285397529602e-02
6.208440288901329041e-02
2.377926558256149014e-01
1.933280378580093384e-01
3.087851405143737793e-01
1.808351129293441495e-01
2.634796202182769775e-01
1.444348990917205811e-01
1.847605854272842407e-01
2.668691873550415039e-01
5.170925855636596680e-01
6.859619617462158203e-01
7.215365171432495117e-01
8.085543513298034668e-01
7.620268464088441052e-01
6.742561459541320801e-01
4.122046828269959051e-01
2.679198384284973145e-01
1.630588918924331387e-01
1.264421790838241577e-01
1.038952022790908813e-01
2.147395908832550049e-01
1.940542906522750854e-01
3.887956738471984863e-01
6.213963627815246582e-01
5.612120032310485840e-01
5.539688467979431152e-01
4.507105052471160889e-01
3.565823733806610107e-01
2.439456135034560880e-01
1.489636003971100131e-01
-4.752493649721145630e-02
2.638785168528556824e-02
5.069642141461372375e-02
6.511999666690826416e-02
8.457621932029724121e-02
1.307048946619033813e-01
1.718711107969284058e-01
1.232520639896392683e-01
2.625479735434055675e-02
-1.644785553216934204e-01
-1.611752659082412720e-01
-1.745222955942153931e-01
-1.784671545028686523e-01
-1.002372801303863664e-01
-2.073704600334167480e-01
-6.589595228433609009e-02
2.147722095251083374e-01
-5.031377077102661133e-03
1.385326832532882690e-01
8.216999471187592941e-02
9.116967767477036910e-02
1.761528849601745605e-01
1.129525527358055254e-01
1.369452923536300659e-01
2.091770768165588379e-01
1.470391601324081421e-01
1.801091134548187256e-01
3.810430467128753662e-01
2.906373739242553711e-01
3.519351184368132990e-01
4.715325832366943914e-01
4.063334763050078791e-01
4.351151883602142334e-01
2.226057946681976596e-01
3.237704932689666748e-01
2.791782319545745850e-01
2.665939629077911377e-01
2.245886474847793579e-01
3.735814392566680908e-01
3.864728212356567938e-01
4.000444114208220880e-01
3.941167891025543213e-01
3.502856791019440252e-01
4.207737147808074951e-01
5.309023261070251465e-01
4.886907339096068781e-01
4.483199417591094971e-01
2.625242471694946289e-01
2.429935485124588013e-01
3.823935985565185547e-01
2.793949246406555176e-01
4.813590347766876221e-01
5.785920619964599609e-01
6.842063069343566895e-01
6.707438230514526367e-01
8.309044837951659046e-01
8.519052267074584961e-01
8.495010733604431152e-01
9.151579141616820179e-01
8.844277262687683105e-01
9.124515652656556286e-01
9.091022014617919922e-01
7.251423597335815430e-01
7.279568910598754883e-01
6.021374464035034180e-01
5.100125074386596680e-01
2.620984613895416260e-01
1.996359080076217374e-01
1.309363991022109985e-01
2.136482149362564087e-01
1.403960585594177246e-01
2.669410109519958496e-01
4.144884049892425537e-01
2.600488662719726562e-01
3.985940217971801758e-01
5.880796909332275391e-01
5.982024073600769043e-01
5.600000023841857910e-01
4.615110456943511963e-01
3.217814862728118896e-01
3.679900765419006348e-01
2.995689213275908869e-01
2.046009749174118042e-01
1.591876447200775146e-01
2.198665589094161987e-01
3.626105785369873047e-01
3.426266610622406006e-01
3.034143745899200439e-01
2.277526408433914462e-01
2.548615634441375732e-01
7.471781224012374878e-03
-1.046730354428291182e-01
-1.188136413693428040e-01
-9.347448498010636764e-02
-1.701600551605224609e-01
-2.671849131584167480e-01
-1.664445847272872925e-01
-6.832699477672576904e-02
-1.805806159973144531e-01
-1.571270376443862915e-01
-1.567310988903045377e-01
-2.347497791051864902e-01
-2.099771052598952692e-01
-3.147979974746704102e-01
-2.024423480033874512e-01
-6.220432370901107788e-02
-1.325765997171401978e-01
4.298226162791252136e-02
8.008351176977157593e-02
7.459131628274917603e-02
2.062280327081680575e-01
5.600475892424583435e-02
6.683814525604248047e-02
-1.298829820007085800e-02
7.081621140241622925e-02
-7.098388671875000000e-02
-6.535179913043975830e-03
7.371352985501289368e-03
1.646016724407673229e-02
4.047024622559547424e-02
7.843323051929473877e-02
8.956406265497207642e-02
1.173242628574371199e-01
1.452062427997589111e-01
7.253676652908325195e-02
2.550531029701232910e-01
2.820785641670227051e-01
3.018371760845184326e-01
3.058233261108398438e-01
2.902157008647919256e-01
2.575275301933289129e-01
3.552446961402893066e-01
3.646270632743834894e-01
3.022426366806030273e-01
3.128001689910889227e-01
3.115559220314025879e-01
1.497936546802520752e-01
2.304307222366333008e-01
2.326015979051589966e-01
3.399561941623687744e-01
2.344768345355987549e-01
3.653328418731689453e-01
3.364962041378021240e-01
2.280104309320449552e-01
2.720263898372650146e-01
2.969455122947692871e-01
2.544182538986206055e-01
2.485071867704391479e-01
2.951185107231140137e-01
2.509442567825316828e-01
2.790432870388031006e-01
6.239312887191772461e-02
5.292778089642524719e-02
-1.972826756536960949e-02
-1.091476008296012740e-01
-5.727370828390121460e-02
1.003780588507652421e-01
2.988739870488643646e-02
1.702762246131896973e-01
1.228272169828414778e-01
3.845390304923057556e-02
6.467345356941223145e-02
-1.697790622711181641e-02
-9.496622532606123490e-02
-2.149201035499572754e-01
-2.194953262805938721e-01
-1.088434904813766341e-01
-1.972898691892623901e-01
-1.939622461795806885e-01
-1.112906858325004578e-01
-3.191719576716423035e-02
-2.954376116394996990e-02
-3.242263570427894592e-02
-6.250099837779998779e-02
-2.800704911351203918e-02
-7.668527960777282715e-02
2.590058371424674988e-02
-9.404487162828444047e-02
-1.462302505970001221e-01
-2.613441944122314453e-01
-1.311367303133010864e-01
4.889454692602157593e-02
-1.280433032661676407e-02
4.448100924491881630e-02
3.065490424633026123e-01
1.565418392419815063e-01
1.727639138698577881e-01
2.865354418754577637e-01
2.213209867477416992e-01
3.031114339828491211e-01
2.463824599981307983e-01
2.106545120477676392e-01
1.771658807992935181e-01
1.314289271831512451e-01
1.449236124753952026e-01
1.121013015508651595e-01
1.150275394320487976e-01
2.836529724299908031e-02
1.444645076990127563e-01
4.379868879914283752e-02
1.235666498541831970e-01
6.561443209648132324e-02
7.617761939764022827e-02
1.221435293555259566e-01
1.259293705224990845e-01
-5.253563635051249590e-03
3.007139451801776886e-02
-1.403826382011175156e-02
9.927543997764587402e-02
8.738518506288527055e-02
-5.377462506294250488e-02
5.938356742262840271e-02
1.469277292490005493e-01
1.272967308759689331e-01
8.445701748132705688e-02
9.989228844642640548e-02
2.377412095665931702e-02
1.184395328164100508e-01
1.462969928979873380e-01
2.989967912435531963e-02
1.736533939838409424e-01
8.201719820499420166e-02
-1.535533070564270020e-01
2.510644868016242981e-02
4.413791373372077942e-02
1.963667199015617024e-02
1.829212158918380737e-01
1.306857913732528687e-01
2.441371977329254428e-01
3.994141817092896063e-01
3.442831933498382568e-01
4.166875779628753662e-01
4.507783055305480957e-01
4.583111107349395752e-01
3.620783984661102295e-01
4.234705865383148193e-01
3.306475281715393066e-01
4.336348772048950195e-01
2.291794270277023593e-01
4.334560930728911798e-01
5.268127322196960449e-01
5.494080781936645508e-01
6.608673930168151855e-01
5.683594346046447754e-01
5.322362780570983887e-01
4.781324267387390137e-01
4.928806722164154053e-01
3.506644964218140204e-01
4.158880412578582764e-01
4.240784943103790283e-01
2.890427708625792902e-01
4.072914123535156250e-01
3.501309156417847235e-01
2.957063913345336914e-01
1.856625080108642578e-01
1.272115111351013184e-01
6.287699937820434570e-02
-5.525516718626021645e-02
-1.277285814285278598e-01
-1.276642978191375455e-01
-4.322216659784317017e-02
-1.075688377022743225e-01
1.104742288589477713e-02
1.610930263996124545e-01
1.696562469005584717e-01
1.927395015954971591e-01
7.781054824590682983e-02
-1.406054105609655554e-02
-5.499686300754547119e-02
-1.627592295408248901e-01
-2.189027667045593262e-01
-2.163215577602386475e-01
-3.165593147277832031e-01
-2.336209714412688931e-01
-2.217718511819839478e-01
-1.318820714950561523e-01
-1.139101162552833557e-01
-2.475622110068798065e-02
-9.673004597425459428e-02
-1.197142004966735701e-01
-2.617674171924591064e-01
-2.827669978141785223e-01
-2.744345664978027344e-01
-2.482865452766418457e-01
-1.384873837232589444e-01
2.048790268599987030e-02
1.030505523085594316e-01
2.022923082113265991e-01
2.082289010286331177e-01
2.005011439323425293e-01
-8.862050622701644897e-02
-1.045316159725189209e-01
-8.427070826292037964e-02
-7.284957170486450195e-02
1.925745420157909046e-02
2.965248748660088279e-02
7.216663658618927002e-02
4.768534004688262939e-02
1.540229171514511108e-01
2.870257198810576837e-01
3.475131392478942871e-01
3.432331383228302002e-01
3.719800710678101141e-01
2.364808022975921631e-01
1.287443488836288452e-01
1.313088536262512207e-01
1.844680123031139721e-02
2.889364212751388203e-02
2.131929397583008090e-01
1.548477858304977417e-01
2.249034196138381958e-01
3.251278400421142578e-01
1.177789494395256042e-01
5.225780606269837120e-02
-8.119814842939376831e-02
-2.061786055564880371e-01
-3.070513606071472168e-01
-3.873315155506134033e-01
-1.386735439300537109e-01
-1.719292998313903809e-02
7.246907800436019897e-02
2.877233326435089111e-01
3.905809298157691956e-02
-2.122871428728103915e-01
-5.544282197952270508e-01
-7.918959259986877441e-01
-9.641467928886413574e-01
-8.234527707099914551e-01
-9.041478633880616345e-01
-6.253746151924133301e-01
-4.864659607410430908e-01
-3.523182272911071777e-01
-1.697984486818313599e-01
-5.043961852788925171e-02
4.230582714080810547e-02
4.097946360707283020e-02
-4.730949550867081382e-02
-2.759426534175872803e-01
-3.730167448520660956e-01
-3.673057258129120428e-01
-5.311154127120971680e-01
-3.977653980255126953e-01
-3.301938176155090332e-01
-1.823411285877228061e-01
4.215987399220465920e-02
2.327440977096557617e-01
3.796368241310120184e-01
2.824032306671142578e-01
2.430407106876373013e-01
9.315288811922071976e-02
1.208348423242568970e-01
7.880411110818386078e-03
-2.150288224220275879e-02
-2.125461846590042114e-01
-1.134467795491218567e-01
-2.127646282315254211e-02
-7.952839881181716919e-02
4.809515774250031073e-01
6.975328326225280762e-01
9.168618321418762207e-01
9.647393226623536266e-01
9.144490361213684082e-01
7.293181419372558594e-01
2.848800122737884521e-01
-1.528177559375762939e-01
-3.088854253292083740e-01
-6.136733889579772949e-01
-6.319075822830200195e-01
-5.255513191223144531e-01
-2.997375130653380793e-01
1.217858418822288513e-01
2.238930314779281616e-01
5.315191149711608887e-01
4.711579978466033936e-01
3.311498463153839111e-01
1.039703842252492731e-02
-2.510556876659392755e-01
-4.367680847644805908e-01
-4.861689507961273193e-01
-5.651227831840515137e-01
-3.808465003967285156e-01
-1.297003179788589478e-01
-1.414047777652740479e-01
2.850299179553985596e-01
2.454288303852081021e-01
2.174135297536849976e-01
6.666216254234313965e-02
-9.784639626741407914e-02
-2.463358491659164429e-01
-2.545616626739501953e-01
-2.562211155891418457e-01
-1.805122941732406269e-02
2.782121896743774414e-01
3.138006329536437988e-01
2.478836923837661466e-01
2.803945243358612061e-01
1.653472185134887418e-01
2.237535566091537198e-01
1.221772283315658569e-01
-3.242196282371878624e-03
7.859706878662109375e-02
8.748372085392475128e-03
3.373585343360900879e-01
2.178407013416290561e-01
3.414534032344818115e-01
2.122355401515960693e-01
1.593566238880157471e-01
-2.431055763736367226e-03
-1.088530197739601274e-01
-2.476004064083099365e-01
-3.264804780483245850e-01
-2.772147357463837225e-01
9.231870621442796188e-02
6.356443464756011963e-02
4.331117570400238037e-01
5.735755562782287598e-01
9.106610417366027832e-01
1.138068437576293945e+00
1.149911284446716309e+00
1.015269160270690918e+00
8.045631051063537598e-01
6.489647030830383301e-01
5.772942304611206055e-01
4.723353087902069092e-01
3.657785654067993164e-01
1.900897771120071411e-01
1.689372807741165161e-01
1.965165436267852783e-01
5.467328429222106934e-01
1.013568282127380371e+00
1.008582711219787598e+00
1.400356411933899148e+00
1.355188608169555664e+00
1.166204094886779785e+00
9.738808870315551758e-01
8.595016598701477051e-01
5.580060482025146484e-01
4.034961462020874023e-01
2.580061852931976318e-01
2.173894792795181274e-01
2.922099232673645020e-01
2.333710342645644864e-01
2.809479236602783203e-01
2.807066738605499268e-01
2.673275768756866455e-01
1.831219196319580078e-01
3.679069578647613525e-01
3.668291568756104071e-01
2.645595073699951172e-01
3.183142095804214478e-02
-2.775395214557648260e-01
-4.220531582832335871e-01
-5.450587868690490723e-01
-6.495714187622070312e-01
-5.567921400070190430e-01
-6.865842938423156738e-01
-6.634573936462402344e-01
-7.533466219902038574e-01
-8.379461169242858887e-01
-9.352683424949645996e-01
-1.180055499076843262e+00
-1.160539627075195090e+00
-1.154958724975585938e+00
-9.995156526565551758e-01
-7.421074509620666504e-01
-2.573342323303223211e-01
-2.287024110555649081e-01
7.737444341182708740e-02
1.530386805534362793e-01
6.112375762313603487e-03
-9.583361446857452393e-02
-2.226301133632660190e-01
-2.835975587368011475e-01
-4.186164140701293945e-01
-5.942711830139160156e-01
-6.783316135406494141e-01
-5.981553792953491211e-01
-5.563927292823791504e-01
-4.268667697906494141e-01
-1.004850864410400391e-01
-4.262519255280494690e-02
2.702794373035430908e-01
4.517709314823151190e-01
4.426776766777039129e-01
5.535424351692199707e-01
5.873612165451049805e-01
5.443768501281738281e-01
3.808378577232360840e-01
3.722800016403198242e-01
2.696676254272460938e-01
1.605864763259887418e-01
5.732926074415445328e-03
2.306028641760348927e-02
-2.555577084422111511e-02
1.030302196741103987e-01
2.737970948219299316e-01
6.740900874137878418e-01
7.396700382232666016e-01
8.262389898300170898e-01
6.347817182540893555e-01
4.411167204380034845e-01
7.495761848986148834e-03
-7.563114166259765625e-02
-8.877156674861907959e-02
5.129563435912131569e-02
2.120765745639801025e-01
4.388129115104674738e-01
8.103675246238708496e-01
8.121378421783447266e-01
8.650315999984741211e-01
6.782748103141784668e-01
3.886393010616303045e-01
1.524561941623687467e-01
-1.555100381374359131e-01
-2.099792808294296542e-01
-2.228299677371978760e-01
-8.122825995087623596e-03
9.031425416469573975e-02
1.674886047840118408e-01
2.209142595529556552e-01
7.224358618259429932e-02
-1.392729580402374441e-02
-6.475922465324401855e-02
-1.516969949007034579e-01
-3.562898337841033936e-01
-3.468909263610839844e-01
-6.077881455421447754e-01
-6.990115642547607422e-01
-7.988304495811462402e-01
-8.392894864082336426e-01
-6.409392356872558594e-01
-5.186339020729064941e-01
-1.645256727933883389e-01
-1.787177026271820068e-01
-4.503623023629188538e-02
-3.643101826310158470e-02
9.961039759218692780e-03
3.019191622734069824e-01
2.516978383064270020e-01
3.306007385253906250e-01
2.621935904026031494e-01
1.485402435064315796e-01
-7.609293796122073260e-03
-1.541590541601181030e-01
-4.258649051189423163e-01
-5.929819941520690918e-01
-6.918484568595886230e-01
-6.138237714767456055e-01
-3.916216194629669189e-01
5.184618383646011353e-02
1.927236914634704867e-01
6.694937348365783691e-01
8.117686510086059570e-01
7.344194054603576660e-01
3.696122467517852783e-01
5.231633037328720093e-02
-2.109414637088775912e-01
-6.642724871635437012e-01
-8.680791854858398438e-01
-7.553961277008056641e-01
-6.246413588523864746e-01
-4.103212952613831122e-01
2.892481908202172020e-02
2.065475434064865112e-01
3.203788697719573975e-01
2.799643874168395996e-01
2.823801338672637939e-01
3.011344373226165771e-01
2.803079485893248957e-01
2.444977611303328913e-01
1.476880609989166537e-01
2.167199552059173584e-02
1.814779490232467929e-01
2.778265178203582764e-01
2.918862700462340753e-01
2.153306007385253906e-01
3.721519112586975098e-01
5.940376520156860352e-01
6.234559416770935059e-01
8.189583420753479004e-01
9.040130376815795898e-01
7.798920869827270508e-01
6.710674762725830078e-01
5.115754604339600720e-01
3.097014129161835272e-01
4.519250392913817804e-01
5.707396268844604492e-01
6.467680335044860840e-01
9.159466624259947620e-01
8.651180267333984375e-01
8.766194581985473633e-01
8.467119932174682617e-01
7.289738059043884277e-01
6.239041686058044434e-01
3.692950606346129261e-01
2.513525187969207764e-01
7.399809360504150391e-02
1.843213587999343872e-01
1.970606297254562378e-01
1.710751652717590610e-01
-1.092674024403095072e-02
-1.870818585157394409e-01
-2.120271623134613037e-01
-3.648670911788940985e-01
-4.808965623378754217e-01
-5.206462144851684570e-01
-5.065146088600158691e-01
-5.210897922515869141e-01
-5.987259745597839355e-01
-6.823254823684692383e-01
-6.916193962097167969e-01
-5.892733335494995117e-01
-5.552738904953002930e-01
-4.694332778453826904e-01
-5.375452041625976562e-01
-4.869697690010070801e-01
-6.112406849861145020e-01
-8.274441957473754883e-01
-9.871422052383423962e-01
-1.092152118682861106e+00
-1.065192341804504395e+00
-9.778294563293455921e-01
-7.996435761451721191e-01
-5.542969107627868652e-01
-3.359433114528656006e-01
-2.289408892393111905e-01
-3.047665953636168878e-01
-4.647654294967650812e-01
-8.082737326622009277e-01
-1.001088857650756836e+00
-9.806631207466124378e-01
-6.174893975257873535e-01
-5.869684815406799316e-01
-4.583866298198699951e-01
-4.436622858047484796e-01
-5.933191776275634766e-01
-8.073706626892090954e-01
-8.754099011421203613e-01
-8.012053966522216797e-01
-5.376641154289245605e-01
-6.078747510910034180e-01
-3.405242860317230225e-01
-2.184666991233825406e-01
-2.361987680196762085e-01
-4.071355164051055908e-01
-6.347292065620422363e-01
-9.277368783950805664e-01
-9.199697375297546387e-01
-9.823875427246093750e-01
-8.380982875823974609e-01
-4.893048107624053955e-01
-4.736371338367462158e-01
-4.422403573989868164e-01
-4.900439977645874023e-01
-6.234000325202941895e-01
-6.889960765838623047e-01
-6.126406192779541016e-01
-7.063866257667541504e-01
-6.328592300415039062e-01
-4.634578824043273926e-01
-5.458033680915832520e-01
-5.206875205039978027e-01
-5.136943459510803223e-01
-6.711111664772033691e-01
-7.612521052360534668e-01
-8.598856925964355469e-01
-1.081362843513488770e+00
-1.165313959121704102e+00
-1.113966107368469238e+00
-8.846467733383178711e-01
-6.618593931198120117e-01
-6.553291082382202148e-01
-4.163009822368621826e-01
-3.179289996623992920e-01
-5.184899568557739258e-01
-6.911567449569702148e-01
-1.106822133064270020e+00
-1.343683004379272461e+00
-1.490774989128112793e+00
-1.572513461112975852e+00
-1.446358919143676758e+00
-1.174594521522521973e+00
-1.154005050659179688e+00
-9.105775952339172363e-01
-9.125025272369383655e-01
-9.365352988243104138e-01
-1.001669645309448242e+00
-1.125878453254699707e+00
-1.286184906959533691e+00
-1.415053844451904297e+00
-1.546191453933715820e+00
-1.531032681465149148e+00
-1.496022582054138184e+00
-1.612598657608032227e+00
-1.534136295318603516e+00
-1.740987539291381836e+00
-1.833500981330872026e+00
-1.786853075027465820e+00
-1.805998444557189941e+00
-1.752246141433715820e+00
-1.528651118278503418e+00
-1.491139531135559082e+00
-1.521413564682006836e+00
-1.492681741714477539e+00
-1.569394111633300781e+00
-1.679488778114318848e+00
-1.469956755638122559e+00
-1.458437561988830566e+00
-1.157943367958068848e+00
-9.568984508514404297e-01
-9.581006765365599476e-01
-7.751467227935791016e-01
-8.901403546333312988e-01
-1.012739419937133789e+00
-1.147026419639587402e+00
-1.130684852600097656e+00
-1.161645770072937012e+00
-1.084692120552062988e+00
-7.784817218780517578e-01
-8.262329697608947754e-01
-5.837923884391784668e-01
-5.093170404434204102e-01
-6.676754951477050781e-01
-5.679071545600891113e-01
-8.262388110160827637e-01
-7.665086388587951660e-01
-7.493034005165100098e-01
-6.589319109916687012e-01
-5.777383446693420410e-01
-4.395770132541657049e-01
-4.380775988101959229e-01
-3.058017790317535400e-01
-8.404967933893203735e-02
-2.422951012849808017e-01
-2.164968401193618774e-01
-2.312041372060776034e-01
-3.852564692497252863e-01
-2.581138908863068182e-01
-2.207814157009124756e-01
-1.283179968595504761e-01
-9.344898164272308350e-03
-5.756034329533577659e-02
1.351826079189777374e-02
3.575285151600838401e-02
1.701806038618087769e-01
1.215597540140151978e-01
1.471474170684814453e-01
1.086600273847580095e-01
2.431528568267822543e-01
8.827248215675354004e-02
2.565490305423737127e-01
2.644075155258179266e-01
1.986479908227920532e-01
2.768650949001312256e-01
2.590614855289459229e-01
1.595754921436309814e-01
2.014747262001037598e-01
3.031678199768066406e-01
2.506858408451080322e-01
2.752833664417266846e-01
3.009586930274963379e-01
2.617158293724060059e-01
3.014145195484160822e-01
3.297732770442962646e-01
1.968933343887329102e-01
1.808675378561019897e-01
2.559476792812347412e-01
1.334181576967239380e-01
2.386076003313065130e-01
1.151236742734909058e-01
6.839004158973693848e-02
1.270041912794113159e-01
1.099682971835136414e-01
1.578323543071746826e-01
2.120770514011383057e-01
2.003980129957199097e-01
1.878868937492370605e-01
1.587576568126678467e-01
1.161648333072662492e-01
1.479550004005432129e-01
1.874794065952301025e-01
1.701028645038604736e-01
3.020896315574645996e-01
9.703648835420607133e-02
2.311627715826034546e-01
2.520528435707092285e-01
1.965740025043487549e-01
2.120544910430907926e-01
1.563256382942199429e-01
1.098590940237045288e-01
1.470240354537963867e-01
1.955898404121398926e-01
1.859429478645324707e-01
1.777317374944686890e-01
2.288120985031127930e-01
1.234353035688400546e-01
2.418128848075866977e-01
1.364901065826416016e-01
1.844240427017211914e-01
2.212264090776443481e-01
1.119021624326705933e-01
1.611943393945693970e-01
2.833576500415802002e-01
4.607025161385536194e-02
1.982602328062057218e-01
2.015112787485122681e-01
2.890121936798096258e-01
2.250997573137283603e-01
3.767233192920684814e-01
3.468029201030731201e-01
3.258823454380035400e-01
3.616766035556793213e-01
4.404385983943939209e-01
4.170153141021729071e-01
2.423183768987655917e-01
2.230583429336548129e-01
2.680847644805908203e-01
1.624861508607864380e-01
1.649714633822441101e-02
1.284386515617370605e-01
8.694054186344148116e-02
5.744585767388343811e-02
1.853782683610916138e-01
1.674907505512237549e-01
2.535609900951384943e-01
1.378439813852310181e-01
1.423582285642623901e-01
1.370374262332916537e-01
-1.050836499780416489e-02
8.717121183872222900e-02
1.306742578744888583e-01
5.466989800333976746e-02
9.474829584360124068e-02
2.832779586315155029e-01
1.381626278162002563e-01
3.046704828739166260e-01
2.774469852447510321e-01
2.236884236335754395e-01
7.819029688835144043e-02
1.785308569669723511e-01
1.392227262258529386e-01
1.942086219787597379e-01
1.505843549966812134e-01
1.254306137561798096e-01
2.866404950618743896e-01
1.574036106467247009e-02
8.626814931631086869e-02
1.654614657163619995e-01
9.172794222831726074e-02
1.914580315351486484e-01
3.577465116977692206e-01
1.899853348731994629e-01
1.151554360985756059e-01
2.785389125347136896e-01
2.534911036491394043e-01
1.626293659210205078e-01
1.811450719833374023e-01
3.700957000255585272e-01
4.757281541824340820e-01
3.314076662063598633e-01
4.102768003940582275e-01
3.793081343173981268e-01
3.394765555858612061e-01
3.742282092571258545e-01
4.103632271289825439e-01
3.045604526996612549e-01
3.753305971622467041e-01
3.774281740188599188e-01
3.928698301315308172e-01
4.855222702026367188e-01
4.172053337097167969e-01
5.057454705238342285e-01
5.031991600990295410e-01
4.889068305492401123e-01
6.085350513458251953e-01
6.371361613273620605e-01
5.863257050514221191e-01
6.317681074142456055e-01
5.909016728401184082e-01
5.712492465972900391e-01
5.133173465728760876e-01
5.270732641220092773e-01
3.972114026546478271e-01
4.361094832420349121e-01
2.665598094463348389e-01
1.863639354705810547e-01
2.779481709003448486e-01
3.321509063243865967e-01
4.132254719734191895e-01
4.670740962028503973e-01
2.610658705234528143e-01
3.277358114719390869e-01
3.662900030612945557e-01
2.517764270305632990e-01
1.471368521451950073e-01
2.056018561124801636e-01
2.034155130386352539e-01
2.214973270893096924e-01
3.177394568920135498e-01
1.905636340379714966e-01
2.661591768264770508e-01
3.067744970321655273e-01
1.094939634203910689e-01
5.884427577257156372e-02
8.708347380161285400e-02
-3.226330038160085678e-03
-1.571566052734851837e-02
-1.904871128499508251e-02
-7.518964260816574097e-02
4.027061536908149719e-02
7.904902100563049316e-02
-3.205182775855064392e-02
3.312888788059353828e-03
2.032112888991832733e-02
9.409990906715393066e-02
-1.338534206151962558e-01
-9.176634252071380615e-02
-1.750934273004532138e-01
-6.983613967895507812e-02
-1.482884883880615234e-01
-7.196079194545745850e-02
-1.506903618574142456e-01
-5.859003867954015732e-03
-2.017333917319774281e-02
1.063831597566604614e-01
6.495986133813858032e-02
2.150045894086360931e-02
-3.575097769498825073e-02
-3.118091635406017650e-02
-1.642388701438903809e-01
-4.732046276330947876e-02
-5.425528809428215027e-02
-5.377871170639991760e-02
2.955135516822338104e-02
1.362601518630981445e-01
2.538969926536083221e-02
1.308525055646896362e-01
1.984507441520690918e-01
1.081731077283620834e-02
-1.069879755377769609e-01
2.799682784825563864e-03
5.302922427654265664e-02
2.171646356582641602e-01
1.715320348739624023e-01
2.147628068923950473e-01
2.318834662437438965e-01
1.442939639091491422e-01
4.072650521993637085e-02
1.550473570823669434e-01
1.957715302705764771e-01
2.649175524711608887e-01
3.634479939937592108e-01
4.637011289596558172e-01
3.083747923374176025e-01
4.466816484928131104e-01
3.697508871555327814e-01
2.769320905208588202e-01
3.371795117855072021e-01
3.825127184391021729e-01
4.198600947856903076e-01
1.346381157636642456e-01
1.931350827217102051e-01
2.632941603660583496e-01
2.029776126146316528e-01
1.568551063537597379e-01
2.166491001844406128e-01
1.869700402021408081e-01
2.397284805774688998e-01
2.908664941787720074e-02
5.191249772906303406e-02
-2.132947929203510284e-02
-8.513848483562469482e-02
-4.951138421893119812e-02
1.516413968056440353e-02
-1.391605734825134555e-01
-1.172053888440132002e-01
-2.252519503235816956e-02
-2.328477203845977506e-01
-1.448155790567398071e-01
-8.424984663724899292e-02
-9.770503640174865723e-02
-1.246628984808921814e-01
-3.084866404533386230e-01
-2.534720897674560547e-01
-2.726764380931854248e-01
-1.950934976339339932e-01
-3.309931755065917969e-01
-2.845986783504486084e-01
-3.934997022151947021e-01
-3.399308025836945135e-01
-2.119796872138977051e-01
-3.189591169357299805e-01
-1.994793564081192017e-01
-1.079845130443572998e-01
-3.369558155536652166e-01
-2.657978534698486328e-01
-2.847422063350676935e-01
-3.542129695415496826e-01
-3.920476436614989679e-01
-4.053767025470733643e-01
-3.182709813117980957e-01
-1.520674973726272583e-01
-2.297838330268860141e-01
-2.536574304103851318e-01
-1.589546948671340942e-01
-3.052166104316711426e-01
-3.718630075454711914e-01
-2.761178612709044855e-01
-3.055467605590820312e-01
-2.966478765010833740e-01
-1.882471144199371615e-01
-1.494192481040954590e-01
-1.211957260966300964e-01
1.495403796434402466e-02
-1.540381163358688632e-01
-1.835148334503173551e-01
-2.317361086606979370e-01
-2.744656801223754883e-01
-2.073260545730590820e-01
-1.698768585920333862e-01
4.956863448023796082e-02
1.319315135478973389e-01
-6.720440089702606201e-02
1.402858197689056396e-01
3.048723042011260986e-01
1.167961061000823975e-01
3.622172027826308510e-02
1.384178996086120605e-01
1.046049892902374406e-01
-4.325470421463251114e-03
5.865409504622220993e-03
5.223361030220985413e-02
5.306736379861831665e-02
-6.731934845447539416e-03
8.144314587116241455e-02
9.412746876478196578e-02
9.281226247549055619e-02
2.201800942420959473e-01
2.497476339340210238e-01
1.163320839405059814e-01
1.882086694240570068e-01
1.550989896059036532e-01
1.353425681591033936e-01
3.306331858038901589e-02
1.768052391707897186e-02
1.934538781642913818e-02
1.167271658778190474e-01
-5.416891654022037983e-04
-3.972916677594184875e-02
5.927454680204392173e-02
5.872431397438048623e-02
1.159967780113220215e-01
1.419239342212677002e-01
-8.033507317304611206e-02
-1.534390747547149381e-01
-1.641132086515426636e-01
-1.798948794603347778e-01
-2.185981869697570801e-01
-4.310624599456787109e-01
-3.106818199157714844e-01
-3.242235779762268066e-01
-3.411575853824615479e-01
-1.787152290344238559e-01
-1.699369251728057861e-01
-2.146345674991607944e-01
-2.555935382843017578e-01
-1.522516161203384399e-01
-2.888264358043671209e-01
-1.908501684665679932e-01
-2.492207586765289029e-01
-2.219797074794769287e-01
-1.934607923030853271e-01
-2.392181605100631991e-01
-2.900696694850921631e-01
-2.108199447393417358e-01
-4.285885989665985107e-01
-2.926958799362182617e-01
-1.585203111171722412e-01
-4.097668826580048163e-01
-2.129377722740173340e-01
-2.064009755849838534e-01
-2.699285745620727539e-01
-8.126326650381086869e-02
-7.341647893190383911e-02
-7.324754446744918823e-02
-8.885783702135086060e-02
-3.978305682539939880e-02
-1.611440181732177457e-01
-3.241077065467834473e-02
-6.255995482206344604e-02
-7.505673170089723067e-02
7.757593691349029541e-02
6.176335737109183571e-02
1.212421730160713196e-01
2.355681657791137418e-01
9.234675765037536621e-02
1.101842895150184631e-01
1.812026351690292636e-01
-7.672725617885589600e-02
-1.595120728015899381e-01
-7.986259460449218750e-02
-1.398125141859054565e-01
-1.550452858209609985e-01
1.629706472158432007e-02
4.349602758884429932e-02
8.267233520746231079e-02
3.053219802677631725e-02
1.090685054659843306e-01
2.230321913957596103e-01
2.344694733619689941e-01
7.591675221920012040e-02
6.356507539749146896e-02
3.646846860647201538e-02
9.520877152681352096e-02
1.698587387800216675e-01
3.504581376910209656e-02
1.390259116888046542e-01
1.424149125814437866e-01
1.329863220453262607e-01
1.042652726173400740e-01
-7.348840590566396713e-03
-4.340137913823128440e-02
-1.254686992615461176e-02
-1.959189772605895996e-01
-1.304881870746612549e-01
-1.963604986667633057e-01
-1.582896113395690918e-01
-3.833194077014923096e-02
-6.664162129163742065e-02
-1.657368242740631104e-01
-1.295327097177505493e-01
-1.821106374263763428e-01
-9.676634520292282104e-02
-8.448442816734313965e-02
-2.005824595689773560e-01
-9.038946777582167191e-02
-1.319916695356369019e-01
-9.612588584423063798e-02
-6.977352499961853027e-02
-5.187387764453887939e-02
-1.080785840749740601e-01
-9.154305607080459595e-02
-9.284725040197372437e-02
-1.915094256401062012e-02
-9.458015859127043290e-02
-9.398675709962843461e-02
-1.811834126710892001e-01
-1.990573257207870483e-01
-1.511627137660980225e-01
-3.165483474731444757e-01
-2.417861521244049072e-01
-2.921256124973297119e-01
-2.407065033912658969e-01
-1.044446155428886414e-01
-2.500351965427399237e-01
-2.420788556337357122e-01
-1.155104488134384294e-01
-2.209632247686386108e-01
-1.782905906438827515e-01
-7.464135438203813033e-02
-1.977998465299606601e-01
-9.109541028738021851e-02
-1.383810490369796753e-01
-1.079263463616371294e-01
-1.568586081266403198e-01
-1.925882548093796054e-01
-7.445789873600006104e-02
-1.062465980648994307e-01
-1.205330193042755266e-01
-5.826757475733757713e-02
-4.258623812347650528e-03
-3.697698935866356590e-02
-5.033662542700768384e-03
-5.303879082202912071e-02
-1.628741025924682617e-01
-1.287546455860137939e-01
-1.557749807834625244e-01
-8.547878265380859375e-02
-6.025675311684608459e-02
5.345977842807769775e-02
-6.638439744710922241e-02
1.026737987995147566e-01
1.026082038879394392e-01
1.899140514433383942e-02
1.270400732755661011e-01
-6.488771736621858077e-02
6.359723396599292755e-03
1.760417670011520386e-01
2.025530934333801270e-01
3.649316728115081787e-01
2.752915918827056885e-01
3.144507110118865967e-01
3.137501776218414307e-01
1.390907019376754761e-01
1.893726438283920566e-01
8.500356972217559814e-02
8.713017404079437256e-02
3.086861409246921192e-02
1.623006016016006470e-01
1.415650695562362671e-01
1.221178397536277771e-01
2.256110012531280518e-01
1.536379307508468628e-01
1.642353981733321866e-01
1.441006362438201904e-01
3.209419175982475281e-02
1.080371811985969543e-02
-1.626057475805282593e-01
-5.501422286033630371e-02
6.983487308025360107e-02
5.468832701444626548e-02
2.153727561235428134e-01
2.714902758598328192e-01
1.625588983297348022e-01
1.623199880123138428e-01
3.157632052898406982e-02
5.797222629189491272e-02
9.619497507810592651e-02
-3.374060033820569515e-04
-6.354013830423355103e-02
-1.070191711187362810e-01
-6.355530768632888794e-02
-3.413726808503269716e-03
4.838838800787926414e-02
-6.416974216699598832e-02
4.804775863885880210e-02
-9.273926168680192428e-02
-2.282080007717012925e-03
-7.974697649478912354e-02
-7.174267619848251343e-02
1.635168120265007019e-02
-4.519362747669219971e-02
-1.827827282249927521e-02
-7.358008623123168945e-02
-5.304728820919991233e-02
4.006873443722724915e-02
-2.704905718564987183e-02
-7.266187574714422226e-03
4.367979709059000015e-03
9.254606440663337708e-03
-8.464957028627395630e-02
-1.843394488096236628e-01
-1.318675279617309570e-01
-1.306478828191757202e-01
-1.118560731410980225e-01
-1.473812758922576904e-01
-4.649122059345244667e-02
-1.641017198562622070e-01
-1.438974589109420776e-01
-1.287279278039932529e-01
-1.125876307487487793e-01
-1.716326177120208740e-01
-8.755666017532348633e-02
-8.731839060783386230e-02
-1.696778535842895508e-01
-1.863347142934799194e-01
-1.309403926134109497e-01
-3.498548567295074463e-01
-2.583118081092834473e-01
-1.508831530809402466e-01
-1.040411964058876038e-01
-1.985968947410583496e-01
-9.127047657966613770e-02
-2.923706471920012873e-01
-2.091798931360244751e-01
-1.404566913843154907e-01
-2.819197773933410645e-01
-1.978839933872222900e-01
-1.821729838848114014e-01
-3.073227405548096258e-01
-2.042624205350876132e-01
-1.697197258472442627e-01
-1.272853463888168613e-01
-2.317621558904648105e-01
-1.195782870054244995e-01
-2.570692300796508789e-01
-1.694755256175994873e-01
-3.161114752292633057e-01
-3.648511171340942383e-01
-3.197597563266754150e-01
-3.178438246250153143e-01
-2.905658483505249023e-01
-9.464021027088163895e-02
-1.238311901688575467e-01
-9.850811213254928589e-03
-6.590891629457473755e-02
-2.279439708217978477e-03
-7.046446204185485840e-02
-1.293070465326309204e-01
-3.416671231389046409e-02
-3.815899835899471803e-03
1.219536736607551436e-01
3.114801831543445587e-02
8.182085305452348190e-02
2.765055373311042786e-02
1.280314754694700241e-02
-9.048471599817276001e-02
-1.148039624094963213e-01
-4.836097359657288292e-02
-1.023206934332847595e-01
-1.266113221645355225e-01
-6.548079103231430054e-02
6.754347681999207931e-02
-1.066908314824104309e-01
-5.685723200440407493e-02
5.451760441064834595e-02
-1.538711637258529386e-01
-4.675098136067390442e-02
-9.469577670097352462e-02
-1.114253848791122437e-01
3.173296526074409485e-02
2.378738112747668873e-02
8.835730701684953170e-02
1.286792606115341187e-01
6.497026234865188599e-02
6.838706880807877975e-02
5.193004384636878967e-02
-1.216966733336448808e-01
-1.219568625092506547e-01
-2.200712636113166809e-02
-1.353064030408859253e-01
2.102749422192573200e-02
1.781569793820380818e-02
2.647693082690238953e-02
-6.537159532308577103e-02
7.040744274854660034e-02
1.012808382511138777e-01
1.996175050735473633e-01
-3.780500590801239014e-02
6.387843191623687744e-02
1.941705704666673920e-03
-3.841242939233779907e-02
7.909270375967025757e-02
3.768627345561981201e-02
8.651063591241837936e-02
5.268043279647827148e-02
8.874797075986862183e-02
1.106599643826484819e-01
1.981274187564849576e-01
-5.405648052692413330e-02
-6.798949092626573043e-02
4.703525046352297068e-04
-1.414273381233215332e-01
-2.217349782586097370e-02
9.807600826025007767e-02
-7.607059180736543136e-02
-1.226261351257562637e-02
1.184417679905891557e-01
-7.428813260048627853e-03
8.949445188045503097e-02
1.502118073403835297e-02
8.745817840099334717e-02
-3.921207040548324585e-03
-1.669131778180599213e-02
-3.012951649725436817e-02
-3.850661963224411011e-02
-3.767912462353705666e-02
4.645538702607154846e-02
-1.750598698854446411e-01
-1.072935014963150024e-01
-6.649870425462722778e-02
-1.693008542060852051e-01
-2.459979951381683627e-01
-2.315009534358978549e-01
-1.974486857652663907e-01
-1.666913479566574097e-01
-6.590670347213745117e-02
-2.648297250270843506e-01
-1.678017526865005493e-01
-1.721989959478378573e-01
-3.263205289840698242e-01
-3.207699656486511230e-01
-2.275942414999007901e-01
-3.989017307758330744e-01
-2.564318478107452393e-01
-1.922809779644012451e-01
-3.314611315727233887e-01
-1.555515229701995850e-01
-6.266265362501144409e-02
-1.356234103441238403e-01
-1.419162303209304810e-01
-1.649384200572967529e-01
-4.690507426857948303e-02
-1.450240612030029297e-01
-7.898495346307754517e-02
-7.785060256719589233e-02
-1.863535866141319622e-02
-2.266605012118816376e-02
-7.918560504913330078e-02
8.506512641906736893e-02
9.162563085556030273e-02
2.876563742756843914e-02
1.782311350107192993e-01
1.580173671245574951e-01
1.228608861565590044e-01
8.150792121887207031e-02
1.887666285037994385e-01
1.508268266916275024e-01
1.915744990110397339e-01
2.952327430248260498e-01
1.726101040840148926e-01
1.950721591711044589e-01
6.061208248138427734e-02
1.600267738103866577e-01
-4.534870013594627380e-02
5.353619530797004700e-02
1.678609102964401245e-01
1.380967795848846436e-01
2.599092721939086914e-01
2.049534320831298828e-01
2.080259323120116632e-01
1.181856542825698714e-01
5.261757597327231667e-02
1.169259995222091536e-01
2.908973768353462566e-02
4.768774285912513733e-02
9.922429453581571579e-04
4.272359609603881836e-02
7.849548012018203735e-02
1.216808259487151961e-01
1.032395064830780029e-01
1.446609050035476685e-01
1.647977977991104126e-01
2.447314262390136996e-01
2.861532866954803467e-01
1.400149315595626831e-01
1.330671459436416626e-01
-2.122081965208053589e-01
-2.938193976879119873e-01
-2.798066735267639160e-01
-2.777035832405090332e-01
-2.114381045103073120e-01
-1.943284720182418823e-01
-9.767774492502212524e-02
-1.082387194037437439e-01
-7.572655379772186279e-02
-1.753674447536468506e-01
-1.252903640270233154e-01
-3.207756280899047852e-01
-3.134501576423645020e-01
-2.739069461822510321e-01
-2.831171154975891113e-01
-1.805468350648880005e-01
-1.442426145076751431e-01
-1.083697304129600386e-01
6.419755518436431885e-02
3.675011917948722839e-02
-1.988624595105648041e-02
-9.410952031612396240e-02
-8.554145693778993087e-02
-7.156759500503540039e-02
3.690527006983757019e-02
-1.640691310167312622e-01
-1.193720251321792464e-01
-7.143697887659072876e-02
4.794377833604812622e-02
1.735776849091053009e-02
-1.019691862165927887e-02
3.264189511537551880e-02
-2.136021666228771210e-02
-9.536464512348176437e-02
-2.647366374731064190e-02
-1.070769801735877991e-01
-1.587508320808410367e-01
-1.852007955312728882e-01
-4.564715921878814697e-02
-6.497015058994291825e-02
6.504257023334503174e-02
2.728167921304702759e-02
-8.959265053272247314e-02
-6.089403480291367271e-02
-5.870928242802619934e-02
-7.412759959697722001e-02
-8.792495727539062500e-02
-8.198900520801544189e-02
5.700228270143271360e-03
-4.539734870195388794e-02
-8.112745732069016891e-02
-1.108966171741485596e-01
-1.106631848961114883e-02
-7.146710902452468872e-02
1.319889165461063385e-02
-7.824885845184326172e-02
-9.094414860010147095e-02
-1.742806434631347379e-01
-3.120268285274505615e-01
-2.000905126333236694e-01
-8.363935351371765137e-02
-1.706404685974121094e-01
-8.018445223569869995e-02
5.142297968268394470e-02
-1.898254752159118652e-01
-6.405058503150939941e-02
-1.166795939207077026e-01
-2.321317046880722046e-01
-1.179778799414634705e-01
-7.895038276910781860e-02
-8.030201494693756104e-02
-5.081173777580261230e-02
4.755191877484321594e-02
-9.827529639005659623e-02
-3.809501230716705322e-02
-6.828416883945465088e-02
4.856504872441291809e-02
1.459883991628885269e-02
-1.084483321756124323e-02
4.090916365385056236e-02
2.079708129167556763e-02
7.389536593109368411e-03
1.358863115310668945e-01
1.717687696218490601e-01
4.145276919007301331e-02
1.428608298301696777e-01
7.909307628870010376e-02
7.488209521397947181e-04
6.902898102998733521e-02
-8.216867595911026001e-02
-1.185120046138763567e-01
-4.923471063375473022e-02
-4.424660652875900269e-02
-2.199108712375164032e-02
7.808512449264526367e-02
1.647621095180511475e-01
1.554830521345138550e-01
1.325038075447082520e-01
1.560111641883850098e-01
1.580311059951782227e-01
1.540313661098480225e-01
9.911503642797470093e-02
1.964505761861800870e-01
-3.190011531114578247e-02
3.253808012232184410e-03
1.289014220237731934e-01
3.176350146532058716e-02
1.902871876955032626e-01
1.781765222549438477e-01
3.165644109249114990e-01
4.294275641441345215e-01
3.426458537578582764e-01
2.240579426288604736e-01
2.528961896896362305e-01
7.942248880863189697e-02
-3.651600331068038940e-02
-1.215281113982200484e-01
-1.428295820951461792e-01
-1.797903329133987427e-01
-1.613426059484481812e-01
-3.923539072275161743e-02
-4.556975327432156476e-03
6.741370074450970563e-03
6.242689862847327492e-02
-7.517448067665100098e-02
-6.611284799873828888e-03
-1.133742630481719971e-01
-4.972281306982039711e-02
-3.996788710355758667e-02
1.416239142417907541e-02
5.733900703489779559e-03
7.985667139291761918e-02
5.819968506693840027e-02
9.520235657691955566e-02
-1.324123442173004150e-01
-5.148893967270851135e-02
1.491223834455013102e-02
-8.374152332544328170e-02
-5.521785095334053040e-02
-7.390513271093368530e-02
-8.281325548887252808e-02
-9.769181720912456512e-03
6.514744460582733154e-02
-1.066447496414184570e-01
-3.032834036275744438e-03
5.423866212368012168e-02
-1.297781020402908603e-01
-6.927140802145004272e-02
-1.393291503190994540e-01
-1.736881732940673828e-01
-1.010204032063484192e-01
-2.329703420400619854e-02
-1.051589921116828780e-01
3.314910084009170532e-02
-7.517302781343460083e-02
-1.086397990584373613e-01
-6.751495413482189178e-03
-5.269541963934897683e-02
-8.652400225400924683e-02
-3.710059821605681679e-02
2.802559174597263683e-02
2.859363518655299793e-02
-4.409277811646462181e-02
2.860709093511104931e-02
8.510386198759078979e-02
-3.127394244074821472e-02
1.787923462688923229e-02
1.485311537981033325e-01
5.088486894965171814e-02
5.450598895549773476e-02
2.129170298576354980e-01
1.383366584777832031e-01
2.115326076745986938e-01
3.222579658031464178e-01
2.492063194513320923e-01
2.964657545089721680e-01
3.109113276004791260e-01
2.950417436659336090e-02
6.321163475513456864e-02
9.287898242473602295e-02
5.918229743838310242e-02
1.265782117843627930e-01
6.599528342485427856e-02
7.760994881391525269e-02
5.979656800627708435e-02
8.481726795434953170e-02
-5.731222033500672774e-02
-1.911368817090987882e-01
-1.568542420864105225e-01
-2.593328952789306641e-01
-1.799780428409576416e-01
-7.451967149972915649e-02
-2.950848266482352517e-02
-1.517970710992813110e-01
-1.325991004705429077e-01
-1.455231755971908569e-01
-1.899997591972351074e-01
-2.321779876947402954e-01
-1.941717267036437988e-01
-3.000211417675018311e-01
-2.334339171648024958e-01
-1.665097773075103760e-01
-3.966006636619567871e-01
-3.093973994255065918e-01
-3.089996874332427979e-01
-2.202657312154769897e-01
-3.604980707168579102e-01
-2.512752413749694824e-01
-2.979017198085784912e-01
-2.744383811950684149e-01
-3.341828882694244385e-01
-3.888310790061951239e-01
-2.792687118053436279e-01
-3.238267600536346436e-01
-1.890778243541717252e-01
-2.113498300313949585e-01
-4.695346653461455744e-01
-4.142389595508575995e-01
-2.946629524230957031e-01
-4.705071747303009033e-01
-2.995860874652862549e-01
-2.635200917720795233e-01
-2.094912678003311157e-01
-3.159838020801544189e-01
-2.036328613758087158e-01
-2.727746963500977118e-01
-1.179258525371551514e-01
-1.239760369062423567e-01
3.251780569553375244e-02
-4.587377607822418213e-02
1.054257005453109602e-01
8.851718157529830933e-02
-1.850989647209644318e-02
4.259056877344846725e-03
1.149504631757736206e-02
1.037613302469253679e-01
-1.801136136054992676e-02
9.754142165184019608e-02
-7.001630216836929321e-02
9.666053205728532272e-02
9.908444434404373169e-02
1.014332696795463562e-01
9.043531119823455811e-02
1.427880376577377319e-01
1.769908368587493896e-01
1.270768791437149048e-01
1.634825468063354492e-01
1.884916275739669522e-01
2.079729586839675903e-01
2.244308590888977051e-01
2.221688628196716586e-01
1.419275403022766113e-01
2.188259363174438477e-01
-2.811879292130470276e-02
-3.345389664173126221e-02
-3.939613327383995056e-02
-1.019267886877059937e-01
-5.260419473052024841e-02
3.352238237857817910e-02
2.191596478223800659e-01
1.556908190250396729e-01
2.272904068231582364e-01
1.751732081174850464e-01
1.365280989557504827e-02
1.369755016639828682e-03
6.012148782610892556e-02
4.131303727626800537e-02
6.116282567381858826e-02
4.092043638229370117e-02
1.217376664280891557e-01
1.180182322859763960e-01
2.406861931085586548e-01
1.808883696794510165e-01
1.724836677312850952e-01
2.985577583312988281e-01
-4.322880506515502930e-02
-6.860919296741485596e-02
-2.189995348453521729e-02
-1.031344160437584062e-01
-9.305222891271114349e-03
1.027888432145118713e-01
9.346590377390384674e-03
1.518419533967971802e-01
5.273045971989631653e-02
8.844851702451705933e-02
1.198710687458515167e-02
6.767420470714569092e-02
3.735201805830001831e-02
-5.888786166906357505e-02
-5.737345293164252541e-02
-5.796061456203461387e-02
-5.218079313635826111e-02
-9.806427359580993652e-02
-5.006074905395507812e-02
-7.330589741468429565e-02
-8.402921259403228760e-02
1.137757673859596530e-01
2.054384201765060425e-01
-1.972649432718753815e-02
-2.003243193030357361e-02
-1.268128752708435059e-01
-1.747464686632156372e-01
-1.452451944351196567e-01
-2.388920634984969815e-01
-2.117870002985000888e-01
-8.509934693574905396e-02
-1.698807477951049805e-01
-8.981869369745254517e-02
3.755003958940505981e-02
-1.677975803613662720e-01
-9.218364208936692672e-02
-4.700152575969696045e-02
-2.248879969120025635e-01
-2.202653139829635898e-01
-3.420870602130889893e-01
-2.095592916011810580e-01
-2.144099473953247070e-01
-2.022524476051330566e-01
-1.125628352165222307e-01
-3.110273182392120708e-02
-1.020504087209701677e-01
-3.761113062500953674e-02
-6.386916618794202805e-03
-1.419436186552047452e-01
-5.315017327666283348e-02
-4.517829418182373047e-02
-9.897532314062119918e-02
8.480659686028955632e-03
-1.028603762388229370e-01
1.557944063097238367e-02
4.600104317069053650e-02
-1.432053744792938232e-01
-3.382897749543190002e-02
