1.605091691017150879e+00
1.690840721130370872e+00
1.650041937828063965e+00
1.794780015945434570e+00
1.120934486389160156e+00
1.239242792129516602e+00
2.406698465347290039e+00
1.773676872253418191e+00
2.011322259902954102e+00
1.665401816368103027e+00
1.701935768127441406e+00
1.947879672050475852e+00
1.947000026702880859e+00
1.881236791610717551e+00
1.562337875366210938e+00
1.536884307861327903e+00
1.551015138626098633e+00
1.548891663551330566e+00
1.671181201934814453e+00
1.606393575668334961e+00
1.495011091232299805e+00
1.899879574775696023e+00
1.596477031707763672e+00
1.120801091194152832e+00
1.569875240325927512e+00
1.540249586105346902e+00
1.191883921623229980e+00
1.203413605690002441e+00
1.004728436470031516e+00
9.901642203330993652e-01
6.145722270011901855e-01
1.462188839912414551e+00
2.617311716079711914e+00
2.931793689727783203e+00
1.492118716239929199e+00
1.073055148124694824e+00
8.719723224639892578e-01
7.498869895935058594e-01
6.280319094657897949e-01
7.033605575561523438e-01
1.066245436668395996e+00
1.424481868743896484e+00
1.937204599380492720e+00
2.235996246337890181e+00
2.461549282073974609e+00
2.342612504959106445e+00
1.520883798599243164e+00
9.694547653198242188e-01
1.153315305709838867e+00
1.373413801193237305e+00
1.317913770675659180e+00
1.231442928314208984e+00
1.134330630302429199e+00
1.175129652023315430e+00
5.576640963554382324e-01
1.276517033576965110e+00
1.423701643943786621e+00
1.300938248634338379e+00
1.659941792488097922e+00
1.533907771110534890e+00
1.233976125717163086e+00
5.176103115081787109e-01
3.455702364444733221e-01
1.063625812530517578e+00
1.599386334419250488e+00
1.598887801170349121e+00
1.634581327438354492e+00
1.001847267150879128e+00
4.280538856983184814e-01
3.677648901939392090e-01
8.536921143531799316e-01
5.165346264839172363e-01
8.952299952507019043e-01
6.819269061088562012e-01
1.881248950958251953e-01
2.991468906402587891e-01
3.840180337429047186e-01
7.643249034881591797e-01
7.110360264778137207e-02
-1.500691175460815430e-01
-2.252942323684692383e-01
-2.437787316739559174e-02
4.752603173255919855e-01
7.209947705268859863e-01
2.920486330986022949e-01
1.689384728670120239e-01
-5.367418527603149414e-01
-1.109676241874694824e+00
-8.681255578994750977e-01
-8.092738389968872070e-01
-1.025404572486877441e+00
-1.287904500961303711e+00
-1.905399560928344727e+00
-1.357160806655883789e+00
-1.201861858367919922e+00
-1.184093832969665527e+00
-1.170198798179626465e+00
-9.364992380142211914e-01
-2.434898614883423129e-01
-4.872083067893981934e-01
-7.286945581436157227e-01
-6.084876656532287598e-01
-5.568296313285827637e-01
-5.771922469139099121e-01
-7.269009351730346680e-01
-1.239880800247192383e+00
-1.418545246124267578e+00
-9.375087022781372070e-01
-1.054109334945678711e+00
-1.044937372207641602e+00
-5.252896547317504883e-01
-4.749004542827606201e-01
-2.467940598726273138e-01
-2.763942480087280273e-01
2.820235490798950195e-01
-7.538868188858032227e-01
-6.985334753990173340e-01
-1.115784287452697754e+00
-1.026027917861938477e+00
-6.659515500068664551e-01
-6.017748713493347168e-01
-5.283651947975158691e-01
-4.371165335178375244e-01
1.073155030608177185e-01
3.673010468482971191e-01
5.913242697715759277e-01
-1.306958645582199097e-01
8.258423954248426957e-02
-3.884639739990233265e-01
3.738958835601807196e-01
-2.378953099250792902e-01
-1.149128913879394309e+00
-1.689347624778747559e+00
-1.949763417243957297e+00
-1.594279885292053223e+00
-1.234573483467102051e+00
-1.463536977767944336e+00
-1.698959112167358398e+00
-1.627647638320922852e+00
-2.027325630187988281e+00
-2.518332719802856445e+00
-3.373268604278564453e+00
-3.815179347991943803e+00
-3.450981140136718750e+00
-3.091834306716918945e+00
-2.445840358734130859e+00
-2.732315778732299805e+00
-2.908692359924316406e+00
-3.521159172058105025e+00
-2.959897994995116743e+00
-2.611377716064453125e+00
-2.181189060211181641e+00
-1.555531620979309082e+00
-2.303278772160410881e-03
9.696773886680604138e-01
1.638365387916564941e+00
3.047320365905761719e+00
4.121840000152587891e+00
4.756839752197266513e+00
5.176438331604003906e+00
4.919493198394775391e+00
4.481337547302246094e+00
4.740441322326660156e+00
3.650576591491698775e+00
2.460043668746947798e+00
2.505298376083374023e+00
2.049508333206176758e+00
2.091124057769775391e+00
1.726258397102355957e+00
8.292026519775390625e-01
-7.657877802848815918e-01
-1.764822244644165039e+00
-2.677457571029663086e+00
-4.100944995880126953e+00
-5.566189765930175781e+00
-6.668151378631592685e+00
-7.288297653198242188e+00
-8.446607589721679688e+00
-8.691468238830566406e+00
-9.621017456054687500e+00
-1.050747871398925781e+01
-1.159118270874023438e+01
-1.170913505554199219e+01
-1.131587505340576172e+01
-1.033817672729492188e+01
-1.037236690521240234e+01
-9.841107368469238281e+00
-8.832282066345214844e+00
-8.542121887207031250e+00
-8.673099517822267401e+00
-9.091259002685546875e+00
-9.484723091125488281e+00
-9.855042457580566406e+00
-1.015396404266357422e+01
-9.786230087280273438e+00
-9.334169387817382812e+00
-8.171390533447267401e+00
-5.886775016784667969e+00
-4.576992988586425781e+00
-3.063757419586181641e+00
-1.811520576477050781e+00
-7.832813858985900879e-01
-2.881623506546020508e-01
-7.350126653909681840e-02
3.022860586643218994e-01
9.374332427978515625e-01
1.565503954887389915e+00
1.728365778923034890e+00
1.998531579971313255e+00
2.332310199737548828e+00
2.866274356842041016e+00
2.019730091094970703e+00
1.487051367759704590e+00
1.173047900199889915e+00
1.070084929466247559e+00
1.301448941230774148e+00
5.559963583946228027e-01
9.286048412322998047e-01
1.511356830596923828e+00
1.939171075820922852e+00
2.175568103790283203e+00
2.246380805969238281e+00
2.844706535339355469e+00
3.130183219909667969e+00
3.618263959884643999e+00
3.563850641250610352e+00
3.491517066955566406e+00
3.687783479690552202e+00
4.130082607269287109e+00
4.171424388885498047e+00
4.593932151794433594e+00
4.490196704864501953e+00
4.587707042694091797e+00
5.691288948059082031e+00
5.452764987945556641e+00
5.842309474945067471e+00
5.282861709594726562e+00
5.266749382019042969e+00
5.548512458801269531e+00
6.121876716613769531e+00
6.028068065643311435e+00
6.385680198669433594e+00
6.549590110778808594e+00
6.049485683441162109e+00
5.685863494873047763e+00
5.688288688659667969e+00
5.781893730163574219e+00
5.868652343750000000e+00
6.886908054351807529e+00
7.510263442993164062e+00
8.007611274719236505e+00
8.165637016296388495e+00
8.990689277648925781e+00
9.072257041931152344e+00
8.341214179992675781e+00
8.363248825073242188e+00
8.660140037536621094e+00
9.175231933593750000e+00
8.879694938659667969e+00
8.952791213989257812e+00
8.064093589782714844e+00
7.335326671600342685e+00
6.628925323486327237e+00
6.066216945648192471e+00
5.613348007202148438e+00
6.118406772613525391e+00
5.844210624694824219e+00
5.603049278259277344e+00
5.289824008941650391e+00
4.760691642761231357e+00
4.742971897125244141e+00
4.638544559478759766e+00
4.219322204589843750e+00
3.490690231323241743e+00
3.135161399841308594e+00
3.132007122039794922e+00
2.083436727523804155e+00
2.004861593246459961e+00
3.214592456817626953e+00
1.714544177055358887e+00
1.440629601478576882e+00
8.846250176429748535e-01
8.132886290550231934e-01
7.933505177497863770e-01
-5.858685448765754700e-02
-2.088775932788848877e-01
-1.941711306571960449e-01
-6.438946127891539417e-01
-5.969317164272069931e-03
-2.427540123462677002e-01
-3.693096935749053955e-01
-5.219280123710632324e-01
-1.217566132545471191e+00
-1.100639343261718750e+00
-5.316315293312072754e-01
-2.823778986930847168e-01
9.922836720943452316e-02
5.734374523162841797e-01
5.464631319046020508e-01
3.831881284713745117e-01
1.278636902570724487e-01
8.672194480895996094e-01
1.319220423698425293e+00
1.033769726753234863e+00
1.439499616622924805e+00
1.119751572608947754e+00
7.673671245574951172e-01
5.149877071380615234e-01
7.905339002609252930e-01
1.087386846542358398e+00
3.252439796924591064e-01
1.224871397018432617e+00
1.613516688346862793e+00
1.841895103454589622e+00
1.637288331985473633e+00
1.294778108596801758e+00
1.093591213226318359e+00
9.725049734115599476e-01
8.140129446983337402e-01
6.250966787338256836e-01
2.649012506008148193e-01
-3.710959851741790771e-01
-1.097430944442749023e+00
-1.250460863113403098e+00
-1.949483513832092507e+00
-2.821220397949218750e+00
-3.106053352355957031e+00
-3.066231489181518555e+00
-2.529633522033691406e+00
-2.557290315628052202e+00
-1.699705958366394043e+00
-1.714331746101379395e+00
-2.105166673660278320e+00
-2.984164714813232422e+00
-3.054092884063720703e+00
-2.943994998931884766e+00
-2.202368736267089844e+00
-1.740067243576049805e+00
-1.624189972877502441e+00
-2.227809667587280273e+00
-2.165795803070068359e+00
-2.066009759902954102e+00
-1.589657068252563699e+00
-9.811009764671325684e-01
-3.645139634609222412e-01
3.163762986660004217e-01
3.297231793403624933e-01
5.015944242477416992e-01
4.759669005870819092e-01
6.477640569210052490e-02
-5.129877924919128418e-01
-7.633251547813415527e-01
-9.032464027404784046e-01
-4.206078946590424139e-01
-1.083510041236877441e+00
-1.453654289245605691e+00
-2.474221706390380859e+00
-3.413867712020873579e+00
-3.891942501068115234e+00
-4.091238975524901456e+00
-4.655050277709960938e+00
-4.973520755767822266e+00
-5.527636051177978516e+00
-6.999263286590576172e+00
-8.557785034179687500e+00
-1.020778560638427557e+01
-1.145436286926269531e+01
-1.198304080963134766e+01
-1.232646560668945312e+01
-1.338152694702148438e+01
-1.448005771636962713e+01
-1.588245964050292969e+01
-1.688247489929199219e+01
-1.646361923217773438e+01
-1.591015529632568537e+01
-1.524979114532470703e+01
-1.442662239074707031e+01
-1.263128280639648438e+01
-1.047655010223388672e+01
-7.902114868164062500e+00
-6.948570251464843750e+00
-7.560216903686522549e+00
-7.563815116882324219e+00
-9.198714256286619317e+00
-1.029955196380615234e+01
-9.681016921997070312e+00
-8.797310829162597656e+00
-9.224414825439453125e+00
-8.735718727111816406e+00
-8.746628761291503906e+00
-8.873514175415039062e+00
-8.999439239501953125e+00
-7.687429428100585938e+00
-6.637905597686767578e+00
-6.536266803741455078e+00
-5.441309928894042969e+00
-4.451424121856689453e+00
-3.765770196914673296e+00
-3.720772504806518999e+00
-3.085906028747558594e+00
-1.883777260780334473e+00
-7.738718390464782715e-01
6.621199250221252441e-01
8.712341189384459339e-01
1.155352234840393066e+00
1.564425230026245117e+00
2.974196434020996094e+00
4.880835533142089844e+00
5.352849960327148438e+00
5.274515151977539062e+00
4.307065010070801669e+00
3.014826059341430664e+00
2.815382957458496094e+00
3.869529247283935991e+00
3.534807920455932617e+00
4.151060581207274502e+00
4.553601264953613281e+00
5.757306098937987393e+00
6.790786266326903409e+00
8.047700881958007812e+00
7.537416934967041016e+00
7.518095016479492188e+00
8.586988449096679688e+00
8.868472099304199219e+00
8.701491355895996094e+00
8.875877380371093750e+00
8.203912734985353339e+00
6.618540287017822266e+00
5.623358726501464844e+00
5.370214462280273438e+00
5.012270927429199219e+00
3.120094776153564453e+00
2.564333200454711914e+00
1.871234178543090820e+00
1.946342110633850098e+00
8.926355838775634766e-01
2.861177921295166016e-01
1.222646832466125710e+00
1.322858572006225586e+00
5.280109047889710583e-01
-4.949926137924193781e-01
-2.028919458389282227e+00
-1.938873767852783203e+00
-1.735149860382080078e+00
-9.525332450866700329e-01
-2.222277402877808061e+00
-1.656618118286132812e+00
-1.412633419036865234e+00
-2.049929648637771884e-01
3.355821669101715088e-01
1.389619827270507812e+00
2.427833795547485352e+00
2.584893226623535156e+00
3.662587165832519975e+00
4.535553455352783203e+00
4.328613758087158203e+00
3.923603534698486328e+00
3.517451524734497070e+00
3.126815319061279741e+00
2.375015974044799805e+00
7.157196998596191406e-01
4.303167760372161865e-01
-2.471211403608321866e-01
-5.262628197669982910e-01
-1.211265802383422852e+00
-1.706617593765258789e+00
-2.014931440353393555e+00
-1.950552344322204812e+00
-1.152074217796325684e+00
-6.911044120788574219e-01
-1.091508507728576882e+00
-1.454352021217346191e+00
-1.845599055290222390e+00
-2.215737104415893555e+00
-2.553381443023681641e+00
-2.863437652587890181e+00
-3.225635051727294922e+00
-4.074702262878417969e+00
-4.031890392303466797e+00
-3.989197015762328657e+00
-3.835307598114013672e+00
-3.642491817474364790e+00
-3.802191734313964844e+00
-3.836307525634765625e+00
-4.198536872863769531e+00
-4.195382118225098544e+00
-2.715180397033691406e+00
-2.190279006958008257e+00
-1.349521160125732422e+00
-1.953542232513427956e+00
-2.075307607650756836e+00
-2.346271514892578125e+00
-1.557413458824157493e+00
-2.972949504852294922e+00
-4.431203365325927734e+00
-5.573233127593994141e+00
-6.868882179260253906e+00
-8.147317886352539062e+00
-8.543939590454103339e+00
-9.000375747680664062e+00
-8.615167617797853339e+00
-7.896952629089355469e+00
-5.993525981903076172e+00
-2.907972812652587891e+00
-2.651416659355164129e-01
1.716496467590331809e+00
4.211677551269531250e+00
4.754138469696044922e+00
4.885939121246337891e+00
5.048151969909667969e+00
5.571205615997314453e+00
7.622524738311767578e+00
9.780097961425779474e+00
1.282427978515625000e+01
1.419456863403320490e+01
1.507590579986572443e+01
1.565524196624756037e+01
1.476514148712158203e+01
1.366091156005859553e+01
1.274180221557617188e+01
1.129013824462890447e+01
9.582329750061036933e+00
8.911064147949218750e+00
7.462889194488525391e+00
8.712238311767576349e+00
1.061888980865478338e+01
1.133452224731445312e+01
1.063598728179931641e+01
8.859359741210937500e+00
5.747702598571777344e+00
5.461692333221436435e+00
6.038489818572997159e+00
5.960492610931396484e+00
5.689840316772460938e+00
4.402127742767333984e+00
3.904697179794311968e+00
2.716601610183715820e+00
-2.536731958389282227e-01
-3.391682386398315430e+00
-6.945415019989013672e+00
-8.683870315551757812e+00
-1.041711044311523438e+01
-8.635033607482910156e+00
-7.945753097534179688e+00
-8.186367988586425781e+00
-6.592184066772460938e+00
-6.590757369995117188e+00
-5.588965415954589844e+00
-4.454411506652832031e+00
-3.836822032928466797e+00
-1.187119364738464355e+00
1.118118405342102051e+00
2.604653835296630859e+00
3.146411418914794922e+00
4.336922168731689453e+00
4.211807250976562500e+00
4.581596851348876953e+00
5.278633594512940341e+00
4.982633113861083984e+00
5.900025367736816406e+00
6.135656356811522549e+00
5.086272716522216797e+00
4.292413234710693359e+00
4.155789375305176669e+00
3.178952217102051225e+00
1.924200177192688210e+00
8.931302428245544434e-01
1.774738669395446777e+00
1.907427430152893066e+00
9.654110670089721680e-01
3.633659482002257746e-01
2.980732619762421209e-01
1.334036350250243919e+00
1.803685784339904785e+00
1.676026821136474609e+00
1.503152132034301758e+00
1.187415242195129395e+00
2.498424500226974487e-01
-5.197106003761291504e-01
-1.457066655158996582e+00
-2.491062402725220171e+00
-2.946312189102173296e+00
-2.825920581817626953e+00
-2.758628845214844194e+00
-2.857452630996703657e+00
-2.654394626617432085e+00
-3.598029375076293945e+00
-4.388403892517089844e+00
-6.262734413146972656e+00
-8.995644569396972656e+00
-1.182171154022216797e+01
-1.309048748016357422e+01
-1.347310733795166016e+01
-1.471612834930419922e+01
-1.503594398498535156e+01
-1.576386165618896484e+01
-1.597397708892822443e+01
-1.488940525054931463e+01
-1.387282180786132812e+01
-1.302580165863037287e+01
-1.235430908203125000e+01
-1.006044864654541016e+01
-7.503805637359619141e+00
-5.589315414428710938e+00
-3.977005243301392046e+00
-2.418270111083984375e+00
-2.448168277740478516e+00
-1.961027264595031960e+00
-1.801900625228881614e+00
2.881942689418792725e-01
9.992910027503968395e-01
1.505682468414306641e+00
2.322086811065673828e+00
3.853894472122191939e+00
6.390104293823242188e+00
8.446461677551269531e+00
9.850193023681640625e+00
1.109131813049316406e+01
1.151270008087158203e+01
1.147311210632324219e+01
1.130847930908203303e+01
1.160846805572509766e+01
1.321106815338134766e+01
1.405204296112060547e+01
1.586048507690429510e+01
1.706831169128417969e+01
1.534602546691894531e+01
1.468919086456298828e+01
1.327204799652099432e+01
1.317179489135742188e+01
1.134094429016113281e+01
1.009798908233642578e+01
8.369157791137695312e+00
7.344207763671875000e+00
5.227394580841064453e+00
3.683603763580321822e+00
3.803768157958983931e+00
3.951928138732910156e+00
1.881261229515075906e+00
-4.336711168289185125e-01
-1.364980816841125710e+00
-3.048749446868896484e+00
-4.531663894653320312e+00
-4.406054019927978516e+00
-4.421277523040772373e+00
-5.834619998931884766e+00
-5.409495830535888672e+00
-6.304556369781494141e+00
-7.063369750976562500e+00
-6.918205261230468750e+00
-6.337853431701660156e+00
-6.006892681121826172e+00
-7.032635211944580078e+00
-7.602127075195311612e+00
-7.441536426544188565e+00
-6.988505840301513672e+00
-7.115418910980224609e+00
-7.944651126861572266e+00
-9.522311210632324219e+00
-1.069367980957031250e+01
-1.108616924285888672e+01
-1.140599918365478516e+01
-1.115625476837158203e+01
-1.170379352569580078e+01
-1.275854969024658203e+01
-1.396663570404052734e+01
-1.493006420135498047e+01
-1.637125015258789062e+01
-1.502982711791992188e+01
-1.397329139709472656e+01
-1.267111396789550781e+01
-1.211557579040527344e+01
-1.138078308105468750e+01
-9.981642723083496094e+00
-8.646509170532228339e+00
-8.654229164123535156e+00
-7.675831317901611328e+00
-7.929485321044922763e+00
-9.474637985229492188e+00
-1.095858001708984375e+01
-1.218527889251708984e+01
-1.480885601043701172e+01
-1.553038215637207031e+01
-1.642679595947265270e+01
-1.754859161376952770e+01
-1.656174468994140270e+01
-1.384840869903564453e+01
-1.208560276031493963e+01
-9.532373428344726562e+00
-6.128901481628417969e+00
-2.950584650039673296e+00
-8.958494067192077637e-01
1.676319479942321777e+00
2.983934879302978516e+00
4.266361236572266513e+00
7.391887664794922763e+00
1.007055759429931641e+01
1.154610061645507812e+01
1.231443881988525568e+01
1.390604972839355469e+01
1.634484863281250000e+01
1.820078468322753906e+01
1.701324081420898438e+01
1.552618694305419922e+01
1.560698604583740234e+01
1.506591224670410156e+01
1.493229198455810547e+01
1.241252708435058594e+01
1.034066295623779297e+01
8.007590293884277344e+00
7.568667888641357422e+00
7.958674430847167969e+00
7.573790550231933594e+00
5.949788093566895419e+00
5.743091106414794922e+00
4.541832923889160156e+00
3.430259227752685103e+00
4.180429935455321377e+00
4.667645454406738281e+00
4.391203880310058594e+00
4.816616058349608487e+00
5.377002716064453125e+00
3.971999883651732954e+00
2.744636058807373047e+00
7.332484722137451172e-01
-1.892922401428222878e+00
-6.237475395202637607e+00
-1.178664970397949219e+01
-1.843027687072753906e+01
-2.065682983398437145e+01
-2.010719108581542969e+01
-1.511623382568359553e+01
-1.047521781921386719e+01
-6.882906913757324219e+00
-4.948927879333496094e+00
-4.375280380249022549e+00
-4.443617343902587891e+00
-3.814886808395385742e+00
-1.941408753395080788e+00
1.877286672592163086e+00
4.722173690795898438e+00
7.818096637725830078e+00
1.264698505401611328e+01
1.648021507263183594e+01
1.878849411010742543e+01
1.887350845336914062e+01
1.853987121582031250e+01
1.897323226928710938e+01
1.852889251708984375e+01
1.860720062255859375e+01
1.785071182250976562e+01
1.682974052429199219e+01
1.602745437622070668e+01
1.449006080627441406e+01
1.358716201782226562e+01
1.172570896148681463e+01
7.861099243164062500e+00
5.612703800201416016e+00
4.703464984893798828e+00
5.291275024414063388e+00
7.219728946685791016e+00
8.660981178283691406e+00
1.012593555450439631e+01
1.193249988555908203e+01
1.364023780822753906e+01
1.440272140502929510e+01
1.447158336639404475e+01
1.670970726013183594e+01
1.724235725402832031e+01
1.846839714050292969e+01
1.786245346069335938e+01
1.717426681518554688e+01
1.862374687194823863e+01
1.865186882019042969e+01
1.907219123840332031e+01
1.632341003417968750e+01
1.250244331359863281e+01
9.740684509277343750e+00
6.307527542114257812e+00
3.586920022964477095e+00
2.066690921783447710e+00
6.342572569847106934e-01
-1.192905545234680176e+00
-8.753533959388732910e-01
-7.426346540451049805e-01
-9.779070615768431507e-01
-1.265886068344116211e+00
-3.130761623382568359e+00
-4.643709659576416016e+00
-5.854651927947997159e+00
-7.432466030120849609e+00
-7.115884780883789062e+00
-7.670896053314208984e+00
-7.150403499603272373e+00
-7.035667419433593750e+00
-4.552965164184570312e+00
-3.113680839538573775e+00
-2.500687837600708008e+00
-1.781821608543395996e+00
-4.609057307243347168e-01
-1.052810668945312500e+00
-8.472272753715515137e-01
-1.947665929794311523e+00
-5.726962089538574219e-01
4.415488243103026789e-01
-2.148300595581531525e-02
1.246937632560729980e+00
1.036897182464599609e+00
4.752732217311859131e-01
4.280612170696258545e-01
-1.382481753826141635e-01
-1.531258583068847656e+00
-1.308045506477355957e+00
-3.506331741809844971e-01
1.079517528414726396e-01
6.627842783927917480e-01
6.962574124336242676e-01
1.027902483940124290e+00
2.695772886276245117e+00
2.783782243728637695e+00
3.260262489318848100e+00
2.531059980392456055e+00
1.706540346145630105e+00
-2.120875358581543413e+00
-2.842291831970214844e+00
-2.032530069351196289e+00
-8.781701922416687012e-01
1.365037202835083008e+00
3.306480646133423296e+00
4.249971866607666016e+00
4.993415832519531250e+00
2.765614986419677734e+00
3.214255809783935547e+00
3.504831314086913618e+00
3.034905672073364258e+00
3.296348094940185103e+00
4.029799461364746094e+00
4.611706733703613281e+00
5.462629318237304688e+00
4.743865966796875000e+00
4.780173301696777344e+00
4.322936058044433594e+00
2.364536523818969727e+00
6.970238089561462402e-01
4.696697890758513849e-01
-1.009425878524780495e+00
-1.565381765365600586e+00
-1.951686143875121848e+00
-3.583522319793701172e+00
-3.545905113220214844e+00
-3.501321554183959961e+00
-8.765221834182739258e-01
-9.078190326690673828e-01
-7.505735754966735840e-02
2.794779837131500244e-01
1.629392653703689575e-01
-3.008005917072296143e-01
-2.219223260879516602e+00
-2.698338985443115234e+00
-3.820646047592163086e+00
-5.817824840545653409e+00
-6.619289875030517578e+00
-6.258157253265380859e+00
-7.299670219421387607e+00
-7.110930442810058594e+00
-7.006191730499267578e+00
-6.043699741363525391e+00
-5.892667770385742188e+00
-4.183451652526856357e+00
-3.725560426712036133e+00
-3.504137277603149414e+00
-4.691998004913330078e+00
-5.466663837432861328e+00
-5.900662422180175781e+00
-8.081037521362304688e+00
-9.577209472656250000e+00
-1.078858280181884766e+01
-1.087908458709716797e+01
-1.124916172027588068e+01
-1.025247287750243963e+01
-8.598110198974611151e+00
-8.830861091613769531e+00
-8.129733085632324219e+00
-7.002982616424560547e+00
-6.142336845397949219e+00
-5.272972583770751953e+00
-3.270804166793823242e+00
-5.011819839477539062e+00
-6.807601928710937500e+00
-7.733469963073729581e+00
-8.696122169494628906e+00
-9.833872795104980469e+00
-9.399848937988279474e+00
-8.391356468200683594e+00
-7.465291500091552734e+00
-6.744221210479736328e+00
-7.202864646911621094e+00
-7.723475456237792969e+00
-8.365507125854492188e+00
-9.053130149841306817e+00
-8.827595710754394531e+00
-8.750679969787597656e+00
-8.468479156494138849e+00
-7.434102535247802734e+00
-8.123455047607423651e+00
-8.282647132873535156e+00
-8.953831672668457031e+00
-1.023069190979003906e+01
-1.011383342742919922e+01
-9.173529624938963067e+00
-8.446342468261718750e+00
-8.329273223876951349e+00
-8.712643623352049005e+00
-9.169049263000488281e+00
-9.085448265075683594e+00
-8.331974983215332031e+00
-7.236877441406250000e+00
-5.350330829620361328e+00
-4.456960201263427734e+00
-4.854597091674804688e+00
-4.785394668579101562e+00
-5.657886981964111328e+00
-5.462779998779296875e+00
-6.104840278625487393e+00
-5.872523784637451172e+00
-6.232662677764892578e+00
-7.100179672241210938e+00
-7.414083957672119141e+00
-8.046922683715820312e+00
-7.952476024627684659e+00
-7.910913467407227451e+00
-7.782485008239746094e+00
-7.171101570129394531e+00
-6.469935417175292969e+00
-6.460501670837402344e+00
-6.161918640136718750e+00
-6.867524623870849609e+00
-5.890429019927978516e+00
-5.823132038116455078e+00
-4.844836235046386719e+00
-3.921922683715819868e+00
-3.571155786514282227e+00
-3.005752086639404297e+00
-2.025173902511596680e+00
-1.145791888236999512e+00
5.749106407165527344e-01
8.136079907417297363e-01
1.256735324859619141e+00
2.330842494964600053e+00
2.716640472412109375e+00
2.909760713577270508e+00
2.581860780715942383e+00
3.087591648101806197e+00
2.654613018035888672e+00
3.777298212051392046e+00
4.195298671722412109e+00
3.282871484756469727e+00
2.977696895599364790e+00
3.585721254348754883e+00
4.105261325836181641e+00
5.384281635284423828e+00
5.379615783691406250e+00
6.070382118225097656e+00
5.333209037780761719e+00
5.694287776947021484e+00
4.958128452301025391e+00
5.321274280548096591e+00
6.095187664031982422e+00
5.713836193084717685e+00
5.795123577117919922e+00
5.205940723419189453e+00
4.530439376831054688e+00
4.147353649139403409e+00
4.178802967071533203e+00
3.386507034301758257e+00
2.520727157592772993e+00
2.852449655532836914e+00
4.463932514190673828e+00
4.767956733703613281e+00
5.424296855926513672e+00
5.657588958740233487e+00
5.705312252044677734e+00
6.482156753540039062e+00
6.750758647918701172e+00
5.569207668304443359e+00
6.172882080078125000e+00
6.112986087799072266e+00
7.262082576751708984e+00
6.542372226715087891e+00
6.169259071350097656e+00
6.115119457244872159e+00
6.239029407501221591e+00
6.563839435577392578e+00
6.211370944976807529e+00
6.507179260253906250e+00
6.130924701690673828e+00
4.824871063232421875e+00
5.770648479461669922e+00
6.244429588317871094e+00
6.655951976776122159e+00
6.792200565338134766e+00
8.253732681274414062e+00
9.224868774414062500e+00
8.645740509033201349e+00
8.137551307678222656e+00
7.270797252655028409e+00
4.870914936065673828e+00
4.533213138580322266e+00
4.312780857086181641e+00
3.851076126098633257e+00
4.710146427154541016e+00
4.064911842346191406e+00
3.228684902191162109e+00
2.718641281127929688e+00
2.001622676849364790e+00
1.832985162734985130e+00
5.455132722854614258e-01
-1.164013981819152832e+00
-2.222772359848022461e+00
-2.653220891952514204e+00
-3.287530899047852007e+00
-2.476763010025024414e+00
-1.357832789421081543e+00
-3.282770514488220215e-01
9.729042053222656250e-01
1.065761804580688477e+00
1.633352160453796387e+00
-1.007478311657905579e-01
-1.045548915863036887e+00
-1.832939624786376953e+00
-1.137916922569274902e+00
-2.329559624195098877e-01
-2.759347856044768732e-01
-1.017759561538696289e+00
-1.945794105529784712e+00
-4.988187313079833984e+00
-4.183209896087647373e+00
-4.918673038482666016e+00
-5.885943412780762607e+00
-6.895633697509766513e+00
-7.462719440460205078e+00
-7.461030483245849609e+00
-7.621678829193115234e+00
-7.985800266265869141e+00
-8.270819664001464844e+00
-5.964683532714843750e+00
-5.062799930572509766e+00
-4.132513046264647549e+00
-4.565083026885986328e+00
-3.894340515136719194e+00
-5.044283390045166016e+00
-5.637197971343994141e+00
-5.935859680175781250e+00
-6.887580394744872159e+00
-7.357834815979003906e+00
-6.256557941436767578e+00
-7.007626533508300781e+00
-7.606806755065917969e+00
-6.534043312072753906e+00
-7.497168064117432529e+00
-8.992880821228027344e+00
-1.143365097045898438e+01
-1.333662319183349432e+01
-1.254507446289062500e+01
-1.142348670959472656e+01
-1.032207107543945312e+01
-1.056294727325439631e+01
-1.135982799530029297e+01
-1.170489692687988459e+01
-1.260395050048827947e+01
-1.505370616912841797e+01
-1.566696929931640447e+01
-1.502327156066894531e+01
-1.437019062042236506e+01
-1.367970085144042969e+01
-1.365499973297119318e+01
-1.372364711761474432e+01
-1.197389507293701172e+01
-9.399604797363279474e+00
-8.114215850830076349e+00
-7.789215564727782315e+00
-9.222929954528806817e+00
-1.012102603912353693e+01
-9.823465347290039062e+00
-8.887816429138183594e+00
-8.353421211242675781e+00
-8.859664916992187500e+00
-7.869283676147460938e+00
-8.839167594909667969e+00
-8.699234008789062500e+00
-9.577574729919433594e+00
-8.744453430175781250e+00
-7.899438858032227451e+00
-7.239932060241699219e+00
-7.728235721588134766e+00
-8.227836608886718750e+00
-8.651289939880371094e+00
-7.926615715026854581e+00
-1.057296943664550781e+01
-1.072114658355712713e+01
-1.242046928405761541e+01
-1.246493530273437500e+01
-7.704653739929199219e+00
-7.052191257476807529e+00
-8.128179550170896661e+00
-6.502747535705566406e+00
-6.867123603820800781e+00
-7.877748966217041016e+00
-8.400712013244628906e+00
-7.912757396697997159e+00
-6.492644786834717685e+00
-3.810242176055908203e+00
-2.245341062545776367e+00
-2.094798535108566562e-01
-5.794501304626464844e-01
-2.450434207916260210e+00
-2.929801702499389648e+00
-2.065983295440674272e+00
-3.866906881332397461e+00
-7.188901901245117188e+00
-7.447531700134277344e+00
-7.057349681854247159e+00
-7.872943401336669922e+00
-8.554628372192382812e+00
-8.535562515258789062e+00
-8.046202659606933594e+00
-8.590412139892576349e+00
-1.170621776580810547e+01
-1.177860927581787287e+01
-1.089600086212158203e+01
-9.331905364990234375e+00
-7.608082294464111328e+00
-6.803190708160400391e+00
-8.391608238220214844e+00
-7.845471858978270596e+00
-7.019353389739990234e+00
-7.095284461975097656e+00
-9.450525283813476562e+00
-1.251546955108642578e+01
-1.388061618804931463e+01
-1.460806655883789062e+01
-1.243314647674560547e+01
-7.521032810211182529e+00
-6.571722984313964844e+00
-6.792689323425292969e+00
-8.362717628479003906e+00
-9.608953475952148438e+00
-1.061230373382568359e+01
-1.164261627197265447e+01
-1.001889133453369318e+01
-6.914868831634521484e+00
-3.480798244476318359e+00
-3.208816289901733398e+00
-3.361500024795531782e+00
-2.773160934448241743e+00
-2.344848871231079102e+00
-2.988694906234741211e+00
-2.463905096054076704e+00
-2.523285627365112305e+00
-4.030678749084473544e+00
-4.047204494476318359e+00
-2.121458053588866743e+00
-2.700483500957489014e-01
-5.294691920280456543e-01
-8.843069076538085938e-01
-1.459521532058715820e+00
-1.426282167434692383e+00
-7.900251746177673340e-01
-2.314484678208827972e-03
-1.562516689300536887e+00
-2.433364152908325195e+00
-2.739113330841064453e+00
-2.553645133972167969e+00
-2.078691720962524414e+00
-2.474705457687377930e+00
-5.354970932006835938e+00
-5.151273250579833984e+00
-3.453922510147094727e+00
-2.894680738449096680e+00
-1.251811027526855691e+00
1.766631841659545898e+00
5.135776519775391513e+00
3.642538785934447798e+00
1.788483500480652078e+00
1.560117483139038086e+00
3.695962429046631303e+00
4.081040382385253906e+00
4.385268211364746094e+00
3.257472991943359819e+00
3.012888908386230469e+00
4.364628791809082031e+00
3.844195842742919922e+00
4.465763092041016513e+00
4.777450561523437500e+00
5.019881725311278409e+00
8.109514236450195312e+00
7.642167091369628906e+00
8.874690055847167969e+00
7.297149181365967685e+00
8.505934715270996094e+00
6.557534217834472656e+00
4.466166973114013672e+00
6.048830986022949219e+00
6.529748916625977451e+00
7.282868385314941406e+00
6.760684013366699219e+00
5.699210166931152344e+00
6.096681594848632812e+00
4.708178997039794922e+00
4.934895515441895419e+00
4.660390377044677734e+00
6.160048961639403409e+00
6.773127555847167969e+00
7.414779186248778409e+00
4.296569824218750000e+00
3.864171743392943892e+00
4.652495861053466797e+00
7.002290725708007812e+00
7.821881771087646484e+00
6.824429035186767578e+00
4.238303661346436435e+00
1.097119331359863281e+00
-8.066020607948303223e-01
-6.286578178405761719e-01
3.158435583114623579e+00
3.784780502319336382e+00
4.658813953399658203e+00
4.418878555297851562e+00
3.823574066162108931e+00
6.390376091003417969e+00
6.108329296112060547e+00
5.945776462554932529e+00
3.104676246643066406e+00
2.724787950515747070e+00
1.498580694198608398e+00
-7.792406082153320312e-01
-3.084712326526641846e-01
2.104769229888916016e+00
6.066671371459960938e+00
5.438567638397216797e+00
4.363186836242676669e+00
2.204872369766235796e+00
2.318963050842285156e+00
4.689598560333251953e+00
5.155112266540527344e+00
5.818815708160400391e+00
5.437454700469971591e+00
5.234682559967041016e+00
6.659060955047607422e+00
5.627664566040039062e+00
4.512498378753662109e+00
5.769284248352050781e+00
5.229224205017089844e+00
4.645227909088134766e+00
2.560348510742187500e+00
1.070047259330749512e+00
2.211220264434814453e+00
3.064757585525512695e+00
3.344848632812500000e+00
4.595867633819580078e+00
6.325695514678955078e+00
7.349971771240233487e+00
6.628844738006592685e+00
6.401018142700195312e+00
6.720989704132080078e+00
6.521384716033936435e+00
5.329587459564208984e+00
6.018245220184326172e+00
5.688055038452147549e+00
5.967678070068358487e+00
6.424881935119628906e+00
8.612940788269042969e+00
8.552005767822267401e+00
8.507597923278808594e+00
8.501766204833982599e+00
9.623628616333007812e+00
8.423532485961914062e+00
3.188517332077026367e+00
1.704310536384582297e+00
2.936034202575684038e+00
4.776885032653808594e+00
6.563472270965576172e+00
5.225778102874755859e+00
4.560846805572509766e+00
4.593254089355468750e+00
3.090914964675903764e+00
1.279290080070495605e+00
-5.985856652259826660e-01
-5.907500982284545898e-01
-6.121572852134704590e-01
-3.209118247032164972e-01
-4.312435686588287909e-01
-9.875007271766663708e-01
-2.344294548034667969e+00
-2.850171804428100586e+00
-2.185345649719238281e+00
-3.219368219375610352e+00
-2.688671112060546875e+00
-9.445203542709351696e-01
-6.872218847274780273e-01
-1.477827906608581543e+00
-2.347204685211181641e+00
-3.339874505996703657e+00
-5.271181583404541016e+00
-3.879232406616211382e+00
-3.701169729232788086e+00
-1.887079000473022461e+00
-3.535279750823974609e+00
-4.061358451843261719e+00
-3.550642490386962891e+00
-2.669773817062377930e+00
-3.438765048980712891e+00
-4.293021202087401456e+00
-3.745559692382812944e+00
-2.284348726272583008e+00
-2.130893945693969727e+00
-2.372719049453735796e+00
-1.472357362508773804e-01
7.244967222213745117e-01
-2.801336050033568781e-01
-3.005017638206481934e-01
3.419901430606842041e-01
1.665650606155395508e-01
3.151567876338958740e-01
-1.649693250656127930e-01
-1.199447154998779297e+00
-3.471035063266754150e-01
-5.365064144134521484e-01
-1.308868050575256348e+00
-2.121000289916991743e+00
-2.743870973587036133e+00
-2.942869901657104492e+00
-1.528515696525573508e+00
-1.474925160408020020e+00
-1.320322632789611816e+00
-6.148985028266906738e-01
-6.414255499839782715e-01
-1.065222740173339844e+00
-7.994337081909179688e-01
-1.218791723251342773e+00
-1.668383121490478294e+00
-2.721018493175506592e-01
1.137868881225585938e+00
8.932252526283264160e-01
1.332916855812072754e+00
5.909494161605834961e-01
-1.278635621070861816e+00
-1.200221896171569824e+00
6.858797073364257812e-01
1.266618371009826882e+00
2.092121243476867953e-01
-1.858367085456847922e+00
-2.132936000823974609e+00
-3.341894149780272993e+00
-3.170059680938720703e+00
-4.394824504852294922e+00
-4.742654800415039062e+00
-5.127321720123291016e+00
-5.444468498229980469e+00
-5.625107288360596591e+00
-6.978055477142333984e+00
-6.760168075561522549e+00
-6.403088092803955078e+00
-6.442246437072753906e+00
-6.319095611572266513e+00
-6.453315258026122159e+00
-7.398282051086425781e+00
-8.753041267395019531e+00
-9.590089797973632812e+00
-1.131302070617675781e+01
-1.104304504394531250e+01
-1.087779140472411932e+01
-1.101179504394531250e+01
-1.170469379425048828e+01
-1.123960971832275391e+01
-1.103517246246338068e+01
-1.073428821563720703e+01
-9.944259643554687500e+00
-9.314099311828613281e+00
-8.626843452453611505e+00
-8.010311126708982599e+00
-7.031943321228027344e+00
-6.644719600677490234e+00
-7.757252693176268643e+00
-7.836551189422607422e+00
-8.218795776367187500e+00
-7.397747039794922763e+00
-7.079221248626708984e+00
-6.456606388092041016e+00
-5.918389320373535156e+00
-5.942580699920653409e+00
-5.152058601379394531e+00
-5.790596485137940341e+00
-6.665238380432128906e+00
-7.024167537689208984e+00
-7.171431541442871094e+00
-7.192833423614502841e+00
-6.846879482269287109e+00
-6.196496009826660156e+00
-6.264358043670653409e+00
-5.822775363922119141e+00
-5.548452377319335938e+00
-5.954350471496582031e+00
-5.670082092285156250e+00
-5.426874637603759766e+00
-5.401096820831298828e+00
-4.443896770477294922e+00
-4.105525016784667969e+00
-3.732817411422729492e+00
-4.431232452392578125e+00
-4.055416584014893466e+00
-3.795199871063231978e+00
-4.309248447418212891e+00
-4.122968673706055576e+00
-4.039011955261231357e+00
-3.275285959243774414e+00
-2.993718624114990234e+00
-3.038946628570556641e+00
-2.898727178573608398e+00
-2.820362329483031782e+00
-2.612797737121582031e+00
-2.304096937179564986e+00
-1.982085704803466797e+00
-2.150761604309081587e+00
-1.614632010459899902e+00
-5.789867639541625977e-01
-1.179441690444946289e+00
-1.228331565856933594e+00
-1.730393767356872559e+00
-2.484466314315795898e+00
-1.830152869224548340e+00
-2.311763763427734375e+00
-1.981584072113036887e+00
-1.847378015518188477e+00
-2.298042297363280806e+00
-2.240769386291503906e+00
-2.452249526977539062e+00
-2.052564620971680132e+00
-2.419677019119262695e+00
-2.922712564468383789e+00
-2.964544057846069336e+00
-3.835043668746947798e+00
-3.202418804168701172e+00
-2.977796077728271484e+00
-2.493235111236572266e+00
-1.833418369293213113e+00
-5.211226940155029297e-01
-1.969089061021804810e-01
4.735814332962036133e-01
1.651684343814850131e-01
-6.113942265510559082e-01
-7.958313822746276855e-01
-6.342252492904663086e-01
-1.365250349044799805e+00
-1.092637896537780762e+00
-8.448325395584106445e-01
-1.145844340324402078e+00
-1.190828919410705566e+00
-1.259950280189514160e+00
-1.595830321311950906e+00
-9.320908188819884144e-01
-8.010050654411315918e-01
3.775494545698166587e-02
7.813752293586730957e-01
9.877735972404479980e-01
1.338315606117248313e+00
1.015128254890442117e+00
8.920881748199462891e-01
9.777950048446656384e-01
8.328330516815185547e-01
1.785961687564850131e-01
3.184909932315349579e-03
3.655042648315429688e-01
7.703480720520020641e-01
6.522986888885498047e-01
4.480160176753997803e-01
4.552653729915618896e-01
1.002774953842162864e+00
1.179289340972900391e+00
1.890699982643127663e+00
2.126583337783813032e+00
1.974816203117370383e+00
1.710475564002990723e+00
1.409933924674987793e+00
1.726984739303588867e+00
1.853737950325011985e+00
1.860313415527343972e+00
2.036490678787231445e+00
1.554448127746581809e+00
1.678925514221191406e+00
9.454723000526428223e-01
7.497838139533996582e-01
9.352893829345704235e-01
1.262116432189941406e+00
1.392658591270446777e+00
1.382454276084899902e+00
1.779846429824829102e+00
1.624207258224487305e+00
1.698999047279358132e+00
1.424878358840942383e+00
9.434905648231506348e-01
6.505826711654663086e-01
7.650545835494995117e-01
1.008638024330139160e+00
1.297433972358703613e+00
9.522046446800231934e-01
1.407173395156860352e+00
1.394966483116149902e+00
1.884893655776977095e+00
1.931390166282653587e+00
2.341806888580322266e+00
1.589712738990783691e+00
1.544660329818725586e+00
1.288254976272583008e+00
1.620803833007812500e+00
1.562478899955749512e+00
1.798081159591674805e+00
2.257941961288451704e+00
2.999162197113037109e+00
3.332913637161254883e+00
2.553014993667602539e+00
2.840425014495849609e+00
1.763992428779601829e+00
1.728553056716918945e+00
2.095870971679687500e+00
2.292794466018676758e+00
3.118311166763305664e+00
2.992826223373413086e+00
2.965537071228027788e+00
1.900447726249694824e+00
1.327216386795043945e+00
1.358770489692687988e+00
4.110399782657622736e-01
3.629765808582305908e-01
-6.054737791419028542e-02
-6.354857683181762695e-01
-5.168871581554412842e-02
-8.702576756477355957e-01
-3.001109659671783447e-01
-1.027879357337951660e+00
-2.975557148456572931e-01
-5.858546495437622070e-01
-4.398168921470642090e-01
-3.845587372779846191e-01
-6.312913894653320312e-01
-3.135006129741669256e-01
-2.320668995380401611e-01
-6.297307610511779785e-01
-1.784909218549728394e-01
-1.072723150253295898e+00
-2.001651287078857422e+00
-2.176213741302490234e+00
-2.176032066345215288e+00
-1.959366083145141602e+00
-1.304653763771057129e+00
-1.398306608200073242e+00
-1.383463501930236816e+00
-1.650455713272094727e+00
-1.180680632591247559e+00
-8.251700401306152344e-01
-1.658199906349181907e+00
-1.993665456771850364e+00
-1.885648488998413086e+00
-1.427309989929199219e+00
-1.165064573287964089e+00
-1.299738049507141113e+00
-7.374711632728576660e-01
-8.107055425643920898e-01
-8.124453425407409668e-01
-9.670525789260864258e-01
-1.211145162582397683e+00
-1.074878454208374023e+00
-1.481124877929687500e+00
-1.374878764152526855e+00
-8.673579096794128418e-01
-2.874274551868439276e-01
-9.552101492881776013e-01
-1.533424615859985352e+00
-2.517649650573730469e+00
-2.792327880859375000e+00
-2.154320955276489258e+00
-2.659438371658325195e+00
-3.189206123352051225e+00
-2.961022853851318359e+00
-2.690244913101196289e+00
-2.798462390899658203e+00
-2.365415573120116743e+00
-3.069756746292114258e+00
-3.819241523742676225e+00
-4.794867038726806641e+00
-4.527766227722167969e+00
-4.406447410583496094e+00
-4.106221199035644531e+00
-4.411687374114990234e+00
-4.151862621307373047e+00
-4.690981388092041016e+00
-5.231299400329589844e+00
-4.202699184417725498e+00
-5.010287284851074219e+00
-4.420557975769042969e+00
-3.837680339813231978e+00
-4.603452682495117188e+00
-4.362536430358886719e+00
-4.026142120361328125e+00
-3.711439609527587891e+00
-3.892362594604491743e+00
-4.227186679840087891e+00
-4.074296951293944424e+00
-3.313300609588623047e+00
-4.153383731842041016e+00
-3.471861600875854492e+00
-3.343868494033813032e+00
-3.695653676986694336e+00
-3.196702241897583008e+00
-3.041475296020508257e+00
-3.051677942276001421e+00
-4.323081493377685547e+00
-4.366678237915038174e+00
-4.823656558990479404e+00
-4.826411247253417969e+00
-4.844835281372070312e+00
-4.549303054809570312e+00
-4.312505245208740234e+00
-3.443343639373779741e+00
-3.356020450592041016e+00
-3.577462434768676758e+00
-3.135026931762695757e+00
-2.769284963607788086e+00
-3.216407775878906250e+00
-3.207751512527466264e+00
-2.968819856643676758e+00
-3.222927808761596680e+00
-2.637893199920654297e+00
-2.783151865005493164e+00
-2.443133354187012163e+00
-3.306047677993774414e+00
-2.951700210571288618e+00
-2.597949743270874023e+00
-3.358305215835571733e+00
-2.818071603775024414e+00
-3.966919660568236861e+00
-3.203011989593506303e+00
-3.092734575271606445e+00
-2.949105262756348100e+00
-2.728477001190185103e+00
-3.542299270629883257e+00
-3.245728492736816406e+00
-3.821645736694336382e+00
-3.297297239303588867e+00
-3.803487300872802290e+00
-3.239238739013671875e+00
-2.688513755798339844e+00
-2.637624740600585938e+00
-3.380633831024169922e+00
-3.248307228088378906e+00
-3.903922080993651900e+00
-4.922072410583496094e+00
-4.675798892974853516e+00
-4.844740390777587891e+00
-3.715534210205078125e+00
-3.740810871124268022e+00
-3.494711399078368697e+00
-3.250698089599609375e+00
-3.059230089187622070e+00
-3.083140373229980469e+00
-4.798176765441895419e+00
-4.306476593017578125e+00
-4.843461036682128906e+00
-4.025882244110106534e+00
-3.291416883468627930e+00
-3.002114295959472656e+00
-2.729159355163574219e+00
-2.719287157058715820e+00
-3.065008163452148438e+00
-3.809326171875000000e+00
-4.968040943145751953e+00
-4.812183380126953125e+00
-4.536398410797119141e+00
-4.278137207031250000e+00
-3.123821973800658736e+00
-4.947572708129882812e+00
-4.008791446685791016e+00
-3.506116628646850586e+00
-3.108488798141479492e+00
-3.207696676254272461e+00
-2.790788173675537109e+00
-2.682121276855468750e+00
-2.639662981033325195e+00
-2.118404150009155718e+00
-1.517195105552673118e+00
-1.973741292953491211e+00
-1.741421699523925781e+00
-1.683433055877685547e+00
-1.671792864799499512e+00
-2.100555181503295898e+00
-1.836155056953430398e+00
-2.209023237228393555e+00
-2.190796136856079102e+00
-3.396950483322143999e+00
-3.512612342834472656e+00
-3.500555753707885742e+00
-3.269222021102905273e+00
-3.156820058822631836e+00
-2.518273115158081055e+00
-1.951675891876220703e+00
-1.701830625534057617e+00
-6.142541170120239258e-01
-1.432379603385925293e+00
-1.891696095466613547e+00
-1.740185618400573508e+00
-2.144597768783569336e+00
-1.818603754043579102e+00
-1.684755444526672363e+00
-8.754415512084960938e-01
-6.011753082275390625e-01
1.831803917884826660e-01
-6.054628267884255149e-02
-5.973980203270912170e-02
3.141033947467803955e-01
1.323284804821014404e-01
-3.074846863746643066e-01
-3.454763889312744141e-01
-1.237299963831901550e-01
-5.058754682540893555e-01
-5.441790819168090820e-01
-1.070607662200927512e+00
-8.786110281944274902e-01
-4.917621910572052002e-01
-4.356835782527924139e-01
-3.441120684146881104e-01
-1.608977317810058594e-01
-8.350671529769897461e-01
-1.759087324142456055e+00
-2.412927627563477007e+00
-3.150540113449096680e+00
-2.353372335433959961e+00
-2.605097055435180664e+00
-3.058646440505981001e+00
-3.266336202621459961e+00
-2.760979890823364258e+00
-3.232753515243530273e+00
-3.587399721145629883e+00
-3.638591051101685014e+00
-2.950931072235107422e+00
-2.642825365066528320e+00
-2.139374256134033203e+00
-3.329398632049560547e+00
-3.370433807373046875e+00
-2.637817144393920898e+00
-3.266215801239013672e+00
-2.775849103927612305e+00
-3.301885128021239790e+00
-3.085308790206908736e+00
-3.109458208084106445e+00
-2.438750505447388139e+00
-2.133180618286133257e+00
-1.813693404197692871e+00
-2.576107978820800781e+00
-2.435798645019531250e+00
-3.130815267562866211e+00
-3.841867923736571822e+00
-3.964739084243774414e+00
-3.431085586547852007e+00
-3.268880605697631836e+00
-3.032024860382080078e+00
-3.300858497619628906e+00
-2.086356163024902344e+00
-1.913446068763733132e+00
-2.264168977737426758e+00
-2.108597993850708008e+00
-9.037423729896544300e-01
-2.160966992378234863e-01
-1.572498559951782227e+00
-2.801798105239868164e+00
-4.673913002014160156e+00
-3.729085445404052734e+00
-4.201056957244873047e+00
-4.614246845245361328e+00
-4.666037559509277344e+00
-4.629907131195068359e+00
-4.397495269775391513e+00
-4.651427268981933594e+00
-4.694721698760986328e+00
-4.818269729614257812e+00
-5.657457828521728516e+00
-5.709022998809815341e+00
-4.917769908905028409e+00
-4.402879714965820312e+00
-4.459708213806152344e+00
-4.337737083435058594e+00
-4.788842678070068359e+00
-4.252560615539551669e+00
-4.477608680725097656e+00
-4.315279483795166016e+00
-4.797067642211914062e+00
-4.807879447937011719e+00
-5.592162609100341797e+00
-5.623452186584472656e+00
-5.424921035766601562e+00
-5.119856834411621094e+00
-4.377722263336181641e+00
-3.765622138977051225e+00
-3.821288585662841797e+00
-3.970547199249268022e+00
-3.690752506256103960e+00
-3.698491096496582031e+00
-3.553620100021362305e+00
-3.245367288589477095e+00
-3.554322481155395508e+00
-3.851099729537963867e+00
-3.798830986022948775e+00
-3.783708095550537109e+00
-3.255568742752075195e+00
-3.499784231185913086e+00
-3.768470287322998047e+00
-4.039535522460937500e+00
-3.444688081741333008e+00
-3.587429523468017578e+00
-3.683277845382689542e+00
-3.753620386123656782e+00
-4.395097255706787109e+00
-4.989668846130371094e+00
-3.963509559631348100e+00
-3.870842218399048296e+00
-3.693041086196899414e+00
-3.580694437026977095e+00
-3.628189802169799805e+00
-3.672369480133056641e+00
-3.901182651519775835e+00
-4.468804359436035156e+00
-4.046078205108643466e+00
-3.985880136489868164e+00
-3.946174621582031250e+00
-3.002137899398804155e+00
-2.968697309494018555e+00
-2.802331447601318359e+00
-3.349473953247070312e+00
-3.327856779098510742e+00
-4.144005298614501953e+00
-4.396736145019531250e+00
-4.926324367523193359e+00
-5.559941291809082031e+00
-6.287353992462157315e+00
-5.912559509277343750e+00
-5.825307846069335938e+00
-4.609841823577880859e+00
-3.793560504913330078e+00
-3.564369678497314453e+00
-4.363930702209473544e+00
-4.688902854919433594e+00
-5.110797405242919922e+00
-5.220480918884277344e+00
-4.219918251037598544e+00
-5.043319225311278409e+00
-5.068386077880858487e+00
-6.143579483032227451e+00
-5.463741779327393466e+00
-5.103228569030761719e+00
-4.581811428070068359e+00
-3.854098320007323775e+00
-4.624277114868164062e+00
-4.974754810333251953e+00
-5.378736495971679688e+00
-5.661314010620117188e+00
-5.509081840515136719e+00
-5.680997848510742188e+00
-5.016272544860839844e+00
-4.845034122467041016e+00
-4.764101505279541016e+00
-3.997403621673583984e+00
-3.658892631530761719e+00
-3.728980302810668945e+00
-4.210704326629638672e+00
-4.658153057098388672e+00
-4.709463596343994141e+00
-4.568945407867431641e+00
-3.731609582901001421e+00
-3.579435825347900391e+00
-3.687372446060180664e+00
-3.111469030380248579e+00
-3.634929418563842329e+00
-2.864515542984008789e+00
-2.897792816162109375e+00
-2.999665498733520508e+00
-3.630919694900512695e+00
-4.757278442382812500e+00
-4.875790119171143466e+00
-4.537960529327393466e+00
-5.199740409851074219e+00
-5.825355052947997159e+00
-5.065007209777832031e+00
-4.833683013916016513e+00
-4.618200778961181641e+00
-4.039651393890381748e+00
-3.898437738418578657e+00
-3.973257780075072798e+00
-3.918165206909180132e+00
-3.671499490737915039e+00
-3.657515525817871094e+00
-3.824385404586791992e+00
-5.176078796386718750e+00
-4.764713287353516513e+00
-4.666816234588623047e+00
-4.417128562927246094e+00
-4.285402774810791016e+00
-4.625076293945312500e+00
-5.456713199615479404e+00
-5.359292984008789062e+00
-4.776911735534667969e+00
-4.299022674560546875e+00
-5.386396884918212891e+00
-4.853347778320312500e+00
-4.562032222747802734e+00
-4.431851387023925781e+00
-3.680129051208496094e+00
-3.586475133895873579e+00
-3.779613733291626421e+00
-4.188088417053223544e+00
-3.511141538619995117e+00
-3.571523427963256836e+00
-2.792923212051392046e+00
-2.014805793762206587e+00
-2.264911890029907227e+00
-1.415439248085021973e+00
-8.719593286514282227e-01
-1.633938312530517578e+00
-2.349330186843872070e+00
-2.651330947875977007e+00
-1.903464436531066895e+00
-1.975754618644714355e+00
-1.409816384315490723e+00
-9.632689952850341797e-01
-7.079857587814331055e-01
-8.355389833450317383e-01
9.246434271335601807e-02
2.750279605388640802e-01
-4.623234570026398260e-01
-5.218575000762940563e-01
-1.168171763420104980e+00
-2.357089519500732422e+00
-1.347170829772949219e+00
-1.727998256683349609e+00
-2.085352182388305664e+00
-2.004571437835693359e+00
-1.175778627395630105e+00
-9.120804071426391602e-01
-1.623030781745910645e+00
-1.848487257957458496e+00
-1.014948010444641113e+00
-2.960995770990848194e-02
-5.420965552330017090e-01
-4.439820647239685059e-01
-7.211803793907165527e-01
-1.312572836875915527e+00
-1.462838172912597656e+00
-1.264629483222961426e+00
-1.155177235603332297e+00
-1.360825419425964355e+00
-1.432155489921569824e+00
-1.911673903465270996e+00
-2.348279237747192383e+00
-2.742238521575928178e+00
-2.182698965072631836e+00
-2.444026947021484375e+00
-2.282772302627563477e+00
-2.514402627944946289e+00
-2.583184957504272461e+00
-2.368628978729248047e+00
-2.237683057785034180e+00
-2.981422424316406250e+00
-2.381159305572509766e+00
-2.039837598800659180e+00
-1.920825481414794922e+00
-2.247306585311889648e+00
-2.656831502914428711e+00
-2.883178234100341797e+00
-3.135069608688354492e+00
-4.199360370635986328e+00
-3.239645957946777344e+00
-2.817109346389770508e+00
-2.319698095321655718e+00
-2.531559705734252930e+00
-2.807272195816040039e+00
-3.049670696258544922e+00
-3.957013368606567827e+00
-3.660313844680786133e+00
-4.247520446777343750e+00
-3.919013738632201704e+00
-4.023528099060058594e+00
-3.960992097854614258e+00
-3.284112215042114258e+00
-2.854670286178588867e+00
-2.692693471908569336e+00
-3.013905286788940430e+00
-3.658179998397826704e+00
-3.724879741668701172e+00
-3.245406389236450195e+00
-3.545809507369995117e+00
-3.254936456680298296e+00
-3.282936334609985352e+00
-2.441257953643798828e+00
-2.234732627868652344e+00
-1.799879431724548340e+00
-2.554577112197875977e+00
-2.252438068389892578e+00
-2.555545091629028320e+00
-1.238766908645630105e+00
-1.618765234947204590e+00
-1.926212549209594727e+00
-2.604690790176392046e+00
-2.759261846542358398e+00
-2.021327257156371626e+00
-1.688937187194824219e+00
-1.312694907188415527e+00
-1.676698446273803711e+00
-2.000608921051025391e+00
-2.081497430801392046e+00
-1.938904643058776855e+00
-2.061701774597168413e+00
-2.569025993347167969e+00
-2.259597539901733398e+00
-2.173901081085205078e+00
-1.887824296951293945e+00
-2.004836797714233398e+00
-1.751490592956543191e+00
-2.103593111038208008e+00
-2.000973463058472124e+00
-2.350846529006958008e+00
-1.867648839950561301e+00
-2.071778774261474609e+00
-2.500270366668701172e+00
-2.918145895004272461e+00
-2.893031358718872070e+00
-2.762816429138184038e+00
-3.317148208618163618e+00
-3.513029813766479492e+00
-4.590704441070556641e+00
-4.570078849792480469e+00
-4.544363021850585938e+00
-4.241902828216553623e+00
-3.975978136062622070e+00
-4.027333736419678623e+00
-3.956212997436522993e+00
-4.059221267700194424e+00
-3.987805843353271928e+00
-4.099558830261231357e+00
-3.136391639709472656e+00
-3.342913627624512163e+00
-2.910441875457764116e+00
-2.997537136077881303e+00
-3.123669624328613281e+00
-2.510046482086181641e+00
-2.698119878768920898e+00
-1.587872624397277832e+00
-1.358927130699157493e+00
-1.032372474670410156e+00
-1.496931195259094238e+00
-2.319413661956787109e+00
-1.938055634498595969e+00
-2.089734792709350586e+00
-2.274258375167846680e+00
-1.891983747482300027e+00
-1.971256136894225852e+00
-1.334423661231994629e+00
-1.578880906105041504e+00
-1.539562940597534180e+00
-1.356373190879821777e+00
-1.373211264610290305e+00
-1.182668328285217285e+00
-1.351139187812805176e+00
-1.274526238441467285e+00
-1.094432353973388894e+00
-1.306344270706176758e+00
-1.043686747550964355e+00
-1.298878431320190430e+00
-6.868467926979064941e-01
-5.745929479598999023e-01
-1.114455223083495872e+00
-7.556709051132202148e-01
-8.005834221839904785e-01
-1.800430566072463989e-01
2.300912886857986450e-01
-1.171199083328247070e+00
-2.573040246963500977e+00
-3.047072649002075195e+00
-2.993889331817626953e+00
-2.376473903656005859e+00
-1.767549633979797363e+00
-1.630675792694091797e+00
-1.657536149024963379e+00
-1.791533231735229492e+00
-2.024150848388671875e+00
-2.423908233642578125e+00
-2.594901561737060547e+00
-3.266081094741821289e+00
-3.562711715698241743e+00
-3.293271780014038086e+00
-3.954376935958862305e+00
-3.683357000350951704e+00
-3.965413093566895419e+00
-4.553043365478516513e+00
-4.313426494598388672e+00
-4.736459255218505859e+00
-4.985349178314208984e+00
-4.894472122192382812e+00
-5.002863883972167969e+00
-5.541764736175537109e+00
-5.665757656097412109e+00
-5.806011199951172763e+00
-6.087084293365479404e+00
-5.973917961120605469e+00
-6.148128986358642578e+00
-5.923202037811278409e+00
-5.040439605712891513e+00
-5.984580993652343750e+00
-5.113231182098388672e+00
-3.806091785430908203e+00
-3.627237081527709961e+00
-3.105131149291991743e+00
-3.076994419097900391e+00
-3.072135925292968750e+00
-2.540953636169433594e+00
-2.523254871368408203e+00
-2.598227262496947798e+00
-2.253022909164428711e+00
-2.515822887420654297e+00
-2.096079349517822266e+00
-2.469699621200561079e+00
-1.782365322113036887e+00
-1.883936047554015891e+00
-1.721482872962951660e+00
-2.252732515335083008e+00
-1.782876014709472878e+00
-1.392885923385619895e+00
-1.599668741226196289e+00
-1.578679800033569114e+00
-2.703855276107788086e+00
-2.316869974136352539e+00
-1.910124063491821289e+00
-2.107295274734496626e+00
-1.660858273506164551e+00
-3.407243251800537109e+00
-2.736202955245972124e+00
-3.007564306259155718e+00
-2.990462064743041992e+00
-3.185318708419799805e+00
-3.633736133575439897e+00
-3.644258975982666016e+00
-3.690293788909912109e+00
-3.390920400619506836e+00
-2.848027706146239790e+00
-2.118950605392456055e+00
-1.943117856979369895e+00
-1.409982204437256081e+00
-3.019841670989990234e+00
-3.309761285781860352e+00
-3.181467056274413618e+00
-3.528921604156493697e+00
-5.186218261718750000e+00
-4.531147003173828125e+00
-4.090147495269774502e+00
-3.662960290908813477e+00
-2.975224971771239790e+00
-2.590490579605102539e+00
-2.352941274642944336e+00
-2.361152410507201704e+00
-1.593562960624694824e+00
-9.663852453231811523e-01
-5.657533407211303711e-01
-1.149864196777343750e+00
-1.144454717636108398e+00
-7.988812327384948730e-01
-4.075555503368377686e-01
3.748481571674346924e-01
2.937599420547484796e-01
4.656582474708557129e-01
6.910628676414489746e-01
4.032120406627655029e-01
4.447223246097565252e-01
9.486165046691895641e-01
1.201004147529602051e+00
1.982940316200256348e+00
2.802105903625488281e+00
2.093263626098633257e+00
2.684860944747924805e+00
1.976003170013427956e+00
9.478459954261779785e-01
8.361349701881408691e-01
8.192639946937561035e-01
4.388368725776671808e-01
5.785447955131530762e-01
8.101992607116699219e-01
2.209578275680541992e+00
1.426936268806457520e+00
1.088547945022583008e+00
-4.889916777610778809e-01
-1.508109807968139648e+00
-1.370908141136169434e+00
-1.077686786651611106e+00
-1.004883170127868874e+00
-5.312664508819578968e-01
-7.672297358512878418e-01
-9.377408027648925781e-01
-7.853903174400329590e-01
-6.849750280380249023e-01
-3.416288793087005615e-01
-1.659472286701202393e-01
-1.349035739898681641e+00
-2.266345262527465820e+00
-2.134194612503052202e+00
-2.763143777847290039e+00
-3.538144350051879883e+00
-3.569434165954589844e+00
-2.941276311874389648e+00
-3.256479263305663618e+00
-2.239412069320678711e+00
-2.623770475387572798e+00
-1.518668651580810325e+00
-2.150202035903930664e+00
-2.486162185668945312e+00
-2.034463405609130859e+00
-1.674861073493957520e+00
-1.272861242294311523e+00
-1.590493798255920410e+00
-1.118404626846313699e+00
-8.434122800827026367e-01
5.126857161521911621e-01
5.228782296180725098e-01
1.034449100494384766e+00
1.181807518005371233e-01
5.203158855438232422e-01
7.961080670356750488e-01
8.812624216079711914e-01
1.626473426818847656e+00
1.197038531303405762e+00
1.159522771835327148e+00
1.856840133666991965e+00
2.365384101867675781e+00
2.603038072586060014e+00
2.358382940292358398e+00
1.781960844993591309e+00
2.208198785781860352e+00
1.580885291099548340e+00
-2.087416350841522494e-01
2.958738207817077637e-01
4.180563688278198242e-01
4.064140915870666504e-01
1.403820514678955078e-01
6.028949618339538574e-01
1.257656961679458618e-01
4.266783595085144043e-01
9.372475147247314453e-01
6.136199831962585449e-01
8.640474826097487016e-02
4.608096554875373840e-02
-1.982212364673614502e-01
-4.930729269981384277e-01
-1.056383490562439187e+00
-8.401083350181579590e-01
-7.583720684051513672e-01
-1.058546185493469238e+00
-1.392115950584411621e+00
-2.027802467346191406e+00
-2.467656850814819780e+00
-2.854680776596069336e+00
-3.549188137054443803e+00
-3.752401351928711382e+00
-4.540653705596923828e+00
-3.684656620025634322e+00
-3.089358329772948775e+00
-3.116388082504272461e+00
-3.071431875228881836e+00
-3.341838121414185014e+00
-2.941998720169067383e+00
-2.674844264984130859e+00
-3.607020378112792969e+00
-3.826142549514770508e+00
-3.748340606689453125e+00
-3.202452421188354492e+00
-2.746123313903808594e+00
-3.098977327346801758e+00
-2.733016252517700195e+00
-2.900757551193237305e+00
-2.520310401916503906e+00
-3.911240100860596147e+00
-3.712556123733520952e+00
-3.797117471694945401e+00
-3.460340499877929688e+00
-3.212586402893066406e+00
-3.591428756713866743e+00
-2.509105920791625977e+00
-2.611978769302368164e+00
-2.666898012161254883e+00
-2.329044580459594727e+00
-2.429255962371826172e+00
-1.523574948310851829e+00
-1.139713406562805176e+00
-1.300491213798522949e+00
-1.049268007278442383e+00
-9.090363979339599609e-01
-1.357973217964172363e+00
-1.429939508438110352e+00
-1.940693140029907227e+00
-4.886803328990935724e-01
-2.735045552253723145e-01
-1.481940269470214844e+00
-1.732884168624878152e+00
-2.886222124099731445e+00
-1.710193634033203125e+00
-3.631929397583008257e+00
-3.165264844894408736e+00
-3.579208135604858398e+00
-4.003530979156493252e+00
-3.973372936248779297e+00
-4.019504547119141513e+00
-3.628824949264526367e+00
-3.903187036514281782e+00
-3.837666511535644975e+00
-3.744456291198730469e+00
-3.958572387695312944e+00
-3.996394157409667969e+00
-4.149577140808105469e+00
-5.172572612762451172e+00
-5.017927646636962891e+00
-7.202239036560058594e+00
-6.708963871002197266e+00
-6.244133472442627841e+00
-6.031362056732177734e+00
-6.558834075927733487e+00
-6.718605041503906250e+00
-6.853755950927733487e+00
-5.884427070617675781e+00
-4.979712009429931641e+00
-4.551064491271972656e+00
-4.464060306549072266e+00
-3.294241428375243697e+00
-3.323875427246093750e+00
-4.164797782897948331e+00
-4.654671192169189453e+00
-4.026939392089843750e+00
-3.094198703765868697e+00
-2.984658002853393555e+00
-2.956546068191528320e+00
-2.269512891769409180e+00
-2.059602022171020508e+00
-3.133823633193969727e+00
-2.565704107284545898e+00
-2.832901000976562500e+00
-3.140423059463501421e+00
-2.405934810638428178e+00
-2.446206331253052202e+00
-1.863082051277160867e+00
-1.046703934669494629e+00
-7.990322113037109375e-01
-8.913599252700805664e-01
-5.603160858154296875e-01
2.199532687664031982e-01
6.218464374542236328e-01
7.266168594360351562e-01
1.193110704421997070e+00
9.006382226943969727e-01
7.652328014373779297e-01
8.626563549041748047e-01
6.139978766441345215e-01
2.857962064445018768e-02
4.609878063201903742e-01
3.077950179576873779e-01
3.705610334873200018e-01
6.641384363174438477e-01
1.208981871604919434e+00
1.096167683601379395e+00
6.902532577514648438e-01
9.571394920349119984e-01
3.689158856868743896e-01
2.889014780521392822e-01
3.526198565959930420e-01
-1.856649965047836581e-01
3.211356699466704767e-01
2.832208871841431219e-01
1.596775412559509277e+00
8.166029453277587891e-01
9.603138566017151989e-01
7.808958888053894043e-01
3.812012970447539728e-01
1.532522141933441162e-01
-3.684421181678771973e-01
-6.237522363662719727e-01
-1.129162192344665527e+00
-8.410333395004272461e-01
-7.063039541244506836e-01
-3.359580636024475098e-01
-3.464982807636260986e-01
-3.536641299724578857e-01
-6.196007132530212402e-01
-1.258968710899353027e+00
-1.101789951324462891e+00
-9.248028397560120739e-01
-4.520253241062163752e-01
-9.062055945396424450e-01
-2.108559198677540172e-02
