3.907860755920410156e+00
3.909229040145873579e+00
3.905734300613403320e+00
3.904665946960448775e+00
3.903364658355712891e+00
3.902148485183716264e+00
3.901471138000487837e+00
3.901297569274902344e+00
3.900167465209961382e+00
3.901163578033447266e+00
3.902300357818603960e+00
3.899926185607910156e+00
3.900836229324341264e+00
3.899351596832275391e+00
3.901203393936156782e+00
3.902533292770385742e+00
3.902617216110229492e+00
3.902148723602294922e+00
3.900468587875366211e+00
3.900016069412231889e+00
3.896650552749633789e+00
3.890946388244628906e+00
3.890204906463623047e+00
3.889816284179687944e+00
3.889457464218140093e+00
3.888272523880004883e+00
3.888389348983764648e+00
3.889083862304687944e+00
3.889833450317383257e+00
3.891226768493651900e+00
3.890966892242432085e+00
3.883850336074828657e+00
3.883201837539673296e+00
3.882640361785888672e+00
3.883302927017211914e+00
3.884083986282348633e+00
3.883168220520019975e+00
3.882470607757567915e+00
3.882062196731567827e+00
3.882747650146484819e+00
3.883974552154541016e+00
3.883316755294799805e+00
3.884784460067748579e+00
3.883622646331787109e+00
3.882592678070068803e+00
3.883022308349609819e+00
3.883418083190917969e+00
3.883290529251098189e+00
3.884683847427368164e+00
3.886846065521239790e+00
3.887030839920043945e+00
3.886384963989258257e+00
3.886984586715697798e+00
3.886657714843750000e+00
3.887598752975463867e+00
3.886528491973876953e+00
3.885858058929443359e+00
3.888898611068725586e+00
3.888686180114746094e+00
3.889855384826660156e+00
3.889898538589477539e+00
3.891365051269531250e+00
3.892618179321288618e+00
3.892581939697265625e+00
3.892965078353881836e+00
3.893419504165649414e+00
3.893450021743774414e+00
3.893681049346923828e+00
3.895182847976685014e+00
3.895197868347167969e+00
3.894434928894042969e+00
3.895573854446411133e+00
3.895798206329345703e+00
3.895514726638793945e+00
3.895577669143676758e+00
3.895084619522095171e+00
3.896012783050537109e+00
3.894851684570312944e+00
3.896044254302978516e+00
3.895697116851807085e+00
3.894941091537476030e+00
3.895493984222412109e+00
3.895109176635741743e+00
3.895896673202514204e+00
3.894591093063354492e+00
3.894603967666626421e+00
3.895057916641235352e+00
3.894348859786987305e+00
3.895209550857543945e+00
3.895119905471801758e+00
3.895344257354735884e+00
3.896049499511719194e+00
3.895923852920531782e+00
3.896479129791260210e+00
3.897567749023437500e+00
3.896714925765991211e+00
3.897407054901123047e+00
3.896628856658935991e+00
3.895949602127075195e+00
3.893850803375243697e+00
3.892749309539794922e+00
3.892627954483031782e+00
3.891311168670654297e+00
3.891344070434569424e+00
3.890393018722533736e+00
3.890164375305176225e+00
3.889761924743651900e+00
3.889314889907836914e+00
3.889097929000855380e+00
3.888482332229614258e+00
3.888823509216308594e+00
3.887979984283447266e+00
3.888106107711791992e+00
3.887449502944945401e+00
3.887455224990844727e+00
3.887395143508911133e+00
3.886375904083251953e+00
3.886514663696288618e+00
3.886677980422973633e+00
3.886843204498291016e+00
3.886945724487304688e+00
3.885257959365844727e+00
3.884415864944458008e+00
3.884244680404663086e+00
3.884186267852783203e+00
3.883981704711913618e+00
3.883413553237915039e+00
3.883180618286133257e+00
3.883147478103637695e+00
3.883166551589966264e+00
3.882914304733276811e+00
3.881752252578735796e+00
3.881396293640136719e+00
3.881169795989990234e+00
3.881118059158325195e+00
3.880736112594604936e+00
3.881446838378905806e+00
3.881051063537597656e+00
3.880703687667847124e+00
3.880957365036010298e+00
3.881397724151611328e+00
3.881329298019408736e+00
3.881087779998779297e+00
3.880911588668823242e+00
3.880849361419677734e+00
3.880627155303955078e+00
3.880482673645019975e+00
3.881227970123291016e+00
3.880530357360839844e+00
3.880563974380493164e+00
3.880715131759643999e+00
3.881410121917724609e+00
3.881671190261841264e+00
3.880618572235107422e+00
3.879690408706665039e+00
3.880064487457275391e+00
3.880356788635253906e+00
3.879969358444213867e+00
3.879193782806396928e+00
3.878607034683227983e+00
3.878967523574828657e+00
3.878515481948852983e+00
3.878645420074462891e+00
3.879569292068481445e+00
3.878031730651855913e+00
3.878004312515258789e+00
3.878337383270264116e+00
3.879088640213012695e+00
3.878643035888671875e+00
3.878347158432006836e+00
3.877016305923461914e+00
3.876790046691895419e+00
3.877414226531982422e+00
3.875270128250122070e+00
3.876301050186156782e+00
3.875567197799682617e+00
3.874615669250487837e+00
3.874264717102051225e+00
3.873307466506958008e+00
3.874170780181884766e+00
3.874910593032836914e+00
3.875309467315673828e+00
3.875596046447753906e+00
3.875037431716918945e+00
3.875650882720947266e+00
3.874965906143188921e+00
3.874320268630981001e+00
3.873421669006348100e+00
3.873412609100341797e+00
3.872720241546631303e+00
3.873659372329711914e+00
3.873347759246826172e+00
3.873427629470825195e+00
3.875216960906982422e+00
3.874661207199096680e+00
3.874408483505248579e+00
3.874904155731201172e+00
3.874415159225463867e+00
3.873230457305908203e+00
3.875175476074218306e+00
3.873769998550415039e+00
3.875520944595336914e+00
3.875519037246703657e+00
3.875563383102416992e+00
3.877864599227904829e+00
3.878455400466918945e+00
3.878694057464600053e+00
3.879647731781006303e+00
3.879297018051147905e+00
3.879215717315673828e+00
3.881507635116576704e+00
3.881070137023926225e+00
3.881347894668578657e+00
3.882085800170897549e+00
3.882066249847412109e+00
3.882156372070312944e+00
3.882836580276488814e+00
3.883058309555053711e+00
3.883479595184326172e+00
3.883298873901366743e+00
3.882831573486328125e+00
3.882280826568603960e+00
3.882957220077514204e+00
3.883116245269775835e+00
3.882740259170531782e+00
3.883687496185303178e+00
3.883559942245483398e+00
3.883337020874023882e+00
3.881928920745849609e+00
3.882277488708496094e+00
3.883498668670654297e+00
3.884581089019775835e+00
3.883908748626708984e+00
3.883884668350220171e+00
3.881209135055541992e+00
3.880755424499512163e+00
3.880599021911621094e+00
3.879798412322998047e+00
3.877641439437866211e+00
3.878110408782958984e+00
3.876219749450684038e+00
3.876711368560791016e+00
3.876260280609131303e+00
3.876618623733520952e+00
3.876793146133423296e+00
3.875131130218506303e+00
3.875004291534423828e+00
3.874630451202392578e+00
3.874230861663817471e+00
3.871730327606201172e+00
3.872756242752075195e+00
3.872738361358642578e+00
3.871472835540771928e+00
3.872455120086669922e+00
3.873200654983520952e+00
3.871808528900146484e+00
3.870539188385009766e+00
3.868545055389403853e+00
3.867816686630248579e+00
3.867627620697021484e+00
3.867599964141845703e+00
3.867449998855591264e+00
3.866630077362060991e+00
3.868848562240600586e+00
3.868846893310546875e+00
3.867291927337647373e+00
3.867131710052489790e+00
3.866605758666991743e+00
3.867186784744263139e+00
3.867795705795288086e+00
3.867353439331055132e+00
3.866592884063720703e+00
3.866631984710692915e+00
3.867017269134521484e+00
3.867580652236938477e+00
3.867473840713501421e+00
3.867964267730712891e+00
3.868964910507201704e+00
3.869323015213012695e+00
3.868771553039551225e+00
3.869209289550780806e+00
3.870881795883178267e+00
3.870280265808105469e+00
3.871075630187987837e+00
3.871592044830321822e+00
3.871007680892943892e+00
3.872050046920775923e+00
3.873309612274169922e+00
3.873360633850097656e+00
3.873175144195556641e+00
3.873554229736328125e+00
3.873433589935303178e+00
3.873767375946044922e+00
3.874061346054076704e+00
3.873583078384399858e+00
3.874832391738892046e+00
3.875716686248779297e+00
3.875061273574828657e+00
3.877802610397338867e+00
3.879659175872802290e+00
3.880181550979614258e+00
3.879582405090332031e+00
3.879703044891356978e+00
3.880575418472290039e+00
3.881309986114501953e+00
3.881656169891356978e+00
3.882481575012207031e+00
3.883347272872924805e+00
3.883383512496947798e+00
3.883575916290283203e+00
3.883885145187377930e+00
3.884447336196899414e+00
3.883997917175292969e+00
3.884498357772826704e+00
3.884591817855834961e+00
3.885598659515381303e+00
3.886004447937012163e+00
3.886814832687377930e+00
3.886699438095092773e+00
3.888308286666870117e+00
3.887580871582031250e+00
3.888863086700439897e+00
3.889736890792847124e+00
3.891112327575684038e+00
3.893010139465332031e+00
3.893204450607299805e+00
3.893435001373291016e+00
3.893445968627929688e+00
3.893731355667113814e+00
3.893210172653198242e+00
3.893448591232299805e+00
3.895124435424804688e+00
3.895456075668334961e+00
3.897532463073730469e+00
3.897941350936889648e+00
3.898684740066527876e+00
3.897604227066040039e+00
3.898107528686522993e+00
3.899020671844481534e+00
3.898967742919921875e+00
3.899995326995849609e+00
3.900152206420897549e+00
3.899780035018921343e+00
3.899800539016724077e+00
3.899606227874756303e+00
3.900425672531127930e+00
3.900618553161621094e+00
3.901074886322021484e+00
3.902125597000122070e+00
3.901917219161987305e+00
3.903682947158813477e+00
3.903397321701049805e+00
3.904556512832641602e+00
3.904732465744018555e+00
3.904373884201049805e+00
3.905436992645264116e+00
3.906167984008788618e+00
3.908905982971191850e+00
3.909936904907226562e+00
3.909703493118286133e+00
3.909804105758666992e+00
3.911141872406006303e+00
3.911651372909546343e+00
3.911704540252685547e+00
3.911448478698730469e+00
3.913718938827514204e+00
3.914577960968017578e+00
3.914573431015015093e+00
3.915258169174193448e+00
3.915245056152344194e+00
3.916806936264038086e+00
3.917859792709351030e+00
3.919670581817626953e+00
3.919220209121703657e+00
3.919320106506348100e+00
3.920557260513305664e+00
3.920911550521850586e+00
3.922636508941649502e+00
3.921655654907226562e+00
3.921825885772705078e+00
3.922442913055419922e+00
3.922843456268310991e+00
3.924120426177978516e+00
3.924313306808472124e+00
3.923741817474364790e+00
3.923163652420043945e+00
3.923461198806762251e+00
3.925591230392456055e+00
3.923877000808716264e+00
3.924436330795288086e+00
3.925266504287720171e+00
3.925607442855834961e+00
3.925397396087647373e+00
3.925085067749023882e+00
3.926928520202636719e+00
3.925811052322388139e+00
3.925072431564331055e+00
3.925729036331176758e+00
3.925438404083251953e+00
3.925426244735717773e+00
3.925472974777221680e+00
3.924690246582031250e+00
3.924309968948363814e+00
3.923642396926879883e+00
3.923897027969359907e+00
3.924154758453368697e+00
3.923163175582885742e+00
3.922908544540404829e+00
3.923167705535888672e+00
3.923374414443969727e+00
3.924689054489136186e+00
3.924063920974731001e+00
3.923900842666626421e+00
3.923682928085326704e+00
3.925114631652832031e+00
3.925995111465453657e+00
3.925309658050537109e+00
3.925839424133301225e+00
3.925490379333496094e+00
3.925212383270264116e+00
3.924900531768798828e+00
3.926579236984252930e+00
3.927791833877563921e+00
3.926720142364501953e+00
3.926371335983276811e+00
3.925944566726685014e+00
3.926460027694701704e+00
3.927011013031006303e+00
3.926712989807128906e+00
3.924201011657714844e+00
3.923834800720214844e+00
3.923945903778076172e+00
3.924315690994263139e+00
3.923407793045043945e+00
3.925915241241455078e+00
3.926899671554564986e+00
3.926407098770141602e+00
3.926213264465332031e+00
3.925833225250243697e+00
3.925433397293091264e+00
3.926689863204956055e+00
3.927099227905273438e+00
3.925540208816527876e+00
3.925715446472167969e+00
3.925897359848023349e+00
3.925974130630493164e+00
3.926239252090453657e+00
3.925919055938720703e+00
3.926331996917724609e+00
3.927002429962158203e+00
3.926664590835571289e+00
3.927251577377319336e+00
3.928189992904663086e+00
3.929233789443969727e+00
3.928457260131836382e+00
3.928406238555908203e+00
3.929165601730346236e+00
3.930058479309082031e+00
3.930127382278441495e+00
3.931037664413451704e+00
3.931910753250122070e+00
3.932735681533813477e+00
3.932708024978637695e+00
3.932801961898804155e+00
3.933723688125609463e+00
3.934720039367676225e+00
3.935707092285155806e+00
3.934379816055298296e+00
3.935524702072143999e+00
3.935726881027221680e+00
3.937335491180419922e+00
3.937264680862426314e+00
3.937454938888549805e+00
3.938719272613524947e+00
3.937767982482910156e+00
3.937395811080932617e+00
3.936694383621216264e+00
3.934606790542602539e+00
3.934267520904541016e+00
3.933531999588012695e+00
3.932678699493408203e+00
3.932344675064086914e+00
3.932992219924927202e+00
3.934140443801879883e+00
3.935055971145629883e+00
3.935450792312622070e+00
3.933304071426392046e+00
3.931986331939696822e+00
3.932862281799316850e+00
3.932312011718750000e+00
3.932238817214966264e+00
3.931192636489868164e+00
3.931713819503783736e+00
3.932033538818359819e+00
3.931539535522461382e+00
3.932057857513428178e+00
3.930545091629027876e+00
3.930135250091552734e+00
3.930055618286133257e+00
3.928019046783447266e+00
3.927605628967285156e+00
3.927378177642822266e+00
3.926502466201782227e+00
3.927302122116088867e+00
3.925090312957764116e+00
3.924570798873900923e+00
3.922999382019042969e+00
3.921821117401123047e+00
3.922145128250122070e+00
3.923110246658325195e+00
3.922230958938599077e+00
3.919905424118041992e+00
3.918095350265502930e+00
3.918483972549439365e+00
3.918221235275268999e+00
3.917682886123656782e+00
3.917921304702758789e+00
3.917717218399048296e+00
3.918470859527587891e+00
3.918062925338745117e+00
3.918520212173461914e+00
3.915766000747680664e+00
3.916188001632689542e+00
3.915737867355346236e+00
3.914939641952514204e+00
3.913577079772948775e+00
3.912162065505981001e+00
3.912960290908813477e+00
3.912683963775634322e+00
3.912228822708129883e+00
3.913594245910644975e+00
3.912997722625732866e+00
3.914683580398560014e+00
3.914735794067383257e+00
3.915039777755736861e+00
3.914929628372191939e+00
3.914590120315552202e+00
3.912922859191895419e+00
3.915217876434326172e+00
3.914025545120239258e+00
3.915200948715209961e+00
3.912255287170410156e+00
3.913720846176147905e+00
3.913162231445312944e+00
3.913774967193603960e+00
3.913489580154418945e+00
3.910886526107788086e+00
3.911216974258423296e+00
3.910168886184692827e+00
3.908990383148193803e+00
3.909532308578491211e+00
3.908310890197753906e+00
3.909993886947631836e+00
3.908203601837158203e+00
3.907931566238403320e+00
3.908464670181273526e+00
3.907052755355834961e+00
3.908811330795288086e+00
3.909937858581542969e+00
3.909555435180663618e+00
3.908872127532958984e+00
3.908957481384276900e+00
3.909610986709594282e+00
3.908266544342041016e+00
3.910745143890381303e+00
3.910440683364868164e+00
3.909677028656006303e+00
3.911150932312012163e+00
3.910933971405028853e+00
3.911215543746947798e+00
3.910763502120972124e+00
3.909857034683227983e+00
3.911442041397095171e+00
3.911298990249633789e+00
3.912345886230468750e+00
3.913125276565552202e+00
3.913507938385009766e+00
3.915503025054932085e+00
3.915575265884399858e+00
3.916101217269897461e+00
3.917452335357666016e+00
3.918348789215087891e+00
3.917955160140991211e+00
3.915225744247436968e+00
3.916296482086181641e+00
3.915589094161987305e+00
3.915290117263793945e+00
3.915363311767578125e+00
3.915501117706298828e+00
3.916462659835815874e+00
3.915888071060180664e+00
3.915634632110596147e+00
3.914971113204956055e+00
3.912040233612060991e+00
3.912341356277466264e+00
3.910883903503417969e+00
3.909679412841796875e+00
3.910234689712524858e+00
3.908658742904663086e+00
3.909835338592528853e+00
3.907328367233276811e+00
3.905794382095336914e+00
3.904103040695190430e+00
3.902436494827271396e+00
3.903113842010498047e+00
3.903476953506469727e+00
3.903405189514160156e+00
3.902101278305053711e+00
3.901730537414551225e+00
3.899862766265868697e+00
3.899229288101195845e+00
3.899378061294556108e+00
3.899528503417968750e+00
3.897857427597046343e+00
3.897196769714355913e+00
3.896026134490966797e+00
3.895226001739501953e+00
3.896041631698607954e+00
3.895401477813720703e+00
3.893743753433227983e+00
3.893569231033325195e+00
3.892721414566040039e+00
3.892681837081908736e+00
3.892337083816527876e+00
3.890059947967528853e+00
3.889399051666260210e+00
3.889342069625855380e+00
3.887185096740722212e+00
3.886769294738769531e+00
3.885359048843383789e+00
3.885443210601807085e+00
3.886229515075684038e+00
3.884086370468140093e+00
3.884920597076416016e+00
3.887156724929809570e+00
3.885712146759033203e+00
3.886696100234985796e+00
3.885707139968872070e+00
3.885372161865233487e+00
3.886205196380615234e+00
3.886753082275391069e+00
3.887524366378783736e+00
3.885805845260620117e+00
3.886220455169677734e+00
3.883480310440063921e+00
3.881561517715453657e+00
3.880904912948607954e+00
3.881398916244506836e+00
3.881917238235473633e+00
3.880610942840576172e+00
3.880568027496337891e+00
3.879930496215819868e+00
3.879970312118529385e+00
3.879644393920897549e+00
3.878052234649658203e+00
3.878160953521728960e+00
3.877995729446411133e+00
3.878776311874389648e+00
3.879209041595458984e+00
3.879315137863158736e+00
3.879095077514647993e+00
3.878848552703857422e+00
3.877696514129639116e+00
3.877646207809447798e+00
3.877019882202148882e+00
3.876960277557373047e+00
3.877128601074218306e+00
3.877191066741943803e+00
3.877090215682983843e+00
3.876487493515015093e+00
3.876420736312866211e+00
3.875771522521972656e+00
3.876067399978637695e+00
3.875952005386352983e+00
3.875957727432251421e+00
3.875185728073120117e+00
3.874565839767456055e+00
3.874366044998168945e+00
3.873228788375855380e+00
3.873562574386596680e+00
3.874337434768676758e+00
3.874119758605957031e+00
3.873202562332152876e+00
3.872564077377319336e+00
3.871490955352783203e+00
3.872376680374145508e+00
3.872118473052978516e+00
3.872164487838745117e+00
3.871899843215942383e+00
3.872275114059447798e+00
3.872108697891235352e+00
3.871552705764770508e+00
3.872680664062500000e+00
3.873508930206298828e+00
3.873833417892456055e+00
3.875535964965819868e+00
3.875695705413817471e+00
3.874915838241576704e+00
3.875358819961548296e+00
3.875235795974731001e+00
3.875224351882935014e+00
3.874742746353148970e+00
3.874863386154174805e+00
3.875262498855591264e+00
3.875730276107788086e+00
3.876984834671020952e+00
3.876045942306518999e+00
3.876270294189453125e+00
3.878247022628783736e+00
3.878829479217528853e+00
3.878851413726807085e+00
3.876055240631103960e+00
3.876198530197143999e+00
3.875949382781982422e+00
3.876075983047484907e+00
3.875754117965697798e+00
3.876139879226685014e+00
3.877654314041137695e+00
3.875228881835937500e+00
3.875921726226807085e+00
3.875759840011596680e+00
3.873384714126586914e+00
3.873136043548583984e+00
3.873293399810791016e+00
3.873221874237060991e+00
3.873570919036864790e+00
3.873121976852416992e+00
3.872867345809936968e+00
3.873144626617432085e+00
3.871511697769165039e+00
3.871256828308105469e+00
3.870200872421264648e+00
3.869271993637084961e+00
3.868015527725220171e+00
3.868124961853027344e+00
3.867643356323241743e+00
3.867742061614990234e+00
3.867930412292480913e+00
3.867102146148681641e+00
3.867262125015258789e+00
3.865893602371216264e+00
3.863216400146484819e+00
3.861913681030273438e+00
3.860865831375122070e+00
3.861687183380126953e+00
3.861274957656860796e+00
3.860820055007935014e+00
3.861897230148314986e+00
3.860913991928100586e+00
3.861840009689331055e+00
3.861667633056640625e+00
3.861887454986571822e+00
3.862261533737183061e+00
3.861543893814086914e+00
3.860435485839844194e+00
3.859697341918944868e+00
3.858665466308593750e+00
3.858783245086669922e+00
3.857610940933227983e+00
3.859143972396850586e+00
3.857758998870849609e+00
3.855429649353027344e+00
3.853555440902709961e+00
3.850964546203612837e+00
3.851169586181640625e+00
3.849985361099243164e+00
3.850563287734985796e+00
3.849375724792480913e+00
3.849019765853881836e+00
3.847822904586791992e+00
3.847454547882080078e+00
3.846682786941527876e+00
3.845433473587036133e+00
3.844574213027953657e+00
3.844028472900391069e+00
3.843289136886596680e+00
3.843282222747802290e+00
3.841481924057006836e+00
3.841570377349853516e+00
3.841673612594604936e+00
3.841802358627319336e+00
3.841604232788086382e+00
3.841651439666748047e+00
3.843260049819945401e+00
3.842267274856567827e+00
3.841948509216308594e+00
3.841671705245972124e+00
3.841510057449341264e+00
3.840116262435913086e+00
3.840283632278441495e+00
3.839366674423217773e+00
3.840202093124389648e+00
3.840106964111328125e+00
3.841152667999268022e+00
3.841346263885498047e+00
3.841830015182495117e+00
3.842984199523926225e+00
3.842669963836669922e+00
3.844202995300292969e+00
3.843090772628783736e+00
3.841571569442748579e+00
3.846661329269408736e+00
3.846460580825805664e+00
3.846809148788451704e+00
3.848064184188842329e+00
3.848314762115479404e+00
3.850522518157958984e+00
3.850492477416991743e+00
3.850124359130859375e+00
3.851463794708251953e+00
3.850826263427734375e+00
3.851566076278687412e+00
3.853242158889770508e+00
3.854214668273926225e+00
3.854083538055419922e+00
3.853408575057983843e+00
3.854425430297852007e+00
3.853634119033813477e+00
3.854284763336181641e+00
3.853488206863403320e+00
3.854170083999633789e+00
3.854741811752319336e+00
3.856060981750487837e+00
3.856933593750000000e+00
3.858876228332519975e+00
3.858693361282348633e+00
3.859230041503905806e+00
3.858042716979980913e+00
3.858453750610352007e+00
3.858739137649536133e+00
3.858754158020019975e+00
3.858587026596068892e+00
3.858117103576660156e+00
3.859166860580443892e+00
3.859216690063477007e+00
3.859413623809815341e+00
3.860330104827881303e+00
3.859350681304932085e+00
3.859275817871093750e+00
3.860979318618774414e+00
3.859745025634765625e+00
3.859873294830321822e+00
3.858052968978881836e+00
3.858841419219970259e+00
3.860655307769775835e+00
3.860282421112060991e+00
3.861487627029418945e+00
3.861429214477538618e+00
3.864113569259643999e+00
3.863341331481933594e+00
3.861563920974731001e+00
3.862158060073852983e+00
3.860963106155395952e+00
3.860663175582885742e+00
3.858218193054198775e+00
3.858987569808959961e+00
3.856867313385009766e+00
3.857337474822998047e+00
3.857327699661254883e+00
3.858157157897948775e+00
3.857644081115722212e+00
3.857554912567138228e+00
3.857468605041503906e+00
3.858084201812743697e+00
3.858023643493651900e+00
3.857929706573486328e+00
3.857079982757567915e+00
3.855954408645629883e+00
3.856588125228881836e+00
3.857611894607543945e+00
3.858119487762451172e+00
3.856637954711913618e+00
3.854720115661621094e+00
3.854306221008301225e+00
3.853192090988158736e+00
3.852959871292113814e+00
3.851123332977294922e+00
3.851019144058227983e+00
3.851948738098144975e+00
3.850316762924193448e+00
3.852386236190796343e+00
3.853111028671264648e+00
3.852885484695434570e+00
3.853517532348633257e+00
3.853942155838012695e+00
3.853075265884399858e+00
3.853198528289794922e+00
3.853609323501586914e+00
3.854485034942626953e+00
3.854607105255126953e+00
3.857395887374877930e+00
3.857301950454711914e+00
3.858221769332885742e+00
3.858269691467285156e+00
3.856534481048583984e+00
3.858028650283813477e+00
3.857367992401123047e+00
3.858274698257446289e+00
3.858061552047729492e+00
3.858069181442260742e+00
3.858157873153687412e+00
3.858896732330321822e+00
3.859483718872070312e+00
3.858627557754516602e+00
3.858297824859618697e+00
3.859199047088623047e+00
3.858791828155517578e+00
3.859217882156372070e+00
3.857879638671875000e+00
3.858516931533813477e+00
3.858822822570801225e+00
3.859842061996459961e+00
3.860871076583862305e+00
3.862098932266235352e+00
3.862195730209351030e+00
3.862979173660278320e+00
3.861569166183472124e+00
3.859741449356078657e+00
3.859735727310180664e+00
3.860718488693236861e+00
3.859838008880615234e+00
3.860209226608276811e+00
3.861064434051513672e+00
3.861274719238280806e+00
3.861549615859985796e+00
3.862929105758666992e+00
3.863955974578857422e+00
3.865571975708008257e+00
3.866105794906616211e+00
3.866597890853881836e+00
3.866061925888061523e+00
3.864237308502196822e+00
3.864196300506591797e+00
3.865214824676513672e+00
3.865153312683105469e+00
3.865402698516845703e+00
3.866494417190552202e+00
3.866651296615600586e+00
3.866167068481444868e+00
3.866294384002685547e+00
3.867071866989136186e+00
3.866106748580932617e+00
3.866187334060668945e+00
3.865909576416016069e+00
3.865573883056640625e+00
3.866141080856323242e+00
3.866520881652832031e+00
3.867668151855468750e+00
3.866536378860473633e+00
3.867068290710448775e+00
3.867253303527832031e+00
3.865052700042724609e+00
3.866429805755615234e+00
3.867023944854735884e+00
3.867409467697143999e+00
3.866910219192504883e+00
3.866855144500732866e+00
3.866411685943603960e+00
3.865570068359375000e+00
3.865844726562500000e+00
3.866083145141601562e+00
3.866075992584228960e+00
3.867398738861083984e+00
3.866643428802489790e+00
3.867511034011841264e+00
3.867473125457764116e+00
3.868281602859497070e+00
3.869440555572509766e+00
3.869439601898193803e+00
3.870960712432860884e+00
3.870463132858276811e+00
3.871832370758056641e+00
3.872012138366698775e+00
3.872837305068969727e+00
3.873267650604248047e+00
3.872801065444945401e+00
3.874542713165283203e+00
3.875247478485107422e+00
3.875476121902466264e+00
3.876222372055053711e+00
3.875418901443481445e+00
3.875193595886231357e+00
3.874944686889647993e+00
3.876067161560058594e+00
3.875541687011719194e+00
3.875343561172484907e+00
3.875527620315552202e+00
3.876147031784057617e+00
3.876074790954589844e+00
3.875850439071655273e+00
3.876129627227783203e+00
3.875634670257567915e+00
3.874890565872191939e+00
3.875875234603881836e+00
3.876916885375977007e+00
3.876833915710448775e+00
3.876590967178344727e+00
3.876199007034301758e+00
3.876075983047484907e+00
3.875669479370116743e+00
3.874095201492309570e+00
3.868979930877685547e+00
3.867408275604248047e+00
3.866939783096313477e+00
3.867437124252319336e+00
3.867558717727661133e+00
3.870621204376220703e+00
3.870664358139038086e+00
3.870050907135009766e+00
3.869309663772583008e+00
3.868291139602661133e+00
3.868239879608153409e+00
3.867236852645873579e+00
3.865797996520996094e+00
3.865130662918091264e+00
3.865620374679564986e+00
3.866105794906616211e+00
3.866627931594848633e+00
3.868016242980957031e+00
3.868010044097900835e+00
3.867750406265258789e+00
3.867738008499145508e+00
3.867429971694945401e+00
3.867361783981323242e+00
3.863520622253417969e+00
3.862221002578735796e+00
3.864990711212158203e+00
3.862443685531616211e+00
3.863783597946166992e+00
3.862936496734618697e+00
3.862632274627685547e+00
3.863203763961791992e+00
3.862394809722900835e+00
3.864490985870360884e+00
3.866680860519408736e+00
3.867116212844848633e+00
3.867606401443481445e+00
3.868391036987304688e+00
3.871574401855468750e+00
3.875665903091431108e+00
3.875623941421508789e+00
3.877784013748168945e+00
3.876889705657958984e+00
3.879940271377563921e+00
3.880468845367432085e+00
3.879712104797363281e+00
3.878717899322509766e+00
3.878106355667113814e+00
3.877173900604248047e+00
3.877016782760620117e+00
3.876971006393432617e+00
3.876820802688599077e+00
3.875742673873900923e+00
3.875617504119873047e+00
3.875796318054198775e+00
3.878991365432739258e+00
3.879359960556030273e+00
3.880027294158935991e+00
3.881457805633544922e+00
3.881796121597290039e+00
3.884452581405640093e+00
3.884942054748535156e+00
3.886546850204468218e+00
3.885709047317504883e+00
3.885606527328491211e+00
3.887771606445312944e+00
3.886773586273193803e+00
3.887478113174439365e+00
3.886965990066527876e+00
3.886566400527953657e+00
3.886347055435180664e+00
3.886004209518432617e+00
3.885957479476928711e+00
3.886243820190429688e+00
3.886374473571776900e+00
3.884557008743286133e+00
3.883645534515381303e+00
3.882961750030517578e+00
3.882321834564208984e+00
3.880954027175903320e+00
3.880717992782592773e+00
3.880110979080200195e+00
3.880039691925048828e+00
3.880234479904174805e+00
3.880451917648314986e+00
3.880922794342041016e+00
3.879660606384276900e+00
3.879018545150756836e+00
3.878748655319213867e+00
3.877904891967772993e+00
3.877185583114623579e+00
3.878660440444945401e+00
3.879044532775878906e+00
3.879026412963866743e+00
3.877877473831176758e+00
3.877714395523071289e+00
3.875555992126464844e+00
3.875129699707031250e+00
3.875327587127685547e+00
3.874965906143188921e+00
3.875185489654541016e+00
3.873943805694580078e+00
3.873774051666260210e+00
3.872646570205688921e+00
3.872174501419067383e+00
3.871892452239990234e+00
3.872269868850708008e+00
3.872950077056884766e+00
3.872627973556518999e+00
3.873708963394165039e+00
3.871263027191162109e+00
3.871593475341796875e+00
3.871584892272948775e+00
3.869711160659790039e+00
3.869753360748291016e+00
3.869344472885131836e+00
3.869122743606567827e+00
3.868910551071166992e+00
3.867985010147095171e+00
3.867461681365966797e+00
3.867030620574951172e+00
3.866560935974121094e+00
3.866393089294433594e+00
3.866263866424560991e+00
3.865340471267700195e+00
3.864778995513916016e+00
3.865459680557251421e+00
3.863510131835937500e+00
3.863837242126464844e+00
3.863511323928833008e+00
3.863281250000000000e+00
3.862370014190673828e+00
3.862786293029785156e+00
3.861939668655395952e+00
3.863257884979248047e+00
3.862716197967528853e+00
3.862907648086548296e+00
3.863551139831542969e+00
3.864287137985229492e+00
3.863465070724487305e+00
3.864389181137084961e+00
3.863323926925658736e+00
3.863709926605224609e+00
3.864268541336060014e+00
3.864562511444091797e+00
3.866453647613524947e+00
3.867207765579224077e+00
3.870381116867065430e+00
3.869229078292847124e+00
3.870786190032958984e+00
3.867432594299316850e+00
3.867991924285888672e+00
3.870195627212524858e+00
3.870517969131469727e+00
3.870082855224609819e+00
3.870806932449341264e+00
3.871846675872802290e+00
3.871593236923217773e+00
3.872137784957885742e+00
3.873470544815063921e+00
3.875299692153930220e+00
3.874062538146972656e+00
3.874916553497314453e+00
3.873295068740844727e+00
3.874552965164185014e+00
3.874538421630859375e+00
3.874621868133544922e+00
3.874305963516235352e+00
3.875103235244751421e+00
3.875468730926513672e+00
3.877011775970458984e+00
3.879603862762451172e+00
3.881375551223754883e+00
3.882281541824341264e+00
3.883448362350463867e+00
3.882902860641479936e+00
3.883780479431151900e+00
3.884228229522705078e+00
3.886126279830932617e+00
3.885459423065185547e+00
3.886156320571899414e+00
3.886674404144287109e+00
3.885875701904296875e+00
3.886153459548950195e+00
3.886569499969481534e+00
3.887329101562500000e+00
3.888304233551025391e+00
3.890157461166381836e+00
3.891151428222655806e+00
3.890527486801147905e+00
3.890046358108520952e+00
3.889618635177611861e+00
3.889328718185424805e+00
3.889140129089355913e+00
3.889155149459838867e+00
3.889640092849731001e+00
3.889979839324951172e+00
3.890399694442748579e+00
3.888337850570679155e+00
3.890071630477904829e+00
3.890953779220581055e+00
3.889321088790893555e+00
3.891251802444458008e+00
3.892149448394775835e+00
3.890550851821899414e+00
3.892244100570679155e+00
3.890774726867676225e+00
3.891457319259643999e+00
3.890306711196899414e+00
3.889780521392822266e+00
3.890074253082275391e+00
3.891774654388428178e+00
3.891611099243163618e+00
3.893384456634521484e+00
3.893413305282592773e+00
3.892513513565063921e+00
3.891099929809569424e+00
3.891042470932006836e+00
3.891335725784301758e+00
3.893247127532958984e+00
3.894540309906006303e+00
3.893304347991943803e+00
3.893128156661987305e+00
3.893285036087036133e+00
3.893405437469481534e+00
3.893404960632323775e+00
3.895151138305663618e+00
3.895513057708739790e+00
3.894508838653564897e+00
3.898057460784912109e+00
3.898613691329956055e+00
3.899865150451660156e+00
3.899277925491333008e+00
3.900295495986938477e+00
3.900530576705932617e+00
3.901199340820312944e+00
3.901250362396239790e+00
3.901737689971923828e+00
3.903416872024536133e+00
3.903451919555663618e+00
3.904226541519165039e+00
3.907027959823607954e+00
3.907366037368774414e+00
3.908441543579101562e+00
3.909556865692138228e+00
3.911561012268065518e+00
3.912858247756958008e+00
3.913548231124877930e+00
3.912608861923217773e+00
3.913752317428588867e+00
3.915583372116088867e+00
3.917050361633301225e+00
3.918191671371459961e+00
3.919379234313964844e+00
3.921178817749023882e+00
3.922416925430298296e+00
3.922422647476195845e+00
3.922404527664185014e+00
3.922524213790893555e+00
3.922911405563354492e+00
3.922972917556762251e+00
3.923173904418944868e+00
3.924865722656250000e+00
3.924252510070801225e+00
3.924315214157104936e+00
3.924445867538451704e+00
3.924730539321899414e+00
3.924695014953612837e+00
3.924543142318725586e+00
3.924647569656372070e+00
3.924749135971068892e+00
3.924323081970214844e+00
3.924290657043457031e+00
3.924280881881713867e+00
3.923481702804564986e+00
3.924418449401855913e+00
3.924923419952392578e+00
3.926300287246703657e+00
3.925514221191406250e+00
3.925086021423339844e+00
3.925180435180663618e+00
3.923072814941406250e+00
3.923798799514770508e+00
3.922369718551636186e+00
3.922366142272948775e+00
3.923100471496582031e+00
3.923370599746703657e+00
3.922904729843140093e+00
3.925046920776366743e+00
3.922754287719727007e+00
3.923803806304932085e+00
3.922711372375487837e+00
3.924874067306518999e+00
3.924265623092651367e+00
3.925104618072509766e+00
3.924610853195190430e+00
3.925869464874268022e+00
3.924905538558959961e+00
3.923314809799193448e+00
3.923280239105224609e+00
3.923279762268065518e+00
3.924521923065185547e+00
3.924473762512207031e+00
3.924305438995360884e+00
3.924919128417968750e+00
3.923959255218506303e+00
3.922518730163573775e+00
3.926193237304687944e+00
3.928397417068481445e+00
3.928902626037597656e+00
3.927996873855591264e+00
3.930229663848876953e+00
3.930301189422607866e+00
3.931036949157714844e+00
3.931820154190063921e+00
3.931792497634888139e+00
3.932336568832397461e+00
3.934196949005126953e+00
3.935619592666626421e+00
3.935679435729980913e+00
3.937922954559326172e+00
3.939330339431762251e+00
3.939051151275634322e+00
3.939800739288330078e+00
3.943935632705688921e+00
3.944052457809447798e+00
3.945280551910399947e+00
3.946035861968993697e+00
3.946475744247436968e+00
3.951508998870849609e+00
3.951748132705688921e+00
3.953317403793334961e+00
3.954062223434447798e+00
3.954724073410033736e+00
3.956338882446288618e+00
3.956947088241576704e+00
3.958867549896239790e+00
3.958869457244873047e+00
3.960581541061401811e+00
3.961822271347046343e+00
3.961236000061035156e+00
3.961501836776732954e+00
3.961065530776977539e+00
3.962887763977051225e+00
3.962975978851318359e+00
3.964445352554320845e+00
3.966303586959838867e+00
3.966604709625243697e+00
3.967648267745972124e+00
3.969105720520019975e+00
3.971328496932983843e+00
3.971674442291260210e+00
3.972246885299682617e+00
3.973116874694823775e+00
3.973208427429198775e+00
3.974693775177001953e+00
3.975529432296752930e+00
3.976390600204468218e+00
3.977757453918457031e+00
3.977127313613892046e+00
3.978406667709351030e+00
3.980352878570556641e+00
3.980837583541870117e+00
3.981033086776732954e+00
3.981136798858642578e+00
3.981022834777832031e+00
3.982561349868774414e+00
3.984543323516845703e+00
3.985903739929198775e+00
3.986904621124268022e+00
3.987347126007080078e+00
3.988384008407592773e+00
3.989440202713012695e+00
3.989358901977538618e+00
3.989611864089966264e+00
3.991415739059447798e+00
3.992200851440429688e+00
3.992887020111083984e+00
3.993858814239501953e+00
3.993328571319580078e+00
3.994467496871947798e+00
3.995636224746703657e+00
3.998599529266356978e+00
3.999634504318236861e+00
4.001718044281006748e+00
4.002806663513183594e+00
4.005288124084473544e+00
4.007045745849608487e+00
4.006861209869384766e+00
4.008670330047606534e+00
4.010497570037841797e+00
4.010837554931641513e+00
4.012698173522948331e+00
4.012891769409180576e+00
4.015026092529296875e+00
4.016152858734131748e+00
4.016684055328368252e+00
4.017121791839600498e+00
4.018444538116455078e+00
4.017673015594481534e+00
4.018111705780028409e+00
4.021152496337891513e+00
4.021833896636962891e+00
4.022418975830078125e+00
4.023577213287353516e+00
4.025742530822753906e+00
4.025670051574707031e+00
4.025570869445801669e+00
4.027420997619628906e+00
4.029216766357421875e+00
4.029391765594481534e+00
4.030642509460448331e+00
4.032525062561035156e+00
4.033360004425048828e+00
4.033195018768311435e+00
4.034369945526123047e+00
4.035460948944091797e+00
4.034853458404541016e+00
4.035737991333008701e+00
4.035679340362548828e+00
4.037254333496093750e+00
4.036993980407714844e+00
4.038159370422363281e+00
4.037952899932861328e+00
4.039657115936278409e+00
4.039850711822509766e+00
4.040986537933350498e+00
4.044031143188477451e+00
4.043711662292480469e+00
4.043715953826903409e+00
4.046603679656981534e+00
4.046752452850341797e+00
4.047811985015868252e+00
4.049601078033446377e+00
4.050154685974121094e+00
4.050980091094971591e+00
4.051020145416259766e+00
4.051055431365966797e+00
4.053782939910888672e+00
4.054722785949707031e+00
4.056221485137940341e+00
4.057452678680419922e+00
4.057538986206055576e+00
4.057036876678466797e+00
4.057532787322998047e+00
4.056794643402100498e+00
4.056131362915038174e+00
4.056544780731201172e+00
4.056366443634033203e+00
4.057967662811278409e+00
4.058263301849365234e+00
4.059617996215819424e+00
4.061151504516602451e+00
4.060340404510498047e+00
4.060453891754149502e+00
4.060164451599121094e+00
4.061031341552733487e+00
4.061848640441895419e+00
4.061954021453856534e+00
4.064953804016113281e+00
4.064685821533203125e+00
4.065491199493408203e+00
4.065618038177490234e+00
4.065609455108643466e+00
4.065629959106444424e+00
4.067005157470703125e+00
4.067177772521973544e+00
4.067641258239746094e+00
4.066158294677733487e+00
4.068531990051269531e+00
4.068434715270996094e+00
4.068978786468506748e+00
4.068618297576903409e+00
4.068363189697266513e+00
4.068391323089600498e+00
4.068378925323486328e+00
4.069426536560058594e+00
4.068784236907958984e+00
4.069588661193848544e+00
4.068800926208496094e+00
4.066696166992188388e+00
4.066368103027343750e+00
4.066852092742919922e+00
4.066588401794433594e+00
4.066220760345458984e+00
4.065971851348876953e+00
4.066538333892821377e+00
4.066684246063231534e+00
4.066617488861083984e+00
4.066916942596436435e+00
4.067889213562011719e+00
4.067002773284912109e+00
4.067876338958740234e+00
4.068027019500731534e+00
4.067706108093261719e+00
4.069046020507812500e+00
4.068737030029296875e+00
4.068410396575928623e+00
4.068423748016356534e+00
4.069019317626953125e+00
4.069982528686522549e+00
4.069903373718261719e+00
4.069766998291016513e+00
4.069891929626464844e+00
4.070433139801024502e+00
4.071315288543701172e+00
4.071548938751221591e+00
4.070391178131104404e+00
4.069114685058593750e+00
4.069792270660399502e+00
4.069752693176269531e+00
4.069656372070312500e+00
4.068881511688231534e+00
4.068339824676513672e+00
4.068584918975830078e+00
4.068012714385986328e+00
4.068079948425292969e+00
4.066465854644774502e+00
4.065375328063964844e+00
4.065079212188721591e+00
4.064400196075440341e+00
4.064236640930176669e+00
4.064433097839356357e+00
4.064500331878662109e+00
4.063929557800292969e+00
4.062126159667968750e+00
4.061599254608153409e+00
4.062219142913818359e+00
4.063146591186522549e+00
4.064958095550537109e+00
4.066315650939941406e+00
4.068055152893066406e+00
4.068872451782227451e+00
4.070542335510253906e+00
4.071104049682616299e+00
4.071768760681151456e+00
4.073766708374022549e+00
4.074886798858643466e+00
4.076450824737548828e+00
4.076304912567138672e+00
4.076308727264403409e+00
4.075928211212158203e+00
4.075951099395751953e+00
4.077204227447509766e+00
4.077569007873535156e+00
4.077853679656981534e+00
4.078617572784423828e+00
4.078682422637940341e+00
4.080041408538818359e+00
4.079998493194580078e+00
4.081175327301024502e+00
4.082236766815185547e+00
4.081343650817871094e+00
4.082453250885009766e+00
4.080763816833496094e+00
4.081312656402587891e+00
4.080452919006348544e+00
4.080531597137451172e+00
4.080194473266602451e+00
4.079719543457031250e+00
4.081987380981444424e+00
4.081130504608153409e+00
4.081130027770996094e+00
4.081954479217528409e+00
4.081349849700928623e+00
4.081396102905272549e+00
4.082368850708008701e+00
4.082568645477294922e+00
4.083364009857178623e+00
4.084532260894774502e+00
4.084280490875243252e+00
4.085300922393798828e+00
4.085201740264893466e+00
4.085197925567626953e+00
4.084341526031493252e+00
4.085182189941406250e+00
4.084093093872069424e+00
4.085557460784912109e+00
4.087666988372803623e+00
4.087795734405518466e+00
4.088568210601806641e+00
4.087074279785156250e+00
4.087135791778564453e+00
4.086906909942626953e+00
4.087546348571776456e+00
4.088702678680419922e+00
4.088689327239990234e+00
4.089646339416503906e+00
4.091166496276856357e+00
4.090240001678466797e+00
4.091185092926024502e+00
4.090687274932861328e+00
4.091504096984863281e+00
4.091759204864501953e+00
4.092443943023681641e+00
4.095221996307373047e+00
4.095700740814208984e+00
4.095573425292968750e+00
4.095536708831787109e+00
4.097094535827636719e+00
4.097054004669189453e+00
4.096986770629883701e+00
4.097194671630858487e+00
4.095759868621826172e+00
4.095667839050292969e+00
4.095841884613037109e+00
4.096540451049805576e+00
4.097969055175781250e+00
4.097179889678955078e+00
4.096809387207031250e+00
4.097218513488769531e+00
4.096523284912108487e+00
4.096821308135986328e+00
4.096788406372069424e+00
4.097616195678711826e+00
4.100278854370116299e+00
4.101314544677733487e+00
4.103303909301758701e+00
4.103155612945556641e+00
4.104147911071776456e+00
4.103907108306884766e+00
4.103499889373778409e+00
4.103793144226073331e+00
4.103603839874268466e+00
4.104894638061522549e+00
4.104841709136962891e+00
4.104895114898681641e+00
4.105370044708251953e+00
4.105914115905761719e+00
4.105076789855957031e+00
4.106000423431396484e+00
4.105027198791503906e+00
4.106671810150146484e+00
4.105785369873046875e+00
4.108524799346923828e+00
4.108394622802733487e+00
4.107647895812988281e+00
4.110009193420410156e+00
4.108850955963134766e+00
4.110073566436768466e+00
4.110018730163573331e+00
4.110900878906250000e+00
4.112006187438964844e+00
4.111118316650391513e+00
4.111467361450194424e+00
4.110794544219971591e+00
4.110874176025391513e+00
4.111031055450440341e+00
4.111085891723633701e+00
4.112287998199462891e+00
4.110959053039551669e+00
4.110327720642089844e+00
4.111157417297363281e+00
4.111083984375000000e+00
4.112156391143798828e+00
4.112115859985352451e+00
4.113121032714843750e+00
4.114439010620116299e+00
4.112860202789306641e+00
4.112984657287598544e+00
4.112980842590332031e+00
4.112226009368896484e+00
4.111557960510253906e+00
4.112313270568848544e+00
4.115144729614258701e+00
4.114699840545653409e+00
4.116087436676024502e+00
4.115386962890625000e+00
4.115345954895020419e+00
4.114753246307373047e+00
4.114388465881348544e+00
4.115466594696044922e+00
4.116129398345946377e+00
4.117251873016356534e+00
4.118499755859375000e+00
4.118086814880371094e+00
4.119082450866698331e+00
4.118829727172852451e+00
4.120267868041991299e+00
4.122331619262694424e+00
4.121940612792968750e+00
4.121997356414794922e+00
4.121159553527832031e+00
4.120903968811035156e+00
4.122028350830078125e+00
4.121793746948241299e+00
4.122086048126221591e+00
4.121614456176758701e+00
4.121751308441162109e+00
4.121806144714356357e+00
4.123067378997803623e+00
4.122412681579589844e+00
4.122374057769774502e+00
4.122933387756348544e+00
4.122927665710448331e+00
4.123688220977783203e+00
4.124770641326903409e+00
4.124673843383788174e+00
4.126949787139893466e+00
4.128149509429931641e+00
4.129691600799560547e+00
4.131138324737548828e+00
4.130074977874756748e+00
4.131085872650146484e+00
4.131557941436768466e+00
4.130677223205566406e+00
4.129863739013671875e+00
4.130248069763183594e+00
4.131659507751464844e+00
4.130251884460448331e+00
4.132745265960693359e+00
4.133456707000731534e+00
4.132347583770751953e+00
4.133638858795166016e+00
4.132281780242919922e+00
4.131261348724365234e+00
4.132021427154541016e+00
4.131441116333008701e+00
4.131130695343018466e+00
4.131760120391846591e+00
4.131810665130615234e+00
4.133439064025878906e+00
4.133555889129638672e+00
4.133945941925048828e+00
4.132845401763916016e+00
4.133111000061035156e+00
4.133589267730712891e+00
4.134391307830810547e+00
4.133644580841064453e+00
4.134550094604491299e+00
4.135766983032227451e+00
4.137351989746093750e+00
4.138522148132323331e+00
4.141530990600586826e+00
4.141170501708983487e+00
4.141063690185546875e+00
4.140671730041503906e+00
4.141691207885741299e+00
4.142234325408936435e+00
4.142105102539063388e+00
4.143929004669189453e+00
4.144852638244628906e+00
4.144216060638428623e+00
4.144528388977051669e+00
4.143414974212647373e+00
4.144708633422852451e+00
4.146783351898193359e+00
4.146518707275391513e+00
4.148262500762940341e+00
4.148126125335693359e+00
4.149354934692383701e+00
4.148723602294921875e+00
4.148716449737548828e+00
4.148743152618408203e+00
4.148842811584473544e+00
4.148925781250000000e+00
4.149993419647216797e+00
4.151340007781981534e+00
4.152350902557373047e+00
4.153463363647461826e+00
4.155171394348144531e+00
4.154616832733153409e+00
4.155550956726073331e+00
4.156714439392089844e+00
4.157918930053711826e+00
4.157166957855225498e+00
4.156846523284912109e+00
4.155988216400146484e+00
4.156408309936522549e+00
4.155913829803466797e+00
4.155646324157714844e+00
4.156176090240479404e+00
4.157756805419921875e+00
4.162507534027100498e+00
4.160546779632568359e+00
4.162930965423583984e+00
4.164020061492919922e+00
4.165486812591553623e+00
4.166807174682616299e+00
4.167448520660399502e+00
4.169595241546631748e+00
4.169681549072266513e+00
4.170623779296875000e+00
4.170656681060791016e+00
4.172727108001708984e+00
4.173369884490966797e+00
4.172587394714356357e+00
4.173613071441649502e+00
4.174095153808593750e+00
4.174863815307616299e+00
4.174278259277343750e+00
4.174657821655272549e+00
4.174911499023437500e+00
4.175107479095458984e+00
4.176874637603759766e+00
4.179477691650391513e+00
4.182240486145020419e+00
4.182685852050781250e+00
4.183242321014403409e+00
4.182619571685791016e+00
4.183093070983886719e+00
4.182364463806151456e+00
4.183951377868651456e+00
4.184672832489013672e+00
4.184646606445312500e+00
4.184604644775391513e+00
4.184663772583008701e+00
4.186671733856201172e+00
4.186641216278076172e+00
4.186572074890136719e+00
4.187359333038330078e+00
4.187835216522216797e+00
4.188675403594971591e+00
4.187731742858886719e+00
4.188313961029053623e+00
4.188248157501221591e+00
4.188092231750488281e+00
4.188669204711913174e+00
4.188647270202636719e+00
4.189765453338623047e+00
4.189718246459961826e+00
4.189830303192138672e+00
4.191826820373535156e+00
4.191107749938964844e+00
4.191168785095214844e+00
4.191111564636231357e+00
4.192880153656006748e+00
4.194626808166503906e+00
4.194485187530518466e+00
4.194574832916259766e+00
4.194429397583008701e+00
4.195955276489258701e+00
4.195856094360352451e+00
4.194791793823241299e+00
4.196418285369873047e+00
4.195497512817383701e+00
4.197286128997803623e+00
4.199223041534423828e+00
4.200127601623535156e+00
4.203073978424071377e+00
4.203395843505858487e+00
4.205170154571533203e+00
4.208998203277587891e+00
4.210235118865966797e+00
4.211561203002930576e+00
4.210610866546631748e+00
4.210700511932373047e+00
4.211274147033691406e+00
4.212409973144531250e+00
4.214216232299805576e+00
4.214201927185058594e+00
4.216483116149901456e+00
4.215820789337158203e+00
4.218459129333496094e+00
4.221516132354736328e+00
4.222934722900391513e+00
4.222645759582520419e+00
4.222679615020751953e+00
4.222018718719481534e+00
4.223203659057616299e+00
4.223196506500243252e+00
4.226429939270020419e+00
4.226771354675292969e+00
4.228683948516846591e+00
4.229822635650634766e+00
4.230435371398926669e+00
4.230490684509276456e+00
4.230481147766113281e+00
4.228230953216553623e+00
4.228828907012940341e+00
4.228898525238037109e+00
4.229883670806884766e+00
4.227453231811522549e+00
4.230238914489746094e+00
4.231341838836669922e+00
4.231806755065917969e+00
4.231688499450683594e+00
4.232373714447021484e+00
4.232828617095946377e+00
4.231782913208008701e+00
4.232118606567383701e+00
4.232170104980468750e+00
4.231498718261718750e+00
4.231779098510741299e+00
4.234685420989990234e+00
4.236382007598876953e+00
4.238275527954102451e+00
4.238201141357421875e+00
4.240330219268798828e+00
4.239993095397948331e+00
4.240905284881591797e+00
4.241962909698486328e+00
4.241189002990723544e+00
4.242609500885009766e+00
4.242675781250000000e+00
4.242970466613769531e+00
4.242790699005126953e+00
4.243256568908691406e+00
4.243935585021973544e+00
4.245357990264893466e+00
4.247209548950194424e+00
4.246481895446776456e+00
4.247660636901856357e+00
4.248226642608643466e+00
4.249733448028564453e+00
4.250981807708740234e+00
4.253042221069336826e+00
4.252895832061768466e+00
4.254453182220458984e+00
4.253917694091796875e+00
4.255882740020751953e+00
4.255380630493163174e+00
4.256071567535399502e+00
4.256957530975341797e+00
4.257615566253662109e+00
4.259553909301758701e+00
4.259312629699707031e+00
4.259674072265625000e+00
4.260216712951660156e+00
4.260990142822266513e+00
4.260918617248535156e+00
4.259631633758544922e+00
4.260230064392089844e+00
4.261198520660399502e+00
4.261131763458251953e+00
4.262797355651856357e+00
4.262873172760009766e+00
4.264419555664063388e+00
4.265271186828613281e+00
4.264337062835693359e+00
4.265179634094238281e+00
4.265464305877685547e+00
4.265681266784667969e+00
4.264446735382080078e+00
4.265015602111816406e+00
4.266427516937256748e+00
4.265669822692871094e+00
4.267360687255858487e+00
4.268605232238769531e+00
4.268992900848388672e+00
4.268758773803711826e+00
4.268862724304198331e+00
4.268519401550292969e+00
4.269112110137940341e+00
4.268955230712891513e+00
4.269307613372803623e+00
4.268403530120850498e+00
4.268360137939453125e+00
4.267313003540038174e+00
4.267029762268066406e+00
4.266909122467041016e+00
4.266740798950194424e+00
4.266610622406006748e+00
4.267214298248291016e+00
4.267304897308350498e+00
4.266881465911865234e+00
4.264866352081298828e+00
4.265671253204346591e+00
4.268176555633544922e+00
4.270074844360352451e+00
4.271672725677490234e+00
4.271366596221923828e+00
4.270931720733643466e+00
4.271119594573975498e+00
4.272245407104491299e+00
4.273082256317138672e+00
4.271593570709228516e+00
4.272617816925048828e+00
4.271897315979003906e+00
4.271610736846923828e+00
4.271661281585693359e+00
4.272064208984375000e+00
4.272053718566895419e+00
4.272176265716553623e+00
4.272115707397461826e+00
4.272173404693604404e+00
4.274654388427733487e+00
4.274782657623291016e+00
4.274727344512940341e+00
4.275001049041748047e+00
4.275887012481689453e+00
4.275402545928955078e+00
4.277651786804198331e+00
4.276109695434569424e+00
4.277844905853272373e+00
4.277965545654296875e+00
4.279876708984375000e+00
4.281906127929688388e+00
4.281191349029541016e+00
4.281955718994141513e+00
4.281999111175537109e+00
4.281934261322021484e+00
4.282522201538086826e+00
4.282461166381836826e+00
4.284617900848388672e+00
4.283872604370116299e+00
4.283956050872803623e+00
4.284581184387207031e+00
4.285387039184569424e+00
4.284893989562988281e+00
4.284994602203368252e+00
4.284336090087891513e+00
4.284469604492188388e+00
4.284284591674805576e+00
4.284160614013671875e+00
4.283613204956055576e+00
4.284425258636475498e+00
4.285050392150878906e+00
4.286350727081298828e+00
4.288335800170897549e+00
4.288471221923828125e+00
4.288302898406981534e+00
4.288945198059082031e+00
4.287366867065430576e+00
4.288691997528076172e+00
4.289100170135498047e+00
4.290252208709716797e+00
4.290292263031006748e+00
4.291118144989013672e+00
4.291289329528808594e+00
4.291232585906981534e+00
4.291293621063231534e+00
4.291536808013916016e+00
4.291507244110106534e+00
4.291829586029053623e+00
4.291422367095946377e+00
4.291101932525634766e+00
4.290953636169433594e+00
4.291594982147216797e+00
4.293037414550781250e+00
4.291630268096923828e+00
4.291624546051024502e+00
4.292286872863769531e+00
4.292157649993896484e+00
4.293044090270996094e+00
4.292925834655761719e+00
4.295520782470703125e+00
4.296740055084228516e+00
4.298007965087891513e+00
4.300154685974121094e+00
4.299880981445312500e+00
4.302152156829833984e+00
4.301826477050781250e+00
4.303235054016113281e+00
4.303825855255126953e+00
4.303721427917480469e+00
4.303542137145996094e+00
4.302921295166016513e+00
4.303898334503173828e+00
4.303981781005858487e+00
4.304652690887451172e+00
4.304825782775878906e+00
4.303539276123046875e+00
4.303238391876221591e+00
4.302528381347656250e+00
4.302539348602294922e+00
4.303780078887940341e+00
4.303369522094727451e+00
4.303517818450928623e+00
4.303825855255126953e+00
4.303799629211426669e+00
4.304256916046143466e+00
4.303258419036865234e+00
4.303419113159180576e+00
4.303481578826903409e+00
4.304059505462647373e+00
4.304449558258056641e+00
4.303875923156738281e+00
4.304631233215332031e+00
4.304620265960693359e+00
4.305099010467528409e+00
4.304546356201171875e+00
4.304286956787108487e+00
4.304157733917236328e+00
4.304141521453856534e+00
4.304262161254883701e+00
4.304382324218750000e+00
4.303236007690430576e+00
4.303243160247803623e+00
4.302716732025146484e+00
4.302167415618896484e+00
4.304279327392578125e+00
4.306069374084473544e+00
4.306721210479736328e+00
4.307342529296875000e+00
4.306780815124511719e+00
4.304856300354003906e+00
4.304759025573730469e+00
4.304284572601318359e+00
4.305261135101318359e+00
4.305924892425537109e+00
4.308277606964111328e+00
4.307769298553466797e+00
4.310487270355225498e+00
4.310824871063231534e+00
4.313620567321776456e+00
4.317132949829102451e+00
4.315073013305663174e+00
4.318474292755126953e+00
4.317914485931396484e+00
4.320141315460205078e+00
4.322518825531006748e+00
4.324030399322509766e+00
4.324696540832520419e+00
4.323776245117188388e+00
4.327285766601562500e+00
4.327236652374268466e+00
4.328188896179198331e+00
4.331927299499511719e+00
4.330102443695068359e+00
4.332153320312500000e+00
4.332429409027100498e+00
4.333836555480957031e+00
4.335835933685303623e+00
4.336118698120116299e+00
4.335759639739990234e+00
4.335071086883544922e+00
4.335107803344727451e+00
4.334947109222412109e+00
4.334545612335205078e+00
4.334031581878662109e+00
4.333554267883301669e+00
4.333380699157714844e+00
4.334120750427246094e+00
4.334120750427246094e+00
4.334176063537598544e+00
4.334099769592285156e+00
4.334162712097167969e+00
4.333818435668944424e+00
4.333629608154296875e+00
4.333518981933593750e+00
4.333407878875731534e+00
4.332406997680663174e+00
4.332377910614013672e+00
4.332945346832274502e+00
4.336510658264160156e+00
4.336441993713378906e+00
4.336060523986816406e+00
4.335316181182861328e+00
4.336473464965819424e+00
4.339200019836426669e+00
4.338536262512207031e+00
4.338983535766602451e+00
4.338485717773437500e+00
4.338560581207274502e+00
4.338534832000731534e+00
4.341120243072509766e+00
4.343085765838623047e+00
4.342355728149413174e+00
4.344123363494873047e+00
4.344563484191895419e+00
4.343270301818848544e+00
4.343311786651611328e+00
4.344648838043212891e+00
4.346425533294678623e+00
4.345400333404541016e+00
4.347263813018798828e+00
4.352514743804931641e+00
4.352409839630126953e+00
4.352677345275878906e+00
4.354557991027832031e+00
4.354511737823486328e+00
4.354780197143555576e+00
4.353704929351806641e+00
4.352360725402832031e+00
4.351739406585693359e+00
4.350920200347899502e+00
4.351432323455810547e+00
4.350941658020020419e+00
4.351305007934569424e+00
4.351706981658936435e+00
4.352990150451660156e+00
4.351378440856933594e+00
4.348524570465087891e+00
4.348205089569091797e+00
4.350126266479491299e+00
4.350124359130858487e+00
4.349613189697266513e+00
4.348340988159180576e+00
4.350231170654296875e+00
4.349053382873535156e+00
4.349171161651611328e+00
4.350645542144774502e+00
4.347414970397948331e+00
4.347406864166259766e+00
4.348186969757080078e+00
4.349304676055908203e+00
4.349283695220946377e+00
4.349299430847167969e+00
4.347514629364013672e+00
4.347805976867676669e+00
4.345649719238281250e+00
4.344737052917480469e+00
4.345636367797852451e+00
4.349686145782471591e+00
4.348729133605957031e+00
4.351791858673096591e+00
4.351176738739013672e+00
4.351921081542968750e+00
4.351933956146240234e+00
4.352041721343993252e+00
4.352113246917725498e+00
4.354131221771240234e+00
4.354004383087158203e+00
4.352918148040772373e+00
4.351905822753906250e+00
4.353436470031738281e+00
4.356646060943604404e+00
4.356966972351073331e+00
4.358177661895751953e+00
4.360562801361083984e+00
4.362488269805908203e+00
4.362455844879149502e+00
4.363064765930176669e+00
4.362905502319336826e+00
4.362725734710693359e+00
4.362736701965332031e+00
4.362061023712158203e+00
4.363128185272216797e+00
4.363122463226318359e+00
4.362774372100830078e+00
4.362819671630858487e+00
4.362163543701171875e+00
4.361223220825194424e+00
4.362446784973144531e+00
4.361423969268798828e+00
4.360536098480225498e+00
4.359957218170166016e+00
4.361190795898437500e+00
4.361844539642333984e+00
4.362106323242188388e+00
4.361270427703856534e+00
4.360485076904296875e+00
4.361896038055419922e+00
4.361622333526611328e+00
4.361372470855712891e+00
4.360455989837647373e+00
4.360194206237792969e+00
4.359733581542968750e+00
4.360314369201660156e+00
4.360343933105468750e+00
4.361589908599853516e+00
4.362721920013428623e+00
4.364394664764403409e+00
4.365880012512207031e+00
4.367223739624022549e+00
4.368417263031006748e+00
4.368224620819091797e+00
4.370771408081055576e+00
4.370753765106201172e+00
4.370348453521728516e+00
4.371731281280518466e+00
4.371229648590087891e+00
4.372655868530272549e+00
4.371938228607178623e+00
4.375026702880858487e+00
4.376215457916259766e+00
4.376308917999268466e+00
4.376533508300781250e+00
4.377469062805176669e+00
4.378676414489746094e+00
4.379814624786376953e+00
4.381393909454346591e+00
4.384018421173096591e+00
4.384526729583740234e+00
4.387277603149413174e+00
4.388782024383544922e+00
4.388111114501953125e+00
4.387616157531738281e+00
4.387717723846436435e+00
4.388835430145263672e+00
4.390257358551024502e+00
4.390211582183837891e+00
4.389984607696533203e+00
4.390957832336426669e+00
4.393622875213623047e+00
4.394086360931396484e+00
4.394371986389160156e+00
4.393439292907714844e+00
4.393185615539551669e+00
4.394390106201171875e+00
4.395322799682616299e+00
4.396413326263428623e+00
4.398345947265625000e+00
4.398445129394531250e+00
4.398465156555175781e+00
4.401350498199462891e+00
4.400526046752929688e+00
4.400308609008789062e+00
4.398986339569091797e+00
4.398081779479980469e+00
4.398614883422851562e+00
4.397945880889893466e+00
4.398471832275391513e+00
4.397622585296631748e+00
4.397748947143555576e+00
4.398874282836914062e+00
4.398288726806641513e+00
4.398619651794433594e+00
4.397113800048828125e+00
4.398090362548828125e+00
4.398386001586914062e+00
4.396971702575683594e+00
4.396298408508301669e+00
4.399161338806152344e+00
4.399818420410156250e+00
4.399687767028808594e+00
4.400052070617675781e+00
4.403352260589599609e+00
4.404275417327880859e+00
4.405918121337891513e+00
4.405054569244384766e+00
4.406661987304688388e+00
4.408222198486328125e+00
4.408189773559570312e+00
4.410127162933349609e+00
4.410350322723388672e+00
4.409950733184815341e+00
4.410014629364013672e+00
4.410009860992431641e+00
4.410052299499511719e+00
4.411913871765136719e+00
4.412059783935546875e+00
4.414617538452148438e+00
4.416221618652343750e+00
4.417806625366210938e+00
4.416973114013671875e+00
4.418883323669433594e+00
4.418699741363525391e+00
4.419767856597900391e+00
4.420081138610839844e+00
4.420254707336425781e+00
4.419118404388427734e+00
4.419484615325927734e+00
4.416949272155761719e+00
4.416562080383300781e+00
4.417500972747802734e+00
4.419458389282226562e+00
4.418487548828125000e+00
4.419110774993896484e+00
4.419198036193847656e+00
4.418484210968018466e+00
4.419661998748778409e+00
4.417967319488525391e+00
4.417464733123778409e+00
4.418311595916748047e+00
4.419576168060302734e+00
4.419529438018798828e+00
4.418812751770020419e+00
4.419206619262695312e+00
4.419385910034179688e+00
4.418052196502685547e+00
4.418349266052246094e+00
4.417595386505126953e+00
4.417867660522460938e+00
4.417432308197021484e+00
4.416237831115722656e+00
4.416966438293457031e+00
4.415557861328125000e+00
4.415339946746826172e+00
4.416169643402099609e+00
4.416238784790039062e+00
4.415812015533447266e+00
4.415734291076660156e+00
4.416471481323242188e+00
4.415959358215332031e+00
4.415244579315185547e+00
4.415297985076903409e+00
4.415124416351318359e+00
4.415053367614746094e+00
4.415554523468018466e+00
4.415042877197266513e+00
4.414951801300048828e+00
4.415110588073730469e+00
4.416893482208251953e+00
4.416180610656738281e+00
4.417058467864990234e+00
4.418630123138427734e+00
4.414589405059815341e+00
4.415400981903076172e+00
4.415178298950195312e+00
4.415113449096679688e+00
4.416023254394531250e+00
4.416097640991210938e+00
4.416693210601806641e+00
4.415699005126953125e+00
4.416813850402832031e+00
4.416761875152587891e+00
4.417617797851562500e+00
4.417582511901856357e+00
4.416535854339599609e+00
4.416370868682861328e+00
4.417361736297606534e+00
4.418348312377929688e+00
4.420089244842528409e+00
4.420077323913574219e+00
4.420673370361328125e+00
4.420682430267333984e+00
4.419650554656981534e+00
4.419397354125976562e+00
