1.688818484544754028e-01
1.728343814611434937e-01
1.773832589387893399e-01
1.799286007881164551e-01
1.823114305734634399e-01
1.876403391361236850e-01
1.902059912681579867e-01
1.929576098918914795e-01
1.954797357320785245e-01
2.019576132297515869e-01
2.082213014364242554e-01
2.097987085580825528e-01
2.119932323694229126e-01
2.153985798358916681e-01
2.183570414781570435e-01
2.205775529146194458e-01
2.235449850559234619e-01
2.263793498277663907e-01
2.272873967885971069e-01
2.299337685108185092e-01
2.326460480690002441e-01
2.353832870721817017e-01
2.355443239212036133e-01
2.377656400203705112e-01
2.397551387548446933e-01
2.405816912651062012e-01
2.425570338964462558e-01
2.443614900112152100e-01
2.454067617654800415e-01
2.470329403877258578e-01
2.485336065292358398e-01
2.500499486923217773e-01
2.524646818637847900e-01
2.539519667625427246e-01
2.553878426551818848e-01
2.564814686775207520e-01
2.578474879264831543e-01
2.590524256229401190e-01
2.618823647499084473e-01
2.631797194480895996e-01
2.644909024238586426e-01
2.658342421054839533e-01
2.688902020454406738e-01
2.702784240245819092e-01
2.716221809387207031e-01
2.688134610652924139e-01
2.698971927165985107e-01
2.708579599857330322e-01
2.715778648853302002e-01
2.728259563446044922e-01
2.736805677413940430e-01
2.729626595973968506e-01
2.740152478218078613e-01
2.748859524726868231e-01
2.755582332611083984e-01
2.769166231155395508e-01
2.777017652988433838e-01
2.786028385162352961e-01
2.778545618057250977e-01
2.784183323383331299e-01
2.789956927299499512e-01
2.800450623035430908e-01
2.806808352470397949e-01
2.812707424163818359e-01
2.820061147212982178e-01
2.808963358402252197e-01
2.817180454730987549e-01
2.821458578109741211e-01
2.829992175102233887e-01
2.842248678207396906e-01
2.850965261459350586e-01
2.827710807323455811e-01
2.832137346267700195e-01
2.836124300956726074e-01
2.839602530002593994e-01
2.853086888790130615e-01
2.858062982559204102e-01
2.864184677600861151e-01
2.885301113128662109e-01
2.891976833343505859e-01
2.899301052093505859e-01
2.883868515491485596e-01
2.889317274093627930e-01
2.896543443202972412e-01
2.911200523376464844e-01
2.919487059116363525e-01
2.926131486892700195e-01
2.933372259140014648e-01
2.924678921699523926e-01
2.929117381572723389e-01
2.936165928840637207e-01
2.892729341983795166e-01
2.895230352878570557e-01
2.897877395153045654e-01
2.907035648822784424e-01
2.909579575061798096e-01
2.912118434906005859e-01
2.915360331535339355e-01
2.937563359737396240e-01
2.941618859767913818e-01
2.945877909660339355e-01
2.971078157424926758e-01
2.976434826850891113e-01
2.981624603271484375e-01
2.971021831035614014e-01
2.975244224071503241e-01
2.979705035686492920e-01
2.984728515148162842e-01
3.011466264724731445e-01
3.017399609088897705e-01
3.024730980396270752e-01
3.054298162460327148e-01
3.062363564968109131e-01
3.070107996463776190e-01
3.081432580947875977e-01
3.089732229709625244e-01
3.096802234649658203e-01
3.103878796100616455e-01
3.128010928630828857e-01
3.134797811508179266e-01
3.141208291053771973e-01
3.122422397136688232e-01
3.127143979072570801e-01
3.131608664989471436e-01
3.142214417457581122e-01
3.145755827426910400e-01
3.149235546588897705e-01
3.175444304943085272e-01
3.179215192794799805e-01
3.182044923305511475e-01
3.184718191623687744e-01
3.184708952903748114e-01
3.187335729598999023e-01
3.190154731273651123e-01
3.172639310359954834e-01
3.173713982105255127e-01
3.173706233501434326e-01
3.146690428256988525e-01
3.144514560699462891e-01
3.141444921493530273e-01
3.139637410640717108e-01
3.136043548583984375e-01
3.133067190647125244e-01
3.130305707454680841e-01
3.154250085353851318e-01
3.153232634067535400e-01
3.152451813220977783e-01
3.133758902549744207e-01
3.130949139595031738e-01
3.129969835281372070e-01
3.135057091712952215e-01
3.132950365543364923e-01
3.133179247379302979e-01
3.133203685283660889e-01
3.154205977916716974e-01
3.155349493026732843e-01
3.155103623867034912e-01
3.146789968013763428e-01
3.147456049919128418e-01
3.147841095924376886e-01
3.155357837677001953e-01
3.156032264232635498e-01
3.158068954944610596e-01
3.158755600452423096e-01
3.164899647235870361e-01
3.165434300899505615e-01
3.167692720890045166e-01
3.166225552558898926e-01
3.166873157024383545e-01
3.167516291141510010e-01
3.151699006557465155e-01
3.152764737606049139e-01
3.152272105216979980e-01
3.153176009654998779e-01
3.099284470081328791e-01
3.096191883087158203e-01
3.092266917228698730e-01
3.108709752559661865e-01
3.105739951133728027e-01
3.103500902652740479e-01
3.111337125301361084e-01
3.109393715858459473e-01
3.108433485031127930e-01
3.121079802513122559e-01
3.121090829372406006e-01
3.119985163211822510e-01
3.120207190513610840e-01
3.127214014530181885e-01
3.127302825450897217e-01
3.127718567848205566e-01
3.129998147487640381e-01
3.130806982517242432e-01
3.131808638572692871e-01
3.143045306205748957e-01
3.145181536674499512e-01
3.148313164710998535e-01
3.149953782558441162e-01
3.149281740188598633e-01
3.150611221790313721e-01
3.153120279312133789e-01
3.142479360103607178e-01
3.143185377120972235e-01
3.143523037433624268e-01
3.139502704143524170e-01
3.139099478721619207e-01
3.139284849166870117e-01
3.140226006507872980e-01
3.150326609611511230e-01
3.151319324970244806e-01
3.151465952396392822e-01
3.163016736507415771e-01
3.163488805294036865e-01
3.164419233798981268e-01
3.146170079708099365e-01
3.145570158958435059e-01
3.143824338912963867e-01
3.143534064292908270e-01
3.162921667098999023e-01
3.162241876125336248e-01
3.163373470306396484e-01
3.161681890487670898e-01
3.161289393901824951e-01
3.160485029220581055e-01
3.181529343128204346e-01
3.181789219379425049e-01
3.183001875877380371e-01
3.194951713085174561e-01
3.196172416210174561e-01
3.197299838066101074e-01
3.199764490127563477e-01
3.211030960083007812e-01
3.212857544422149658e-01
3.215538859367370605e-01
3.193840384483336847e-01
3.193313479423522949e-01
3.194541037082672119e-01
3.170095086097716730e-01
3.168547153472900391e-01
3.166886866092681885e-01
3.164791166782379150e-01
3.161094188690184992e-01
3.158965110778809149e-01
3.154380023479461670e-01
3.161953687667847235e-01
3.159687817096710205e-01
3.156929016113281250e-01
3.155787885189056396e-01
3.153731524944304865e-01
3.150532841682434082e-01
3.148533701896667480e-01
3.140781223773956299e-01
3.136419355869293213e-01
3.134154081344604492e-01
3.165543079376221258e-01
3.164710402488708496e-01
3.164008855819702148e-01
3.125983476638793945e-01
3.122282326221466064e-01
3.120324611663818359e-01
3.160421252250671387e-01
3.159146606922149658e-01
3.158550858497620184e-01
3.158996403217316229e-01
3.155775666236876886e-01
3.155942857265472412e-01
3.154610097408295233e-01
3.136791586875915527e-01
3.135687410831451416e-01
3.133776783943176270e-01
3.134286999702453613e-01
3.133203685283660889e-01
3.131001591682434082e-01
3.131677210330963135e-01
3.165668249130249023e-01
3.165340125560760498e-01
3.165534436702728271e-01
3.151606023311614990e-01
3.150567412376403809e-01
3.150243461132049561e-01
3.104629218578338623e-01
3.100674152374268133e-01
3.098380565643310547e-01
3.094577491283416748e-01
3.093686699867248535e-01
3.089868426322937012e-01
3.087832331657409668e-01
3.075621724128723145e-01
3.072891533374786377e-01
3.067917525768280029e-01
3.053448200225830078e-01
3.049814999103546143e-01
3.045804798603057861e-01
3.044284880161284845e-01
3.041744530200958252e-01
3.038692474365234375e-01
3.037351369857788086e-01
3.060702085494995117e-01
3.059212863445281982e-01
3.058060407638549805e-01
3.091298639774322510e-01
3.092632293701171875e-01
3.095053136348724365e-01
3.097866773605347235e-01
3.101228475570679266e-01
3.103581070899963379e-01
3.105793893337249756e-01
3.098872601985931396e-01
3.101441264152526855e-01
3.102125227451324463e-01
3.112850487232208252e-01
3.115315139293671209e-01
3.115877509117126465e-01
3.135132193565369207e-01
3.138905763626098633e-01
3.140216767787932794e-01
3.125622868537902832e-01
3.125622868537902832e-01
3.127360343933104914e-01
3.127826750278472900e-01
3.096579313278198242e-01
3.094728589057922363e-01
3.092777729034423828e-01
3.120400011539459229e-01
3.119168877601623535e-01
3.118615150451660156e-01
3.112097978591918945e-01
3.110600113868712824e-01
3.108394145965576172e-01
3.107960820198059082e-01
3.106466829776763916e-01
3.104972839355468750e-01
3.102245032787322998e-01
3.103093206882476807e-01
3.101726472377777100e-01
3.099040687084197998e-01
3.080588579177856445e-01
3.076694309711456299e-01
3.074779510498046875e-01
3.070325255393981934e-01
3.052418828010559082e-01
3.048922717571258545e-01
3.045928776264191229e-01
3.043968081474304199e-01
3.041047751903533936e-01
3.037275373935699463e-01
3.060302138328552246e-01
3.058607876300811768e-01
3.058124482631683350e-01
3.055750429630279541e-01
3.017934560775756836e-01
3.015324771404266357e-01
3.012787103652954102e-01
2.997875213623046875e-01
2.993598282337189276e-01
2.990373969078063965e-01
3.006685376167296808e-01
3.003856241703032892e-01
3.004684746265411377e-01
2.992407381534576416e-01
2.990088462829589844e-01
2.990222871303558350e-01
2.988398075103760321e-01
3.012615144252777100e-01
3.014183938503264826e-01
3.017018735408782959e-01
3.057932853698730469e-01
3.063811957836151123e-01
3.067575693130493164e-01
3.119040429592133123e-01
3.127370476722716730e-01
3.134623467922211248e-01
3.142176270484924316e-01
3.113398253917694092e-01
3.118049800395965576e-01
3.123447597026824951e-01
3.098096549510955811e-01
3.099227249622344971e-01
3.100613951683044434e-01
3.104535937309265137e-01
3.104753196239471436e-01
3.104026913642883301e-01
3.060403168201446533e-01
3.056580424308776855e-01
3.053628206253051758e-01
3.049970269203186035e-01
3.051944375038146973e-01
3.047862648963928223e-01
3.043271601200103760e-01
3.059016168117523193e-01
3.054578900337219238e-01
3.050913810729980469e-01
3.051800131797790527e-01
3.048450350761413574e-01
3.045189082622528076e-01
3.041338026523590088e-01
3.061766922473907471e-01
3.060535788536071777e-01
3.058450818061829168e-01
2.996294498443603516e-01
2.990765869617462158e-01
2.985574603080748957e-01
2.974886596202850342e-01
2.970714569091796875e-01
2.964377403259276789e-01
2.961647808551788330e-01
2.964296638965607245e-01
2.962200045585632324e-01
2.959414422512054443e-01
2.946520447731018066e-01
2.944444715976715088e-01
2.942091226577758789e-01
2.957193255424499512e-01
2.956680059432983398e-01
2.956304550170898438e-01
2.951888144016265869e-01
2.951946556568145752e-01
2.951944470405578613e-01
2.952887713909149170e-01
2.963313460350037176e-01
2.963565587997436523e-01
2.965306341648101807e-01
2.975722849369049072e-01
2.978636920452117920e-01
2.981199324131011963e-01
2.978194653987884521e-01
2.979489266872406006e-01
2.981155812740325928e-01
2.984004914760589600e-01
2.967845201492309570e-01
2.969406843185424805e-01
2.971023917198181152e-01
2.996057868003845215e-01
2.998564243316650391e-01
3.001503944396973211e-01
3.013491034507751465e-01
3.015512824058533270e-01
3.018302917480468750e-01
3.021567761898040771e-01
3.030182123184204102e-01
3.033962249755859375e-01
3.036456406116485596e-01
3.021844029426575262e-01
3.022878170013427734e-01
3.023675680160522461e-01
3.007297515869141180e-01
3.006278574466704767e-01
3.006259799003601074e-01
3.012125194072723389e-01
3.011185824871063232e-01
3.008923232555388849e-01
3.007410764694213867e-01
3.021308481693267822e-01
3.020363152027130127e-01
3.018788397312164307e-01
3.002310693264008123e-01
3.000277280807495117e-01
3.000580966472625732e-01
3.006819188594818115e-01
3.005609810352324884e-01
3.004838228225708008e-01
3.003373444080352783e-01
3.025489747524260919e-01
3.025459051132202148e-01
3.026033937931060791e-01
3.033543825149536133e-01
3.034414052963256836e-01
3.034834563732147217e-01
3.049037456512451172e-01
3.051047921180725098e-01
3.051806390285491943e-01
3.052715659141540527e-01
3.053099811077117920e-01
3.053811192512512207e-01
3.056845068931580145e-01
3.028248548507690430e-01
3.027110695838928223e-01
3.025957345962524414e-01
3.010483980178833008e-01
3.009640574455261230e-01
3.007099926471710205e-01
3.003603816032409668e-01
2.999978661537170410e-01
2.997899353504180908e-01
2.996164560317993164e-01
3.011716008186340332e-01
3.010337352752684992e-01
3.010199964046478271e-01
3.015591800212860107e-01
3.015042543411254883e-01
3.014765679836273193e-01
3.019719421863555908e-01
3.020319044589996338e-01
3.020337522029877264e-01
3.021421432495117188e-01
3.017796277999877930e-01
3.017897605895996094e-01
3.019014894962310791e-01
3.001816272735596258e-01
3.001175224781036377e-01
3.000800907611846924e-01
3.011950850486755371e-01
3.011472821235656738e-01
3.012010753154754639e-01
3.009907901287078857e-01
3.012011945247650146e-01
3.012602627277374268e-01
3.011552691459655762e-01
3.010936975479125977e-01
3.010923266410828192e-01
3.010446429252624512e-01
3.014470636844635010e-01
3.016249835491180420e-01
3.016749620437622070e-01
3.017475008964538574e-01
3.019902408123016357e-01
3.020372390747070312e-01
3.020546734333038330e-01
3.021234273910522461e-01
3.021772503852844238e-01
3.022520840167999268e-01
3.017094731330872137e-01
3.018403947353363037e-01
3.017930686473846436e-01
3.015439212322235107e-01
3.014059960842133123e-01
3.013775348663330078e-01
3.013194799423217773e-01
3.021319508552551270e-01
3.020976185798645020e-01
3.020620644092560370e-01
3.030672073364257812e-01
3.030006587505341131e-01
3.029710650444030762e-01
3.029728233814239502e-01
3.028992414474487305e-01
3.028106689453125000e-01
3.027193248271942139e-01
3.011546134948730469e-01
3.010500967502593994e-01
3.007916510105133057e-01
3.007380366325378418e-01
3.007333576679230291e-01
3.007422387599945068e-01
2.999788224697113037e-01
2.999013364315032959e-01
2.996442914009094238e-01
2.973222434520720880e-01
2.971301674842834473e-01
2.968851327896118164e-01
2.965217232704162598e-01
2.965156733989716131e-01
2.961739599704742432e-01
2.957448661327362061e-01
2.972131371498107910e-01
2.969582974910736084e-01
2.970802783966064453e-01
2.980211377143859863e-01
2.979082763195037842e-01
2.978245615959167480e-01
2.979918420314788818e-01
2.993181943893433172e-01
2.994520664215087891e-01
2.994578480720520020e-01
2.972395122051239014e-01
2.970491349697113037e-01
2.969580590724945068e-01
2.947551310062408447e-01
2.944977581501007080e-01
2.943972647190093994e-01
2.941994965076446533e-01
2.940338850021362305e-01
2.938301563262939453e-01
2.936134934425354004e-01
2.938967943191528320e-01
2.936764657497406006e-01
2.935479581356049139e-01
2.943649291992187500e-01
2.942747175693511963e-01
2.943706810474395752e-01
2.942519485950469971e-01
2.941281497478485107e-01
2.940836250782012939e-01
2.940748631954193115e-01
2.945154905319213867e-01
2.945847809314727783e-01
2.945087254047393799e-01
2.942185699939727783e-01
2.941374778747558594e-01
2.943816483020782471e-01
2.940294146537780762e-01
2.941170930862426758e-01
2.943060100078582764e-01
2.942168414592742920e-01
2.957929372787476141e-01
2.959972620010375977e-01
2.960265874862670898e-01
2.952680587768555243e-01
2.951704859733580988e-01
2.954731285572052002e-01
2.935695946216583252e-01
2.935444116592407227e-01
2.935917973518372137e-01
2.935491502285004217e-01
2.937268316745758057e-01
2.938069999217987061e-01
2.936857938766479492e-01
2.951982915401458740e-01
2.952484488487244207e-01
2.952708899974822998e-01
2.970006167888640802e-01
2.972094416618347168e-01
2.973424196243286133e-01
2.958259880542755127e-01
2.959344387054443359e-01
2.959008812904357910e-01
2.959854006767272949e-01
2.959437668323516846e-01
2.959767282009124756e-01
2.959401011466979980e-01
2.955318987369536798e-01
2.956767678260803223e-01
2.956056296825408936e-01
2.939716875553131104e-01
2.938416004180908203e-01
2.935954630374908447e-01
2.934954166412352961e-01
2.921662926673889160e-01
2.919495999813079834e-01
2.918338179588317871e-01
2.934037148952484131e-01
2.934867441654204767e-01
2.933700680732727051e-01
2.950027287006378174e-01
2.952248156070709229e-01
2.951200008392333984e-01
2.955473065376281738e-01
2.955417335033416748e-01
2.955761551856994629e-01
2.957959771156311035e-01
2.938073873519896906e-01
2.937749028205872137e-01
2.937392294406890869e-01
2.962132990360260010e-01
2.965013682842254639e-01
2.968175411224365234e-01
2.969810962677001953e-01
2.975293695926666260e-01
2.976880669593811035e-01
2.978746592998505194e-01
2.977517247200012207e-01
2.979860603809357245e-01
2.980376482009888250e-01
2.969304919242858887e-01
2.970068752765655518e-01
2.969675660133361816e-01
2.969978749752045233e-01
2.968610227108001709e-01
2.968693375587463379e-01
2.967273890972136896e-01
2.971073985099792480e-01
2.971825897693634033e-01
2.970388829708099365e-01
2.966288328170776367e-01
2.965915203094482422e-01
2.963494956493377686e-01
2.947378456592560370e-01
2.945756912231444757e-01
2.943377196788787842e-01
2.941114008426666260e-01
2.938610911369323730e-01
2.937993109226226807e-01
2.935503125190734863e-01
2.926993668079376221e-01
2.924905121326446533e-01
2.922351062297821045e-01
2.929709255695343018e-01
2.929577231407164972e-01
2.928261160850524902e-01
2.918149232864379883e-01
2.917383909225463867e-01
2.914039790630341131e-01
2.915359735488892157e-01
2.929816246032714844e-01
2.931981384754180908e-01
2.933802306652069092e-01
2.930379807949066162e-01
2.930794656276702881e-01
2.931617796421051025e-01
2.924725711345673163e-01
2.927443087100983221e-01
2.927603423595428467e-01
2.929964661598205566e-01
2.938786149024963379e-01
2.939549386501312256e-01
2.940929234027862549e-01
2.945393621921539307e-01
2.947997450828552246e-01
2.949543297290802002e-01
2.937095463275908869e-01
2.939063012599945068e-01
2.938545644283295233e-01
2.939819991588592529e-01
2.955322265625000000e-01
2.956663966178894043e-01
2.959178984165192206e-01
2.986270785331726074e-01
2.988393604755401611e-01
2.992456555366516113e-01
2.985565662384033203e-01
2.989182472229003906e-01
2.992304265499114990e-01
2.994080185890197754e-01
2.975937128067017157e-01
2.976284325122833252e-01
2.974748313426971436e-01
2.983456552028656006e-01
2.984060049057006836e-01
2.982325553894042969e-01
2.977274954319000244e-01
2.974983155727386475e-01
2.972585856914519709e-01
2.944974899291992188e-01
2.939136624336243231e-01
2.931603491306304932e-01
2.931781411170959473e-01
2.909882366657257080e-01
2.900321185588837225e-01
2.895804643630980890e-01
2.896001338958739679e-01
2.889237701892852783e-01
2.889325618743896484e-01
2.875660359859466553e-01
2.875384390354156494e-01
2.871382236480712891e-01
2.868099510669708252e-01
2.870773673057556152e-01
2.871808111667633057e-01
2.870804071426392157e-01
2.913430333137512207e-01
2.914460301399230957e-01
2.917058467864989679e-01
2.909640073776245117e-01
2.909862995147705078e-01
2.914234101772308350e-01
2.918315529823303223e-01
2.919966280460357666e-01
2.922725677490234375e-01
2.925197184085845947e-01
2.938171029090880793e-01
2.942448556423187256e-01
2.945316433906555176e-01
2.932840883731842041e-01
2.935739755630493164e-01
2.938675880432128906e-01
2.962872684001922607e-01
2.967012524604796808e-01
2.972175180912017822e-01
2.976570129394531250e-01
2.957529723644257147e-01
2.960150837898254395e-01
2.962192893028259277e-01
2.939166426658630371e-01
2.940651774406433105e-01
2.940043210983276367e-01
2.950508296489716131e-01
2.950220108032226562e-01
2.950241565704345703e-01
2.951474189758300781e-01
2.993240356445312500e-01
2.996999919414519709e-01
2.997415363788604736e-01
2.989730834960936945e-01
2.991316020488739014e-01
2.992953956127166748e-01
2.979415357112884521e-01
2.979671359062194824e-01
2.980191111564636230e-01
2.978533208370208740e-01
2.976413667201995850e-01
2.976450622081757147e-01
2.975940108299255371e-01
2.981830835342407227e-01
2.982006371021270752e-01
2.983609139919281006e-01
2.969596385955810547e-01
2.968305349349976141e-01
2.967673838138580322e-01
2.943987250328063965e-01
2.939980626106262207e-01
2.940070331096649170e-01
2.935649156570434570e-01
2.912490367889404297e-01
2.908644378185272217e-01
2.904915809631348211e-01
2.894068956375122070e-01
2.889700531959533691e-01
2.885121703147888184e-01
2.875415682792664129e-01
2.871091067790985107e-01
2.868134081363677979e-01
2.864444851875305176e-01
2.872046828269958496e-01
2.869479060173035223e-01
2.868143022060394287e-01
2.895072698593140204e-01
2.895689308643341064e-01
2.897064387798308771e-01
2.896920740604401190e-01
2.899565100669860840e-01
2.900602221488953192e-01
2.873887717723846436e-01
2.874124646186829168e-01
2.874036729335784912e-01
2.876099348068236750e-01
2.884870469570159912e-01
2.887478768825531006e-01
2.890418767929077148e-01
2.903798520565032959e-01
2.907744944095612127e-01
2.908804118633269709e-01
2.891148924827576239e-01
2.891593575477600098e-01
2.890225052833557129e-01
2.892949581146239679e-01
2.885771989822388250e-01
2.885582149028778076e-01
2.887358963489532471e-01
2.887245118618011475e-01
2.886216640472412109e-01
2.886676788330078125e-01
2.901099324226379395e-01
2.902893126010894775e-01
2.904525101184844971e-01
2.906619906425476074e-01
2.922740578651428223e-01
2.924614548683166504e-01
2.927183210849761963e-01
2.924706637859344482e-01
2.927850484848022461e-01
2.928425073623657227e-01
2.912164032459259033e-01
2.911672592163085938e-01
2.911608815193176270e-01
2.901559472084044855e-01
2.901221513748168945e-01
2.900570929050445557e-01
2.901074886322020929e-01
2.918523252010344904e-01
2.916580438613892157e-01
2.918174862861632746e-01
2.925530970096588135e-01
2.925699949264526367e-01
2.926827669143676758e-01
2.948449850082396906e-01
2.950536906719207764e-01
2.953167557716369629e-01
2.955656349658966064e-01
2.955676019191741943e-01
2.959048151969909668e-01
2.960433363914489746e-01
2.954329550266265869e-01
2.955887317657471258e-01
2.957333028316497803e-01
2.969675362110137939e-01
2.971332371234893799e-01
2.972312867641448975e-01
2.973743081092834473e-01
2.971267402172089178e-01
2.971171438694000244e-01
2.972847223281860352e-01
2.970117032527924139e-01
2.969267070293426514e-01
2.970857918262481689e-01
2.957220077514648438e-01
2.957446575164794922e-01
2.957060635089874268e-01
2.960900664329528809e-01
2.960018515586853027e-01
2.958559393882751465e-01
2.957037985324860174e-01
2.954257726669311523e-01
2.952925562858580988e-01
2.952549159526824951e-01
2.950130999088287354e-01
2.948540449142456055e-01
2.946235835552216131e-01
2.925354540348052979e-01
2.921355068683624268e-01
2.919152677059173584e-01
2.916378676891326904e-01
2.925190329551696777e-01
2.922663688659667969e-01
2.921771407127380371e-01
2.912257611751556396e-01
2.910331785678863525e-01
2.908818721771239679e-01
2.946800589561462402e-01
2.947391867637634277e-01
2.949483692646026611e-01
2.951047420501708984e-01
2.956135571002960205e-01
2.959833145141601562e-01
2.961770892143248957e-01
2.958302795886992853e-01
2.961468696594238281e-01
2.964221835136413574e-01
2.938841283321381170e-01
2.940033674240112305e-01
2.940929234027862549e-01
2.960663735866546631e-01
2.962075471878051758e-01
2.963314056396484375e-01
2.963783740997314453e-01
2.971251904964447021e-01
2.972669601440429688e-01
2.973800897598266602e-01
2.980129420757293701e-01
2.980963885784149170e-01
2.981120944023132324e-01
2.968200147151947021e-01
2.968857884407043457e-01
2.969638109207152765e-01
2.969800829887390137e-01
2.971276938915253241e-01
2.971392869949340820e-01
2.973529398441315252e-01
2.993658483028411865e-01
2.995712459087371826e-01
2.996289730072020929e-01
2.990336418151855469e-01
2.990664839744567871e-01
2.993305325508117676e-01
2.994374334812164307e-01
2.973733544349670410e-01
2.974214553833007812e-01
2.973644733428955078e-01
2.998146414756774902e-01
2.998181283473968506e-01
2.996972799301147461e-01
2.984976768493652344e-01
2.983517050743103027e-01
2.982445955276489258e-01
2.978695929050445557e-01
2.970572710037231445e-01
2.968272864818572998e-01
2.964324653148651123e-01
2.978030145168304443e-01
2.975642085075378418e-01
2.973427176475524902e-01
2.969782948493956964e-01
2.967871427536010742e-01
2.967422008514404297e-01
2.957642674446105957e-01
2.955827713012695312e-01
2.954804897308349609e-01
2.954062521457672119e-01
2.937356531620025635e-01
2.935667932033538818e-01
2.934189140796660822e-01
2.934056520462036133e-01
2.932015061378479004e-01
2.930453121662139893e-01
2.948014438152313232e-01
2.948235571384429932e-01
2.947837114334106445e-01
2.948548793792725164e-01
2.946289479732512873e-01
2.948623299598693848e-01
2.948592901229858398e-01
2.964209318161010742e-01
2.966727316379547119e-01
2.970007359981536865e-01
2.960393428802489679e-01
2.960501611232757568e-01
2.960442006587982178e-01
2.939533293247222900e-01
2.937297224998474121e-01
2.936840355396270752e-01
2.934192717075347900e-01
2.928853929042816162e-01
2.927302122116088867e-01
2.925204038619995117e-01
2.911012768745422363e-01
2.910050153732299805e-01
2.906883358955383301e-01
2.925715744495391846e-01
2.926793396472930908e-01
2.927979528903961182e-01
2.926842272281646729e-01
2.945776581764221191e-01
2.946875691413879395e-01
2.947896718978881836e-01
2.932430505752563477e-01
2.932865023612976074e-01
2.933433651924132746e-01
2.958484590053558350e-01
2.961437404155731201e-01
2.964740395545959473e-01
2.967853248119354248e-01
2.957716882228851318e-01
2.960559129714965820e-01
2.962500154972076416e-01
2.955600023269652765e-01
2.956261634826660156e-01
2.958453297615051270e-01
2.973004281520843506e-01
2.973966598510742188e-01
2.976028025150299072e-01
2.976668477058410645e-01
2.954338788986206055e-01
2.954928576946258545e-01
2.955184578895568848e-01
2.959424555301666260e-01
2.959439158439636230e-01
2.959460616111755371e-01
2.952671945095062256e-01
2.951409518718719482e-01
2.951453924179077148e-01
2.963861227035522461e-01
2.963720262050629217e-01
2.962324619293212891e-01
2.963218390941619873e-01
2.954226732254028320e-01
2.952530980110168457e-01
2.952255904674530029e-01
2.942671179771423340e-01
2.941276431083679199e-01
2.938334047794342041e-01
2.937631905078887939e-01
2.935522198677062988e-01
2.933168113231658936e-01
2.930749952793120783e-01
2.925635576248168945e-01
2.924124002456665039e-01
2.921583056449890137e-01
2.928331196308135986e-01
2.928768396377563477e-01
2.928992807865142822e-01
2.910196185111999512e-01
2.908884286880493164e-01
2.908823192119598389e-01
2.895579636096954346e-01
2.892504036426544189e-01
2.892440855503082275e-01
2.892076969146728516e-01
2.890160083770751953e-01
2.888991236686706543e-01
2.887907028198242188e-01
2.905770242214202881e-01
2.906568050384520929e-01
2.906885445117950439e-01
2.889415025711060125e-01
2.889370918273925781e-01
2.888680100440979004e-01
2.887978553771973211e-01
2.894993126392364502e-01
2.894464433193206787e-01
2.895106375217437744e-01
2.903836667537689209e-01
2.905033230781555176e-01
2.907478809356688898e-01
2.902302145957946777e-01
2.904159128665924072e-01
2.905443310737609863e-01
2.906811535358428955e-01
2.920455932617187500e-01
2.922700643539429266e-01
2.923933863639831543e-01
2.934415042400360107e-01
2.937928736209868830e-01
2.938950955867767334e-01
2.950983047485352118e-01
2.952422499656677246e-01
2.953382134437561035e-01
2.953567504882812500e-01
2.955442070960998535e-01
2.955789566040039062e-01
2.959436774253845215e-01
2.976464331150054932e-01
2.978906333446503241e-01
2.981869876384735107e-01
2.995697557926177979e-01
2.999961376190184992e-01
3.003773093223571777e-01
3.000240027904510498e-01
3.002664148807525635e-01
3.004522919654846191e-01
3.005665838718414307e-01
2.986544072628021240e-01
2.987946271896362305e-01
2.987108826637268066e-01
2.977588176727294922e-01
2.976495921611785889e-01
2.974545061588287354e-01
2.959004640579224188e-01
2.955519258975983221e-01
2.953083813190460205e-01
2.951510250568389893e-01
2.922673225402832031e-01
2.919464707374572754e-01
2.914764285087584894e-01
2.932109832763671875e-01
2.928388416767120361e-01
2.923915088176727295e-01
2.896718978881835938e-01
2.891633212566375732e-01
2.886986732482910156e-01
2.898860573768615723e-01
2.895222306251525879e-01
2.891371846199036200e-01
2.887511253356933594e-01
2.873251438140869141e-01
2.868951857089996338e-01
2.868217825889587402e-01
2.848549783229827881e-01
2.846005856990814209e-01
2.842955589294433594e-01
2.864758372306823730e-01
2.863324582576752264e-01
2.864003181457519531e-01
2.865708768367767334e-01
2.852651476860046387e-01
2.854664027690887451e-01
2.856788635253906250e-01
2.869474291801453192e-01
2.871703207492828369e-01
2.873964607715607245e-01
2.887982428073883057e-01
2.890802621841431219e-01
2.895145118236541748e-01
2.898567020893096924e-01
2.931959033012390137e-01
2.938087582588195801e-01
2.943106591701508123e-01
2.939586341381072998e-01
2.946035265922546387e-01
2.950349748134613037e-01
2.963394522666931152e-01
2.966526746749877930e-01
2.971898019313812256e-01
2.971149086952208918e-01
2.974757254123687744e-01
2.978537082672119141e-01
2.982265949249268133e-01
2.948393225669860840e-01
2.947689592838287354e-01
2.947787642478942871e-01
2.946703135967254639e-01
2.944431304931641180e-01
2.943645715713500977e-01
2.951255738735198975e-01
2.948133647441864014e-01
2.944590747356414795e-01
2.943183779716492254e-01
2.963582575321196955e-01
2.961789369583129883e-01
2.959979474544525146e-01
2.949773669242858887e-01
2.947862446308135986e-01
2.948541939258575439e-01
2.941250503063201904e-01
2.941649556159973145e-01
2.939615547657012939e-01
2.939323186874389648e-01
2.923451066017150879e-01
2.920197844505310059e-01
2.918274998664855957e-01
2.929117083549499512e-01
2.928348183631896973e-01
2.926570773124694824e-01
2.940861582756042480e-01
2.939731478691101074e-01
2.940792143344879150e-01
2.935341000556945801e-01
2.935369312763214111e-01
2.935161888599395752e-01
2.936151921749114990e-01
2.931960225105285645e-01
2.931561470031738281e-01
2.931254804134368896e-01
2.926980555057525635e-01
2.927274405956268311e-01
2.926971614360808771e-01
2.911203503608704168e-01
2.909943759441375732e-01
2.910390496253967285e-01
2.910372316837310791e-01
2.900786399841309149e-01
2.898734807968140204e-01
2.898536622524260919e-01
2.918435335159301758e-01
2.918547391891479492e-01
2.917401194572448730e-01
2.933375239372252863e-01
2.935266196727753241e-01
2.937539815902709961e-01
2.940989434719085693e-01
2.950194478034973145e-01
2.951774597167968750e-01
2.954678535461425781e-01
2.958823740482330322e-01
2.961293160915374756e-01
2.965912222862244207e-01
2.967192530632019043e-01
2.969519793987274170e-01
2.972890138626098633e-01
2.975884974002838135e-01
2.968674898147583008e-01
2.969753742218017578e-01
2.972246110439300537e-01
2.957815825939178467e-01
2.956571280956268311e-01
2.957518994808197021e-01
2.963937222957611084e-01
2.964746952056884766e-01
2.963961660861968994e-01
2.962443530559539795e-01
2.962557673454285223e-01
2.961496114730834961e-01
2.960169017314910889e-01
2.974556088447570801e-01
2.974594831466674805e-01
2.974708080291748047e-01
2.959831953048706055e-01
2.958488762378693182e-01
2.958202660083770752e-01
2.947537302970886230e-01
2.944725155830383301e-01
2.942943871021270752e-01
2.939592897891998291e-01
2.935006618499755859e-01
2.933057844638824463e-01
2.931367158889770508e-01
2.927130758762360174e-01
2.923810482025146484e-01
2.920052707195281982e-01
2.923655807971954346e-01
2.922175228595733643e-01
2.920404076576232910e-01
2.919214069843292236e-01
2.902409434318542480e-01
2.899798154830933172e-01
2.897817194461822510e-01
2.892477512359619141e-01
2.891112565994263250e-01
2.889837920665740967e-01
2.876676023006439209e-01
2.876065373420715332e-01
2.875616550445557196e-01
2.893067300319672186e-01
2.892400324344635010e-01
2.894626855850219727e-01
2.895804643630980890e-01
2.910500168800354004e-01
2.913776636123657227e-01
2.914831638336181641e-01
2.902609407901763916e-01
2.905312776565551758e-01
2.906243205070496161e-01
2.885714471340179443e-01
2.886077761650084894e-01
2.884910404682159424e-01
2.885654568672180176e-01
2.897793948650360107e-01
2.898413538932800293e-01
2.899458706378936768e-01
2.928661406040192206e-01
2.931665182113647461e-01
2.937194705009460449e-01
2.918376028537750244e-01
2.920445799827576239e-01
2.922163903713226318e-01
2.924195230007172186e-01
2.941132187843322754e-01
2.945304811000823975e-01
2.947782874107360840e-01
2.940249443054199219e-01
2.943581938743591309e-01
2.944868505001068115e-01
2.948514819145202637e-01
2.949759960174560547e-01
2.950420975685120184e-01
2.954442799091339111e-01
2.954494655132293701e-01
2.954279780387878418e-01
2.954484224319458008e-01
2.922404706478118896e-01
2.919684648513793945e-01
2.918259203433990479e-01
2.906745076179504395e-01
2.903687357902526855e-01
2.899474799633026123e-01
2.900444865226745605e-01
2.896680235862731934e-01
2.894404530525207520e-01
2.890758216381072998e-01
2.901020050048828125e-01
2.900305092334747314e-01
2.896862924098968506e-01
2.904945909976959229e-01
2.903654277324676514e-01
2.903483211994171143e-01
2.908747494220733643e-01
2.910410761833190918e-01
2.909751832485198975e-01
2.935331761837005615e-01
2.938725948333739679e-01
2.940056324005126953e-01
2.944896519184112549e-01
2.956082224845886230e-01
2.959728240966796875e-01
2.962669432163238525e-01
2.950835824012756348e-01
2.952561676502227783e-01
2.955241799354553223e-01
2.967728972434997559e-01
2.970457375049591064e-01
2.973649203777313232e-01
2.975342869758605957e-01
2.978952825069427490e-01
2.981189787387847900e-01
2.982968389987945557e-01
2.972949445247650146e-01
2.972810864448547363e-01
2.972815632820128839e-01
2.972363829612731934e-01
2.971546649932860773e-01
2.971371412277221680e-01
2.972795665264129639e-01
2.994544804096221924e-01
2.995920479297637939e-01
2.996463775634765625e-01
2.997747957706451416e-01
2.996452450752258301e-01
2.997861504554748535e-01
2.986772060394287109e-01
2.986235618591309149e-01
2.986727952957152765e-01
2.989366948604583740e-01
2.988743185997009277e-01
2.988712191581726074e-01
2.988010644912719727e-01
3.022229671478271484e-01
3.024412989616394043e-01
3.024858832359313965e-01
3.005132377147674561e-01
3.004548549652100164e-01
3.002251684665679932e-01
3.004007637500762939e-01
3.004644811153411865e-01
3.003120422363281250e-01
3.003146946430206299e-01
3.001719415187836248e-01
3.001342117786407471e-01
2.999755144119263250e-01
2.987772822380065918e-01
2.987163066864013672e-01
2.986343502998352051e-01
2.972920238971710205e-01
2.970277667045593262e-01
2.968817651271820068e-01
2.964951097965240479e-01
2.947206199169158936e-01
2.945231199264526367e-01
2.941208481788635254e-01
2.957124710083007812e-01
2.955048680305480957e-01
2.953165769577026367e-01
2.920780181884765625e-01
2.917131483554840088e-01
2.912935316562653143e-01
2.910014688968658447e-01
2.934488058090209961e-01
2.933947145938872736e-01
2.934592068195343018e-01
2.938727140426635742e-01
2.938451468944549561e-01
2.939230799674987793e-01
2.943354547023773193e-01
2.943310141563415527e-01
2.943150997161865234e-01
2.925511300563812256e-01
2.927123308181763250e-01
2.926951646804809570e-01
2.926781177520751953e-01
2.939157485961914062e-01
2.938648462295532227e-01
2.940128743648529053e-01
2.927659749984741211e-01
2.927346527576446533e-01
2.930079698562622070e-01
2.928346097469329834e-01
2.928878068923950195e-01
2.930371463298797607e-01
2.932745814323424738e-01
2.943127751350402832e-01
2.945609092712402344e-01
2.947611212730408270e-01
2.953946590423583984e-01
2.955927848815917969e-01
2.958694398403167725e-01
2.976890206336975098e-01
2.980403900146484375e-01
2.985399663448333740e-01
2.987518608570098877e-01
2.971362471580504816e-01
2.972702682018280029e-01
2.973402440547943115e-01
2.978476285934448242e-01
2.979257702827453613e-01
2.980670630931854248e-01
2.960275113582611084e-01
2.960087656974792480e-01
2.958850860595703125e-01
2.955903410911560059e-01
2.953925132751464844e-01
2.953127324581146240e-01
2.953478395938872736e-01
2.957337498664855957e-01
2.956588864326477051e-01
2.957469522953032892e-01
2.950283885002136230e-01
2.949761748313903809e-01
2.950339317321776789e-01
2.963624596595764160e-01
2.963551282882690430e-01
2.962069213390350342e-01
2.963294088840485174e-01
2.939535081386566162e-01
2.938798964023590088e-01
2.935908734798431396e-01
2.935926914215087891e-01
2.933997511863708496e-01
2.934019267559051514e-01
2.925159633159636896e-01
2.923102676868439276e-01
2.922078669071196955e-01
2.937268614768981934e-01
2.937298119068145752e-01
2.937666475772857666e-01
2.937559783458709717e-01
2.915920615196228027e-01
2.916090190410614014e-01
2.914226949214935303e-01
2.894716560840607245e-01
2.892415821552277166e-01
2.890609502792358398e-01
2.871080935001372736e-01
2.869618833065032959e-01
2.869973778724670410e-01
2.867449522018433172e-01
2.876786589622497559e-01
2.874438762664794922e-01
2.872678637504577637e-01
2.901092767715454102e-01
2.900668084621428888e-01
2.903109490871428888e-01
2.928137481212615967e-01
2.931931018829345703e-01
2.934024035930632990e-01
2.938916385173797607e-01
2.945103049278259277e-01
2.951129972934722900e-01
2.954833805561065674e-01
2.967773675918579102e-01
2.972038090229034424e-01
2.976140379905701239e-01
2.964282929897308350e-01
2.967306077480316162e-01
2.970263361930847168e-01
2.949588894844055176e-01
2.951491475105285645e-01
2.952471375465393066e-01
2.953455150127410889e-01
2.960087060928344727e-01
2.959490120410919189e-01
2.960358560085297186e-01
2.963005602359771729e-01
2.963339090347290039e-01
2.963605225086212158e-01
2.932720184326171875e-01
2.929973304271697998e-01
2.927895188331604004e-01
2.926159501075745184e-01
2.954848706722259521e-01
2.954993247985839844e-01
2.954155206680297852e-01
2.966018617153167725e-01
2.965058386325836182e-01
2.966673076152800959e-01
2.961019873619080145e-01
2.961364984512329102e-01
2.962760329246520996e-01
2.962522506713867188e-01
2.972643673419952393e-01
2.973887026309967041e-01
2.975246310234069824e-01
2.959850728511810303e-01
2.960550785064697266e-01
2.960777580738068182e-01
2.949512600898743231e-01
2.949318885803223211e-01
2.947545647621154785e-01
2.947846353054046631e-01
2.947717308998107910e-01
2.947241663932800293e-01
2.946086823940277100e-01
2.947375774383544922e-01
2.947605252265930176e-01
2.947367429733276367e-01
2.941271960735321045e-01
2.941228151321411133e-01
2.938729822635650635e-01
2.942368686199188232e-01
2.941726744174957275e-01
2.939931750297546387e-01
2.938381731510162354e-01
2.937966585159301758e-01
2.935993671417236328e-01
2.935078442096710205e-01
2.926643192768096924e-01
2.924040257930756170e-01
2.924359440803527832e-01
2.944056689739227295e-01
2.945038080215454102e-01
2.946491241455078125e-01
2.946789860725402832e-01
2.966372370719909668e-01
2.970637679100037176e-01
2.972306907176971436e-01
2.980701327323913574e-01
2.983475029468536377e-01
2.986086010932922363e-01
3.020114302635192871e-01
3.025095760822296143e-01
3.028678297996520996e-01
3.035300672054290771e-01
3.016797006130218506e-01
3.018038868904113770e-01
3.021350204944610596e-01
2.997704744338989258e-01
2.997113168239592951e-01
2.996200621128082275e-01
2.997676432132720947e-01
2.996692657470703125e-01
2.994423806667327881e-01
2.985515892505645752e-01
2.983867228031158447e-01
2.981866300106049139e-01
2.979071140289306641e-01
2.966388761997222900e-01
2.964071333408356268e-01
2.961457669734954834e-01
2.962262034416198730e-01
2.960757613182067871e-01
2.958883643150329590e-01
2.960778176784515381e-01
2.959095835685729980e-01
2.957324385643004816e-01
2.957002818584442139e-01
2.966626286506652832e-01
2.965537607669830322e-01
2.966009080410004217e-01
2.965576648712158203e-01
2.966651916503906250e-01
2.966851890087128241e-01
2.924956679344177246e-01
2.922270298004150391e-01
2.921625375747681219e-01
2.953623235225676935e-01
2.954587340354919434e-01
2.953133583068848211e-01
2.953276634216309149e-01
2.936327159404754639e-01
2.936785519123076837e-01
2.935878336429595947e-01
2.953681647777556818e-01
2.954087257385253906e-01
2.956133186817169189e-01
2.951770126819610596e-01
2.952954173088073730e-01
2.954490184783935547e-01
2.954890429973602295e-01
2.958264946937561035e-01
2.959989607334136963e-01
2.960305511951446533e-01
2.953484356403350830e-01
2.954289615154266357e-01
2.954941391944885254e-01
2.960432767868041992e-01
2.961512804031372070e-01
2.961390316486358643e-01
2.962976396083831787e-01
2.982329130172728937e-01
2.984468042850494385e-01
2.985833585262298584e-01
3.007133901119232178e-01
3.010478913784027100e-01
3.013635873794556219e-01
2.997431159019470215e-01
2.999262809753417969e-01
3.000113964080810547e-01
3.003376722335815430e-01
3.016750216484069824e-01
3.019937276840209961e-01
3.022085428237915039e-01
3.011888265609741211e-01
3.012777268886566162e-01
3.014002442359924316e-01
3.005020022392272949e-01
3.005206882953643799e-01
3.003570139408112127e-01
3.012174069881439209e-01
3.011072874069213867e-01
3.010407686233520508e-01
3.009994029998779297e-01
3.001442849636077881e-01
3.001165986061096191e-01
2.999038100242614746e-01
3.001950085163116455e-01
2.999732792377471924e-01
2.999142408370972235e-01
2.984495460987091064e-01
2.980871200561523438e-01
2.978868186473846436e-01
2.977066338062286377e-01
2.982880473136901855e-01
2.982941269874572754e-01
2.978004217147827148e-01
2.958210706710815430e-01
2.955863177776337225e-01
2.952215671539306641e-01
2.946108281612396240e-01
2.943478524684906006e-01
2.940701842308044434e-01
2.938041687011718750e-01
2.927158474922180176e-01
2.924022972583770752e-01
2.921162545680999756e-01
2.919379770755767822e-01
2.917529642581940252e-01
2.915973663330078125e-01
2.908636331558227539e-01
2.907060980796813965e-01
2.907485067844390869e-01
2.916733920574188232e-01
2.917116284370422363e-01
2.917545437812805176e-01
2.917407453060150146e-01
2.900211215019226074e-01
2.900871634483336847e-01
2.900459766387939453e-01
2.893299162387847900e-01
2.892780303955078125e-01
2.892367541790008545e-01
2.903390824794768732e-01
2.904644906520843506e-01
2.903577387332916260e-01
2.905630171298981268e-01
2.902209758758544922e-01
2.902229130268096924e-01
2.904141843318939209e-01
2.934384047985076904e-01
2.937605679035186768e-01
2.940698564052581787e-01
2.938943505287170410e-01
2.941853702068328857e-01
2.945440113544464111e-01
2.949245572090148926e-01
2.921248376369476318e-01
2.923374176025390625e-01
2.925526797771453857e-01
2.930241525173187256e-01
2.930593490600585938e-01
2.932442724704742432e-01
2.945164442062377930e-01
2.945830225944519043e-01
2.946637272834777832e-01
2.941966652870178223e-01
2.944076061248779297e-01
2.944878935813903809e-01
2.944510579109191895e-01
2.975293099880218506e-01
2.976995408535004217e-01
2.980339229106903076e-01
2.980034649372100830e-01
2.981657087802886963e-01
2.983050644397736151e-01
2.961408495903015137e-01
2.960711121559143066e-01
2.961210012435913086e-01
2.961258888244628906e-01
2.967217862606049139e-01
2.967416346073150635e-01
2.966021001338958740e-01
2.971741259098052979e-01
2.971677184104919434e-01
2.971993982791901190e-01
2.964091002941132147e-01
2.962985634803771973e-01
2.961442172527313232e-01
2.961935698986052912e-01
2.957337200641632080e-01
2.955255210399628241e-01
2.954141497611999512e-01
2.948442697525024414e-01
2.946674525737762451e-01
2.944527566432952881e-01
2.948636114597321112e-01
2.946586310863494873e-01
2.944882214069366455e-01
2.948601543903350830e-01
2.948547601699829102e-01
2.949956059455872137e-01
2.948588132858276367e-01
2.970680296421051025e-01
2.973781228065490723e-01
2.974072694778442383e-01
2.968116700649260919e-01
2.968391180038452148e-01
2.968617677688598633e-01
2.979564964771270752e-01
2.981196939945220947e-01
2.982257306575775146e-01
2.983876466751098633e-01
2.972369194030761719e-01
2.971301376819610596e-01
2.971280515193939209e-01
2.945966720581055243e-01
2.943968772888184149e-01
2.941559255123138428e-01
2.933785617351531982e-01
2.930346429347991943e-01
2.926712632179260254e-01
2.906806170940399170e-01
2.903213202953338623e-01
2.901414632797241211e-01
2.897253334522247314e-01
2.910333573818206787e-01
2.907667160034180243e-01
2.906059324741363525e-01
2.912943065166472834e-01
2.913168668746948242e-01
2.912628352642059326e-01
2.925586104393004816e-01
2.925571501255035400e-01
2.926924228668212891e-01
2.926615476608276367e-01
2.942980229854583740e-01
2.945007383823394775e-01
2.947503924369812012e-01
2.936036586761474609e-01
2.938853800296783447e-01
2.940642833709716797e-01
2.938320040702819824e-01
2.939299345016479492e-01
2.940843403339385986e-01
2.940514683723449707e-01
2.937059998512268066e-01
2.938317954540253241e-01
2.938257455825805664e-01
2.915206551551818848e-01
2.915295064449310303e-01
2.913080751895904541e-01
2.930555045604705811e-01
2.931166589260100763e-01
2.930233478546142578e-01
2.930514216423035223e-01
2.957887649536132812e-01
2.959680259227753241e-01
2.960034012794494629e-01
2.933591008186340332e-01
2.931830883026123047e-01
2.933658957481384277e-01
2.931804060935974121e-01
2.931087911128997803e-01
2.930029332637786865e-01
2.910661399364471436e-01
2.907718718051910400e-01
2.905285954475402832e-01
2.905920743942260742e-01
2.912969887256622314e-01
2.912507653236389160e-01
2.911363840103148859e-01
2.922981083393096924e-01
2.921907305717468262e-01
2.921814620494842529e-01
2.934227585792540949e-01
2.934541702270507812e-01
2.935083508491516113e-01
2.935453057289123535e-01
2.953135371208190918e-01
2.955647110939025879e-01
2.957791090011597235e-01
2.958940863609313965e-01
2.959971427917480469e-01
2.962187230587005615e-01
2.954737246036528986e-01
2.955424487590789795e-01
2.958458960056304932e-01
2.963027060031890869e-01
2.963300645351409912e-01
2.966393828392028809e-01
2.965836822986602783e-01
2.982309758663176935e-01
2.983009219169617254e-01
2.985574305057525635e-01
2.989286184310913086e-01
2.990475893020629883e-01
2.991095781326293945e-01
2.984307408332825262e-01
2.983998358249664307e-01
2.983947694301605225e-01
2.984375059604644775e-01
2.996302843093872070e-01
2.996801733970642090e-01
2.996932268142700195e-01
2.982161045074462891e-01
2.980639636516571045e-01
2.980000078678131104e-01
2.956311106681823730e-01
2.953530848026276190e-01
2.951412498950958252e-01
2.948687374591827393e-01
2.947818338871002197e-01
2.945229113101959229e-01
2.943357825279235840e-01
2.946277558803558350e-01
2.946098744869232178e-01
2.943476736545562744e-01
2.952604591846466064e-01
2.951742708683013916e-01
2.950364053249359131e-01
2.957414388656616211e-01
2.957680523395538330e-01
2.957089841365814209e-01
2.958526015281677246e-01
2.941471636295318604e-01
2.941683828830718994e-01
2.939872443675994873e-01
2.940217554569244385e-01
2.938671112060546875e-01
2.937870323657988947e-01
2.931060791015625000e-01
2.929512262344360352e-01
2.929522395133972168e-01
2.927858233451843262e-01
2.944840192794799805e-01
2.945766746997833252e-01
2.945849001407623291e-01
2.943445742130279541e-01
2.944495975971221924e-01
2.944904863834381104e-01
2.952872216701508123e-01
2.954946160316467285e-01
2.953998148441315252e-01
2.955491542816162109e-01
2.974764108657836914e-01
2.975315451622009277e-01
2.978588342666625977e-01
2.980117201805114746e-01
2.981154620647430420e-01
2.981208562850952148e-01
2.946089208126068115e-01
2.943978011608123779e-01
2.942510545253753662e-01
2.947303950786590576e-01
2.946087419986724854e-01
2.945283651351929266e-01
2.943162918090820312e-01
2.916392385959625244e-01
2.914374768733978271e-01
2.910413146018981934e-01
2.932837009429932196e-01
2.932159900665283203e-01
2.929570674896239679e-01
2.926729321479796808e-01
2.926555275917053223e-01
2.926133573055267334e-01
2.925251126289368231e-01
2.909882366657257080e-01
2.907606363296508789e-01
2.905936837196350098e-01
2.912953197956085205e-01
2.911803424358367920e-01
2.911866009235382080e-01
2.919712364673614502e-01
2.920387983322144110e-01
2.919738590717316229e-01
2.919003963470458984e-01
2.923021316528320312e-01
2.924629151821136475e-01
2.923813164234160822e-01
2.955807745456696112e-01
2.958239018917083740e-01
2.959158122539519709e-01
2.954489588737487793e-01
2.956996560096740723e-01
2.959272563457489014e-01
2.962487637996673584e-01
2.955655753612518311e-01
2.957110106945037842e-01
2.957708537578582764e-01
2.986173629760742188e-01
2.988579571247100830e-01
2.991451919078826904e-01
3.027028441429138184e-01
3.031989037990570068e-01
3.036471903324127197e-01
3.035596311092377264e-01
3.039241731166840155e-01
3.042562305927277166e-01
3.043337464332581122e-01
3.012507855892180841e-01
3.012610375881195068e-01
3.011161684989929199e-01
3.021248281002045233e-01
3.020713329315184992e-01
3.020755052566528320e-01
3.003781139850616455e-01
3.001443743705748957e-01
2.999885380268096924e-01
2.996292412281036377e-01
2.982792854309082031e-01
2.979764044284821112e-01
2.976104021072388250e-01
2.966571152210236151e-01
2.963821887969971258e-01
2.960805892944335938e-01
2.946115136146544855e-01
2.942619025707244873e-01
2.938789129257202148e-01
2.929439246654510498e-01
2.926548719406127930e-01
2.922930419445037842e-01
2.920484244823455811e-01
2.907676696777343750e-01
2.903867959976196289e-01
2.900032401084899902e-01
2.914871871471405029e-01
2.913389503955841064e-01
2.911996841430664062e-01
2.906351983547211248e-01
2.904541194438934326e-01
2.902518212795257568e-01
2.903131544589996338e-01
2.896896898746490479e-01
2.896813154220581055e-01
2.896957397460936945e-01
2.908497452735900879e-01
2.910400032997131348e-01
2.910763621330261230e-01
2.901484966278076172e-01
2.901406884193420410e-01
2.902664244174957275e-01
2.902748882770538330e-01
2.885911166667938232e-01
2.884716391563415527e-01
2.883677184581757147e-01
2.891995310783386230e-01
2.891447246074676514e-01
2.892138957977294922e-01
2.918174266815184992e-01
2.920587360858917236e-01
2.923251688480377197e-01
2.928119599819183350e-01
2.930146455764770508e-01
2.934000492095947266e-01
2.937266826629639227e-01
2.943644523620604914e-01
2.945359945297241211e-01
2.948724925518035889e-01
2.940223515033721924e-01
2.942175567150115967e-01
2.943301498889923096e-01
2.942949831485748291e-01
2.944736480712890625e-01
2.944962978363037109e-01
2.944799363613129217e-01
2.944396436214447021e-01
2.943982183933258057e-01
2.944311499595642090e-01
2.966344058513640802e-01
2.966786623001098633e-01
2.968699932098389227e-01
2.982949614524840753e-01
2.984080016613006592e-01
2.985827922821044922e-01
2.988730072975159247e-01
2.976803779602050781e-01
2.979144454002380371e-01
2.978965640068054199e-01
2.968364357948303223e-01
2.969779968261718750e-01
2.970632314682006836e-01
2.973544895648956299e-01
2.973317801952362061e-01
2.974264621734619141e-01
2.973667681217193604e-01
2.972595691680908203e-01
2.971805930137634277e-01
2.972118854522705078e-01
2.975807189941406250e-01
2.975782155990601141e-01
2.975440919399260919e-01
2.957510650157928467e-01
2.957215309143066406e-01
2.955746948719025213e-01
2.959571182727813721e-01
2.959207296371459961e-01
2.957098186016082764e-01
2.957289218902587891e-01
2.954657375812530518e-01
2.953338623046875000e-01
2.953157126903533936e-01
2.963883280754088800e-01
2.964656651020050049e-01
2.964279949665069580e-01
2.979397773742675781e-01
2.979761660099028986e-01
2.980920374393463135e-01
2.982602119445800781e-01
2.942432165145874023e-01
2.941499650478363037e-01
2.940800786018372137e-01
2.922492325305939276e-01
2.920210361480712891e-01
2.918177545070648193e-01
2.940034568309783936e-01
2.939549386501312256e-01
2.939487695693969727e-01
2.935466170310974121e-01
2.935058772563934326e-01
2.933527827262878418e-01
2.932659983634948730e-01
2.935161888599395752e-01
2.935658097267150879e-01
2.934153676033020020e-01
2.930382490158081055e-01
2.928535044193267822e-01
2.929811179637908936e-01
2.947129309177399237e-01
2.948140203952788752e-01
2.949087321758269709e-01
2.949553728103637695e-01
2.936271131038665771e-01
2.935969829559326172e-01
2.936167418956757147e-01
2.958306074142456055e-01
2.961109578609466553e-01
2.962726056575775146e-01
2.970633208751678467e-01
2.972547411918640137e-01
2.973827719688415527e-01
2.977438569068909247e-01
2.977907657623291016e-01
2.981516718864440918e-01
2.983004748821258545e-01
2.995060682296752930e-01
2.998434603214263916e-01
2.999855577945709229e-01
2.983529567718505859e-01
2.984593510627746582e-01
2.984378635883331299e-01
2.983505725860596258e-01
2.982735931873320978e-01
2.983757853507996161e-01
2.984174191951752264e-01
2.967168688774108887e-01
2.964267730712890625e-01
2.962510287761688232e-01
2.937823832035065252e-01
2.933051884174346924e-01
2.930812835693359375e-01
2.945825159549713135e-01
2.943326830863953192e-01
2.939826846122741699e-01
2.934409081935882568e-01
2.923587560653686523e-01
2.920928299427032471e-01
2.916240096092224121e-01
2.943124175071716309e-01
2.942340373992919922e-01
2.939477860927581787e-01
2.959793806076049805e-01
2.958572804927825928e-01
2.959446310997009277e-01
2.959321737289429266e-01
2.969816923141479492e-01
2.968744635581970215e-01
2.968797385692596436e-01
2.979835271835327148e-01
2.980910837650299072e-01
2.982384264469146729e-01
2.968381941318511963e-01
2.969062328338623047e-01
2.969010472297668457e-01
2.969109416007996161e-01
2.939746975898743231e-01
2.937065064907073975e-01
2.935578823089600164e-01
2.917530536651611328e-01
2.914664745330810547e-01
2.910556793212890625e-01
2.908147871494293213e-01
2.904981970787048340e-01
2.902383506298065186e-01
2.896966338157653809e-01
2.893792688846588135e-01
2.891506254673004150e-01
2.889482378959655762e-01
2.904933393001556396e-01
2.904473543167114258e-01
2.904380857944488525e-01
2.891703248023986816e-01
2.890610992908477783e-01
2.891041636466979980e-01
2.907057106494904120e-01
2.909849286079406738e-01
2.911981046199798584e-01
2.911708950996398926e-01
2.917092144489288330e-01
2.919797301292419434e-01
2.921800315380096436e-01
2.925479114055632990e-01
2.925596237182617188e-01
2.925553023815155029e-01
2.918145656585692804e-01
2.917471230030060370e-01
2.918297648429870605e-01
2.921041250228881836e-01
2.910630404949188232e-01
2.911697626113892157e-01
2.912939786911010742e-01
2.932526767253875732e-01
2.933126091957092285e-01
2.936353087425231934e-01
2.956690788269042969e-01
2.959593534469604492e-01
2.962911427021026611e-01
2.954837381839752197e-01
2.958742976188660223e-01
2.961525321006774902e-01
2.964293658733367920e-01
2.954334020614624023e-01
2.954866886138916016e-01
2.956318259239196777e-01
2.974942624568939209e-01
2.976023554801940918e-01
2.977811098098754883e-01
3.000756204128264826e-01
3.002004623413085938e-01
3.002576231956481934e-01
3.004804849624633789e-01
2.991997003555297852e-01
2.991458475589752197e-01
2.990632355213164728e-01
3.000681102275848389e-01
2.999929785728454590e-01
2.999286055564880371e-01
2.989728152751922607e-01
2.989504635334014893e-01
2.988317310810089111e-01
3.002752661705017090e-01
3.002064228057860773e-01
3.001503944396973211e-01
3.000730276107788086e-01
2.982597947120666504e-01
2.981873750686644953e-01
2.980347275733947754e-01
2.968585193157196045e-01
2.965790033340454102e-01
2.964651286602019709e-01
2.968995273113250732e-01
2.966646254062653143e-01
2.965101301670074463e-01
2.963224649429320734e-01
2.949728369712829590e-01
2.950400412082672119e-01
2.948946654796600342e-01
2.947948575019836426e-01
2.945529222488403320e-01
2.945408523082733154e-01
2.935387790203094482e-01
2.935001850128173828e-01
2.932233214378356934e-01
2.931676208972930908e-01
2.909767031669617254e-01
2.907584011554718018e-01
2.904489040374755859e-01
2.917740643024445135e-01
2.915534973144531250e-01
2.914147377014160156e-01
2.909635305404663086e-01
2.909052073955535889e-01
2.909108102321624756e-01
2.916198372840880793e-01
2.914957404136657715e-01
2.916574478149414062e-01
2.917752265930175781e-01
2.912184894084930420e-01
2.912764251232147217e-01
2.914040684700012207e-01
2.916228771209716797e-01
2.917954623699188232e-01
2.918042242527008057e-01
2.911595106124877930e-01
2.913372516632080078e-01
2.911933362483978271e-01
2.913325428962707520e-01
2.921102046966552734e-01
2.921814620494842529e-01
2.924703061580657959e-01
2.910273969173431396e-01
2.911832630634307861e-01
2.912898659706115723e-01
2.916440367698668878e-01
2.917580902576446533e-01
2.918960452079772949e-01
2.920553088188171387e-01
2.912716865539550781e-01
2.915315330028533936e-01
2.917550206184387207e-01
2.932541668415069580e-01
2.936316132545471191e-01
2.939087748527526855e-01
2.931783795356750488e-01
2.935111224651337225e-01
2.936939299106597900e-01
2.940134108066558838e-01
2.917536199092864990e-01
2.919899225234984796e-01
2.921048402786254883e-01
2.897852957248687744e-01
2.897193729877471924e-01
2.897312641143798828e-01
2.905176579952239990e-01
2.903853356838226318e-01
2.903222739696503241e-01
2.886719703674316406e-01
2.883339226245880127e-01
2.883831560611724854e-01
2.884261310100555420e-01
2.912844419479370117e-01
2.915221452713013250e-01
2.916902899742126465e-01
2.896509766578674316e-01
2.896909117698668878e-01
2.897819280624389648e-01
2.915755808353424072e-01
2.917790412902832031e-01
2.920143306255341131e-01
2.922676801681518555e-01
2.913260161876678467e-01
2.914432287216186523e-01
2.915423810482025146e-01
2.935357689857482910e-01
2.937743961811065674e-01
2.940916717052460272e-01
2.955894172191619873e-01
2.960297763347625732e-01
2.963730692863464355e-01
2.955281138420104980e-01
2.958557605743408203e-01
2.961882650852203369e-01
2.965009510517120361e-01
2.959042787551879883e-01
2.961257696151732843e-01
2.963596880435944159e-01
2.945824563503264826e-01
2.946152389049530029e-01
2.946345508098602295e-01
2.923353612422943115e-01
2.921653687953948975e-01
2.920049726963043213e-01
2.918947339057922363e-01
2.959123849868774414e-01
2.959454953670501709e-01
2.959745526313781738e-01
2.977044582366943359e-01
2.978571653366088867e-01
2.979183495044708252e-01
2.979632914066315252e-01
2.980586886405944824e-01
2.981460392475128174e-01
2.982366383075714111e-01
2.992274165153503418e-01
2.993234694004058838e-01
2.994480133056641180e-01
2.980389297008514404e-01
2.981124222278594971e-01
2.981443405151367188e-01
2.967295050621033270e-01
2.967100143432617188e-01
2.967037856578826904e-01
2.964289784431456964e-01
2.963576912879943848e-01
2.962719202041625977e-01
2.961349785327911377e-01
2.935595810413361151e-01
2.933294475078582764e-01
2.930163443088531494e-01
2.934051156044006348e-01
2.931749820709228516e-01
2.929565906524658203e-01
2.928478717803955078e-01
2.927298247814178467e-01
2.925907969474792480e-01
2.925406992435455322e-01
2.930001914501189630e-01
2.930139601230620783e-01
2.930195927619934082e-01
2.916529178619384766e-01
2.916107177734375000e-01
2.916482686996459961e-01
2.907211482524871826e-01
2.906824946403503418e-01
2.906408607959747314e-01
2.906186878681182861e-01
2.922765612602233887e-01
2.924377322196960449e-01
2.925921976566315252e-01
2.925465106964111328e-01
2.927518188953400213e-01
2.929542064666748047e-01
2.913759052753448486e-01
2.914222776889801025e-01
2.914523780345916748e-01
2.914549410343170166e-01
2.931241095066070557e-01
2.932012379169464111e-01
2.932187914848328192e-01
2.921579182147980291e-01
2.925187945365905762e-01
2.925799489021301270e-01
2.931510210037231445e-01
2.932194769382476807e-01
2.933166027069091797e-01
2.935768663883209229e-01
2.937020361423492432e-01
2.938243746757507324e-01
2.940239608287811279e-01
2.923178076744080145e-01
2.923227250576019287e-01
2.923802137374877930e-01
2.929117977619171143e-01
2.930119931697844904e-01
2.930758297443389893e-01
2.926650345325469971e-01
2.926933169364929199e-01
2.927893102169036865e-01
2.928434312343596857e-01
2.932553887367248535e-01
2.933769822120666504e-01
2.935011684894561768e-01
2.928161025047302246e-01
2.928405404090880793e-01
2.930591702461243231e-01
2.910048663616180420e-01
2.909784615039824884e-01
2.913179695606232245e-01
2.911849915981292725e-01
2.919869720935820978e-01
2.921738624572753906e-01
2.922195494174957275e-01
2.910071909427642822e-01
2.909454703330993652e-01
2.908466160297393799e-01
2.915869653224945068e-01
2.915394008159636896e-01
2.915551960468292236e-01
2.930811643600463867e-01
2.931272685527800959e-01
2.930890917778015137e-01
2.934904098510742188e-01
2.937461137771606445e-01
2.938825488090515137e-01
2.940806448459625244e-01
2.912607192993164062e-01
2.913080453872681219e-01
2.912865281105040949e-01
2.937798500061035156e-01
2.939644753932952881e-01
2.940848469734191895e-01
2.942703664302825928e-01
2.933302223682404120e-01
2.934905588626861572e-01
2.935711145401000977e-01
2.917025387287139893e-01
2.916867434978485107e-01
2.915987968444824219e-01
2.916284799575805664e-01
2.916305661201477051e-01
2.915875613689422607e-01
2.915359437465667725e-01
2.912489175796508789e-01
2.911936640739440918e-01
2.911320626735687256e-01
2.927600443363189697e-01
2.928422689437866211e-01
