1.304924488067626953e+00
1.287345051765442117e+00
1.276736021041869895e+00
1.193120718002319114e+00
1.229553461074829102e+00
1.207494497299194336e+00
1.452566385269165039e+00
1.365517973899841309e+00
1.287812590599060059e+00
1.263303995132446289e+00
1.199677109718322754e+00
1.191813826560973899e+00
1.162629842758178711e+00
1.151811361312866211e+00
1.137575507164001687e+00
1.122055530548095703e+00
1.084066152572631836e+00
1.053099155426025391e+00
1.056363463401794434e+00
1.014618515968322754e+00
9.601637125015259899e-01
9.291704297065735974e-01
9.353319406509400524e-01
9.148058295249940075e-01
9.292778968811036266e-01
9.253174662590027966e-01
9.068854451179504395e-01
9.400510787963868298e-01
9.288674592971801758e-01
9.161279797554016113e-01
9.046382308006287731e-01
8.933268785476684570e-01
8.869933485984802246e-01
8.865153193473815918e-01
8.861504197120666504e-01
8.767905831336975098e-01
8.815693259239196777e-01
9.275809526443480335e-01
9.335318207740783691e-01
9.048091769218443714e-01
9.062907099723815918e-01
9.254238605499267578e-01
9.027186036109924316e-01
8.988264799118041992e-01
8.951670527458190918e-01
8.957685828208923340e-01
9.176069498062133789e-01
8.904829025268554688e-01
9.350109100341795765e-01
9.381067156791688122e-01
9.609780907630920410e-01
9.746634364128111683e-01
9.667921066284179688e-01
9.359849691390992321e-01
9.203663468360899769e-01
9.038324952125548206e-01
8.752448558807373047e-01
8.510750532150268555e-01
8.333239555358886719e-01
8.409162163734436035e-01
8.215217590332031250e-01
8.258404135704040527e-01
8.116762042045593262e-01
7.872580289840698242e-01
7.440734505653381348e-01
7.495066523551940918e-01
7.321031093597412109e-01
8.045224547386169434e-01
7.663793563842773438e-01
7.491200566291809082e-01
7.210512161254882812e-01
6.610134243965148926e-01
6.688081622123718262e-01
6.464372277259826660e-01
6.464372277259826660e-01
6.251463890075683594e-01
6.202287673950195312e-01
6.202287673950195312e-01
6.048954129219055176e-01
6.048954129219055176e-01
5.807379484176635742e-01
5.807379484176635742e-01
5.697734355926513672e-01
5.658605098724365234e-01
5.713361501693725586e-01
5.746043324470520020e-01
5.867123603820800781e-01
5.981047153472900391e-01
5.889503359794616699e-01
5.971084833145141602e-01
5.975521802902221680e-01
5.848652720451354980e-01
5.913746356964111328e-01
5.859150886535644531e-01
5.932524204254150391e-01
5.962074995040893555e-01
5.866297483444213867e-01
6.037366390228271484e-01
6.123819947242736816e-01
6.036510467529296875e-01
6.040909886360168457e-01
6.071074604988098145e-01
6.150471568107604980e-01
6.185458302497863770e-01
6.218025684356689453e-01
6.263083815574645996e-01
6.386772394180297852e-01
6.506034731864929199e-01
6.750501990318298340e-01
6.892153620719909668e-01
7.179387211799621582e-01
7.330560684204101562e-01
7.510397434234619141e-01
7.569485306739807129e-01
7.916604876518249512e-01
8.146296739578247070e-01
8.177862763404846191e-01
8.664653301239013672e-01
8.626487851142883301e-01
9.105777144432067871e-01
9.481129050254821777e-01
9.794993400573729359e-01
1.028358340263366699e+00
1.082666397094726562e+00
1.136074662208557129e+00
1.184345722198486328e+00
1.225879549980163574e+00
1.289726853370666504e+00
1.341400980949402078e+00
1.387203216552734375e+00
1.445564866065979004e+00
1.525552988052368164e+00
1.577463746070861816e+00
1.660071253776550293e+00
1.728304743766784890e+00
1.782155752182006836e+00
1.855282068252563699e+00
1.914121389389038086e+00
1.991016268730164018e+00
2.038086175918579102e+00
2.093437433242798296e+00
2.160493612289428711e+00
2.225028038024902344e+00
2.272609233856201172e+00
2.330961227416991743e+00
2.385733127593994141e+00
2.446511983871459961e+00
2.500755310058593750e+00
2.565680027008056641e+00
2.614124774932861328e+00
2.667316675186156782e+00
2.707974672317504883e+00
2.740809202194213867e+00
2.793324708938598189e+00
2.819346189498901367e+00
2.846946716308593750e+00
2.868510723114013672e+00
2.880082845687866211e+00
2.902492284774780273e+00
2.915961265563964844e+00
2.931577682495116743e+00
2.939665555953979492e+00
2.952627182006836382e+00
2.987629890441894531e+00
2.985802412033081055e+00
3.005818367004394531e+00
3.021590471267700195e+00
3.064638853073120117e+00
3.118933439254760742e+00
3.154366970062256303e+00
3.189862966537476030e+00
3.226451635360717773e+00
3.287982940673828125e+00
3.325688838958739790e+00
3.350463628768921343e+00
3.380904912948608398e+00
3.409070968627929688e+00
3.406086921691894531e+00
3.439447641372680664e+00
3.454879760742187500e+00
3.485109090805053711e+00
3.509897947311401367e+00
3.530671596527100053e+00
3.537006616592407227e+00
3.561933994293212891e+00
3.579278469085693359e+00
3.564099073410033736e+00
3.560538291931152344e+00
3.581684827804564986e+00
3.578146696090698242e+00
3.579026937484741211e+00
3.575169801712036133e+00
3.591020822525024414e+00
3.592849254608154297e+00
3.581138372421264648e+00
3.633351325988769531e+00
3.613981723785399947e+00
3.635146856307983843e+00
3.649790287017822266e+00
3.596744060516357422e+00
3.577507734298706055e+00
3.574086189270019531e+00
3.539579868316650391e+00
3.523955345153808594e+00
3.496646404266357422e+00
3.493299961090087891e+00
3.461431026458739790e+00
3.436280250549316406e+00
3.401643514633178711e+00
3.386046648025512695e+00
3.364443540573120117e+00
3.344530105590820312e+00
3.334408283233642578e+00
3.300243139266968218e+00
3.257745981216430664e+00
3.244668722152709961e+00
3.210235357284546343e+00
3.186163663864136186e+00
3.148155212402344194e+00
3.125068426132201704e+00
3.094096183776855469e+00
3.070824861526489258e+00
3.042941331863403764e+00
3.015615463256836382e+00
3.004714488983154297e+00
2.994032144546508789e+00
2.979764461517333984e+00
2.961499452590942383e+00
2.969208717346191406e+00
2.964138269424438477e+00
2.970748186111450195e+00
2.973794460296631303e+00
2.966305971145629883e+00
2.942948102951049805e+00
2.935089826583862305e+00
2.913429021835326704e+00
2.864526987075805664e+00
2.841945409774780273e+00
2.799732923507690430e+00
2.776618719100951704e+00
2.735137939453125000e+00
2.666611671447753906e+00
2.630375862121582031e+00
2.565122604370116743e+00
2.519542455673217773e+00
2.467338085174560547e+00
2.413350343704224077e+00
2.369590044021606445e+00
2.327389717102050781e+00
2.265215873718261719e+00
2.218642473220825195e+00
2.174723386764526367e+00
2.106471776962280273e+00
2.072273969650268999e+00
2.010973930358886719e+00
1.929779291152954102e+00
1.880881786346435547e+00
1.838393330574036089e+00
1.793639183044433594e+00
1.756027460098266602e+00
1.677698373794555664e+00
1.643319487571716309e+00
1.593932628631591797e+00
1.553830862045288086e+00
1.546868443489074707e+00
1.498375654220581055e+00
1.468357801437378152e+00
1.400937557220458984e+00
1.405058145523071289e+00
1.374180436134338379e+00
1.354591250419616699e+00
1.302578210830688477e+00
1.251400351524353027e+00
1.191615462303161621e+00
1.133423447608947754e+00
1.101171374320984109e+00
1.048051714897155762e+00
1.022297382354736328e+00
1.004795789718627930e+00
9.839349985122679554e-01
9.424213171005247913e-01
9.148423075675964355e-01
9.084695577621459961e-01
9.338766932487487793e-01
9.226923584938048206e-01
9.456737637519836426e-01
9.346840381622314453e-01
9.307463169097900391e-01
9.083446860313415527e-01
8.962484002113342285e-01
9.295617938041688122e-01
9.655462503433227539e-01
9.566069841384887695e-01
9.232984185218812145e-01
9.351071715354920544e-01
9.180949926376343884e-01
8.931117653846740723e-01
8.951444625854492188e-01
9.321737885475159802e-01
9.342689514160156250e-01
9.843201637268066406e-01
9.978502392768859863e-01
1.020483970642089844e+00
1.048244714736938477e+00
1.055336594581604004e+00
1.159819126129150391e+00
1.207226037979125977e+00
1.244833946228027122e+00
1.297039866447448730e+00
1.344287157058715820e+00
1.495808005332946777e+00
1.506125807762145996e+00
1.561231613159179688e+00
1.618798017501831055e+00
1.681807518005370872e+00
1.752236485481262207e+00
1.839725017547607644e+00
1.904174089431762695e+00
2.038114070892333984e+00
2.113445281982421875e+00
2.201933860778808594e+00
2.270311594009399414e+00
2.295726776123046875e+00
2.332629203796386719e+00
2.372839689254760742e+00
2.385524988174438477e+00
2.412196874618530273e+00
2.458116769790649414e+00
2.445497274398804155e+00
2.415054321289062500e+00
2.388108253479003906e+00
2.379695892333984375e+00
2.427686929702759233e+00
2.416743278503417969e+00
2.377535820007324219e+00
2.380873203277587891e+00
2.416128873825072798e+00
2.411630630493164062e+00
2.456902742385864258e+00
2.395620822906494141e+00
2.322837591171264648e+00
2.297335147857666016e+00
2.274170637130737305e+00
2.224423408508300781e+00
2.130402565002441406e+00
2.040424108505249023e+00
1.938879132270813210e+00
1.805858373641967995e+00
1.665984153747558594e+00
1.549365758895874023e+00
1.382569193840026855e+00
1.204799771308899148e+00
1.019602417945861816e+00
8.655268549919128418e-01
6.939200758934020996e-01
5.254445075988770641e-01
3.546225130558013916e-01
2.202486246824264526e-01
8.766026794910430908e-02
3.241707338020205064e-03
-6.908468902111052079e-02
-1.022035554051399231e-01
-1.038442999124526978e-01
-1.452121734619140625e-01
-1.541791558265686035e-01
-1.384280472993850708e-01
-1.614470034837722778e-01
-1.009943634271621565e-01
-4.413210973143577576e-02
-6.988414376974105835e-02
-1.338542532175779169e-02
4.188955202698708274e-02
4.734881594777106545e-02
1.157707646489143510e-01
1.644649207592010498e-01
2.593891620635986328e-01
2.898621857166290283e-01
3.391332030296325684e-01
4.579944014549255926e-01
5.298423767089843750e-01
5.551282167434692383e-01
6.302652955055236816e-01
6.770299077033996582e-01
6.988227963447570801e-01
7.851594090461730957e-01
8.442946672439575195e-01
8.494334816932678223e-01
9.602746963500975452e-01
1.056786298751830833e+00
1.109710216522216797e+00
1.117074012756347656e+00
1.199812889099120872e+00
1.263677000999450906e+00
1.283065319061279297e+00
1.274263501167297363e+00
1.331503033638000488e+00
1.329719305038451926e+00
1.369444847106933594e+00
1.301401138305664062e+00
1.285127401351928711e+00
1.238869786262512207e+00
1.143106818199157493e+00
1.096137523651122825e+00
9.882344007492064319e-01
8.488573431968688965e-01
7.319976687431335449e-01
6.294322013854979359e-01
5.106477141380310059e-01
4.109809994697570801e-01
3.043850362300872803e-01
1.345314383506774902e-01
2.921001240611076355e-02
-1.100708469748497009e-01
-2.602682113647460938e-01
-4.170342087745666504e-01
-5.452777147293090820e-01
-6.659706830978393555e-01
-7.713403105735778809e-01
-9.597288370132446289e-01
-9.937782883644104004e-01
-1.086675643920898438e+00
-1.145368933677673118e+00
-1.187079429626464844e+00
-1.141783475875854492e+00
-1.112924814224243164e+00
-1.125182867050170898e+00
-1.119726657867431641e+00
-1.078962206840515137e+00
-1.181975007057189941e+00
-1.132176041603088379e+00
-1.114090800285339355e+00
-1.029404163360595703e+00
-9.979150295257568359e-01
-9.554970860481262207e-01
-9.462879896163940430e-01
-9.565574526786804199e-01
-9.182146191596983753e-01
-8.815537095069885254e-01
-8.598948121070861816e-01
-8.289412260055541992e-01
-8.381227850914001465e-01
-7.881287336349487305e-01
-6.656801104545593262e-01
-5.828441977500915527e-01
-4.554930627346038818e-01
-3.332220911979675293e-01
-1.728450655937194824e-01
-9.141868352890016036e-02
7.078962028026580811e-02
1.766350567340850830e-01
3.081761002540588379e-01
4.207198321819305420e-01
5.253289341926574707e-01
7.009676694869995117e-01
8.532186746597290039e-01
9.286066293716431774e-01
1.082959651947021706e+00
1.218688488006591797e+00
1.352382659912109375e+00
1.423475027084350586e+00
1.558488130569458008e+00
1.637187600135803223e+00
1.800976872444152832e+00
1.904199004173278809e+00
1.991932392120361106e+00
2.057418346405029297e+00
2.160966396331786665e+00
2.263838052749634233e+00
2.353252649307250977e+00
2.425406217575072798e+00
2.500993490219115767e+00
2.765631914138793945e+00
2.740196466445923296e+00
2.868341445922852007e+00
2.939898490905761719e+00
3.091953992843627930e+00
3.264194250106811523e+00
3.399983882904052734e+00
3.487272739410400391e+00
3.552556753158569336e+00
3.738452672958373579e+00
3.805897235870360884e+00
3.928263664245605469e+00
3.976803064346313477e+00
4.028995037078856534e+00
4.091050624847412109e+00
4.066565036773681641e+00
4.094771385192871094e+00
4.061809062957763672e+00
4.004851818084716797e+00
3.929195880889892578e+00
3.783755540847777432e+00
3.640863418579101562e+00
3.520266532897948775e+00
3.335691213607788086e+00
3.136476516723633257e+00
3.017505168914794922e+00
2.849701166152953657e+00
2.698300361633300781e+00
2.589039087295531782e+00
2.386841773986816406e+00
2.261733531951904297e+00
2.023032665252685103e+00
1.835456609725951926e+00
1.671075105667114480e+00
1.487341761589050293e+00
1.326537251472473145e+00
1.239946126937866211e+00
1.115068197250366211e+00
9.695488214492797852e-01
8.678290843963623047e-01
8.042253255844116211e-01
6.778370141983032227e-01
6.026147603988647461e-01
5.023475289344787598e-01
3.953663408756256104e-01
3.551208972930908203e-01
3.361153006553649902e-01
2.894583344459533691e-01
3.141026496887207031e-01
2.814309597015380859e-01
2.018808424472808838e-01
1.956431418657302856e-01
1.755664199590682983e-01
7.169555127620697021e-02
-3.518659621477127075e-02
-6.946627050638198853e-02
-1.688604801893234530e-01
-2.598009705543518066e-01
-3.544222116470336914e-01
-3.878702521324157715e-01
-4.617539048194885254e-01
-4.736564755439757746e-01
-4.938877522945404053e-01
-4.472181499004364014e-01
-5.413656830787658691e-01
-6.049975156784057617e-01
-5.820993185043334961e-01
-6.018462181091308594e-01
-6.304230690002441406e-01
-5.183939337730407715e-01
-4.958078265190125067e-01
-4.728266000747681219e-01
-4.089607000350952148e-01
-3.587618172168732245e-01
-3.721681237220764160e-01
-4.299350082874298096e-01
-4.496367275714874268e-01
-3.897599279880524237e-01
-4.284795820713043213e-01
-5.047518610954284668e-01
-5.502170920372009277e-01
-5.807389616966247559e-01
-6.169240474700927734e-01
-7.106486558914184570e-01
-7.485831975936890759e-01
-9.332058429718017578e-01
-9.949423670768737793e-01
-1.142653465270995872e+00
-1.211845159530639648e+00
-1.275737643241882324e+00
-1.343134880065917969e+00
-1.321874737739562988e+00
-1.365062475204467773e+00
-1.381631374359130859e+00
-1.358267068862915039e+00
-1.416451334953308105e+00
-1.480349659919738770e+00
-1.490370750427245872e+00
-1.537219643592834473e+00
-1.726858854293823242e+00
-1.769846796989440918e+00
-1.948448777198791504e+00
-2.055947303771972656e+00
-2.171199798583984375e+00
-2.154876470565795898e+00
-2.147646903991698775e+00
-2.174578428268432617e+00
-2.156672239303589311e+00
-2.235556125640869141e+00
-2.308831453323364258e+00
-2.445984840393066406e+00
-2.654012918472290039e+00
-2.759390115737915039e+00
-2.889772415161133257e+00
-2.946974515914916992e+00
-3.039642572402953657e+00
-3.172992706298828125e+00
-3.230936288833618164e+00
-3.296679973602294922e+00
-3.305498600006103516e+00
-3.226007223129272461e+00
-3.209634065628052202e+00
-3.257472276687622070e+00
-3.307586908340453657e+00
-3.301306009292602539e+00
-3.330372571945190430e+00
-3.316008090972900391e+00
-3.284586191177368164e+00
-3.383750200271606445e+00
-3.324653148651123047e+00
-3.303165435791016069e+00
-3.214505910873413086e+00
-3.170914649963378906e+00
-3.087935686111450195e+00
-2.883817672729491743e+00
-2.796410799026489258e+00
-2.412149190902709961e+00
-2.254415273666381836e+00
-2.051720142364501953e+00
-2.073126792907715288e+00
-1.944376349449157493e+00
-1.805129885673523171e+00
-1.740302681922912598e+00
-1.694568991661071777e+00
-1.666596531867980957e+00
-1.523439168930053711e+00
-1.356199979782104492e+00
-1.191273689270019531e+00
-1.138081431388854980e+00
-1.062377691268920898e+00
-9.318118095397948109e-01
-9.256628155708311878e-01
-8.508522510528564453e-01
-8.022767901420593262e-01
-7.853485345840454102e-01
-7.485407590866088867e-01
-8.451492786407470703e-01
-9.081215262413023792e-01
-9.108215570449827991e-01
-8.791289925575256348e-01
-9.126202464103699841e-01
-8.493531346321105957e-01
-7.153315544128417969e-01
-7.085301876068115234e-01
-6.886885166168212891e-01
-7.328866124153137207e-01
-8.053343892097473145e-01
-7.504742145538330078e-01
-7.447414994239807129e-01
-7.362158298492431641e-01
-7.108032107353209339e-01
-6.449189186096191406e-01
-6.385595798492431641e-01
-6.019400358200073242e-01
-6.009588837623596191e-01
-6.002241373062133789e-01
-5.931361317634582520e-01
-5.705887675285339355e-01
-5.431519150733947754e-01
-4.981152117252349854e-01
-4.758000671863555908e-01
-4.641929566860198975e-01
-3.305563032627105713e-01
-2.826219201087952215e-01
-2.577972710132598877e-01
-2.500618696212769110e-01
-8.703967928886413574e-02
2.391418516635895053e-01
2.716627418994904120e-01
3.451613187789916992e-01
5.485743284225463867e-01
6.700845956802368164e-01
6.408932805061340332e-01
7.862025499343872070e-01
8.193174600601196289e-01
9.287664294242859997e-01
1.104010939598083496e+00
1.148097395896911621e+00
1.257806420326232910e+00
1.392127513885498047e+00
1.556301951408386230e+00
1.624407052993774414e+00
1.708307147026061790e+00
1.808474302291869895e+00
1.865983247756958008e+00
1.944715738296508789e+00
2.003498554229736328e+00
2.115151405334472656e+00
2.144046306610107422e+00
2.154619455337524414e+00
2.257090568542480469e+00
2.260318040847778320e+00
2.235661745071411133e+00
2.288976907730102539e+00
2.261599540710449219e+00
2.391930103302001953e+00
2.429821491241455078e+00
2.286041975021362305e+00
2.257967472076416016e+00
2.153049707412720171e+00
2.083245277404784712e+00
2.124309539794921875e+00
2.061838150024414062e+00
1.975657939910888894e+00
1.880280971527100053e+00
1.816038370132446289e+00
1.728513479232788086e+00
1.696929216384887695e+00
1.657572984695434570e+00
1.656326174736023171e+00
1.759846925735473633e+00
1.783591270446777122e+00
1.852445840835571511e+00
1.899269104003906472e+00
1.875671625137329102e+00
1.823831558227539062e+00
1.803684830665588379e+00
1.647386670112610085e+00
1.605038642883300781e+00
1.609911203384399414e+00
1.626913666725158691e+00
1.654453873634338379e+00
1.690983295440673828e+00
1.740683078765869141e+00
1.775704264640808105e+00
1.756483554840088113e+00
1.784755706787109375e+00
1.716029167175293191e+00
1.631527662277221680e+00
1.579972505569458008e+00
1.573762416839599609e+00
1.539592981338500977e+00
1.521878600120544434e+00
1.560215115547180176e+00
1.508135437965393066e+00
1.502739667892456055e+00
1.435681700706481934e+00
1.342349886894225852e+00
1.326254725456237793e+00
1.424787998199463113e+00
1.367700219154357910e+00
1.413927912712097168e+00
1.277152419090270996e+00
1.208422541618347168e+00
9.999255537986756481e-01
8.224164843559265137e-01
8.268861770629882812e-01
7.657440900802612305e-01
7.305333614349365234e-01
6.572865247726440430e-01
5.451848506927489124e-01
5.201358795166015625e-01
4.980314970016480047e-01
5.265303254127502441e-01
4.435296356678009033e-01
3.956636488437653143e-01
3.740549981594085693e-01
2.909777462482452393e-01
2.226721197366714478e-01
1.598754972219467163e-01
7.996657490730285645e-02
-1.583781465888023376e-02
-1.778875738382339478e-01
-2.987440228462219238e-01
-4.108631312847137451e-01
-4.901122152805327814e-01
-6.003996133804321289e-01
-6.845919489860534668e-01
-7.037709355354309082e-01
-6.570208072662353516e-01
-7.658429741859436035e-01
-8.747105002403259277e-01
-9.446336627006531872e-01
-9.606460928916932263e-01
-9.898961782455444336e-01
-1.084542393684387207e+00
-1.042458176612854004e+00
-1.056700348854064941e+00
-1.080434322357177512e+00
-1.201541185379028320e+00
-1.272181630134582297e+00
-1.337505578994750977e+00
-1.464991807937621848e+00
-1.498132705688476562e+00
-1.590304851531982422e+00
-1.697419047355652078e+00
-1.804222702980041282e+00
-1.860345959663391113e+00
-1.974132895469665305e+00
-1.986594319343566895e+00
-2.051660299301147461e+00
-2.103422641754150391e+00
-2.188713550567626953e+00
-2.240154504776000977e+00
-2.290724754333496094e+00
-2.357048988342285156e+00
-2.393785238265990767e+00
-2.413156032562255859e+00
-2.406797170639038086e+00
-2.422029733657836914e+00
-2.399710655212402344e+00
-2.441003799438477007e+00
-2.456923007965087891e+00
-2.460304260253906250e+00
-2.478161096572875977e+00
-2.506008148193359819e+00
-2.513255834579468218e+00
-2.517666578292846680e+00
-2.557387351989746094e+00
-2.495085000991821289e+00
-2.502632141113280806e+00
-2.494117021560668945e+00
-2.476671457290649414e+00
-2.502470970153808594e+00
-2.514970302581787109e+00
-2.558952093124389648e+00
-2.678446054458618164e+00
-2.675144433975220171e+00
-2.602593183517456055e+00
-2.644147634506225586e+00
-2.653639793395996094e+00
-2.667424678802490234e+00
-2.725015163421630859e+00
-2.685328483581542969e+00
-2.759948968887329102e+00
-2.763976335525512695e+00
-2.765399694442749023e+00
-2.752720594406127930e+00
-2.730962276458739790e+00
-2.654682874679564986e+00
-2.638325452804564986e+00
-2.614966154098510742e+00
-2.477057218551636186e+00
-2.435322523117064986e+00
-2.418831586837768999e+00
-2.280764579772949219e+00
-2.279777526855468750e+00
-2.227597475051879883e+00
-2.177999973297119141e+00
-2.084403276443481001e+00
-2.039937734603881836e+00
-1.962942242622375710e+00
-1.880472898483276367e+00
-1.777586102485656738e+00
-1.722911357879638894e+00
-1.672003149986266868e+00
-1.674363017082214355e+00
-1.647364616394043191e+00
-1.637116074562072754e+00
-1.660811901092529297e+00
-1.620932698249816895e+00
-1.622273087501526101e+00
-1.623318195343017578e+00
-1.642328977584838867e+00
-1.643104314804077148e+00
-1.696339130401611106e+00
-1.686879515647888184e+00
-1.642030715942382812e+00
-1.631556391716003418e+00
-1.552511811256408691e+00
-1.479718446731567383e+00
-1.435321092605590820e+00
-1.472347021102905273e+00
-1.508589744567870872e+00
-1.638245701789855957e+00
-1.712374687194824219e+00
-1.766651868820190430e+00
-1.922944664955139160e+00
-1.977258801460265891e+00
-1.989483475685120073e+00
-1.875174760818481223e+00
-1.782281279563903809e+00
-1.792916417121887207e+00
-1.732288599014282227e+00
-1.692472338676452637e+00
-1.669116497039794922e+00
-1.582578778266906738e+00
-1.476094484329223633e+00
-1.381403923034667969e+00
-1.354192852973937988e+00
-1.272239089012145996e+00
-1.189202785491943359e+00
-1.107922673225402832e+00
-1.045658946037292480e+00
-9.071564078330993652e-01
-8.448063135147094727e-01
-8.203395009040832520e-01
-8.184342980384826660e-01
-7.748453021049499512e-01
-7.030493021011352539e-01
-6.872932910919189453e-01
-7.027257084846496582e-01
-6.618370413780212402e-01
-5.955476164817810059e-01
-5.039681792259216309e-01
-3.511846363544464111e-01
-2.727769613265991211e-01
-2.247471213340759555e-01
-1.659220159053802490e-01
-8.378551155328750610e-02
-7.058542966842651367e-02
-1.314404420554637909e-02
4.091793298721313477e-02
9.481333941221235795e-02
9.837549924850463867e-02
1.447885334491729459e-01
8.524553477764129639e-02
1.108325272798538208e-01
1.521192640066146851e-01
1.991820633411407471e-01
2.408331185579299927e-01
2.478658109903336126e-01
2.740989327430725098e-01
3.183425962924957275e-01
3.664190173149108887e-01
4.021668136119842529e-01
4.260017275810241699e-01
4.611909985542297918e-01
4.764027893543242853e-01
4.939918518066406250e-01
4.922281205654143732e-01
4.852396249771118164e-01
4.699173569679260254e-01
4.569157660007476807e-01
4.764214754104614258e-01
4.809903204441071112e-01
4.818288385868073065e-01
5.060018897056579590e-01
5.772757530212402344e-01
5.105820298194885254e-01
5.330500006675720215e-01
4.958150982856751043e-01
4.798102080821990967e-01
4.443675875663756769e-01
6.457314491271972656e-01
5.898591279983520508e-01
6.643888354301452637e-01
5.981324315071105957e-01
6.763081550598144531e-01
6.721513271331787109e-01
6.597366929054260254e-01
7.415580153465270996e-01
6.022893786430358887e-01
6.779306530952453613e-01
6.656935214996337891e-01
6.480814218521118164e-01
6.444244384765625000e-01
5.570449233055114746e-01
5.391920208930969238e-01
5.375709533691406250e-01
4.912645220756530762e-01
4.754085242748261053e-01
4.635632038116455078e-01
4.062221050262451172e-01
3.852764964103698730e-01
3.272937238216400146e-01
2.648637294769287109e-01
2.101785242557525635e-01
1.841477602720260620e-01
6.722763925790788131e-02
3.000372461974620472e-02
-1.218796335160732269e-02
-6.813497096300125122e-02
-1.565859466791152954e-01
-2.105919271707534790e-01
-2.697768509387969971e-01
-2.662637829780578613e-01
-3.385259807109832764e-01
-4.485991597175598145e-01
-5.387293100357055664e-01
-6.202338337898254395e-01
-6.817080378532409668e-01
-7.834371924400329590e-01
-8.419479131698608398e-01
-9.223065376281738281e-01
-1.006857991218567117e+00
-9.912150502204896130e-01
-1.073652744293213113e+00
-1.104374170303344727e+00
-1.137418270111083984e+00
-1.167242646217346191e+00
-1.226960897445678711e+00
-1.368056654930114746e+00
-1.298119544982910156e+00
-1.444750308990478294e+00
-1.619908094406128152e+00
-1.741482853889465110e+00
-1.825232386589050293e+00
-1.833209872245788796e+00
-1.991643786430358887e+00
-2.028422117233276367e+00
-2.050264835357666016e+00
-2.197189092636108398e+00
-2.234924316406250000e+00
-2.310630559921264648e+00
-2.396074771881103516e+00
-2.523474931716918945e+00
-2.529587984085083008e+00
-2.679453611373901367e+00
-2.777144670486450195e+00
-2.875932216644287109e+00
-2.987400293350220171e+00
-3.070117473602294922e+00
-3.119726181030272993e+00
-3.183455705642700195e+00
-3.273213624954224077e+00
-3.306297540664673296e+00
-3.382265567779541016e+00
-3.526750326156616211e+00
-3.583149433135986328e+00
-3.690267801284790039e+00
-3.723051071166991743e+00
-3.811755895614623579e+00
-3.845986604690552202e+00
-3.902419328689575195e+00
-3.922816038131713867e+00
-3.990996599197388139e+00
-4.067380905151366299e+00
-4.012890338897705078e+00
-4.072350978851318359e+00
-4.067220211029053623e+00
-3.973858833312987837e+00
-3.959398984909057617e+00
-3.902592182159423828e+00
-3.946532487869263139e+00
-3.948451519012451172e+00
-3.954745054244995117e+00
-3.929445981979370117e+00
-3.950207233428955078e+00
-4.097626209259033203e+00
-4.254682064056396484e+00
-4.302250385284423828e+00
-4.287625789642333984e+00
-4.138647556304931641e+00
-4.043583393096923828e+00
-4.026910305023193359e+00
-4.008517742156981534e+00
-3.991339445114136186e+00
-3.900356769561768022e+00
-3.888336420059203657e+00
-3.886337280273437500e+00
-3.854681491851807085e+00
-3.826691389083862305e+00
-3.805819272994995117e+00
-3.789286375045775923e+00
-3.714201688766479936e+00
-3.859682083129883257e+00
-4.045174598693848544e+00
-4.036730766296386719e+00
-3.943435430526732954e+00
-3.969533681869506836e+00
-3.965973377227783203e+00
-3.790461540222167969e+00
-3.754489421844481534e+00
-3.671329736709594282e+00
-3.658671379089355913e+00
-3.678547143936156782e+00
-3.768811464309692827e+00
-3.777342319488524947e+00
-3.724148988723754883e+00
-3.695547580718993697e+00
-3.736045837402344194e+00
-3.826991558074951172e+00
-3.795585870742798296e+00
-3.735929727554320845e+00
-3.704225778579711914e+00
-3.760649442672729492e+00
-3.670410156250000000e+00
-3.684519290924071822e+00
-3.676412343978881836e+00
-3.653275012969970259e+00
-3.633509397506713867e+00
-3.483910799026489258e+00
-3.430592298507690430e+00
-3.302288055419921875e+00
-3.187490463256836382e+00
-3.098313331604003906e+00
-2.810786724090576172e+00
-2.682296752929687500e+00
-2.383129119873046875e+00
-2.248975515365600586e+00
-1.991264700889587624e+00
-1.901389479637145996e+00
-1.875862240791320801e+00
-1.836358189582824707e+00
-1.737851142883300781e+00
-1.586559414863586426e+00
-1.500291943550110085e+00
-1.399268746376037598e+00
-1.236636042594909668e+00
-1.103213429450988770e+00
-9.546273350715636097e-01
-8.143267631530761719e-01
-7.371490001678466797e-01
-6.315705180168151855e-01
-5.515741705894470215e-01
-3.443231880664824884e-01
-2.421568185091018954e-01
-5.862119141966104507e-03
-3.998234402388334274e-03
1.140513718128204484e-01
1.393775045871734619e-01
2.664880454540253241e-01
3.801719248294830322e-01
4.471352398395537775e-01
5.135691761970520020e-01
5.866923332214355469e-01
6.697439551353454590e-01
6.889424920082092285e-01
7.052754759788513184e-01
6.601064205169677734e-01
6.549796462059020996e-01
8.379209637641906738e-01
8.164671659469604492e-01
9.255717992782591663e-01
9.753404855728148304e-01
9.423559308052064099e-01
9.569075107574464001e-01
1.055730462074279785e+00
1.154578208923339844e+00
1.257325172424316406e+00
1.325697183609008789e+00
1.393988966941833496e+00
1.544669389724731445e+00
1.733470559120178223e+00
1.751272082328796387e+00
1.875969886779784712e+00
1.968362212181091531e+00
2.039087772369384766e+00
2.074914455413818359e+00
2.120065450668334961e+00
2.111050605773926225e+00
2.083546638488769087e+00
2.037458658218384233e+00
2.077234745025634766e+00
2.101414203643799272e+00
2.139514207839965820e+00
2.119206666946410689e+00
1.986729264259338379e+00
1.978307247161864790e+00
1.939937949180603027e+00
1.967431664466858132e+00
2.020719766616821289e+00
2.063625335693359819e+00
2.181341171264648438e+00
2.094781160354614258e+00
2.114760637283324751e+00
2.045402288436889648e+00
1.997054100036620872e+00
2.107109308242798296e+00
2.175289630889892578e+00
2.153569936752319780e+00
2.132263183593750000e+00
2.117271661758423296e+00
2.257313489913940430e+00
2.240715503692626953e+00
2.379848003387451172e+00
2.545830249786376953e+00
2.750453472137451172e+00
2.889952421188354492e+00
2.923169851303100586e+00
3.021916627883911133e+00
3.066506862640381303e+00
3.104591369628906250e+00
3.169922828674316406e+00
3.209607839584350586e+00
3.253055572509765625e+00
3.286925554275512695e+00
3.340201854705810547e+00
3.388543844223022461e+00
3.473480463027953657e+00
3.532302379608154297e+00
3.543753623962402344e+00
3.566635370254516602e+00
3.584760665893554688e+00
3.545473337173461914e+00
3.509518623352051225e+00
3.391940593719482422e+00
3.290666818618774414e+00
3.280757904052734375e+00
3.213580131530761719e+00
3.193671941757201704e+00
3.137569904327392578e+00
3.190410375595092773e+00
3.341175079345703125e+00
3.192594528198241743e+00
3.158655881881713867e+00
3.049443244934082031e+00
3.022689104080200195e+00
3.032432794570923296e+00
2.987371444702148438e+00
2.944608211517333984e+00
2.855651617050171343e+00
2.834252357482910156e+00
2.766710281372070312e+00
2.762280225753784180e+00
2.804299116134643999e+00
2.771748065948486328e+00
2.792378425598144531e+00
2.773536443710326704e+00
2.716993808746337891e+00
2.667582273483276367e+00
2.518183946609497070e+00
2.451061964035034180e+00
2.366701126098633257e+00
2.309503555297852007e+00
2.275897026062012163e+00
2.243071556091308594e+00
2.241439580917358398e+00
2.193377971649169922e+00
2.138223886489868164e+00
2.090991973876953125e+00
2.054423570632934570e+00
2.084298372268676758e+00
2.090530872344970703e+00
2.082810163497925249e+00
2.132416963577270508e+00
2.176168680191040039e+00
2.143518447875977007e+00
2.104518175125121626e+00
2.063540458679198775e+00
2.052271842956543413e+00
2.037292480468750000e+00
2.028409481048583984e+00
2.021193027496338335e+00
2.006157875061034712e+00
1.881848096847534402e+00
1.727258443832397683e+00
1.647786855697631836e+00
1.519928455352783203e+00
1.568149805068969505e+00
1.515183091163635254e+00
1.477990627288818359e+00
1.362730264663696289e+00
1.214124202728271706e+00
1.213096022605895996e+00
1.131283640861511230e+00
1.099817156791687012e+00
1.039706468582153098e+00
1.013392090797424316e+00
1.103402376174926758e+00
1.006391167640685813e+00
9.438312649726867676e-01
8.739957213401794434e-01
8.394349813461303711e-01
8.940557837486267090e-01
8.745942711830139160e-01
8.358628153800964355e-01
7.956773042678833008e-01
7.515378594398498535e-01
6.952785253524780273e-01
6.715099215507507324e-01
6.078830957412719727e-01
4.735221564769744873e-01
4.219477474689484198e-01
2.925613522529602051e-01
2.535706162452697754e-01
2.201881408691406528e-01
1.479502916336059570e-01
1.332116127014160156e-01
1.071041822433471680e-01
3.614435717463492653e-02
3.564091771841048500e-02
-7.584373652935028076e-02
-1.519034355878829956e-01
-2.021404206752777100e-01
-3.163402974605560303e-01
-3.706436753273010254e-01
-4.687421023845673163e-01
-5.637962818145751953e-01
-5.723937749862670898e-01
-6.676127910614013672e-01
-6.930485367774963379e-01
-8.127623796463012695e-01
-8.853665590286254883e-01
-9.847090840339659534e-01
-1.007152676582336426e+00
-9.674767255783079944e-01
-9.078026413917541504e-01
-9.798993468284608044e-01
-1.087095618247985840e+00
-1.195209026336669922e+00
-1.222923398017883301e+00
-1.306908845901489258e+00
-1.396339893341064453e+00
-1.499957799911499023e+00
-1.564095854759216309e+00
-1.597752928733825684e+00
-1.645897865295410156e+00
-1.690035820007324219e+00
-1.717457771301269531e+00
-1.698609709739685059e+00
-1.603347659111023171e+00
-1.656272768974304199e+00
-1.684384584426880105e+00
-1.721805334091186301e+00
-1.781966209411620872e+00
-1.787499189376831055e+00
-1.782779216766357422e+00
-1.761099457740783691e+00
-1.769237518310546875e+00
-1.888765931129456010e+00
-1.862223863601684792e+00
-1.769534945487975852e+00
-1.761128067970276101e+00
-1.846163749694823997e+00
-1.837904572486877219e+00
-1.818795800209045188e+00
-1.744115948677063210e+00
-1.660456776618957520e+00
-1.579984188079833984e+00
-1.609063267707824707e+00
-1.502402186393737793e+00
-1.451737403869629128e+00
-1.357973456382751687e+00
-1.259624719619750977e+00
-1.273491859436035156e+00
-1.243460893630981445e+00
-1.106903672218322754e+00
-1.005997180938720703e+00
-9.597511291503906250e-01
-8.925597071647644043e-01
-8.127204775810241699e-01
-7.785528302192687988e-01
-6.947755813598632812e-01
-6.047230362892150879e-01
-5.795216560363770641e-01
-5.171322822570800781e-01
-4.123247563838958740e-01
-3.986866176128388006e-01
-3.644149601459503174e-01
-3.681440353393554688e-01
-2.776383161544799805e-01
-1.659721434116363525e-01
-1.054472327232360701e-01
-1.048322990536689758e-01
-8.363886922597885132e-02
-8.423648774623870850e-02
-1.598466336727142612e-01
-1.646359413862228394e-01
-2.426164150238037109e-01
-2.271593809127807895e-01
-2.268507331609725952e-01
-2.144036144018172663e-01
-1.943248510360717496e-01
-2.168565392494201383e-01
-2.578270137310028076e-01
-2.522565126419067383e-01
-2.914226353168487549e-01
-3.227008283138275146e-01
-4.342862367630004883e-01
-4.534393250942229669e-01
-5.444095134735107422e-01
-5.751529932022094727e-01
-6.482709050178527832e-01
-6.675534844398498535e-01
-7.458102107048034668e-01
-7.683575749397277832e-01
-7.991708517074584961e-01
-8.438615798950195312e-01
-9.282482862472534180e-01
-9.436979293823242188e-01
-1.038283824920654297e+00
-9.913001060485840954e-01
-9.956805109977722168e-01
-1.002061486244201660e+00
-9.978753328323364258e-01
-1.029006123542785645e+00
-1.057483792304992898e+00
-1.090236783027649148e+00
-1.065289020538329856e+00
-1.100172281265258789e+00
-1.107231497764587402e+00
-1.104960441589355691e+00
-1.077645897865295410e+00
-1.053467512130737305e+00
-1.135899543762207031e+00
-1.173530578613281250e+00
-1.175552725791931152e+00
-1.213524222373962402e+00
-1.174591422080993652e+00
-1.137644290924072488e+00
-1.127000451087951660e+00
-1.094150424003600852e+00
-1.140556931495666504e+00
-1.140205144882201926e+00
-1.123800635337829590e+00
-1.111345648765563965e+00
-1.054038524627685547e+00
-1.074107646942138894e+00
-1.061657428741454856e+00
-1.111202359199524148e+00
-1.107841968536376953e+00
-1.120516061782836914e+00
-1.115953922271728294e+00
-1.183640480041504128e+00
-1.204040884971618874e+00
-1.241039514541625977e+00
-1.237516760826110840e+00
-1.280430436134338379e+00
-1.340338826179504395e+00
-1.390484213829040305e+00
-1.430607080459594727e+00
-1.426700830459594727e+00
-1.440221309661865234e+00
-1.399384140968322754e+00
-1.369924664497375710e+00
-1.364054679870605691e+00
-1.350271105766296387e+00
-1.343807935714721680e+00
-1.381257772445678711e+00
-1.349858760833740234e+00
-1.358488082885742188e+00
-1.357572197914123535e+00
-1.403659224510192871e+00
-1.369027614593506081e+00
-1.349709391593932883e+00
-1.325201988220214844e+00
-1.312945365905761497e+00
-1.337231516838073508e+00
-1.299541354179382324e+00
-1.280315876007080078e+00
-1.302121877670288086e+00
-1.291367411613464355e+00
-1.320032596588134766e+00
-1.323183178901672363e+00
-1.332488536834716797e+00
-1.346477508544922097e+00
-1.423367857933044434e+00
-1.467658162117004395e+00
-1.427767992019653098e+00
-1.454205632209777832e+00
-1.467398166656493919e+00
-1.436403751373291016e+00
-1.416185259819030762e+00
-1.355347275733947754e+00
-1.334569454193115234e+00
-1.291186332702636719e+00
-1.201303243637084961e+00
-1.210457682609557883e+00
-1.169846296310424805e+00
-1.163082480430603027e+00
-1.150161266326904297e+00
-1.226857662200927512e+00
-1.348614215850830078e+00
-1.261813998222350852e+00
-1.253021001815795898e+00
-1.172043442726135254e+00
-1.161847829818725586e+00
-1.207235217094421387e+00
-1.168266057968139648e+00
-1.153670787811279297e+00
-1.093335390090942383e+00
-1.032536625862121582e+00
-1.038663864135742188e+00
-9.959403276443480335e-01
-1.069042205810546875e+00
-1.102762937545776367e+00
-1.087010622024535911e+00
-1.060211300849914551e+00
-1.004820704460144043e+00
-9.734688401222227894e-01
-9.281198978424072266e-01
-8.878465890884399414e-01
-8.826465010643005371e-01
-8.390307426452636719e-01
-8.166307806968688965e-01
-8.129262328147888184e-01
-8.178391456604003906e-01
-8.692691922187805176e-01
-9.031656980514526367e-01
-9.297150373458862305e-01
-8.989377021789550781e-01
-9.610611200332641602e-01
-1.016286134719848633e+00
-9.905067086219787598e-01
-1.076868534088134766e+00
-1.057389259338379128e+00
-1.138891935348510742e+00
-1.074422717094421387e+00
-1.023672938346862793e+00
-1.008237838745117188e+00
-9.586085677146911621e-01
-9.727358222007751465e-01
-9.516289830207823597e-01
-9.769770503044128418e-01
-1.003798246383666992e+00
-9.607901573181152344e-01
-9.845950603485108532e-01
-9.252784252166748047e-01
-9.011233448982239880e-01
-8.887081742286682129e-01
-8.437914252281188965e-01
-8.813412785530090332e-01
-8.684905171394348145e-01
-8.665587306022644043e-01
-8.376877903938293457e-01
-7.664346098899841309e-01
-7.511479854583740234e-01
-7.405659556388854980e-01
-7.448956966400146484e-01
-7.524348497390747070e-01
-7.507820725440979004e-01
-7.728000879287719727e-01
-7.592929601669311523e-01
-8.252111673355102539e-01
-8.760816454887390137e-01
-9.004619717597961426e-01
-9.115886688232421875e-01
-8.992506265640258789e-01
-9.131507873535156250e-01
-9.078217148780823864e-01
-9.023576974868774414e-01
-9.475371241569520153e-01
-9.348369240760804333e-01
-1.039592027664184570e+00
-1.050994634628295898e+00
-1.105348110198974609e+00
-1.155107617378234863e+00
-1.115970134735107422e+00
-1.116101622581481934e+00
-1.094435572624206321e+00
-1.098465800285339355e+00
-1.119057655334472878e+00
-1.092752814292907493e+00
-1.147530674934387207e+00
-1.162872552871704102e+00
-1.150156974792480469e+00
-1.160495877265930176e+00
-1.154380083084106445e+00
-1.224721193313598633e+00
-1.227138757705688477e+00
-1.197606205940246582e+00
-1.247094392776489258e+00
-1.279469013214111106e+00
-1.292930841445922852e+00
-1.285686612129211426e+00
-1.259442448616027832e+00
-1.264543652534484863e+00
-1.271646857261657493e+00
-1.278473854064941406e+00
-1.286940097808837891e+00
-1.386856436729431152e+00
-1.404151082038879395e+00
-1.507486701011657493e+00
-1.559458851814270020e+00
-1.559444546699524148e+00
-1.563439965248108132e+00
-1.576506018638610840e+00
-1.659277439117431641e+00
-1.667367339134216309e+00
-1.657622218132019043e+00
-1.617308616638183594e+00
-1.582476258277893066e+00
-1.591329216957092507e+00
-1.540697455406188965e+00
-1.519264340400695801e+00
-1.512039422988891602e+00
-1.442652583122253418e+00
-1.403584837913513184e+00
-1.368505597114562988e+00
-1.330433607101440430e+00
-1.302063941955566406e+00
-1.298178076744079590e+00
-1.262234091758728027e+00
-1.245069146156311035e+00
-1.293826460838318093e+00
-1.329493045806884766e+00
-1.320534467697143555e+00
-1.291951060295104980e+00
-1.262374997138977051e+00
-1.292164564132690430e+00
-1.422170996665954590e+00
-1.360713958740234375e+00
-1.328876852989196777e+00
-1.311224102973937988e+00
-1.321619272232055664e+00
-1.358947992324829102e+00
-1.287937760353088379e+00
-1.307924866676330566e+00
-1.368134737014770508e+00
-1.404784083366394043e+00
-1.510371327400207520e+00
-1.453538417816161887e+00
-1.499246478080749512e+00
-1.494225621223449707e+00
-1.546951532363891602e+00
-1.645504355430603027e+00
-1.656173706054687500e+00
-1.733047127723693848e+00
-1.743528962135314941e+00
-1.736179947853088379e+00
-1.729672431945800781e+00
-1.774798393249511497e+00
-1.835085868835448775e+00
-1.829407572746276855e+00
-1.827555060386657493e+00
-1.890158295631408691e+00
-1.940696716308593528e+00
-1.944830536842346413e+00
-1.945755600929260476e+00
-2.015071868896484375e+00
-2.124182462692260742e+00
-2.189500570297240767e+00
-2.282604455947875977e+00
-2.326936006546020508e+00
-2.406506538391113281e+00
-2.440688610076904297e+00
-2.415612936019897017e+00
-2.537769794464111772e+00
-2.551466941833496094e+00
-2.609241962432861328e+00
-2.612390041351318359e+00
-2.645364284515380859e+00
-2.661434888839721680e+00
-2.666169166564941406e+00
-2.645791769027709961e+00
-2.650751352310180664e+00
-2.649722337722778320e+00
-2.711212158203125000e+00
-2.702470064163208008e+00
-2.765175580978393555e+00
-2.757259607315063477e+00
-2.807701826095581055e+00
-2.781071901321411133e+00
-2.787076950073241743e+00
-2.821548938751220703e+00
-2.815719366073608398e+00
-2.806153774261474609e+00
-2.795139789581298828e+00
-2.748518466949462891e+00
-2.731299161911010742e+00
-2.704554796218872070e+00
-2.672620773315429688e+00
-2.656844615936279741e+00
-2.596334695816040039e+00
-2.586727857589721680e+00
-2.543834447860717773e+00
-2.506649732589721680e+00
-2.522042989730834961e+00
-2.508463144302368164e+00
-2.588761568069458008e+00
-2.570485830307006836e+00
-2.646138191223144531e+00
-2.634062290191650391e+00
-2.575839042663574219e+00
-2.563670873641968218e+00
-2.502673864364624023e+00
-2.460474252700805664e+00
-2.419075250625610352e+00
-2.374519109725951704e+00
-2.378946065902709961e+00
-2.345369338989258257e+00
-2.337132692337036133e+00
-2.313236713409423828e+00
-2.376804828643798828e+00
-2.343612909317016602e+00
-2.247324943542480469e+00
-2.204790115356445312e+00
-2.177125453948974609e+00
-2.155758857727051225e+00
-2.142745018005370650e+00
-2.129693746566772461e+00
-2.171212196350097656e+00
-2.162739992141724077e+00
-2.127984046936034712e+00
-2.128575563430785689e+00
-2.101073741912841797e+00
-2.162451267242432085e+00
-2.175801753997802734e+00
-2.209954738616943803e+00
-2.188177108764648438e+00
-2.212412357330322266e+00
-2.206573009490966797e+00
-2.185872316360473633e+00
-2.167412519454956055e+00
-2.141892194747925249e+00
-2.168060064315795898e+00
-2.201698303222655806e+00
-2.113968133926392046e+00
-2.130600452423096147e+00
-2.094102859497070312e+00
-2.089291810989379883e+00
-2.101449012756348100e+00
-1.997451543807983620e+00
-2.034615516662597656e+00
-2.011391878128052202e+00
-2.026084184646606445e+00
-2.041960000991821289e+00
-1.993012547492980957e+00
-1.874514341354369895e+00
-1.799881339073181152e+00
-1.734629988670349121e+00
-1.722314715385436790e+00
-1.627412915229797363e+00
-1.574860334396362305e+00
-1.538720965385436790e+00
-1.558960676193237305e+00
-1.556040406227111816e+00
-1.405033230781555176e+00
-1.408849120140075684e+00
-1.254333138465881126e+00
-1.218069672584533691e+00
-1.133521556854248047e+00
-1.075236439704895020e+00
-1.019228339195251687e+00
-9.035253524780272327e-01
-8.093456625938415527e-01
-6.958279609680175781e-01
-6.431466341018676758e-01
-6.033487319946289062e-01
-4.701530635356903076e-01
-4.479804039001464844e-01
-3.715942800045012873e-01
-3.363890051841735840e-01
-3.194770514965056818e-01
-1.734431982040405273e-01
-1.059890016913414001e-01
-4.403482750058173439e-02
3.837987780570983887e-02
4.435267299413681030e-02
1.871263235807418823e-01
2.241988331079483032e-01
3.084240257740020752e-01
3.426473736763000488e-01
4.255506396293640137e-01
5.060474872589111328e-01
5.880660414695739746e-01
6.552272439002990723e-01
6.994400620460510254e-01
7.990652918815612793e-01
9.411494135856628418e-01
9.676676392555235706e-01
1.078179478645324707e+00
1.101414561271667703e+00
1.087166428565979004e+00
1.152695417404174805e+00
1.168125510215759277e+00
1.238095641136169434e+00
1.216076135635375977e+00
1.202179551124572754e+00
1.283794403076172097e+00
1.370861172676086426e+00
1.425876379013061523e+00
1.427915930747985840e+00
1.437317252159118874e+00
1.417717337608337402e+00
1.355576634407043679e+00
1.395259618759155273e+00
1.390612959861755371e+00
1.442862153053283691e+00
1.465655446052551270e+00
1.486993789672851562e+00
1.511724352836608887e+00
1.544718623161315918e+00
1.552271127700805664e+00
1.608586907386779785e+00
1.608774304389953613e+00
1.593602418899535911e+00
1.612133622169494629e+00
1.618392229080200195e+00
1.628460288047790305e+00
1.632681131362915039e+00
1.592314839363097922e+00
1.596185326576233132e+00
1.609576940536499023e+00
1.635171890258789062e+00
1.653409600257873535e+00
1.563633799552917703e+00
1.522555708885192871e+00
1.542617797851562500e+00
1.564572691917419434e+00
1.563200116157531516e+00
1.440035939216613770e+00
1.388551115989685059e+00
1.381295919418334961e+00
1.358789920806884766e+00
1.277231574058532715e+00
1.282266139984130859e+00
1.231894850730895996e+00
1.199955701828002930e+00
1.195850729942321777e+00
1.126435756683349609e+00
1.122261524200439675e+00
1.102493166923522949e+00
1.145098924636840820e+00
1.135504722595214844e+00
1.113679647445678711e+00
1.053915262222290039e+00
9.968248605728148304e-01
9.387730360031127930e-01
9.345113635063172497e-01
9.411797523498536266e-01
9.644755125045776367e-01
8.945279121398925781e-01
8.774026632308959961e-01
8.935986757278442383e-01
9.522859454154968262e-01
9.180607199668884277e-01
8.944617509841918945e-01
9.086268544197083630e-01
8.606332540512084961e-01
8.566725850105285645e-01
7.853769659996032715e-01
6.742449402809143066e-01
6.756432652473449707e-01
7.242741584777832031e-01
7.242971658706665039e-01
6.409977674484252930e-01
5.770254731178283691e-01
6.097161769866943359e-01
5.736320614814758301e-01
6.198588609695434570e-01
6.055966019630432129e-01
6.264042854309082031e-01
5.962492227554321289e-01
5.578021407127379261e-01
5.795548558235168457e-01
5.785028934478759766e-01
5.780401229858398438e-01
5.837113261222839355e-01
5.616469383239746094e-01
5.702224373817443848e-01
5.424568653106690563e-01
5.615071654319763184e-01
5.695509910583496094e-01
5.805822610855102539e-01
5.868315100669860840e-01
5.608582496643066406e-01
5.822278261184692383e-01
5.613926053047180176e-01
5.302739739418029785e-01
5.450046062469482422e-01
5.419455170631408691e-01
5.477551817893981934e-01
5.369026660919190563e-01
5.102444887161254883e-01
5.314062237739562988e-01
5.326456427574157715e-01
5.157532095909118652e-01
5.064076185226439319e-01
5.024806857109070934e-01
4.894106090068817139e-01
4.746567606925964911e-01
4.557158946990966797e-01
4.359266757965087891e-01
4.061291813850402832e-01
4.392649829387664795e-01
4.111754894256591797e-01
4.425632059574127197e-01
4.430275857448577881e-01
4.377889335155487061e-01
4.638583958148955744e-01
4.743214547634124756e-01
4.997001886367797852e-01
4.990470409393311102e-01
4.963510334491729736e-01
5.661239624023437500e-01
5.399991273880004883e-01
5.521283149719238281e-01
5.347776412963867188e-01
4.710645675659180243e-01
4.993624091148377020e-01
4.255238175392150879e-01
4.946996271610260010e-01
4.835293292999268133e-01
5.056450366973876953e-01
4.952266812324523926e-01
4.561298191547393799e-01
4.834246039390563965e-01
4.331424832344055176e-01
4.759329855442047119e-01
4.915980398654937744e-01
5.007128119468688965e-01
5.195634961128234863e-01
5.380945801734924316e-01
5.357983708381652832e-01
5.246353149414062500e-01
4.856911897659301758e-01
4.577465951442719061e-01
4.325700700283050537e-01
4.083251059055327814e-01
4.677509069442749023e-01
4.160642027854919989e-01
3.973388075828552246e-01
3.068616390228271484e-01
3.103021979331970215e-01
2.631386220455169678e-01
2.774848341941832941e-01
2.615840137004852295e-01
2.333604097366333008e-01
2.258783429861069003e-01
1.599716544151306152e-01
1.331465244293212891e-01
2.076127529144287109e-01
2.336983829736709595e-01
2.178461253643035889e-01
1.708671003580093384e-01
2.011996656656265259e-01
1.982848346233367920e-01
1.335853487253189087e-01
2.070013433694839478e-01
1.780902296304702759e-01
2.127727717161178589e-01
2.573520243167877197e-01
2.991457581520081122e-01
3.467350602149963379e-01
3.794201910495758057e-01
3.895346224308013916e-01
4.168531596660614014e-01
3.988612294197082520e-01
4.430741965770721436e-01
4.141570031642913818e-01
4.575786888599395752e-01
4.086655676364898682e-01
4.965224564075470526e-01
5.470417737960815430e-01
5.318302512168884277e-01
5.621680617332458496e-01
5.652506351470947266e-01
5.924136042594909668e-01
7.044113278388977051e-01
6.925221681594848633e-01
8.123190402984619141e-01
8.243116140365600586e-01
8.281421065330505371e-01
8.260724544525146484e-01
8.379621505737304688e-01
8.480309247970581055e-01
8.590984940528870739e-01
8.923081755638122559e-01
8.438237309455871582e-01
7.463046908378601074e-01
7.871338725090026855e-01
7.488039135932922363e-01
7.781323194503784180e-01
8.583608865737915039e-01
8.638371825218200684e-01
1.000415921211242898e+00
9.733858704566955566e-01
1.001207947731017844e+00
9.782522916793824352e-01
9.192294478416443981e-01
9.516383409500122070e-01
8.889275193214416504e-01
9.390808343887327991e-01
9.834276437759400524e-01
9.976087212562559925e-01
9.365146160125732422e-01
8.930193781852722168e-01
8.806627988815307617e-01
8.282164931297302246e-01
7.560715079307556152e-01
7.703396677970886230e-01
7.016253471374511719e-01
7.246996164321899414e-01
6.379272937774658203e-01
6.671721935272216797e-01
7.043567895889282227e-01
6.364132165908813477e-01
6.521808505058288574e-01
5.740447640419006348e-01
5.561602115631103516e-01
6.097075939178466797e-01
5.571535229682922363e-01
6.828075647354125977e-01
6.489360928535461426e-01
6.474373340606689453e-01
6.068685650825500488e-01
5.530651211738586426e-01
6.158903837203979492e-01
5.427410602569578968e-01
5.354231595993041992e-01
5.503418445587158203e-01
5.446951389312744141e-01
5.917678475379943848e-01
6.731659770011901855e-01
7.120341658592224121e-01
7.078193426132202148e-01
6.485565900802612305e-01
6.484141945838928223e-01
5.285421013832092285e-01
5.719873905181884766e-01
5.552847385406494141e-01
5.318884253501892090e-01
5.395170450210571289e-01
5.312282443046570934e-01
5.756161212921142578e-01
6.354532837867736816e-01
6.516399383544921875e-01
5.951105356216430664e-01
5.659452676773071289e-01
5.912619829177856445e-01
5.441461205482482910e-01
5.343102812767028809e-01
4.841595888137817938e-01
3.984705209732056219e-01
4.021051824092864990e-01
3.820592761039733887e-01
3.919981718063354492e-01
3.723489940166473389e-01
3.035843670368194580e-01
3.670290708541870117e-01
4.177182614803314209e-01
4.268459677696228027e-01
4.193703234195709229e-01
3.935664892196655273e-01
4.871043562889099121e-01
4.046307504177093506e-01
5.450711846351623535e-01
5.130088925361633301e-01
4.002931416034698486e-01
3.302333950996398926e-01
2.716802358627319336e-01
2.176849544048309326e-01
2.239618301391601562e-01
1.733180433511734009e-01
2.388090193271636963e-01
1.353983432054519376e-01
1.210522875189781189e-01
1.344864517450332364e-01
5.106161814182996750e-03
-1.725143380463122975e-02
-1.724543124437332153e-01
-1.890597790479660034e-01
-2.455887794494628906e-01
-2.988465726375579834e-01
-3.039828836917877197e-01
-4.508342444896697998e-01
-4.540412724018096924e-01
-4.620126485824584961e-01
-4.397445321083068848e-01
-3.659774065017700195e-01
-4.242303967475891113e-01
-3.555181622505187988e-01
-4.155807197093964178e-01
-3.461059629917144775e-01
-3.320131599903107245e-01
-3.587893247604370117e-01
-2.743430435657501221e-01
-3.423160016536713202e-01
-3.237681388854980469e-01
-2.602474093437194824e-01
-2.405146956443786621e-01
-5.718655511736869812e-02
-4.968256223946809769e-03
1.993410289287567139e-01
3.646186590194702148e-01
4.068268239498137318e-01
5.597047805786132812e-01
8.493130803108215332e-01
9.811580181121826172e-01
1.092765212059020996e+00
1.196810483932495117e+00
1.386374592781067117e+00
1.494381189346313699e+00
1.613461613655090332e+00
1.802918195724487527e+00
1.916933655738830344e+00
1.935873150825500488e+00
1.971145749092101829e+00
2.131427764892578125e+00
2.249903202056884766e+00
2.454756736755371094e+00
2.686963558197021040e+00
2.756785869598388672e+00
2.909836530685424805e+00
2.965868711471557617e+00
3.079471111297607422e+00
3.168156147003173828e+00
3.108726501464844194e+00
3.230526685714721680e+00
3.206612825393676758e+00
3.185125827789306197e+00
3.185282707214355469e+00
3.126317262649536133e+00
3.165498733520508257e+00
3.126852989196777344e+00
3.086405277252197266e+00
3.034129619598388672e+00
3.023149251937866211e+00
3.102070808410644531e+00
3.004642486572265625e+00
2.958067417144775391e+00
2.876435041427612305e+00
2.721109628677368164e+00
2.641792058944701704e+00
2.558111667633056641e+00
2.506624698638916016e+00
2.473444461822509766e+00
2.424874067306518555e+00
2.473771572113037109e+00
2.442530870437622070e+00
2.376751184463500977e+00
2.289756298065185103e+00
2.179867267608642578e+00
2.156977415084839311e+00
2.064386606216430664e+00
2.080258846282958984e+00
2.081315755844115767e+00
2.010035753250121626e+00
1.988405227661132812e+00
1.911465883255004883e+00
1.828114509582519531e+00
1.723887562751770020e+00
1.667119145393371582e+00
1.617517709732055664e+00
1.527888059616088867e+00
1.490518212318420410e+00
1.319308996200561523e+00
1.280302405357360840e+00
1.200853943824768066e+00
1.045755028724670410e+00
1.048873305320739524e+00
9.114922285079956055e-01
7.813313603401184082e-01
7.044474482536315918e-01
5.309239625930786133e-01
3.353157639503479004e-01
1.594263613224029541e-01
3.754156082868576050e-02
-1.262142956256866455e-01
-3.072986304759979248e-01
-3.282669782638549805e-01
-3.874366283416748047e-01
-4.819024205207825262e-01
-5.526022911071777344e-01
-7.263649702072143555e-01
-8.262740373611450195e-01
-9.569230079650880016e-01
-1.019344210624694824e+00
-1.082162141799926758e+00
-1.210462570190429688e+00
-1.381432414054870605e+00
-1.589803457260131836e+00
-1.621900439262389915e+00
-1.594590187072754128e+00
-1.645838141441345215e+00
-1.602992773056030495e+00
-1.731849908828735352e+00
-1.735863447189331055e+00
-1.809942245483398438e+00
-1.731979489326476829e+00
-1.670174241065979004e+00
-1.602784156799316406e+00
-1.572031855583190918e+00
-1.648928523063659668e+00
-1.713640809059143066e+00
-1.631240844726562500e+00
-1.822321057319640891e+00
-1.862413406372070312e+00
-1.927905559539794922e+00
-2.008887529373168945e+00
-2.081114292144775391e+00
-2.133809804916381836e+00
-2.191047668457031250e+00
-2.196061849594115767e+00
-2.257919073104858398e+00
-2.381685972213745117e+00
-2.577569723129272461e+00
-2.547134399414062500e+00
-2.749264001846313032e+00
-2.755095720291137695e+00
-2.904778242111206055e+00
-3.054236888885498047e+00
-3.100484371185302734e+00
-3.194607257843017578e+00
-3.124952554702758789e+00
-3.062121868133544922e+00
-3.104954004287720171e+00
-3.060101270675658736e+00
-3.027614831924438477e+00
-2.948894023895264116e+00
-2.948839426040649414e+00
-2.963653326034546343e+00
-2.852298259735107422e+00
-2.878841400146484375e+00
-2.705283880233764648e+00
-2.634918451309204102e+00
-2.547353506088256836e+00
-2.466317415237426758e+00
-2.389054298400878906e+00
-2.225782155990600586e+00
-2.105567693710326704e+00
-2.007748365402221680e+00
-2.014622926712035689e+00
-2.002217531204224077e+00
-1.956217885017395020e+00
-1.955596804618835671e+00
-1.897673010826110840e+00
-1.848892807960510476e+00
-1.811104178428649902e+00
-1.772450089454650879e+00
-1.791394114494323508e+00
-1.768727064132690430e+00
-1.741535782814026101e+00
-1.742906451225280762e+00
-1.677582979202270508e+00
-1.671004891395568848e+00
-1.580031275749206321e+00
-1.577303528785705566e+00
-1.507941603660583496e+00
-1.342735767364501953e+00
-1.308460354804992898e+00
-1.148342013359069824e+00
-1.106984734535217285e+00
-1.035685539245605691e+00
-9.867367744445799671e-01
-9.238374829292296253e-01
-8.162360191345214844e-01
-7.570155262947082520e-01
-6.964088678359985352e-01
-6.116355061531066895e-01
-5.567562580108642578e-01
-4.425821602344512939e-01
-3.577200472354888916e-01
-2.606753408908843994e-01
-1.965463012456893921e-01
-8.420513570308685303e-02
3.962267190217971802e-02
1.227297708392143250e-01
2.373586595058440885e-01
3.884910941123961292e-01
5.247291922569274902e-01
7.088791728019714355e-01
7.815769314765930176e-01
8.323651552200317383e-01
9.224944710731506348e-01
9.940684437751770020e-01
1.141562938690185547e+00
1.278633594512939675e+00
1.430862903594970703e+00
1.521650195121765137e+00
1.640530705451965110e+00
1.819782733917236328e+00
1.971883654594421165e+00
2.137054920196533203e+00
2.319020986557006836e+00
2.420624494552612305e+00
2.607219934463500977e+00
2.707592010498046875e+00
2.875372648239136186e+00
3.006487131118774414e+00
3.134668111801147461e+00
3.298079490661621094e+00
3.440765857696533203e+00
3.622934579849243164e+00
3.890435457229614258e+00
4.100549697875977451e+00
4.415660858154296875e+00
4.576128959655761719e+00
4.890902519226074219e+00
5.113037109375000000e+00
5.292696952819824219e+00
5.452541828155518466e+00
5.566805362701416016e+00
5.723380565643311435e+00
5.868375301361083984e+00
5.993551254272460938e+00
6.142712593078612393e+00
6.195583343505858487e+00
6.369529247283936435e+00
6.420367717742919922e+00
6.424016952514647549e+00
6.530401229858397549e+00
6.543542385101317471e+00
6.582746505737304688e+00
6.570213317871093750e+00
6.582351207733153409e+00
6.638906955718994141e+00
6.581911563873291016e+00
6.554450035095214844e+00
6.484281539916992188e+00
6.523259162902832031e+00
6.586436748504638672e+00
6.528828620910644531e+00
6.530117988586425781e+00
6.420273780822753906e+00
6.382979393005371094e+00
6.242628097534179688e+00
6.186612606048583984e+00
6.096698760986327237e+00
5.974166393280028409e+00
5.839326858520507812e+00
5.725197315216064453e+00
5.594907283782958984e+00
5.493218421936035156e+00
5.325146675109863281e+00
5.274302482604980469e+00
5.162024974822998047e+00
4.975485801696777344e+00
4.872622489929199219e+00
4.693986415863037109e+00
4.571961879730224609e+00
4.444330692291259766e+00
4.216906070709228516e+00
4.095990180969238281e+00
3.903311252593993697e+00
3.718750000000000000e+00
3.535961866378783736e+00
3.380644321441650391e+00
3.211253166198730469e+00
3.003763675689697266e+00
2.894309520721435547e+00
2.756571054458618164e+00
2.629202842712402344e+00
2.453176021575928178e+00
2.309357643127441406e+00
2.196890592575072798e+00
2.030464649200439453e+00
1.947203636169433594e+00
1.785276412963867188e+00
1.597878813743591309e+00
1.556814193725585938e+00
1.359427571296692117e+00
1.225409269332885520e+00
1.061889529228210449e+00
9.202017784118652344e-01
7.946988344192504883e-01
5.922642350196838379e-01
5.000599026679992676e-01
3.803658783435821533e-01
2.694238722324371338e-01
1.773034632205963135e-01
3.769377991557121277e-02
-5.287085846066474915e-02
-1.995035856962203979e-01
-2.790276110172271729e-01
-3.715723752975463867e-01
-4.678321778774262030e-01
-5.533676743507385254e-01
-5.914359092712402344e-01
-6.978567838668823242e-01
-7.135712504386901855e-01
-8.044148683547973633e-01
-8.617484569549559437e-01
-9.639854431152343750e-01
-1.026607751846313699e+00
-1.078814983367920144e+00
-1.214748263359069824e+00
-1.212050914764404297e+00
-1.263273715972900391e+00
-1.305226445198059082e+00
-1.342596650123596191e+00
-1.466928362846374290e+00
-1.476104736328125000e+00
-1.572197437286376953e+00
-1.621517181396484375e+00
-1.688762068748473899e+00
-1.813511848449706809e+00
-1.797208547592163086e+00
-1.846276879310608132e+00
-1.880039572715759499e+00
-1.853622913360595925e+00
-1.860134840011596902e+00
-1.848253130912780762e+00
-1.914995431900024414e+00
-1.929508447647094727e+00
-1.945669174194335938e+00
-1.955606579780578391e+00
-1.936801671981811523e+00
-1.960385799407958984e+00
-1.908957242965698464e+00
-1.939131379127502441e+00
-1.933732986450195535e+00
-1.906944990158081055e+00
-2.044775724411010742e+00
-2.050997018814086914e+00
-2.012708425521850586e+00
-2.049727916717529297e+00
-1.997199654579162376e+00
-2.120702266693115234e+00
-2.057386398315429688e+00
-2.123306274414062500e+00
-2.102373123168945312e+00
-2.057752609252929688e+00
-2.083039045333862305e+00
-2.104550361633301225e+00
-2.150294303894043413e+00
-2.097725152969360352e+00
-2.094524383544921875e+00
-2.200386047363280806e+00
-2.100836038589477095e+00
-2.136543512344360352e+00
-2.124068021774291992e+00
-2.092516899108886719e+00
-2.131134986877441406e+00
-2.086795091629028320e+00
-2.118255615234375000e+00
-2.065202951431274414e+00
-2.048095703125000000e+00
-2.032054185867309570e+00
-1.978636503219604492e+00
-2.039788961410522461e+00
-1.965649962425231934e+00
-1.918251872062683105e+00
-1.935596108436584473e+00
-1.938221454620361106e+00
-1.977932810783386453e+00
-1.932988286018372026e+00
-1.914846420288085938e+00
-1.881867527961730957e+00
-1.864466547966003640e+00
-1.896036028861999512e+00
-1.900303721427917258e+00
-1.857020378112793191e+00
-1.868885040283203125e+00
-1.845748543739318848e+00
-1.859568476676940918e+00
-1.779647350311279297e+00
-1.749170899391174316e+00
-1.747247338294983132e+00
-1.715243697166442871e+00
-1.725028991699218750e+00
-1.646450996398925781e+00
-1.627981305122375710e+00
-1.616115808486938477e+00
-1.606726408004760742e+00
-1.612440824508666992e+00
-1.609491348266601562e+00
-1.587193965911865234e+00
-1.480147480964660645e+00
-1.492748379707336426e+00
-1.475794911384582297e+00
-1.474477052688598633e+00
-1.491339206695556641e+00
-1.447903990745544434e+00
-1.400638699531555176e+00
-1.396603584289550781e+00
-1.361393332481384499e+00
-1.396183371543884499e+00
-1.359929561614990234e+00
-1.307015061378479004e+00
-1.313019633293152078e+00
-1.300030589103698730e+00
-1.287990808486938477e+00
-1.224463105201721191e+00
-1.219561100006103516e+00
-1.210560798645019531e+00
-1.179131746292114480e+00
-1.177039623260498047e+00
-1.142104029655456321e+00
-1.100118160247802734e+00
-1.066116690635681152e+00
-1.039510250091552734e+00
-1.066139817237854004e+00
-1.070081353187560813e+00
-1.077867746353149414e+00
-1.084315180778503418e+00
-1.107429146766662598e+00
-1.176712155342102051e+00
-1.137353420257568359e+00
-1.227762341499328613e+00
-1.241838812828063965e+00
-1.220391511917114480e+00
-1.243561625480652078e+00
-1.194015860557556152e+00
-1.231441259384155273e+00
-1.215886712074279785e+00
-1.192511081695556641e+00
-1.263736486434936301e+00
-1.235349893569946289e+00
-1.306583404541015625e+00
-1.355333089828491211e+00
-1.383389592170715110e+00
-1.368552088737487793e+00
-1.342963099479675293e+00
-1.384192585945129395e+00
-1.397917032241821289e+00
-1.426468610763549805e+00
-1.467364430427551270e+00
-1.451389789581298828e+00
-1.459679245948791504e+00
-1.374608397483825684e+00
-1.368260860443115234e+00
-1.394195199012756348e+00
-1.366743445396423118e+00
-1.438800692558288574e+00
-1.415029644966125710e+00
-1.431387662887573242e+00
-1.446312785148620605e+00
-1.383373856544494629e+00
-1.368389368057250977e+00
-1.329807519912719505e+00
-1.280439853668212891e+00
-1.249710083007812500e+00
-1.267119288444519043e+00
-1.318889617919922097e+00
-1.342429280281067117e+00
-1.387785673141479492e+00
-1.355590462684631126e+00
-1.295500755310058594e+00
-1.290411949157714844e+00
-1.276036858558654785e+00
-1.300027728080749512e+00
-1.276462435722350852e+00
-1.275313735008239524e+00
-1.353353261947631836e+00
-1.294705629348754883e+00
-1.353467106819152832e+00
-1.314100384712219238e+00
-1.309136748313903809e+00
-1.329130768775939941e+00
-1.296004891395568848e+00
-1.292056918144225852e+00
-1.197641372680664062e+00
-1.150753378868103027e+00
-1.148445487022399902e+00
-1.085512399673462136e+00
-1.052294850349426492e+00
-9.935003519058227539e-01
-1.002200126647949219e+00
-9.273050427436827503e-01
-9.044557213783264160e-01
-9.474097490310667835e-01
-8.960477709770202637e-01
-9.656644463539123535e-01
-9.231647849082947888e-01
-8.931855559349058948e-01
-8.487988710403442383e-01
-7.837921380996704102e-01
-8.269078135490417480e-01
-7.636225223541259766e-01
-7.338954210281372070e-01
-7.050913572311401367e-01
-6.104270815849304199e-01
-6.343382596969604492e-01
-5.069758892059326172e-01
-5.359882712364196777e-01
-6.361346244812011719e-01
-5.527612566947937012e-01
-5.983225703239440918e-01
-5.962911844253540039e-01
-5.938687920570373535e-01
-6.407086849212646484e-01
-6.366463303565979004e-01
-6.577139496803283691e-01
-6.361832022666931152e-01
-6.115210056304931641e-01
-6.009986996650695801e-01
-6.214788556098937988e-01
-6.415886878967285156e-01
-6.252072453498840332e-01
-6.152963042259216309e-01
-6.373572945594787598e-01
-6.319621205329895020e-01
-6.278833150863647461e-01
-5.847842097282409668e-01
-5.632223486900329590e-01
-5.706515312194824219e-01
-5.843408703804016113e-01
-6.255837678909301758e-01
-5.996688604354858398e-01
-6.053109765052795410e-01
-6.011058092117309570e-01
-5.749791264533996582e-01
-6.613897085189819336e-01
-6.314395666122436523e-01
-6.351684927940368652e-01
-6.240450739860534668e-01
-5.989441275596618652e-01
-6.989585161209106445e-01
-6.320470571517944336e-01
-6.338363885879516602e-01
-6.452540159225463867e-01
-6.473268866539001465e-01
-6.515789031982421875e-01
-6.114137172698974609e-01
-6.641728878021240234e-01
-6.180193424224853516e-01
-6.759066581726074219e-01
-6.827405691146850586e-01
-6.177992224693298340e-01
-6.413429975509643555e-01
-6.183064579963684082e-01
-6.239182949066162109e-01
-6.051265597343444824e-01
-5.690130591392517090e-01
-5.621563196182250977e-01
-5.005735158920288086e-01
-4.839439988136292059e-01
-4.627091586589813232e-01
-4.069687724113463800e-01
-4.186305999755858820e-01
-3.966834247112274170e-01
-3.833296597003936768e-01
-3.465386629104614258e-01
-3.500692844390869141e-01
-3.531933724880218506e-01
-2.803564965724945068e-01
-2.889190018177032471e-01
-2.001222372055053433e-01
-1.842839568853378573e-01
-1.904614567756652832e-01
-1.471392512321472168e-01
-1.410562396049499512e-01
-9.749069809913636642e-02
-1.024752184748649597e-01
-9.929497539997099442e-02
-9.106389433145523071e-02
-8.884546905755998092e-02
-3.556881844997406006e-02
2.071312442421913147e-02
4.664765670895577171e-02
4.931875690817832947e-02
2.699901722371578563e-02
6.488417834043502808e-02
9.931463748216627641e-02
1.442688554525375366e-01
1.865958720445632935e-01
2.299024760723114014e-01
2.716568708419800360e-01
3.101516962051392157e-01
3.112871348857880194e-01
2.824226021766662598e-01
2.302490472793579102e-01
2.510538101196289062e-01
2.544353604316711426e-01
2.349781543016433438e-01
2.623718976974487305e-01
2.380308061838150024e-01
3.228772878646850586e-01
3.039417862892150879e-01
3.339028954505920410e-01
3.231010138988494873e-01
3.055085241794586182e-01
3.075193464756011963e-01
3.135191798210144043e-01
3.317754268646239679e-01
3.054900765419006348e-01
2.927416861057280939e-01
3.196368217468261719e-01
3.711899816989898682e-01
3.728647232055664062e-01
4.212509989738463800e-01
4.181527793407439630e-01
4.273113310337066650e-01
4.193581044673920233e-01
4.423779249191284180e-01
4.432864189147949219e-01
4.214782714843750000e-01
4.812306761741638184e-01
4.653648138046265204e-01
5.002529025077820934e-01
5.064718127250671387e-01
5.045739412307739258e-01
5.154249072074890137e-01
4.924610853195189875e-01
4.885975420475006104e-01
4.834238886833190918e-01
4.892852604389191229e-01
4.929270446300506037e-01
4.538424611091613770e-01
4.799590110778809149e-01
4.503147304058074951e-01
4.307329654693604071e-01
4.044510722160338800e-01
3.737837970256804865e-01
3.969982564449310303e-01
4.008293449878693182e-01
3.909073472023010254e-01
3.948557078838348944e-01
3.702442049980164129e-01
3.939840197563170832e-01
3.695347309112548828e-01
3.479344248771667480e-01
3.234637677669525146e-01
2.964463233947753906e-01
3.110952377319335938e-01
3.036592900753021240e-01
2.804978787899016779e-01
2.938198745250701904e-01
2.740372121334075928e-01
2.636854052543639582e-01
2.381558269262313565e-01
2.444316148757934570e-01
2.327919304370880127e-01
2.014271318912506104e-01
2.118946611881256104e-01
2.033170908689498901e-01
2.032144218683242798e-01
2.109372019767760675e-01
1.871769577264785489e-01
2.106136530637741089e-01
1.365162879228591919e-01
1.054245606064796309e-01
4.155081138014794090e-02
-9.989399695768952370e-04
-1.750336028635501862e-02
-8.108500391244886918e-02
-8.277466148138046265e-02
-9.670537710189819336e-02
-1.519754678010940552e-01
-1.814192682504653931e-01
-2.178087383508682529e-01
-2.466118335723876953e-01
-2.439107894897460938e-01
-2.654252946376800537e-01
-2.631878554821014404e-01
-3.014280200004577637e-01
-3.102029263973236084e-01
-3.630414605140686035e-01
-3.630129396915435791e-01
-4.162233769893646240e-01
-4.610752463340759277e-01
-4.640951454639434814e-01
-5.185263752937316895e-01
-5.357484817504882812e-01
-5.988059639930725098e-01
-6.334367990493774414e-01
-6.338236331939697266e-01
-6.890943646430969238e-01
-7.076113224029541016e-01
-7.342529296875000000e-01
-7.615217566490173340e-01
-7.667580246925354004e-01
-8.279422521591186523e-01
-8.544499874114990234e-01
-8.878656625747680664e-01
-9.606798291206359863e-01
-1.009711623191833496e+00
-1.093458056449889915e+00
-1.102555274963379128e+00
-1.148211359977722168e+00
-1.239614725112915039e+00
-1.287724852561950906e+00
-1.344687461853027122e+00
-1.370408415794372559e+00
-1.428780674934387207e+00
-1.476567387580871582e+00
-1.484149575233459695e+00
-1.469217777252197266e+00
-1.478952288627624290e+00
-1.540898203849792480e+00
-1.580472469329833984e+00
-1.620111107826233132e+00
-1.642544746398925781e+00
-1.665210127830505371e+00
-1.703703522682189941e+00
-1.655314326286315918e+00
-1.623087763786315918e+00
-1.709600567817688210e+00
-1.713408112525939941e+00
-1.720333337783813699e+00
-1.684971570968628152e+00
-1.655742764472961426e+00
-1.622237205505370872e+00
-1.599429845809936301e+00
-1.674959063529968484e+00
-1.640035390853881836e+00
-1.636150360107422097e+00
-1.641977906227111816e+00
-1.628082275390625000e+00
-1.631342411041259766e+00
-1.619463682174682617e+00
-1.656644701957702637e+00
-1.673149585723876953e+00
-1.654618620872497559e+00
-1.679640412330627441e+00
-1.629182577133178711e+00
-1.586438894271850586e+00
-1.534316658973693848e+00
-1.511981487274169922e+00
-1.503199100494384766e+00
-1.454472422599792480e+00
-1.425634860992431641e+00
-1.401313066482543945e+00
-1.375064015388488770e+00
-1.347601056098937988e+00
-1.309248924255370872e+00
-1.293986320495605691e+00
-1.253210425376892090e+00
-1.200161099433899148e+00
-1.210882425308227539e+00
-1.150851845741271973e+00
-1.138787627220153809e+00
-1.089519500732422097e+00
-1.059723377227783203e+00
-1.048586487770080566e+00
-1.005043268203735352e+00
-9.795216321945190430e-01
-9.555754065513611950e-01
-9.219140410423279919e-01
-9.051463603973387562e-01
-8.607311248779296875e-01
-8.211346864700317383e-01
-7.712689638137817383e-01
-7.555236816406250000e-01
-7.262936234474182129e-01
-6.943832039833068848e-01
-6.707546114921569824e-01
-6.198985576629638672e-01
-5.875815153121948242e-01
-5.511505603790283203e-01
-5.115486979484558105e-01
-4.722929894924163818e-01
-4.027547538280487061e-01
-3.432147204875946045e-01
-3.059598207473754883e-01
-2.932669818401337225e-01
-2.661462426185607910e-01
-2.736622393131256104e-01
-2.027523666620254517e-01
-2.072216570377349576e-01
-1.495560705661773404e-01
-1.244408115744590759e-01
-9.743438661098480225e-02
-7.856617122888565063e-02
-5.697598680853843689e-02
-5.218786746263504028e-02
-5.678437650203704834e-02
-1.218444667756557638e-02
5.122299492359162071e-02
2.817474305629730572e-02
3.461103886365890503e-02
1.220008265227079391e-02
4.424978420138359070e-02
4.704896360635756752e-02
7.811588048934937911e-02
1.072389632463455200e-01
1.093819811940193315e-01
1.382846087217330933e-01
1.370912194252014160e-01
1.450375765562057495e-01
1.398616731166839600e-01
1.111594215035438399e-01
1.398786902427673340e-01
1.221149191260337691e-01
1.253605931997299194e-01
1.005901992321014404e-01
1.049559265375137190e-01
9.006455540657042069e-02
6.590718775987625122e-02
6.709560006856916947e-02
6.930565834045410156e-02
7.229663431644439697e-02
8.784776180982589722e-02
4.835142940282821655e-02
6.513965129852294922e-02
6.335614621639253097e-02
6.187873706221581199e-02
2.623847313225268971e-02
9.194783866405487061e-03
3.069023601710796356e-03
-1.103640068322419947e-02
-2.299683727324008942e-02
-5.978621076792478561e-03
-3.959119319915772178e-02
-3.982973843812943199e-02
-7.538564503192902999e-02
-7.573870569467544556e-02
-7.853575795888900757e-02
-8.955390751361846924e-02
-7.878275215625762939e-02
-8.243604004383087158e-02
-6.640875339508058028e-02
-6.068763509392737648e-02
-5.851302668452262185e-02
-5.430518835783004761e-02
-5.743052810430527427e-02
-4.722009226679801941e-02
-4.433967918157577515e-02
-6.129286065697669983e-02
-6.177943944931030273e-02
-7.843042165040969849e-02
-8.395507931709289551e-02
-1.008361503481864790e-01
-1.184028014540672441e-01
-1.145281493663787703e-01
-1.139187738299369812e-01
-1.083066016435623308e-01
-9.584410488605500655e-02
-1.010391190648078780e-01
-1.177256107330322543e-01
-1.352089792490005493e-01
-1.472153067588806152e-01
-1.662583947181701383e-01
-1.595434546470642090e-01
-1.475439816713333130e-01
-1.444671154022216797e-01
-1.276680231094360629e-01
-1.279734373092651367e-01
-1.083609759807586809e-01
-1.028769537806510787e-01
-9.834597259759904342e-02
-1.120334789156913757e-01
-1.355203390121459961e-01
-1.333089023828506470e-01
-1.382475346326828003e-01
-1.410083174705505371e-01
-1.411620378494262695e-01
-1.620534956455230713e-01
-1.493003517389297485e-01
-1.289498507976531982e-01
-1.288293451070785522e-01
-1.286190152168273926e-01
-1.430171132087707520e-01
-1.798466891050338745e-01
-1.704071611166000366e-01
-1.849312186241149902e-01
-1.862035393714904785e-01
-2.045432925224303922e-01
-2.079804539680480957e-01
-2.144348919391632080e-01
-2.082948833703994751e-01
-1.829361170530319214e-01
-1.816196590662002563e-01
-1.614265292882919312e-01
-1.352652758359909058e-01
-1.170742809772491455e-01
-1.053132563829421997e-01
-1.317973881959915161e-01
-1.048200726509094238e-01
-1.128945201635360718e-01
-6.967940181493759155e-02
-6.667215377092361450e-02
-1.013828814029693604e-01
-7.327533513307571411e-02
-6.983807682991027832e-02
-5.978982523083687523e-02
-5.625906586647033691e-02
-6.230904534459114075e-02
-5.263678729534148476e-02
-6.396503746509552002e-02
-6.406529992818832397e-02
-5.841852352023124695e-02
-6.894669681787490845e-02
-6.448967009782791138e-02
-6.574902683496475220e-02
-2.247001416981219898e-02
-2.026372961699962616e-02
4.680988786276429892e-04
2.874503657221793781e-02
4.123758897185325623e-02
7.458011060953140259e-02
1.167480722069740434e-01
1.336245089769363403e-01
1.627497524023056030e-01
1.692864894866943637e-01
2.344657033681868952e-01
2.322649955749511996e-01
2.434451431035995483e-01
2.709540426731109619e-01
2.765141129493712824e-01
2.972176671028137207e-01
2.986030876636505127e-01
3.139443099498748779e-01
3.330124914646149237e-01
3.470790386199951172e-01
3.778345584869384766e-01
3.862094581127166748e-01
4.178287684917449951e-01
4.333600997924805243e-01
3.956111967563629150e-01
4.098674356937407892e-01
4.009191095829010010e-01
4.255380034446715753e-01
4.228897988796234131e-01
4.319671690464020331e-01
4.805296659469605047e-01
4.690307080745697021e-01
5.089464783668518066e-01
5.234129428863525391e-01
5.088018774986267090e-01
5.104094743728637695e-01
5.071267485618591309e-01
5.205247998237609863e-01
5.046682357788085938e-01
5.088954567909240723e-01
5.179052352905273438e-01
4.940246641635894775e-01
4.965673089027404785e-01
4.953770935535430908e-01
4.861362278461455744e-01
4.938849806785584051e-01
4.815638065338134766e-01
4.843259155750274103e-01
4.655409753322600763e-01
4.631731510162354071e-01
4.602091014385223944e-01
4.385576546192169189e-01
4.520300030708312988e-01
4.526529312133789062e-01
4.515428841114044189e-01
4.233365952968596857e-01
3.984730243682860773e-01
3.926610350608825684e-01
3.696242272853850763e-01
3.616009354591369629e-01
3.557833135128021240e-01
3.451713919639587402e-01
3.566725254058837891e-01
3.497673273086547852e-01
3.280649781227111816e-01
3.360834717750548761e-01
3.334718644618988037e-01
3.409981429576873779e-01
3.272094130516052246e-01
3.489793241024016779e-01
3.532063364982604980e-01
3.470904231071472168e-01
3.578647673130035400e-01
3.153663575649260919e-01
3.118203282356262207e-01
3.066216409206390381e-01
2.807844579219818115e-01
3.004591763019561768e-01
2.818475961685181219e-01
