-2.577366679906845093e-02
-1.466237157583236694e-01
-1.177705824375152449e-01
-2.291751056909560880e-01
-3.136481642723083496e-01
-3.727767765522003174e-01
-4.684102535247802734e-01
-3.161789774894714355e-01
-2.148575633764266968e-01
-1.049422323703766008e-01
-9.570623189210893111e-02
1.002378761768341064e-01
1.794407889246940613e-02
-1.071883589029311995e-01
-1.922253370285034457e-01
-1.502853482961654663e-01
1.150538921356201311e-01
9.553024917840957642e-02
-1.243332847952842712e-01
-1.868289858102798462e-01
-2.713153958320617676e-01
-4.533123672008513849e-01
-5.493706464767456055e-01
-6.963416934013366699e-01
-6.341423392295837402e-01
-6.709939837455749512e-01
-6.586528420448303223e-01
-6.910819411277770996e-01
-7.962883114814758301e-01
-7.373474240303040661e-01
-6.748518347740173340e-01
-6.670672297477722168e-01
-6.548873186111450195e-01
-4.830252826213837225e-01
-3.080037832260131836e-01
-2.960553169250488281e-01
-2.843402922153472900e-01
-2.267096340656280518e-01
-2.187286466360091886e-01
-2.398087084293364923e-01
-2.177568972110748569e-01
-2.627687454223632812e-01
-2.818875610828400213e-01
-2.678503692150115967e-01
-2.373344600200653076e-01
-1.759009212255477905e-01
-3.883456438779830933e-02
-2.993669733405112526e-02
8.151456713676452637e-02
-1.358034461736679077e-01
-1.382413953542709628e-01
-1.817648112773895541e-01
-9.901708364486694336e-02
-8.621833287179470062e-03
-1.168928369879722456e-01
-1.814118027687072754e-01
-2.261321544647217074e-01
-2.606353759765625000e-01
-1.321254223585128784e-01
1.400496959686279297e-01
1.765499413013458530e-01
-8.672302216291427612e-02
8.256630972027780360e-03
-2.693525142967700958e-02
5.505209043622016907e-02
-3.145486414432525635e-01
-4.449509084224700928e-02
-1.360682398080825806e-01
-2.403956651687622070e-01
-2.729896605014801025e-01
-1.935122609138488770e-01
2.457371801137923917e-01
2.676565349102019709e-01
6.332371830940246582e-01
3.882555663585662842e-01
5.963509082794189453e-01
-2.009960263967514038e-01
-2.422438263893127441e-01
-1.467532962560653409e-01
-2.835950851440429688e-01
-2.727216184139252264e-01
-2.184092998504638672e-01
-1.695627719163894653e-01
-4.580368474125862122e-02
1.134135797619819502e-01
1.815300881862640381e-01
1.003286838531494002e-01
4.707303643226623535e-02
1.231213957071304460e-01
5.999182909727096558e-02
1.073815152049064636e-01
1.110079810023307800e-01
1.449410766363143921e-01
1.077755838632583618e-01
1.417754590511322021e-01
1.548814624547958374e-01
1.400546431541442871e-01
1.791385859251022616e-01
1.265855133533477783e-01
7.966666668653488159e-02
1.148359104990959306e-01
7.540874928236007690e-02
1.152199506759643555e-01
7.449998706579206986e-02
3.945436701178551414e-02
8.928298205137252808e-02
1.387886554002761841e-01
1.063026934862136702e-01
5.949890986084937355e-02
-5.150119774043560028e-03
-8.011477440595626831e-02
-1.507847309112548828e-01
-2.077787518501281461e-01
-2.196575999259948730e-01
-4.343663901090621948e-02
-1.167757553048432090e-03
4.681626707315444946e-02
-1.599660702049732208e-02
-3.206153959035873413e-02
8.194755762815475464e-02
1.746650668792426586e-03
-1.689261943101882935e-01
-2.601872980594635010e-01
-2.471673190593719482e-01
-2.710005640983580988e-01
-2.501806020736694336e-01
-1.939482837915420532e-01
-1.262218505144119263e-01
-7.883688807487487793e-02
-1.306155920028686523e-01
-1.308641880750656128e-01
-9.468874335289000077e-02
-1.503123939037322998e-01
-2.013919502496719638e-01
-2.308747619390487948e-01
-1.594282537698745450e-01
-7.490493357181549072e-02
-6.802403926849365234e-02
-7.165376842021942139e-02
-1.679763346910476685e-01
-1.103973835706710815e-01
-1.249406039714813232e-01
-5.645856633782387474e-02
-6.373108923435211182e-02
-8.452332764863967896e-02
-1.239081770181656023e-01
-1.863788217306137085e-01
-2.559677660465240479e-01
-2.338849306106567383e-01
-2.732210159301757812e-01
-2.096649110317230502e-01
-2.150974273681640625e-01
-2.261381298303604126e-01
-2.669523954391479492e-01
-3.459884822368621826e-01
-4.516676366329193115e-01
-4.330849349498748779e-01
-4.905923008918762207e-01
-5.595970153808593750e-01
-6.518994569778442383e-01
-6.660958528518676758e-01
-5.083782672882078968e-01
-5.594279766082763672e-01
-5.477911829948425293e-01
-6.623994112014770508e-01
-7.080561518669128418e-01
-7.394937872886657715e-01
-7.543219923973083496e-01
-7.348691225051879883e-01
-6.565007567405700684e-01
-5.889359712600708008e-01
-4.001300036907196045e-01
-4.295624792575836182e-01
-3.119660317897797186e-01
-1.616891324520111084e-01
-2.052482664585113248e-01
-1.953288912773132602e-01
-1.260220706462859830e-01
6.487939506769180298e-02
1.351669877767562866e-01
2.875965535640717108e-01
3.417230546474456787e-01
4.374185204505919855e-01
4.955809414386749268e-01
5.197693109512329102e-01
5.422723889350891113e-01
6.490528583526611328e-01
6.829130649566650391e-01
7.284218072891235352e-01
7.786184549331665039e-01
8.369619846343994141e-01
7.548711895942687988e-01
9.109786748886108398e-01
1.065880775451660156e+00
1.022857069969177246e+00
1.041686415672302246e+00
9.431369304656982422e-01
9.397033452987672009e-01
8.571882247924804688e-01
7.598960399627685547e-01
8.121507763862609863e-01
8.165850639343261719e-01
9.023902416229248047e-01
8.735804557800292969e-01
7.859986424446105957e-01
8.029573559761047363e-01
6.392126679420471191e-01
4.988042712211608887e-01
5.474562048912048340e-01
5.082470774650573730e-01
3.792335391044617254e-01
4.810937345027924139e-01
3.450749218463897705e-01
3.099175989627838135e-01
3.006537556648254395e-01
2.456818968057632446e-01
2.864568233489989679e-01
2.292169183492660522e-01
2.108260989189147949e-01
1.433062851428985596e-01
7.328387349843978882e-02
-2.126265019178390503e-01
-3.640157878398895264e-01
-3.441977500915527344e-01
-5.845944881439208984e-01
-7.877904772758483887e-01
-6.666539311408996582e-01
-6.559032797813415527e-01
-6.128789782524108887e-01
-4.370845556259155273e-01
-2.790864706039429266e-01
-3.470681905746459961e-01
-3.212725520133972168e-01
-3.526200354099273682e-01
-3.509591519832611084e-01
-4.740793406963348944e-01
-5.319511294364929199e-01
-5.972989797592163086e-01
-6.621451377868652344e-01
-7.976745963096618652e-01
-7.703076004981994629e-01
-7.886282801628112793e-01
-9.190810918807984509e-01
-9.346678853034972034e-01
-9.187836647033692516e-01
-9.098755121231080212e-01
-7.590778470039367676e-01
-5.933246016502379261e-01
-5.102285742759704590e-01
-2.447122782468796054e-01
2.933982387185096741e-02
1.671004295349121094e-02
-6.999879609793424606e-03
-1.557462811470031461e-01
-2.669214308261871338e-01
-4.237124025821685791e-01
-5.142832994461060681e-01
-4.441276490688323975e-01
-3.909785151481628973e-01
-3.119651973247528076e-01
-2.228014767169952393e-01
-3.084942400455474854e-01
-2.849000990390777588e-01
-2.895755469799041748e-01
-2.603337466716766357e-01
-1.771097779273986816e-01
-8.757838606834413009e-02
-1.526495665311813632e-01
-1.452562958002090454e-01
-1.513893455266952515e-01
1.331304013729095632e-02
7.521333545446395874e-02
1.940026879310607910e-01
2.952022850513458252e-01
3.428036272525787354e-01
3.114123940467834473e-01
3.230116665363311768e-01
3.444049358367919922e-01
3.225234746932983398e-01
4.250544309616088867e-01
4.427547454833983820e-01
5.114084482192993164e-01
5.177127718925476074e-01
4.374795556068420965e-01
3.148772120475769043e-01
1.942182183265686035e-01
2.624121308326721191e-01
2.252353727817535400e-01
2.483642101287841519e-01
2.414557188749313077e-01
3.200513422489166260e-01
3.514491617679595947e-01
3.298204541206359863e-01
2.622188925743103027e-01
1.528171151876449585e-01
1.092719882726669312e-01
-1.767610898241400719e-03
-6.712137721478939056e-03
-3.804021328687667847e-02
6.701596081256866455e-02
1.217729300260543684e-01
1.837832778692245206e-01
2.224780917167664129e-01
1.257874816656112671e-01
8.283079415559768677e-02
2.971256151795387615e-02
-2.053365856409073223e-02
-4.670210555195808411e-02
-4.508790373802185059e-02
-1.583938486874103893e-02
4.879943653941154480e-02
1.187635064125061035e-01
1.816648840904236117e-01
1.271106153726577759e-01
1.221423074603080750e-01
9.438440203666687012e-02
-1.075652707368135626e-02
7.286540418863297897e-02
8.635608106851577759e-02
1.087909117341041565e-01
3.420229256153106689e-02
-2.635489031672477375e-02
-8.682697266340255737e-02
-7.707994431257247925e-02
-7.750360667705535889e-02
-2.031441777944564819e-02
-1.264046430587768555e-01
-1.261277943849563599e-01
-8.420109003782272339e-02
-7.313678413629531860e-02
1.049369275569915771e-01
1.408178806304931363e-01
4.482766985893249512e-01
5.463333129882812500e-01
7.149351239204406738e-01
6.700048446655273438e-01
5.647485256195068359e-01
3.633496463298797607e-01
1.232350543141365051e-01
-2.780204638838768005e-03
-4.970998689532279968e-02
-9.495327621698379517e-02
-8.023411780595779419e-02
-4.982298240065575340e-02
-2.476347237825393677e-02
-3.282024711370468140e-02
-8.737167716026306152e-02
-1.241642832756042480e-01
-9.356101602315904098e-02
2.796568349003791809e-02
1.627747416496276855e-01
3.976684510707855225e-01
4.662529528141021729e-01
6.226902604103088379e-01
6.844447255134582520e-01
7.311682105064392090e-01
7.163001298904418945e-01
7.300226092338562012e-01
7.660629153251647949e-01
7.849163413047790527e-01
7.952723503112792969e-01
6.628094911575317383e-01
7.013067603111267090e-01
7.602981925010681152e-01
6.568617224693298340e-01
5.045506358146667480e-01
3.644843995571137030e-01
3.717798888683319092e-01
4.461952745914459229e-01
4.475786387920380194e-01
3.780457079410552979e-01
2.979112863540648859e-01
1.689702123403549194e-01
2.116843909025192538e-01
1.349871754646301270e-01
3.069312684237957001e-02
7.171224802732467651e-02
6.644301861524581909e-02
2.290519773960112970e-01
4.413142502307891846e-01
4.410472512245178223e-01
6.511130928993225098e-01
6.319993138313293457e-01
5.582172870635986328e-01
2.582709491252899170e-01
3.226980268955231268e-01
3.462338745594025213e-01
3.371195495128632147e-01
4.108415246009826660e-01
4.815391898155212957e-01
4.807269871234893799e-01
4.285125732421875000e-01
4.690285921096801758e-01
2.099174708127975464e-01
2.675878405570983887e-01
1.538896709680557251e-01
1.582620441913604736e-01
8.919829130172729492e-02
9.879703074693679810e-02
7.608641684055326981e-02
-5.347148049622774124e-03
8.361825346946716309e-02
7.752824574708938599e-02
-1.927280426025390278e-02
2.432424202561378479e-02
-1.294471919536590576e-01
-2.302146106958389005e-01
-1.380071640014648438e-01
-2.614820897579193115e-01
-1.684620827436447144e-01
-8.691699802875518799e-02
-1.938927918672561368e-01
-2.167086750268935880e-01
-3.284946084022521973e-01
-5.595927834510803223e-01
-5.561041235923767090e-01
-7.448220849037170410e-01
-7.903329133987426758e-01
-7.876933813095092773e-01
-8.789846301078796387e-01
-9.508085846900941052e-01
-9.903498291969300427e-01
-1.031934261322021706e+00
-1.262396574020385520e+00
-1.210060000419616699e+00
-1.272056460380554199e+00
-1.348065853118896484e+00
-1.163222193717956321e+00
-1.194042921066284180e+00
-1.132542610168457031e+00
-1.214326024055480957e+00
-1.362854361534118874e+00
-1.254408478736877441e+00
-1.502515792846679688e+00
-1.704144477844238503e+00
-1.710692763328552246e+00
-1.784199357032776101e+00
-1.740377068519592507e+00
-1.681821942329406738e+00
-1.470457315444946289e+00
-1.316141724586486816e+00
-1.248806238174438477e+00
-1.136339545249938965e+00
-1.017640709877014160e+00
-9.616520404815673828e-01
-9.631245136260986328e-01
-1.103831768035888894e+00
-1.210651874542236328e+00
-1.328184247016906738e+00
-1.381974101066589355e+00
-1.416120767593383789e+00
-1.337238788604736328e+00
-1.247880816459655762e+00
-1.012354493141174316e+00
-7.750851511955261230e-01
-7.088535428047180176e-01
-5.900195837020874023e-01
-5.866184234619140625e-01
-4.608823955059052069e-01
-4.187418520450592041e-01
-2.966365218162537176e-01
-6.906487792730331421e-02
6.542912218719720840e-03
-7.770291715860366821e-02
-1.274298131465912039e-02
1.873171031475067139e-01
2.737126946449280340e-01
4.071929752826690674e-01
4.288674592971801758e-01
4.300153851509094238e-01
3.892907500267028809e-01
4.100075364112854004e-01
3.581742644309997559e-01
3.309919536113739014e-01
2.422263175249100009e-01
3.099298179149628241e-01
3.680460751056671143e-01
2.690170705318450928e-01
3.341122269630432129e-01
3.193921744823455811e-01
3.678359091281890869e-01
3.934433162212371826e-01
3.118266165256500244e-01
2.905177175998687744e-01
2.706940770149230957e-01
2.817207276821136475e-01
1.730793118476867398e-01
2.490551024675368985e-01
1.645279526710510531e-01
2.292563319206237515e-01
2.572322189807891846e-01
1.887634396553040106e-01
1.103729978203773637e-01
1.456630527973175049e-01
6.278069317340850830e-02
1.037105917930603027e-01
2.581644654273986816e-01
2.509474158287048340e-01
3.372291624546051025e-01
2.461006939411163608e-01
9.196015447378159957e-02
4.687733575701713562e-02
7.333678007125853104e-02
7.258380949497222900e-02
2.571983039379119873e-01
4.766131341457366943e-01
5.315280556678771973e-01
6.187595725059509277e-01
7.146100401878356934e-01
6.739432811737060547e-01
7.802415490150451660e-01
9.056151509284972034e-01
9.818669557571412243e-01
1.150770425796508789e+00
1.172711372375488503e+00
1.434719204902649148e+00
1.401723265647888184e+00
1.448330163955688477e+00
1.450679540634155273e+00
1.444472074508666992e+00
1.433401465415954590e+00
1.344868779182434082e+00
1.265918254852294922e+00
1.047559380531310813e+00
1.019631624221801758e+00
1.012755751609802246e+00
1.232241988182068093e+00
1.319018959999084473e+00
1.568229794502258301e+00
1.798779964447021706e+00
1.877823114395141602e+00
1.689426541328430176e+00
1.527163863182068093e+00
1.425197005271911621e+00
1.123356342315673828e+00
9.709361791610717773e-01
9.224912524223327637e-01
8.296383023262023926e-01
7.240141630172729492e-01
6.324667930603027344e-01
5.585681200027465820e-01
4.802132248878479004e-01
4.419927000999450684e-01
2.850848138332366943e-01
1.982589364051818848e-01
1.233722344040870805e-01
-9.404052048921583695e-02
-1.387335062026977539e-01
-2.302744835615158081e-01
-2.828516066074371338e-01
-1.500000506639480591e-01
7.451023906469345093e-02
5.623455345630646446e-02
6.807916611433029175e-02
-1.260862797498703003e-01
-3.481765985488892157e-01
-5.057817697525024414e-01
-5.834261775016784668e-01
-5.673044323921203613e-01
-3.454585671424865723e-01
-7.800681889057159424e-02
-2.835692651569843639e-02
1.646410077810287476e-01
4.124825447797775269e-02
-4.906406998634337685e-02
-3.124474585056304932e-01
-5.204285979270935059e-01
-6.741298437118530273e-01
-6.414756178855895996e-01
-5.813642740249633789e-01
-4.968155920505524237e-01
-4.746987521648406982e-01
-5.586100816726684570e-01
-6.357432603836059570e-01
-6.072958707809448242e-01
-6.158140301704406738e-01
-4.913103580474854071e-01
-1.730800718069076538e-01
2.021522223949432373e-01
3.114569187164306641e-01
3.963541388511657715e-01
2.101667970418930054e-01
2.692321501672268261e-02
-1.255484819412231445e-01
-9.192039072513580322e-02
-1.085476055741309981e-01
-5.537744984030723572e-02
-2.181713841855525970e-02
-5.828640237450599670e-02
-9.579622000455856323e-02
-9.078107774257659912e-02
-3.226632177829742432e-01
-6.487553715705871582e-01
-8.269350528717041016e-01
-1.063048362731933594e+00
-1.188030362129211426e+00
-1.216163158416748047e+00
-1.093965768814087136e+00
-9.100106954574583851e-01
-8.390660285949707031e-01
-7.888702154159545898e-01
-8.063217401504516602e-01
-8.625212907791137695e-01
-1.054470539093017578e+00
-1.107173562049865501e+00
-1.132368683815002441e+00
-1.263769626617431641e+00
-1.335997343063354492e+00
-1.386731505393981934e+00
-1.282210946083068848e+00
-1.106489658355712891e+00
-9.778990745544433594e-01
-8.559016585350036621e-01
-5.427206754684448242e-01
-2.574878633022308350e-01
-2.390068024396896362e-01
-2.451126128435134888e-01
-2.434996962547302524e-01
-2.482860833406448364e-01
-2.262780964374542514e-01
-2.019687741994857511e-01
-2.048868089914321899e-01
-1.362217962741851807e-01
3.690370172262191772e-02
1.291133463382720947e-01
2.341978400945663452e-01
3.536487817764282227e-01
2.082409262657165250e-01
1.992597132921218872e-01
6.396889686584472656e-02
-5.292874202132225037e-02
-3.091295063495635986e-01
-5.325459837913513184e-01
-5.677251219749450684e-01
-5.073443055152893066e-01
-4.484945833683013916e-01
-3.920293748378753662e-01
-3.233378529548645020e-01
-3.382733762264252264e-01
-2.041339278221130371e-01
-1.073246970772743225e-01
-1.059302389621734619e-01
-1.253998875617980957e-01
-6.477855145931243896e-02
-1.329524070024490634e-01
-2.234905399382114410e-02
7.960211485624311967e-02
5.587692558765411377e-02
1.319339498877525156e-02
-1.969137042760848999e-01
-2.761460840702056885e-01
-3.725760281085968018e-01
-4.079474508762360174e-01
-1.507361978292465210e-01
1.759556680917739868e-01
3.512156009674072266e-01
6.889496445655822754e-01
9.257219433784483753e-01
9.657428264617919922e-01
1.044854760169982910e+00
8.937180638313293457e-01
6.071426868438720703e-01
4.458077549934387207e-01
3.390808403491973877e-01
4.722136259078980047e-01
4.447592794895172119e-01
7.107390761375427246e-01
8.035455942153930664e-01
9.207342863082885742e-01
9.549936652183531605e-01
1.021746277809142844e+00
1.030788660049438477e+00
9.099388718605041504e-01
7.756732702255249023e-01
8.597655892372131348e-01
8.368788361549377441e-01
8.579691648483276367e-01
8.062017560005187988e-01
8.258448839187622070e-01
8.408445119857788086e-01
8.878469467163085938e-01
9.493550658226012073e-01
1.088091969490051270e+00
1.050137996673584206e+00
1.176207661628723145e+00
1.240248799324035645e+00
1.216318845748901367e+00
1.179702997207641602e+00
9.793974161148072399e-01
7.892240285873413086e-01
5.920419096946716309e-01
4.291193783283233643e-01
1.479715257883071899e-01
-1.640120446681976596e-01
-1.440939009189605435e-01
-1.028150469064712386e-01
5.500010401010513306e-02
1.400845497846603394e-01
1.934721469879150391e-01
2.816612124443054199e-01
2.129585742950439453e-01
-4.097723215818405151e-02
-2.006990164518356601e-01
-1.480387151241302490e-01
-2.252429574728012085e-01
-1.077234819531440735e-01
-9.993065893650056319e-02
4.511965066194533608e-02
-1.491350084543227872e-01
-1.788701564073562622e-01
-4.483798146247863770e-01
-6.686248183250427246e-01
-9.138494729995727539e-01
-9.120886921882628284e-01
-7.638909220695495605e-01
-5.224779248237609863e-01
-1.816325932741164884e-01
6.994988024234773116e-02
4.247343838214874268e-01
6.231656670570373535e-01
5.683734416961669922e-01
5.260626077651977539e-01
5.094445943832397461e-01
4.188813865184783936e-01
3.109417855739592951e-01
2.839256525039672852e-01
3.199629187583923340e-01
4.091361761093140204e-01
5.171890258789062500e-01
5.135284662246704102e-01
5.379680395126342773e-01
5.270764827728271484e-01
5.200138688087463379e-01
5.298015475273132324e-01
5.913758277893066406e-01
7.146729230880737305e-01
8.617330193519592285e-01
8.805835247039794922e-01
8.953354954719543457e-01
8.840405941009521484e-01
7.891167402267456055e-01
5.949220657348632812e-01
5.567519068717956543e-01
3.905853033065795898e-01
2.389228641986846924e-01
3.220939934253693182e-01
3.017422258853912354e-01
3.321931958198547363e-01
3.961490988731384277e-01
4.944849610328673761e-01
4.802546799182891846e-01
4.006373584270476740e-01
3.125211894512176514e-01
-7.331480830907823043e-02
-2.543897628784180243e-01
-4.738340973854064941e-01
-4.437814354896545410e-01
-2.512080669403076172e-01
-1.220431849360466003e-01
-4.219385981559753418e-02
5.575533583760261536e-02
7.605750579386948672e-03
-1.339621394872665405e-01
-3.662469983100891113e-01
-6.278890967369079590e-01
-6.296702027320861816e-01
-7.168900370597839355e-01
-6.813839077949523926e-01
-6.111646890640258789e-01
-5.699617266654968262e-01
-5.720754861831665039e-01
-5.561513900756835938e-01
-6.534126400947570801e-01
-7.454046607017517090e-01
-6.535900831222534180e-01
-7.663552165031433105e-01
-7.314774394035339355e-01
-8.056082129478454590e-01
-8.205141425132751465e-01
-8.157978653907775879e-01
-8.898605704307556152e-01
-9.171349406242371716e-01
-7.850320339202880859e-01
-6.801893115043640137e-01
-5.036265254020690918e-01
-3.553820550441741943e-01
-1.613486409187316895e-01
-1.233474612236022949e-01
-1.163424775004386763e-01
-2.027772068977355957e-01
-4.808686077594757080e-01
-5.825051665306091309e-01
-9.517725110054016113e-01
-1.020641088485717773e+00
-1.090136289596557617e+00
-1.170002937316894309e+00
-1.101923942565917969e+00
-9.258289933204651989e-01
-8.147207498550415039e-01
-8.532383441925048828e-01
-8.378787636756896973e-01
-8.703596591949462891e-01
-9.492793679237365723e-01
-9.621607065200805664e-01
-1.038782000541687012e+00
-1.105399250984192117e+00
-1.209286689758300781e+00
-1.199621438980102317e+00
-1.309513449668884499e+00
-1.319693922996520996e+00
-1.257087111473083496e+00
-1.099383831024170144e+00
-8.041903972625732422e-01
-7.016408443450927734e-01
-5.149952173233032227e-01
-5.495385527610778809e-01
-5.642758607864379883e-01
-7.305394411087036133e-01
-7.501003742218017578e-01
-7.915734052658081055e-01
-7.868211865425109863e-01
-8.240809440612792969e-01
-5.358090400695800781e-01
-2.483912110328674594e-01
-1.054420918226242065e-01
1.371226906776428223e-01
4.355177879333496094e-01
3.861202001571655273e-01
3.732599616050720215e-01
3.031485676765441895e-01
2.125091105699539185e-01
1.441513597965240479e-01
1.516854912042617798e-01
5.514911562204360962e-02
1.438501030206680575e-01
3.605936467647553045e-01
7.280229330062866211e-01
9.842748045921325684e-01
1.112414598464965820e+00
1.253887772560119629e+00
1.327421545982360840e+00
1.281112074851989524e+00
1.261964797973632812e+00
1.251882195472717285e+00
1.150840044021606445e+00
1.139011859893798828e+00
1.327262520790100098e+00
1.362290382385254128e+00
1.466609835624694824e+00
1.523123502731323242e+00
1.514395356178283691e+00
1.506161332130431907e+00
1.427045106887817383e+00
1.288442373275756836e+00
1.139324665069580078e+00
1.166682243347167969e+00
1.061107873916625977e+00
9.889277815818787731e-01
9.314791560173035778e-01
1.014727473258972168e+00
8.549985289573669434e-01
8.649558424949645996e-01
8.006333708763122559e-01
7.344380617141723633e-01
7.288398146629333496e-01
6.992684602737426758e-01
5.931747555732727051e-01
5.693395733833312988e-01
4.675993025302886963e-01
4.508567154407501221e-01
4.252809584140777588e-01
3.419993519783020020e-01
2.969506382942200262e-01
2.794445157051086426e-01
2.738207876682280939e-01
2.810354232788085938e-01
3.802535831928253174e-01
3.033422529697418213e-01
2.934426069259644110e-01
2.429485321044921875e-01
1.557902991771697998e-01
1.562022417783737183e-01
7.725425064563751221e-02
6.084857974201440811e-03
-1.453123334795236588e-02
8.915870636701583862e-02
1.255804002285003385e-01
1.737450063228607178e-01
1.977005153894424438e-01
1.234529837965965271e-01
9.990010410547256470e-02
4.926898330450057983e-02
-4.922648426145315170e-03
-3.993085771799088218e-02
-5.629549548029900291e-02
-5.996099486947060325e-02
-2.959566190838813782e-02
1.576145179569721222e-02
5.543458834290505149e-02
8.422607183456420898e-02
1.058866605162620406e-01
4.048933461308478615e-02
3.024520352482796409e-02
8.479003608226776123e-02
6.645379215478897095e-02
6.639775633811950684e-02
7.466348260641098022e-02
8.119625598192214966e-02
9.160462021827697754e-02
1.119195297360420227e-01
1.413424015045166016e-01
1.640072464942932129e-01
1.164963692426681519e-01
1.461954861879348755e-01
1.665046364068984985e-01
1.859430223703384399e-01
1.893528401851654053e-01
1.894138157367706576e-01
1.832998096942901611e-01
1.710922718048095426e-01
2.185980379581451416e-01
1.615550667047500610e-01
1.291119307279586792e-01
1.452461928129196167e-01
8.509061485528945923e-02
4.437394812703132629e-02
1.270914077758789062e-01
1.469995379447937012e-01
1.893779784440994540e-01
1.560017317533493042e-01
1.786196827888488770e-01
1.778923273086548129e-01
2.374095767736434937e-01
2.004728913307189941e-01
1.605169773101806363e-01
1.098338961601257185e-01
4.558689892292023399e-02
1.194394081830978532e-01
9.702125191688537598e-02
5.345375742763280869e-03
3.751855110749601450e-03
-4.864652175456286344e-03
-7.900101691484451294e-02
-3.098889254033564827e-02
5.683093890547752380e-02
9.290791302919387817e-02
4.869945719838142395e-02
4.963801428675651550e-02
1.486190855503082553e-01
2.287368103861808777e-02
-5.647211521863937378e-02
-1.280485689640045166e-01
-1.378534585237503052e-01
-1.473138332366943637e-01
-8.882006257772445679e-02
-1.940317824482917439e-02
1.025075744837522333e-02
1.084114331752061844e-02
-1.849638521671295166e-01
-3.723908066749572754e-01
-3.648656308650970459e-01
-5.745475292205810547e-01
-7.099124789237976074e-01
-7.490041851997375488e-01
-7.731366157531738281e-01
-6.504197120666503906e-01
-5.938529372215270996e-01
-5.698433518409729004e-01
-6.252822279930114746e-01
-7.591059207916259766e-01
-8.629486560821533203e-01
-8.234168887138366699e-01
-9.733806848525999866e-01
-1.030789732933044434e+00
-9.977083206176757812e-01
-9.017202258110046387e-01
-7.601224184036254883e-01
-8.339192271232604980e-01
-6.560111641883850098e-01
-6.707792878150939941e-01
-5.635357499122620739e-01
-5.301792621612548828e-01
-6.252491474151611328e-01
-6.645867824554443359e-01
-6.935808062553405762e-01
-7.446875572204590954e-01
-7.103493213653564453e-01
-5.116821527481079102e-01
-4.936948120594025213e-01
-2.863761484622955322e-01
-4.508906602859497070e-02
-2.139296755194664001e-02
1.093989238142967224e-01
6.752341054379940033e-03
1.841406896710395813e-02
-5.596189759671688080e-03
-4.277796670794487000e-02
-5.194068700075149536e-02
-7.179077714681625366e-02
-1.771796494722366611e-01
1.390663534402847117e-02
1.671763360500335416e-01
6.964749842882156372e-02
5.846087262034416199e-02
2.023575827479362488e-02
2.636647410690784454e-02
8.481039106845855713e-02
2.034784406423568726e-01
2.120036780834197998e-01
3.350817561149597168e-01
2.219304144382476807e-01
2.352934926748276034e-01
2.486144900321960449e-01
2.685974240303040106e-01
2.924113869667053223e-01
3.323968350887298584e-01
3.387741744518280029e-01
4.197381734848023016e-01
3.152951598167419434e-01
3.025552332401276190e-01
2.320429980754852572e-01
2.428261041641235629e-01
2.073257267475127896e-01
2.288597822189331055e-01
3.215383291244506836e-01
4.201738834381104071e-01
4.727318286895751953e-01
5.180183649063110352e-01
5.277487039566040039e-01
4.842424988746643066e-01
4.349157810211181641e-01
4.584778547286986750e-01
4.350043535232543945e-01
4.398946166038513184e-01
4.450017809867858887e-01
3.860521018505095880e-01
3.597870469093322754e-01
3.036201000213623047e-01
3.829782009124755859e-01
5.360191464424133301e-01
4.740807414054871161e-01
6.021109819412231445e-01
5.721136927604675293e-01
5.413849353790283203e-01
4.457896649837493896e-01
4.272665977478026789e-01
3.220551311969757080e-01
2.480657547712326050e-01
3.584560453891754150e-01
3.323687613010406494e-01
2.930437624454498291e-01
2.421151399612427035e-01
2.131149619817733487e-01
2.782710790634155273e-01
2.720348238945007324e-01
1.544209569692611417e-01
2.655824422836304266e-01
3.533128201961516779e-01
4.457435309886932928e-01
6.328525543212890625e-01
7.233291268348693848e-01
7.039733529090881348e-01
6.442599892616271973e-01
5.260840058326721191e-01
5.078835487365722656e-01
5.784017443656921387e-01
7.336326837539672852e-01
8.838108777999877930e-01
1.018615245819091797e+00
1.265495777130126953e+00
1.301422238349914551e+00
1.238150954246520996e+00
1.160766363143920898e+00
1.173688650131225586e+00
8.843395709991455078e-01
8.659966588020324707e-01
7.636709213256835938e-01
6.334862709045410156e-01
7.291042208671569824e-01
7.869544029235840954e-01
9.468888044357299805e-01
1.052617788314819114e+00
1.186848878860473633e+00
1.226461648941040039e+00
9.693687558174132191e-01
8.426318168640136719e-01
5.272130966186523438e-01
4.971481859683991172e-02
-6.489618867635726929e-02
-8.577480167150497437e-02
1.690831184387207031e-01
4.908890724182128906e-01
8.479903340339660645e-01
7.873203158378601074e-01
5.864015221595764160e-01
2.309750020503997525e-01
9.938196837902067704e-02
-2.003829181194305142e-01
-7.163987755775451660e-01
-7.534308433532714844e-01
-1.029643654823303223e+00
-1.174171090126037598e+00
-1.099578738212585449e+00
-1.006384372711181641e+00
-9.557927250862121582e-01
-1.021238088607787864e+00
-1.150711417198181152e+00
-1.175432562828063965e+00
-1.132759690284729004e+00
-1.091271400451660156e+00
-1.041392803192138894e+00
-9.178283810615540661e-01
-8.744890689849853516e-01
-9.872380495071412243e-01
-1.207573056221008301e+00
-1.284200906753540039e+00
-1.480363488197326882e+00
-1.725416898727416992e+00
-2.025473594665527788e+00
-1.907412648200988770e+00
-1.872082591056823953e+00
-1.636336445808410645e+00
-1.476478576660156250e+00
-6.548319458961486816e-01
-6.845010071992874146e-02
1.761371046304702759e-01
2.944760918617248535e-01
6.107289344072342613e-02
-5.214837789535522461e-01
-9.287259578704833984e-01
-1.060536026954650879e+00
-9.512315392494201660e-01
-7.449645996093750000e-01
-2.157520055770874023e-01
1.740795224905014038e-01
5.006580948829650879e-01
6.620877385139465332e-01
1.733849644660949429e-01
-3.277973830699921209e-01
-4.717403352260590155e-01
-7.148624062538146973e-01
-6.268919110298156738e-01
-3.011390864849090576e-01
1.561701297760009766e-01
2.647170722484589178e-01
2.017707228660583496e-01
2.321134805679321012e-01
-1.670402884483337402e-01
-5.761584639549255371e-01
-8.014979362487792969e-01
-7.162111997604370117e-01
-4.747967422008513849e-01
-4.253677278757095337e-02
1.058375462889671187e-01
2.566406726837158203e-01
1.320622712373733521e-01
3.927626833319664001e-02
-5.011709034442901611e-02
-1.583938002586364746e-01
-1.462988406419754028e-01
-2.453807443380356113e-01
-7.255121320486068726e-02
1.853676736354827881e-01
6.641390323638916016e-01
1.302675247192382812e+00
1.229874491691589355e+00
1.361643791198730469e+00
1.397680044174194336e+00
1.314590811729431152e+00
1.218801259994506836e+00
1.076717734336853027e+00
8.342381119728088379e-01
3.886724710464477539e-01
4.088647067546845038e-01
4.650413990020751953e-01
1.063238143920898438e+00
1.598753452301025391e+00
2.282360553741455078e+00
2.805064439773560014e+00
2.696974515914916992e+00
2.383761405944824219e+00
2.093298673629760742e+00
1.756215929985046387e+00
1.113497018814086914e+00
9.210474491119383655e-01
9.434463977813719593e-01
8.994030952453613281e-01
9.293155074119567871e-01
9.568896889686584473e-01
9.280892610549927868e-01
7.335914373397827148e-01
4.442269206047058105e-01
2.647762894630432129e-01
-2.527162060141563762e-02
-3.145430088043212891e-01
-2.436270117759704867e-01
-1.292484700679779053e-01
-1.975593268871307373e-01
-1.837457418441772461e-01
-1.977632939815520685e-01
-4.508582949638367254e-01
-6.220674514770507812e-01
-9.074009060859680176e-01
-8.586062788963317871e-01
-7.302590012550354004e-01
-5.089608430862426758e-01
-4.723353981971740723e-01
-7.206680178642272949e-01
-6.380512714385986328e-01
-9.061121344566344105e-01
-9.107335209846495472e-01
-8.279259800910949707e-01
-7.020190358161926270e-01
-4.362792670726776123e-01
-4.172005951404572088e-01
-3.861740827560424805e-01
-4.478822052478790283e-01
-5.310774445533752441e-01
-5.696885585784912109e-01
-4.574135839939116877e-01
-5.679911971092224121e-01
-7.952809333801270641e-01
-8.519756793975830078e-01
-7.414203286170959473e-01
-4.406335949897766113e-01
-5.005603656172751686e-02
1.028204113245010376e-01
1.420620083808898926e-01
-3.840439394116401672e-02
-2.334313541650772095e-01
-3.573758304119110107e-01
-5.221598744392395020e-01
-4.989675879478455145e-01
-3.027592599391937256e-01
-1.010952051728964025e-02
1.654038578271865845e-01
3.995670974254608154e-01
5.377970337867736816e-01
4.148676395416260321e-01
6.811236590147017045e-02
-3.297253549098968506e-01
-5.520482659339904785e-01
-4.896342456340789795e-01
-3.122557401657104492e-01
-2.387104779481888095e-01
-2.196270227432250977e-01
-2.342834323644638062e-02
5.749801173806191185e-02
6.267365813255310059e-02
4.752111807465553284e-02
-3.266640007495880127e-01
-4.351983368396759033e-01
-4.682442247867584229e-01
-5.471412539482116699e-01
-5.843187570571899414e-01
-5.314974784851074219e-01
-4.030323326587677002e-01
-5.670144557952880859e-01
-3.364449143409729004e-01
-1.727227717638015470e-01
1.674379259347915372e-01
1.743160337209701538e-01
2.468918263912200928e-01
2.374658435583114624e-01
9.202042967081069946e-02
9.942604228854179382e-03
-1.301435381174087524e-01
-1.735437214374542236e-01
-1.747245043516159058e-01
-2.010578364133834839e-01
-1.293753683567047119e-01
1.790764741599559784e-02
1.080269217491150041e-01
3.252016007900238037e-01
4.183403551578521729e-01
5.060893893241882324e-01
3.702784478664398193e-01
2.128131836652756015e-01
-1.266812384128570557e-01
-3.237904608249664307e-01
-1.995879709720612127e-01
-2.240336537361145020e-01
-1.895882785320281982e-01
-3.053616881370544434e-01
-1.652079075574874878e-01
-1.385984569787979126e-01
-9.443315863609313965e-02
-7.613314688205718994e-02
-1.398920565843582153e-01
-1.760001927614212036e-01
-3.755645751953125000e-01
-3.685283958911895752e-01
-6.029086112976074219e-01
-6.026077866554260254e-01
-6.418129205703735352e-01
-6.641301512718200684e-01
-5.060677528381347656e-01
-4.543673694133759100e-01
-4.166327416896820068e-01
-4.509042501449584961e-01
-5.468228459358215332e-01
-6.828145980834960938e-01
-7.530436515808105469e-01
-7.566385269165039062e-01
-7.112469077110290527e-01
-7.196768522262573242e-01
-7.522867321968078613e-01
-7.757385373115540661e-01
-3.834901154041289728e-01
-4.457595944404602051e-01
-5.233036279678344727e-01
-6.293479800224304199e-01
-7.406815290451049805e-01
-8.968967199325561523e-01
-9.759871363639831543e-01
-1.091912984848022461e+00
-1.222733378410339355e+00
-1.285668969154357910e+00
-1.206752061843872070e+00
-1.110063552856445090e+00
-1.053122639656067117e+00
-1.034438848495483398e+00
-8.834953904151916504e-01
-9.434037208557127796e-01
-1.087745666503906250e+00
-1.069910526275634766e+00
-1.095759034156799094e+00
-9.089538455009459339e-01
-9.578679203987121582e-01
-9.481382966041563831e-01
-9.565325975418091931e-01
-1.051627516746520996e+00
-1.176237344741821289e+00
-1.274685025215149148e+00
-1.360761165618896484e+00
-1.402985811233520508e+00
-1.399803757667541504e+00
-1.381806373596191406e+00
-1.311624169349670410e+00
-1.135418772697448730e+00
-1.119847416877746582e+00
-1.027017235755920410e+00
-1.108478069305419922e+00
-1.131495118141174316e+00
-1.031877994537353516e+00
-9.838113188743592419e-01
-9.697475433349608265e-01
-8.322350382804870605e-01
-7.585567235946655273e-01
-6.845797300338745117e-01
-5.357759594917297363e-01
-4.906810820102692206e-01
-3.804233968257904053e-01
-2.907220423221588135e-01
-2.966455817222595215e-01
-3.040057718753815252e-01
-1.484171897172928134e-01
-2.792568802833557129e-01
-1.799574792385101318e-01
-1.446964889764785767e-01
6.590918451547622681e-02
1.288309842348098755e-01
1.703795194625854492e-01
2.559748291969299316e-01
3.640819191932678223e-01
3.013550937175750732e-01
4.370687603950501043e-01
4.179667532444000244e-01
4.869684576988220215e-01
5.869009494781494141e-01
5.942004323005676270e-01
6.316105127334594727e-01
6.854502558708190918e-01
6.863341927528381348e-01
7.149915695190429688e-01
8.282102942466735840e-01
9.543883800506591797e-01
9.225019216537475586e-01
8.875342607498168945e-01
8.988474011421203613e-01
8.851466774940490723e-01
8.655595779418945312e-01
8.629796504974365234e-01
8.769266605377197266e-01
8.905699849128723145e-01
8.928722143173217773e-01
8.733394742012023926e-01
7.497313022613525391e-01
7.788009047508240856e-01
7.257166504859924316e-01
6.934296488761901855e-01
6.685697436332702637e-01
6.432768106460571289e-01
6.028130054473876953e-01
5.650134682655334473e-01
5.320602059364318848e-01
5.742949247360229492e-01
5.342069864273071289e-01
4.989362061023712158e-01
4.533208012580872137e-01
5.003432035446166992e-01
5.324705243110656738e-01
3.817714750766754150e-01
2.886634171009064276e-01
2.704601883888245184e-01
3.525771200656890869e-01
2.853231728076934814e-01
2.480680793523788452e-01
2.187760323286056519e-01
2.589955329895019531e-01
2.036019414663314819e-01
1.390692144632339478e-01
8.035656064748764038e-02
1.065092459321022034e-01
5.157117545604706504e-02
8.953613042831420898e-02
4.110724478960036538e-02
-6.649848539382218447e-03
-5.104420706629753113e-02
-9.834343940019607544e-02
-1.362289637327194214e-01
-8.190505206584930420e-02
-8.881822973489761353e-02
-7.843046635389328003e-02
-7.542444765567779541e-02
-7.562893629074098067e-02
-7.706234604120254517e-02
-9.151016920804976029e-02
-2.647350169718265187e-02
4.685637727379798889e-02
1.450434792786836624e-02
2.662465907633304596e-02
-5.412481352686882019e-02
-2.216343581676483154e-01
-2.270600497722625455e-01
-2.235953807830810547e-01
-1.947012394666672030e-01
-2.088174074888229370e-01
-1.939900964498519897e-01
-1.728600263595581055e-01
-1.625857502222061157e-01
-1.740054041147232056e-01
-2.818603217601776123e-01
-3.162410259246826172e-01
-2.550795674324036200e-01
-2.421451061964035034e-01
-2.036992460489273071e-01
-1.480123996734619141e-01
-8.743842691183090210e-02
-1.173000335693359514e-01
-9.668881446123123169e-02
-1.064214184880256792e-01
1.007305905222892761e-01
5.592790991067886353e-02
2.390383742749691010e-02
5.764403939247131348e-02
-1.484308205544948751e-02
-1.059358045458793640e-01
-2.158570587635040561e-01
-2.262624949216842929e-01
-2.905324101448059082e-01
-3.114484548568725586e-01
-2.895776927471160889e-01
-2.424384802579880038e-01
-1.872894614934921265e-01
-1.398764997720718384e-01
-1.128577589988708496e-01
-1.184154525399208069e-01
-1.484595388174057007e-01
-2.044825106859207153e-01
-2.694752812385559082e-01
-2.685978710651397705e-01
-2.726473510265350342e-01
-4.106641113758087158e-01
-3.397168815135955811e-01
-1.704054176807403564e-01
-1.553558707237243375e-01
-1.423784047365188599e-01
-1.483885198831558228e-01
-1.023822203278541565e-01
-8.661880344152450562e-02
-5.624695681035518646e-03
-1.519790440797805786e-01
-1.241618767380714555e-01
-6.899368762969970703e-02
-5.755394231528043747e-03
1.063459962606430054e-01
5.834315344691276550e-02
1.253940016031265259e-01
1.532343178987503052e-01
1.518092155456542969e-01
1.027029305696487427e-01
9.155510365962982178e-02
1.373382061719894409e-01
1.017826274037361284e-01
6.834627129137516022e-03
9.367035701870918274e-03
1.895697787404060364e-02
3.766593337059020996e-02
6.849166750907897949e-02
9.831381589174270630e-02
1.191946491599082947e-01
5.419205501675606468e-02
6.349950283765792847e-02
6.431338191032409668e-02
5.943323299288749695e-02
5.749689787626266479e-02
-1.315798796713352203e-02
9.728015214204786820e-02
1.422060877084732056e-01
1.106693670153617998e-01
1.838881522417068481e-01
2.215740978717803955e-01
2.408024221658706943e-01
2.514314353466033936e-01
2.377333939075469971e-01
2.052044719457626620e-01
1.047292053699493408e-01
9.030582755804061890e-02
1.054203584790229797e-01
1.779195964336395264e-01
1.568723022937774658e-01
1.925893425941467563e-01
2.574913203716278076e-01
2.877998650074005127e-01
3.007099628448486328e-01
3.009991347789764404e-01
2.838918268680572510e-01
1.549419015645980835e-01
2.090607136487960815e-01
1.913120746612548828e-01
1.988120824098587036e-01
2.181238979101181030e-01
2.282795608043670932e-01
2.321054488420486450e-01
2.317654639482498447e-01
2.201526910066604614e-01
1.988696008920669556e-01
1.866103559732437134e-01
2.269112318754195889e-01
1.963912993669510165e-01
1.563672870397567471e-01
1.375111937522888184e-01
2.228526324033736628e-01
1.822481602430343905e-01
1.534459739923477173e-01
1.304952055215835571e-01
1.028651893138885637e-01
1.529300808906555176e-01
1.759421080350876132e-01
1.152567788958549500e-01
9.231856465339660645e-02
6.545664370059967041e-02
5.952813103795052269e-02
1.523897517472505569e-02
2.689643763005732623e-03
-8.189817517995834351e-02
-1.563911586999893188e-01
-2.071125358343124390e-01
-2.234022617340087891e-01
-2.165879458189010620e-01
-1.937734186649322510e-01
-1.689272373914718628e-01
-1.518939733505249023e-01
-1.495232135057449341e-01
-8.180930465459823608e-02
-1.087863668799400330e-01
-5.987176671624183655e-02
-9.463507682085035844e-02
-1.298714131116867065e-01
-1.672754585742950439e-01
-2.146345674991607944e-01
-1.893842220306396484e-01
-2.374600172042846957e-01
-2.651270627975463867e-01
-2.731842696666716974e-01
-2.385909259319304865e-01
-2.423578500747680942e-01
-2.331781685352324884e-01
-2.161133289337158481e-01
-1.920839250087738037e-01
-1.867863535881042480e-01
-1.919120550155639926e-01
-1.975673139095306396e-01
-2.252804934978485107e-01
-1.596659868955612183e-01
-1.484117656946182529e-01
-1.200135797262191772e-01
-8.372803777456283569e-02
-1.454451382160186768e-01
-1.459831446409225464e-01
-1.720911264419555387e-01
-1.966629326343536377e-01
-2.027979046106338501e-01
-1.887011528015136719e-01
-1.404835432767868042e-01
-1.116781532764434814e-01
2.811971819028258757e-03
-1.811565645039081573e-02
4.032067954540253553e-03
2.990147331729531722e-03
-7.621014025062323484e-03
-3.056722506880759846e-02
-4.245765507221221924e-02
-4.379792138934136131e-02
-2.894544601440429341e-02
-1.767135597765445709e-02
2.914954908192157312e-03
1.456223428249359131e-02
5.946080386638641357e-02
-4.558831453323364258e-03
-5.653873085975646973e-03
-3.354557231068611145e-02
-5.337393656373023987e-02
-6.485284864902496338e-02
-6.253885477781295776e-02
-4.780469834804534912e-02
-1.226423773914575577e-02
2.410850301384925842e-02
-1.953709498047828674e-02
7.590742316097021103e-04
8.199523389339447021e-02
6.922304630279541016e-02
6.465256959199905396e-02
-1.787392795085906982e-02
-9.538047946989536285e-03
-7.046130020171404752e-03
2.924317959696054892e-03
3.409595414996147156e-02
7.299826294183731079e-02
1.023175567388534407e-01
9.796041250228881836e-02
5.688384547829627297e-02
-1.592271775007248272e-02
6.191314663738011446e-03
-3.066089376807213177e-02
-3.280270844697951577e-02
-2.010609582066535950e-02
-8.140876144170761108e-02
-5.903025344014167786e-02
-3.687947615981101990e-02
-1.327124144881963556e-02
-7.592942565679550171e-02
-4.399843513965606689e-02
-4.084460064768791199e-02
-5.179497599601745605e-02
-2.575529366731644024e-02
-1.751109841279685497e-03
1.836522482335567474e-02
3.902604430913925171e-02
5.070437118411063454e-02
5.411110445857048035e-02
1.269925385713577271e-01
1.141688451170921187e-01
8.854705095291137695e-02
5.236229673027991555e-02
7.720158435404301557e-03
-3.397802636027336121e-02
-5.082706362009048462e-02
-4.644109681248664856e-02
-2.367617003619670868e-02
1.598499598912894726e-03
-6.490675359964370728e-02
-5.008386075496673584e-02
-3.057137876749038696e-02
-1.073814579285681248e-03
4.152700677514076233e-02
7.653693109750747681e-02
2.696837112307548523e-02
5.445867404341698387e-02
6.257453560829162598e-02
7.202737778425218063e-02
7.527161389589309692e-02
7.042139768600463867e-03
3.661608695983886719e-02
-9.982419200241565704e-03
3.827083855867386558e-02
2.063564583659171711e-02
1.034153699874878068e-01
1.024915575981139998e-01
1.730136424303054810e-01
1.443641036748886108e-01
1.921777129173278809e-01
2.426853328943253119e-01
1.853203922510147095e-01
1.927551627159118652e-01
1.920884251594543457e-01
2.105493396520614624e-01
2.468521744012832919e-01
2.763469517230987549e-01
2.947500646114348810e-01
3.010601997375488281e-01
3.043287694454193115e-01
2.870942950248718262e-01
2.480845153331756869e-01
2.110742181539535522e-01
2.663960754871368408e-01
2.311707586050033569e-01
2.067733407020568848e-01
1.988714486360549927e-01
1.263750940561294556e-01
1.372132897377014160e-01
1.423433423042297363e-01
1.499511748552322388e-01
2.592936456203461248e-01
2.764859497547149658e-01
2.799871265888214111e-01
2.592886090278624933e-01
2.260941416025161466e-01
1.673623174428939819e-01
1.090544685721397400e-01
5.853879824280738831e-02
4.940067604184151390e-02
6.082972884178160927e-02
8.470859378576278687e-02
1.093063279986381670e-01
1.498959660530090610e-01
1.607313752174377441e-01
1.495451331138610840e-01
1.130033954977989197e-01
6.235115230083464882e-02
9.692199528217315674e-02
4.999921470880508423e-02
1.858168095350265156e-02
9.932161308825016022e-03
-2.484395401552319527e-03
6.057280302047730186e-02
4.760267585515975952e-02
1.068238541483879228e-01
5.478363856673241356e-02
3.798415884375572205e-02
-7.187138497829437256e-02
-1.824124157428741178e-01
-1.902665346860885620e-01
-2.170930802822113037e-01
-1.771965026855468750e-01
-1.689033657312393188e-01
-1.692278385162353516e-01
-2.246551513671875000e-01
-2.098188251256942749e-01
-2.241644412279129028e-01
-1.731736660003662109e-01
-2.134084850549697876e-01
-3.377430438995360773e-01
-2.923697531223297119e-01
-3.164477050304412842e-01
-3.008240461349487305e-01
-2.559561729431152344e-01
-2.643913626670836847e-01
-1.994772553443908691e-01
-2.371835410594939908e-01
-2.113745063543319980e-01
-2.074715495109558105e-01
-1.947425007820129117e-01
-1.717845201492309570e-01
-2.219240069389343539e-01
-1.792813241481781006e-01
-5.013605579733848572e-02
-7.054238766431807084e-02
-1.643487066030502597e-01
-1.134397611021995544e-01
-2.243571579456329346e-01
-9.417821466922760010e-02
-1.179663538932800432e-01
-4.598131775856018066e-02
3.968646004796028137e-02
1.316494941711425781e-01
1.383277773857116699e-01
2.108920961618423462e-01
1.684392839670181274e-01
1.742457002401351929e-01
9.204334765672683716e-02
9.793674200773240524e-02
1.122254282236099243e-01
1.499247550964355469e-01
2.203670591115951538e-01
2.853246033191680908e-01
2.592677474021912176e-01
2.256575971841812134e-01
2.439137548208236972e-01
2.420819252729415894e-01
2.443134486675262451e-01
2.634788751602172852e-01
2.770407795906066895e-01
2.927582561969757080e-01
3.112186193466186523e-01
2.534674704074860174e-01
2.602040171623229980e-01
2.539660632610321045e-01
2.459789514541625977e-01
2.480420470237731934e-01
2.577455043792725164e-01
2.790393233299255371e-01
2.997377514839172363e-01
3.142957091331481934e-01
2.384408563375473022e-01
2.239916324615478516e-01
2.038557529449462891e-01
1.891746520996093472e-01
2.641150355339050293e-01
2.653503119945526123e-01
2.776808738708496094e-01
2.838899791240692139e-01
2.709960937500000000e-01
2.368878126144408902e-01
1.976807117462158481e-01
1.629680842161178589e-01
1.224467158317566057e-01
8.013701438903808594e-02
5.126684531569481590e-02
5.194066092371940613e-02
-6.155296694487332430e-03
3.636955842375755310e-02
8.723090589046476884e-02
1.487343609333038608e-01
2.040242403745651245e-01
2.235594689846038818e-01
2.075026482343673428e-01
1.890974044799804688e-01
1.600980907678604126e-01
1.135982051491737505e-01
6.590172648429870605e-02
4.671133682131766579e-02
6.469388306140901046e-02
9.857124090194702148e-02
1.495857089757919312e-01
2.037518024444580078e-01
2.468591332435607910e-01
2.511481940746307373e-01
2.128618061542510986e-01
1.523192226886749268e-01
8.238632977008819580e-02
2.881159447133541107e-02
-1.154725177912041545e-04
-1.883203862234950066e-03
2.710851654410362591e-02
8.053253591060637040e-02
1.490739434957504550e-01
2.062701284885406494e-01
3.035503029823303223e-01
2.777422368526458740e-01
2.243404090404510498e-01
5.428395792841911316e-02
2.094359882175922394e-02
-8.289385586977005005e-02
-1.328822374343872070e-01
-1.294004078954458063e-02
1.054986491799354692e-01
1.683042496442794800e-01
6.646021455526351929e-02
7.146593928337097168e-02
3.272759169340133667e-02
3.352584317326546409e-02
-3.032496012747288097e-02
-6.992791593074798584e-02
-1.015329658985137939e-01
-1.038535237312316756e-01
-7.599478960037231445e-02
-1.672274246811866760e-02
5.628206208348273537e-02
9.889952093362806840e-02
3.996467217803002098e-02
2.630627900362014771e-02
-2.579442225396632715e-03
-5.168744549155235291e-02
-7.979338616132736206e-02
-9.012401103973387284e-02
-1.468404233455657959e-01
-9.402496367692947388e-02
-3.341291844844818115e-02
-3.499957919120788574e-02
3.944927453994750977e-02
1.045238375663757185e-01
1.444258540868759155e-01
6.850142776966094971e-02
5.605338513851166465e-02
4.788885638117790222e-02
4.515085369348526001e-02
5.367890372872352600e-02
6.471018772572278976e-03
5.122333765029906533e-02
1.105011850595474243e-01
1.545411497354507446e-01
1.896001994609832764e-01
1.284492462873458862e-01
1.282775849103927612e-01
1.094347387552261353e-01
8.451978117227554321e-02
5.058701336383820274e-02
3.725469857454299927e-02
1.269548237323760986e-01
1.529862880706787109e-01
1.730570793151855469e-01
1.803954839706420898e-01
1.800701171159744540e-01
1.576914936304092407e-01
2.979880943894386292e-02
7.564035803079605103e-02
6.379684805870056152e-02
7.466369867324829102e-02
7.630750536918640137e-02
7.660028338432312012e-02
8.284606039524076981e-02
1.000171825289726396e-01
1.152827143669128557e-01
-2.478702366352081299e-02
8.061016350984571976e-02
2.890974469482898712e-02
1.419314742088317871e-01
2.367172688245773038e-01
7.883349806070327759e-02
9.349574148654937744e-02
9.779366850852966309e-02
8.463197201490402222e-02
7.300619035959243774e-02
7.593300938606262207e-02
1.720241606235504150e-01
1.881707161664962769e-01
2.035218775272369385e-01
1.243746057152747969e-01
1.073452457785606384e-01
8.445447683334350586e-02
7.012816518545150757e-02
6.261838227510452271e-02
-1.228268258273601532e-02
1.570242270827293396e-02
6.350879371166229248e-02
1.135704070329665999e-01
8.368404209613800049e-02
1.194507852196693559e-01
1.286806762218475342e-01
1.235921755433082442e-01
1.162770017981529236e-01
4.552399739623069763e-02
7.105101644992826981e-02
1.098669916391372681e-01
1.647831648588180542e-01
1.396529227495193481e-01
1.112944632768630981e-01
8.108253031969070435e-02
1.278739124536514560e-01
1.730121374130249023e-01
2.154466211795806885e-01
1.878573149442672729e-01
2.529435157775878906e-01
3.199439644813537598e-01
2.927142977714538574e-01
3.275433778762816828e-01
3.469432890415192206e-01
3.594459593296051025e-01
3.693371713161469061e-01
2.314937710762023926e-01
2.558733224868774414e-01
3.566021919250488281e-01
3.905340433120728094e-01
4.376241564750671942e-01
4.035818278789520264e-01
5.165154337882995605e-01
5.146908760070800781e-01
4.757262766361237127e-01
4.148463904857636053e-01
3.500053584575653076e-01
4.579090476036071777e-01
3.388606607913970947e-01
3.935244083404541016e-01
4.371923506259918213e-01
4.744563996791840155e-01
3.466653227806091309e-01
2.861765921115875244e-01
2.010743468999862671e-01
1.784901022911071777e-01
2.430730313062668124e-01
1.691646724939346591e-01
1.254458129405975342e-01
9.327144175767899947e-02
6.483121216297149658e-02
4.077927023172377846e-02
8.590973913669586182e-02
3.956575691699981689e-02
6.856609135866165161e-02
1.094711665064096451e-02
-4.627322405576705933e-02
-9.130491316318511963e-02
-1.177699863910675049e-01
-1.391346901655197144e-01
-1.443196684122085571e-01
-6.566233932971954346e-02
-6.482589244842529297e-02
-6.782954931259155273e-02
-9.094519168138504028e-02
-1.211298331618309021e-01
-8.133739978075027466e-02
-1.337761133909225464e-01
-1.785695999860763550e-01
-6.417144089937210083e-02
-1.891168653964996615e-01
-2.179570645093917569e-01
-2.306589633226394931e-01
-1.494124680757522583e-01
-1.421165168285369873e-01
-1.367424577474594116e-01
-1.473960280418395996e-01
-1.711284369230270386e-01
-2.121037542819976807e-01
-2.589497566223144531e-01
-2.856699526309967041e-01
-2.224252820014953613e-01
-2.162437438964844028e-01
-1.999620348215103149e-01
-1.649789363145828247e-01
-1.416760534048080444e-01
-1.515819728374481201e-01
-2.671113014221191406e-01
-3.144172430038452148e-01
-2.856875956058502197e-01
-2.936738431453704834e-01
-2.523939609527587891e-01
-2.464975714683532992e-01
-1.708093732595443448e-01
-1.945786774158477506e-01
-1.588130593299865445e-01
-1.253871768712997437e-01
-1.863641887903213223e-01
-1.438159644603729248e-01
-2.013363391160964966e-01
-1.734409779310226440e-01
-2.062771916389465332e-01
-1.404452472925186157e-01
-6.370690464973449707e-02
-6.944574415683746338e-02
-6.568091362714767456e-02
-6.286625564098358154e-02
3.368495265021919770e-03
4.683708399534225464e-02
8.299178630113603072e-02
1.227888539433479309e-01
1.455955207347869873e-01
1.838140636682510376e-01
3.603864833712577820e-02
1.233383193612098694e-01
1.345212608575820923e-01
1.683115512132644653e-01
2.188646942377090454e-01
1.941312253475188654e-01
1.741915047168731412e-01
1.892935633659362793e-01
2.046324461698532104e-01
2.130038738250732422e-01
2.236193120479584018e-01
2.483548969030379971e-01
2.009007483720779419e-01
1.541968286037445068e-01
1.846840679645538608e-01
2.079289704561233243e-01
2.304344773292540949e-01
2.546232342720031738e-01
2.763019800186157227e-01
2.951299250125885010e-01
2.416697442531585416e-01
2.638869583606719971e-01
2.726820707321166992e-01
2.797493934631348211e-01
2.765613794326782227e-01
2.916768491268157959e-01
2.976976633071899414e-01
3.645212054252625067e-01
3.549340367317200262e-01
2.426618486642836969e-01
2.113847136497497559e-01
1.809384524822235107e-01
1.507968008518218994e-01
2.034790217876434604e-01
1.997760832309722900e-01
1.472319960594177246e-01
1.598657965660095215e-01
2.626080811023712158e-01
2.565982937812805176e-01
2.470552176237106601e-01
2.037851363420486450e-01
1.598485559225082397e-01
1.142794266343116760e-01
7.022964954376220703e-02
2.757791802287101399e-02
1.993189752101898540e-02
4.442954063415526650e-02
4.791113734245299599e-02
1.064768657088279585e-01
1.408957988023757935e-01
1.934434473514556885e-01
2.250960022211074829e-01
2.190556973218917569e-01
1.998057961463927945e-01
1.533443927764892578e-01
1.069801002740859985e-01
6.663333624601364136e-02
5.309498310089111328e-02
1.317301541566848755e-01
7.772336155176162720e-02
1.011826545000076433e-01
1.223272904753684998e-01
1.418217569589614868e-01
2.281527221202850619e-01
2.092750221490860263e-01
1.075564026832580566e-01
6.327365338802337646e-02
9.777817875146865845e-02
6.368435174226760864e-02
-3.313001990318298340e-02
-2.713964506983757019e-02
-2.797371475026011467e-03
3.113312087953090668e-02
6.006402149796486595e-02
7.658492028713226318e-02
9.087729454040527344e-02
8.007270097732543945e-02
1.331551671028137207e-01
1.027827337384223938e-01
5.337603390216827393e-02
6.233101245015860471e-03
3.597391024231911399e-02
-1.733717694878578186e-02
-4.907944053411483765e-02
2.700970880687236786e-02
-5.062225461006165245e-02
-5.203919485211372375e-02
1.521146949380636215e-02
-7.750816177576779452e-03
-3.864417597651481628e-02
-9.561352431774139404e-02
-1.487267166376113892e-01
-1.862016916275024414e-01
-1.983284354209899902e-01
-3.369509801268577576e-02
-9.479399770498275757e-02
-8.172672986984252930e-02
-8.535030484199523926e-02
-1.022862866520881653e-01
-2.748969793319702148e-01
-2.784761488437653143e-01
-2.696262896060944159e-01
-1.584271788597106934e-01
-1.848392784595489224e-01
-7.196742296218872070e-02
-3.695848956704139709e-02
2.810149081051349640e-02
-1.020277142524719238e-01
-1.067163273692131042e-01
-1.264397799968719482e-01
-1.185601130127906799e-01
-9.099125862121582031e-02
-4.252364858984947205e-02
-3.593036672100424767e-04
2.993197552859783173e-02
-1.141665689647197723e-02
3.124141693115234375e-02
-1.048174127936363220e-01
-8.179299533367156982e-02
-1.356584578752517423e-01
-3.676612162962556319e-03
7.302219420671463013e-02
8.359690755605697632e-02
8.071517199277877808e-02
1.303242295980453491e-01
7.415933161973951859e-02
9.038003534078598022e-02
1.156760528683662553e-01
1.420069336891174594e-01
1.696577370166778564e-01
4.957399144768714905e-02
9.012902528047563033e-02
1.252607852220535278e-01
1.900129318237304688e-01
2.618518471717834473e-01
1.538538038730621338e-01
2.183675616979598999e-01
2.280090451240540106e-01
2.721928954124451239e-01
3.208764195442200262e-01
3.558877110481262207e-01
3.671224713325501043e-01
3.407134413719177246e-01
2.911540567874908447e-01
2.624860703945160467e-01
2.377830445766448975e-01
2.168874889612197876e-01
1.453205943107604980e-01
1.753785908222198486e-01
1.944423019886016846e-01
2.252280414104461392e-01
1.868987977504730502e-01
2.212951928377151489e-01
2.569056153297424316e-01
1.931683570146560669e-01
2.022607624530791959e-01
1.990923732519149503e-01
1.829301118850708008e-01
1.909485012292861938e-01
2.202310264110564630e-01
2.399540543556213101e-01
2.784303128719329834e-01
2.838767468929290771e-01
2.862401604652404785e-01
2.796538174152374268e-01
2.511504292488098145e-01
2.067067921161651889e-01
1.740728169679641446e-01
1.631350219249725342e-01
1.591074764728545865e-01
1.708051711320877075e-01
1.841557919979095459e-01
2.079120874404907227e-01
3.032061457633972168e-01
3.106901049613953192e-01
3.105645477771759033e-01
1.318724900484085083e-01
1.041468828916549683e-01
1.396524608135223389e-01
1.074348613619804382e-01
9.989931434392927689e-02
1.181757003068923950e-01
2.244936376810073575e-01
2.581267654895782471e-01
2.519972920417785645e-01
2.945728600025177002e-01
2.683303654193878174e-01
2.536749839782714844e-01
2.776593863964080811e-01
2.148324549198150635e-01
1.048375442624091963e-01
1.066688448190689226e-01
1.255443096160888672e-01
2.389486283063888550e-01
3.061385452747344971e-01
2.407262176275253018e-01
3.302830755710601807e-01
2.226094305515289307e-01
1.514976173639297485e-01
1.835211962461472113e-01
3.060536384582519531e-01
2.093290388584136963e-01
1.781683862209320068e-01
1.669428199529647827e-01
1.451977193355560580e-01
1.210119500756263455e-01
9.675680845975875854e-02
6.254680454730987549e-02
3.468762338161467812e-02
9.646683186292646928e-02
6.719263643026351929e-02
1.170118451118469238e-01
1.039082631468772749e-01
7.223674654960632324e-02
4.841016978025437095e-02
2.237592451274394989e-02
-3.533428907394408486e-02
-9.763617068529127641e-02
-6.721109896898269653e-02
-9.911470860242843628e-02
-1.141621917486190796e-01
-1.138198003172874451e-01
-8.853084594011308150e-02
-5.997103080153465271e-02
-3.315292298793793418e-02
-2.835560962557792664e-02
-3.526084125041961670e-02
-6.426161527633666992e-02
-1.038000062108039995e-01
-1.447724550962448120e-01
-1.774234771728515625e-01
-1.814500689506530762e-01
-1.634653359651565552e-01
-1.275910288095474243e-01
-8.548755198717117310e-02
-4.226329177618026733e-02
-5.110160447657107440e-03
1.363561861217022116e-02
1.261759083718061447e-02
-1.623223535716533661e-02
-6.509240716695786910e-02
-1.199965998530388017e-01
-1.691960841417312622e-01
-1.758661121129989624e-01
-1.506803631782531461e-01
-1.713122874498367310e-01
-9.792625904083251953e-02
-3.237742558121681213e-02
2.020871639251708984e-02
5.358128622174263000e-02
6.117490679025650024e-02
3.580658137798308632e-02
4.427534993737936020e-03
-1.039256155490875244e-01
-1.229099407792091508e-01
-1.225830689072608948e-01
-9.740460664033889771e-02
-5.085688456892966530e-02
1.443199464119970798e-03
5.924069508910178444e-02
8.232550323009490967e-02
1.671931520104408264e-02
2.298291213810444225e-02
-5.117414519190788269e-03
-3.796764835715293884e-02
-4.027878865599631569e-02
-2.093465067446231842e-02
-7.589379698038101196e-02
-9.973532706499099731e-02
-1.734358444809913635e-02
6.693503260612487793e-02
1.533702388405800039e-02
1.025154143571853638e-01
1.449081003665924072e-01
2.306018397212028503e-02
5.004059895873069763e-02
8.987338095903397994e-02
1.318164020776748657e-01
1.868548393249511996e-01
2.477708011865616122e-01
2.895971536636352539e-01
3.269544839859008789e-01
3.398801386356353760e-01
3.149103224277496338e-01
2.642804682254791260e-01
2.002572566270827970e-01
1.431854963302612582e-01
1.234443485736846785e-01
1.209831610321998457e-01
1.256855726242065430e-01
1.381945908069610596e-01
1.701192259788513184e-01
1.290963888168334961e-01
1.498164087533950806e-01
1.636151671409606934e-01
1.595446765422821045e-01
1.627258658409118652e-01
1.762647926807403564e-01
1.983635574579238892e-01
2.272991538047790527e-01
2.415056526660918912e-01
2.482826411724090576e-01
2.397117465734481534e-01
2.151664495468139926e-01
1.869749426841736117e-01
1.623789370059967041e-01
1.438482105731964111e-01
2.273965477943420410e-01
2.388974875211715976e-01
2.516157925128936768e-01
2.442725300788879395e-01
2.123720645904541016e-01
1.672161668539047241e-01
1.886207461357116699e-01
1.326997131109237393e-01
9.085627645254136520e-02
5.432536825537681580e-02
3.334925696253776550e-02
2.527587674558162689e-02
2.993279509246349335e-02
4.667180404067040184e-02
7.104215025901794434e-02
1.001436263322830200e-01
1.188846230506896973e-01
1.098075360059738298e-01
8.256810158491134644e-02
4.529294371604920127e-02
1.856387406587601055e-02
8.317335508763790131e-03
4.457620903849602613e-03
1.146793458610772913e-02
2.982436865568161358e-02
4.006846621632575989e-02
5.688501894474030235e-02
7.498914003372192383e-02
1.581487953662872592e-01
2.021134346723556519e-01
-2.668081782758235931e-03
-5.206684023141860962e-02
3.441881015896797180e-02
1.201708987355232239e-01
6.858929246664047241e-02
1.433880068361759012e-02
-3.338754549622536399e-02
-7.841468602418900924e-02
-1.186483949422836442e-01
-2.251565009355545044e-01
-1.589234173297882080e-01
-1.653522700071334839e-01
-1.428113430738449097e-01
-1.088870540261268616e-01
-7.374925166368483109e-02
-4.800650849938392639e-02
-3.455017507076263428e-02
-4.343048855662346580e-02
-7.987973839044570923e-02
-1.412706524133682529e-01
-1.920698881149291992e-01
-2.274994999170303622e-01
-2.385831922292709073e-01
-2.234489321708679199e-01
-1.933642029762268066e-01
-1.332350075244903564e-01
