2.105108499526977262e-01
3.642145916819572449e-02
2.862310223281383861e-02
-5.104913190007209778e-02
7.962051033973693848e-02
9.103088825941085815e-02
3.604591637849808433e-02
-2.686193212866783142e-02
-3.860668092966079712e-02
-4.212887585163117149e-02
-7.553853094577789307e-02
4.265281558036803505e-02
-4.467482492327690125e-02
-5.851202085614205101e-02
-1.525461226701736450e-01
-4.527436941862106323e-02
1.657812446355819425e-01
1.277444958686828613e-01
1.379152685403824130e-01
3.520017117261886597e-02
-1.306026987731456930e-02
1.952669955790043224e-02
4.578791558742523193e-02
3.037909977138042450e-02
2.200354635715484619e-02
3.679341450333595276e-02
-8.208995312452316284e-02
-1.559365773573517799e-04
8.049965649843215942e-02
7.938108593225479126e-02
7.006553560495377975e-02
-2.420849166810512543e-02
-5.451009795069695213e-02
-2.815699391067028046e-02
-5.075419694185256958e-02
-2.192739583551884044e-02
9.684545546770095825e-02
3.594161011278628869e-03
1.115848422050475935e-01
1.036027073860168318e-01
-6.204534322023392591e-03
-3.741566091775893471e-02
-1.569517552852630615e-01
-2.352620661258696955e-01
-3.573797643184661865e-02
-3.563056467100978331e-03
4.444134235382080078e-02
5.637111514806747437e-02
-7.590622641146183014e-03
-1.494942456483840942e-01
-1.600086241960525513e-01
-1.230359300971031189e-01
-1.200452744960784773e-01
-5.164862051606178284e-02
-6.583663076162336869e-02
-1.793530732393264771e-01
-7.037223130464553833e-02
-2.064384333789348602e-02
-1.346400356851518154e-03
3.590380772948265076e-02
-1.955916918814182628e-02
3.642751835286617279e-03
2.097725123167037964e-02
4.122266545891761780e-02
1.213183850049972534e-01
1.381832920014858072e-02
5.145120248198508522e-02
-1.610299758613109589e-02
1.410422194749116898e-02
1.104101911187171936e-01
7.895943522453308105e-02
-6.545447558164597945e-02
2.331975661218166351e-02
5.431531369686126709e-02
2.382404543459415783e-02
-6.381395738571882248e-03
4.903666302561759949e-02
5.269229784607886574e-02
7.543213432654737342e-04
-5.755032598972321251e-02
-1.192870642989874060e-02
-2.884816192090512016e-02
-5.151018034666777524e-03
2.688275650143623699e-02
2.563419379293918610e-02
-8.112346380949020386e-02
-3.910745307803153992e-02
-9.835621714591979980e-02
-8.427118510007856889e-02
-1.118013188242912431e-01
-1.129278093576431274e-01
8.936564624309539795e-02
-1.327287498861551285e-02
-3.790314495563507080e-02
-9.541115164756776290e-02
-1.218379288911819458e-01
-4.147488996386528015e-02
-3.755496582016349272e-03
6.004125624895096519e-02
-5.238912627100945213e-02
-3.552690893411636353e-02
7.283138483762741089e-02
-2.439819509163498878e-03
-9.990839660167694092e-02
6.597928702831266923e-02
1.269837617874145508e-01
-4.115074127912522056e-02
4.162555560469627380e-02
6.408714503049850464e-02
1.259368956089019775e-01
1.240939944982528687e-01
-3.515637014061212540e-03
-7.884690165519714355e-02
5.446612462401390076e-02
7.251368463039398193e-02
8.772299438714981079e-02
1.591662690043449402e-02
3.037177259102464156e-03
1.536983847618103027e-01
8.070759475231170654e-02
6.813374813646078110e-03
-3.578371927142143250e-02
-3.275690600275993347e-02
-4.388099908828736045e-02
-2.419796027243137360e-02
-1.118087396025657654e-02
7.310000807046890259e-02
-4.918550699949265220e-02
-1.378188431262969971e-01
1.779173873364925385e-02
-6.031354889273643494e-02
-1.041838526725769043e-02
-6.931942701339723067e-02
-4.499838687479496002e-03
-3.515957156196237044e-03
-5.123224481940269470e-02
-3.441445296630263762e-03
-2.924887463450431824e-02
-1.793868653476238598e-02
-2.013102732598781586e-02
3.196836262941360474e-02
-2.070179954171181072e-02
4.052210226655006409e-02
1.494665741920471191e-01
-1.260585431009531021e-02
6.513208616524934769e-03
-1.189887747168540955e-01
5.626122467219829559e-03
2.841390203684568405e-03
-1.204253640025854111e-02
-2.233749777078628540e-01
-7.702919095754622025e-02
-1.310547292232513428e-01
-2.755539491772652019e-02
-9.721912443637847900e-02
-9.665381163358686967e-02
-6.504205614328384399e-02
2.933022566139698029e-02
-6.729047000408172607e-02
-1.259844051674008586e-03
6.605617702007293701e-02
9.416542202234268188e-02
-5.189955234527587891e-02
8.030744642019271851e-02
2.786693908274173737e-02
-3.551137819886208274e-02
9.469861164689064026e-03
-1.178521104156970978e-02
-2.443660981953144073e-02
2.475022710859775543e-02
-4.253411293029785156e-02
-2.509585756342858076e-04
-9.889248758554460006e-02
-5.709551274776458740e-02
1.152109634131193161e-02
-7.460320484824478626e-04
-3.903691470623016357e-02
-9.034440666437147660e-02
-8.249698206782341003e-03
-2.910115942358970642e-02
-1.761182956397533417e-02
-8.108368515968322754e-02
-1.998212188482284546e-02
2.890226664021610780e-03
-2.229546196758746754e-02
-4.690076410770416260e-02
1.944806985557079662e-02
-1.478934101760387421e-02
-7.314418256282806396e-02
3.335813060402870178e-02
-1.562973409891128540e-01
3.146009147167206504e-02
-2.793828770518303264e-02
-6.516525894403457642e-02
-9.774058125913143158e-03
2.091572619974612843e-02
3.686058521270751953e-02
-9.347528219223022461e-02
2.145426906645298004e-02
-5.878475308418273926e-02
-4.028377681970596313e-02
-3.786253556609153748e-02
-2.514612302184104919e-02
-8.199699968099594116e-02
2.236444316804409027e-02
-4.900976270437240601e-02
-2.097416203469038010e-03
1.926796324551105152e-02
-1.023714467883109908e-01
-8.684584498405457931e-02
-6.212112307548522255e-02
-9.425639174878595525e-03
3.765623271465302208e-02
1.055980622768401961e-01
1.661173417232930660e-03
-2.171889133751392365e-02
-2.308008261024951935e-02
-2.707049436867236744e-02
-4.411601275205612183e-02
4.408712685108184814e-02
-1.740721240639686584e-02
6.189924478530883789e-02
1.224662885069847246e-01
8.054341375827789307e-02
-1.522000581026077271e-01
-1.908139139413833618e-02
1.093978248536586935e-02
6.757499277591705322e-02
1.098103374242782593e-01
-4.635652294382452965e-05
-5.139416828751564026e-02
-5.430367216467857361e-02
1.277866773307323629e-02
2.892564795911311756e-02
-2.431492134928703655e-02
3.487464785575866699e-02
-6.218359619379043579e-02
1.019208356738090376e-01
1.486016530543565924e-02
7.512653246521949768e-04
1.401332439854741096e-03
-1.807874143123626709e-01
-1.543382741510868073e-02
-3.636911977082490487e-03
-3.513180837035178444e-02
-2.828208357095718037e-02
1.853498816490172993e-02
-4.650362953543663025e-02
1.686667208559811332e-03
-1.707069575786590576e-02
-6.759561598300933838e-02
-8.218789473176002502e-03
-1.819281466305255890e-02
4.225590080022811890e-02
-8.701641857624053955e-02
-9.359455108642578125e-02
-1.923648454248904835e-02
-2.457428723573684692e-02
-8.247928321361543136e-02
-2.012574821710586548e-01
-4.341492429375648499e-02
1.762897334992885590e-02
-1.761804372072219849e-01
-8.914521336555480957e-02
1.316516567021608353e-02
-3.787626698613166809e-02
-3.005620837211608887e-02
-1.158256381750106812e-01
-7.902904599905014038e-02
3.333145054057240486e-03
-9.270927309989927811e-02
-6.956235319375991821e-02
-1.785082556307315826e-02
-5.150296166539192200e-02
9.744757786393165588e-03
-4.363995045423508384e-02
1.924587972462177277e-02
1.802401989698410034e-01
3.774595260620117188e-02
-3.958744928240776062e-02
-4.033944755792617798e-02
-2.864469774067401886e-02
1.134998444467782974e-02
-2.898762933909893036e-02
-4.861167632043361664e-03
-8.031402714550495148e-03
-3.688570344820618629e-03
-5.327153578400611877e-02
-4.278548434376716614e-02
-3.862394392490386963e-02
-6.228887662291527488e-02
7.931860536336898804e-02
-4.555981606245041587e-02
-6.381373852491378784e-02
3.668285533785820007e-02
2.289251238107681274e-02
-7.003289461135864258e-02
-3.945358470082283020e-02
-2.232644334435462952e-02
-7.103126496076583862e-02
3.497451543807984092e-02
-3.099526045843958855e-03
1.651095040142535816e-02
7.823865115642547607e-02
3.049533814191818237e-02
-4.155665263533591530e-02
-1.468058228492736816e-01
-1.364966332912445068e-01
-5.203500762581825256e-02
3.442312404513359070e-02
-3.473636135458946228e-02
-9.645773470401763916e-02
1.506884302943944931e-02
-4.354450106620788574e-02
-2.332094358280301094e-03
7.535793352872132388e-03
-4.976557567715645704e-03
2.457735687494277954e-02
-3.752544894814491272e-02
1.277531962841749191e-02
-4.900321364402770996e-03
2.211683802306651722e-02
-6.077267229557035966e-02
-1.279553398489952087e-02
-8.087741583585739136e-02
-4.759718477725983360e-02
1.212578192353248457e-01
2.307534813880920410e-01
6.309837847948074341e-02
-3.437682986259460449e-02
3.566523268818855286e-02
7.684002816677093506e-02
-3.148967865854501724e-03
-3.486305847764015198e-02
1.900514587759971966e-02
6.341055780649185181e-02
1.554033458232879639e-01
3.472548723220825195e-02
1.701537333428859711e-02
-3.369374573230743408e-02
9.609105996787548065e-03
-1.904530264437198292e-02
-2.784146741032600403e-02
-5.870399251580237648e-02
-1.565852761268615723e-02
-3.178995475172996521e-02
-6.819780170917510986e-02
-6.275272928178310394e-03
-2.787653543055057179e-02
1.923086866736412048e-02
2.705325186252593994e-02
7.610604912042617798e-02
-8.415186405181884766e-02
-6.043368205428123474e-02
8.440465480089187622e-02
-2.649712935090065002e-02
1.599803715944290161e-01
3.062268905341624867e-02
-5.253185704350472190e-02
-1.191506162285804922e-02
-4.273942671716213226e-03
-5.656362697482109070e-02
1.258045732975006104e-01
7.652757316827774048e-02
-7.648854702711105347e-02
-9.387084841728210449e-02
3.145624324679374695e-02
-2.664604922756553130e-03
3.856043796986341476e-03
-2.216425724327563893e-02
2.784177474677562714e-02
-1.874630153179168701e-02
-9.749858081340789795e-02
-1.186403408646583557e-01
5.653933435678482750e-02
-4.032550007104873657e-02
2.432768046855926167e-02
-2.488327771425247192e-02
-3.948227688670158386e-02
8.140033483505249023e-02
8.889264427125453949e-03
-8.844532072544097900e-02
-3.750400245189666748e-02
2.731987088918685913e-02
-3.095229156315327038e-02
1.113936007022857666e-01
6.236229091882706382e-02
-2.111467905342579235e-02
-3.681717067956925132e-02
-3.076169267296791077e-02
1.269311159849166870e-01
2.866171300411224799e-03
5.664838850498200157e-02
4.764469340443611145e-02
-2.169626578688621174e-02
-2.278657257556915561e-01
-1.398333758115768433e-01
-8.444412797689437866e-02
-1.924323476850986134e-02
-8.082190528512001038e-03
-6.746639846824110638e-04
8.229474723339080811e-02
6.090116500854492188e-02
1.139296684414148504e-02
-2.856986410915851940e-02
-1.423780769109725952e-01
-5.789649207144975662e-03
3.955087810754776001e-02
-3.147386759519577026e-02
-4.660332947969436646e-02
-9.056136012077331543e-03
-2.830171771347522389e-02
2.090054750442504883e-02
-4.059557989239693382e-02
2.842417731881142010e-02
-7.545829564332962036e-02
-2.511171251535415996e-02
-7.273408700712025166e-04
-3.072074241936206818e-02
-7.794831693172454834e-02
-1.353285312652587891e-01
2.320333151146769090e-03
-2.231056243181228638e-02
-4.518718458712100983e-03
-2.629133872687816967e-02
-3.773125261068343422e-02
-1.648208126425743103e-02
7.141850888729095459e-02
-5.659040436148643494e-02
-4.049487784504889054e-02
5.537769757211207476e-03
-4.918684437870978615e-02
-4.293782263994216919e-02
3.435159102082252502e-03
-3.338309004902839661e-02
-2.630821429193019867e-02
3.604935109615325928e-02
-1.642100978642701886e-03
-8.657295256853103638e-02
1.228226069360971624e-02
6.569212675094603104e-02
9.721507132053376632e-02
-1.274296790361404419e-01
-5.909462273120880127e-02
7.941857911646366119e-03
2.900440478697419167e-03
3.353608772158623175e-03
-2.099563740193844188e-02
1.235722564160823822e-02
1.426026821136474609e-01
5.994878709316253662e-02
-6.753551959991455078e-02
2.975335344672203064e-02
-1.775446161627769817e-02
-3.243495896458626487e-02
3.413860499858856201e-02
7.186868693679570284e-03
-1.875947788357734680e-02
1.184032531455159187e-03
-3.463293984532356262e-02
1.565879955887794495e-02
6.466039270162582397e-02
-4.093781486153602600e-02
-4.669943824410439231e-02
-5.974539741873741150e-02
-5.802441388368607261e-02
1.230109762400388718e-02
-1.299797147512435913e-01
-1.106656193733215193e-01
1.694129407405853271e-02
2.488277666270733227e-02
-2.627526409924030304e-02
8.634833991527557373e-02
-4.890856891870498657e-02
1.346553023904561996e-02
2.845561876893043865e-02
3.260727506130933762e-03
-6.177501752972602844e-02
5.174995213747025230e-02
1.517532318830490112e-01
2.629629373550415039e-01
1.474063005298375910e-02
-1.815086789429188122e-02
1.516014151275158102e-02
-3.181486576795578003e-02
-3.363287821412086487e-02
7.984287291765213013e-02
1.891573071479797363e-01
-2.002207795158029036e-03
-1.776590198278427124e-01
-2.245409190654754639e-01
-1.093879416584968567e-01
8.289271034300327301e-03
-6.606164574623107910e-02
-4.243113473057746887e-02
-2.972007542848587036e-02
-5.579316988587380149e-02
-1.030213683843612810e-01
-8.037699013948440552e-02
-1.977667659521102905e-01
-1.895842850208282471e-01
8.238486200571060181e-02
1.078732609748840332e-01
-6.471738964319229126e-02
-5.910328030586242676e-02
1.296215411275625229e-02
-1.797614246606826782e-02
-4.335899651050568321e-02
-7.820685207843780518e-02
1.418882459402084628e-01
4.311080649495124817e-02
-1.689017564058303833e-01
-4.014342278242111206e-02
-1.450396422296762466e-02
-1.462723165750503540e-01
-1.421246081590652466e-01
-4.586246982216835022e-02
-1.720965281128883362e-02
-1.531026605516671961e-02
-5.030103027820587158e-02
6.777407974004745483e-02
-1.550069451332092459e-02
-2.866169065237044941e-02
-8.127165958285331726e-03
-7.911925017833709717e-02
-6.752566248178482056e-02
-2.056179568171501160e-03
-6.997419148683547974e-02
-1.533177345991134366e-01
-6.067645177245140076e-02
-1.347850635647773569e-02
-1.328431665897369385e-01
2.122994884848594666e-02
-9.481928497552873092e-02
-3.898875415325164795e-02
1.544106006622314453e-01
2.157900482416152954e-02
-4.200164228677749634e-02
-7.799089420586823550e-03
7.858420163393020630e-02
6.058385223150252602e-02
-7.425351440906524658e-02
8.156146854162216187e-02
-5.361372604966163635e-02
-1.362599134445190430e-01
-4.314006865024567344e-02
4.283040389418601990e-02
4.402721673250198364e-02
-5.883909389376640320e-02
-5.353968590497970581e-02
-3.597545623779296875e-02
-2.620163932442665100e-02
3.762103989720345237e-02
-1.499378494918346232e-02
3.590983152389526367e-02
7.316807750612496462e-03
2.308752201497554779e-02
-4.562064260244369507e-02
-3.005915088579058647e-03
-2.493608929216861725e-02
3.461318090558052063e-02
-5.735052376985549927e-02
6.753837224096059799e-04
-1.346732582896948034e-02
4.055434837937355042e-02
6.650929152965545654e-02
7.063055038452147050e-02
2.393809705972671509e-02
-4.629742726683616638e-02
5.331670399755239487e-03
1.065467596054077287e-01
-8.061795961111783981e-04
6.279295682907103104e-02
-5.450960993766784668e-02
-3.614062815904616616e-02
-8.097408711910247803e-02
-6.889592856168746948e-02
8.098486810922622681e-03
3.661900758743286133e-02
-8.100078254938125610e-02
-5.104220937937497225e-03
4.890666157007217407e-02
-1.267391443252563477e-01
-2.809462845325469971e-01
1.753204688429832458e-02
-4.885514825582503579e-02
-1.233538314700126509e-01
-6.277273595333099365e-02
6.715175509452819824e-02
6.511909514665603638e-02
-2.184622362256050110e-02
-1.347259283065795898e-01
5.023461580276488564e-02
-6.685154885053634644e-02
-3.214388713240623474e-02
-1.056120768189430237e-01
-2.023100703954696655e-01
1.152040343731641943e-02
-1.160395797342061996e-02
-4.129147157073020935e-02
-2.460405975580215454e-02
-5.859047174453735352e-03
-1.912730222102254358e-04
1.062629465013742273e-02
5.279166251420974731e-02
-2.109814248979091991e-02
-4.172566160559653542e-02
8.001656085252761841e-02
1.923810839653015137e-01
1.148783788084983687e-01
-5.718020722270012596e-02
-8.326573669910430908e-02
-3.556800633668899536e-02
-4.958207160234451294e-02
-1.177668794989586015e-01
-1.592979580163955411e-01
-8.666637539863586426e-02
-2.716965042054653168e-02
-4.040530323982238770e-02
-1.143482178449630737e-01
-1.540201436728239059e-02
-4.885406792163848877e-02
1.535417418926954443e-02
1.032758131623267954e-02
2.208584174513816833e-02
-3.901410475373268127e-02
-5.967212095856666565e-02
-1.231740266084671021e-01
7.039885385893285275e-04
-2.730127424001693726e-02
-1.409889161586761475e-01
-5.690157786011696556e-02
-9.642468392848967118e-02
-1.521331220865249634e-01
2.231293730437755932e-02
-6.124944612383842468e-02
-3.669406101107596657e-02
-6.610910594463347001e-02
1.925378106534481049e-02
-4.809744283556938171e-02
-4.426060616970061562e-02
-2.054171077907085419e-02
2.634361013770103802e-02
-1.147238537669181824e-02
-8.252895623445510864e-02
-2.693486027419566761e-02
-7.643507421016693115e-02
-6.239824928343296051e-03
8.035583049058914185e-02
1.046149432659149170e-02
-1.044933050870895386e-01
9.289020672440528870e-03
7.665986567735671997e-02
4.201735183596611023e-02
4.520542919635773399e-02
-2.653785981237888336e-02
9.327998384833335876e-03
7.713922858238220215e-02
8.488920331001283126e-02
9.423469752073287964e-02
-1.500257849693298513e-02
-6.101255491375922463e-02
-6.595684587955474854e-02
4.306088015437126160e-02
-7.126604206860065460e-03
-7.754085212945938110e-02
-4.548589885234833458e-02
5.690119694918394089e-03
6.216840445995331504e-02
-1.134373024106025557e-01
-1.525311917066574097e-01
-1.251394152641296387e-01
-3.759837895631790161e-02
5.910464748740196228e-02
1.291077584028244019e-01
1.653999462723731995e-02
1.577856242656707764e-01
1.328744888305664062e-01
-1.199333369731902903e-02
-4.157138243317604065e-02
1.264048814773559570e-01
-5.042648315429688194e-02
-5.853106081485747597e-02
-2.656392194330692638e-02
-7.580859959125518799e-02
-1.483166962862014771e-01
-2.317135334014893133e-01
-2.670185863971710205e-01
-6.227167323231697776e-02
-8.987023681402206421e-02
-2.024371549487113953e-02
-5.464449524879456434e-03
-7.219672668725251284e-03
-7.593122869729995728e-02
3.178282827138901451e-02
-6.077698618173598549e-02
-6.216835975646972656e-02
-4.282825067639351585e-02
1.068682149052619934e-01
1.866518110036849976e-01
1.971784420311450958e-02
-9.338644333183763677e-03
-5.472966283559798500e-02
-2.882044576108456352e-02
5.296550318598746560e-02
2.402255684137344638e-01
1.077449619770050049e-01
-3.131939843297004700e-02
-4.165588691830635071e-02
-1.459902245551347559e-02
-1.534587889909744436e-02
-7.222135365009307861e-02
2.795940637588500977e-02
-2.344816364347934723e-02
-1.092113032937050005e-01
-5.141403898596763611e-02
-7.269769161939620972e-02
8.939892053604125977e-03
-1.042019724845886230e-01
-1.665689051151275635e-02
-1.461281478404998779e-01
-8.082649111747743087e-02
-6.862320750951766968e-02
-5.644120648503303528e-02
7.274277508258819580e-02
-1.134979128837585449e-01
-1.845774799585342407e-02
-9.244553744792936845e-02
-2.484851926565170566e-01
-1.271768193691969091e-02
-2.019924111664295197e-02
-2.248338423669338573e-02
9.693249315023422241e-02
7.925171405076980591e-02
5.149140208959580162e-02
6.185453385114669800e-02
-4.359286278486251831e-02
6.236567348241806030e-02
1.310940980911254883e-01
1.213546842336654802e-01
-1.767012104392051697e-02
3.667190298438072205e-02
1.060230210423469682e-01
3.157737851142883301e-02
-3.381113335490226746e-02
-3.185177221894263527e-02
7.144740782678126421e-03
3.818517317995429039e-03
4.205720126628876426e-02
8.386449888348579407e-03
1.062933728098869185e-01
3.154053911566733620e-02
8.728583343327045441e-03
7.631973922252655029e-02
5.166595056653023460e-02
-3.076437860727310528e-02
5.313865840435028076e-04
1.132091321051120758e-02
8.085612952709197998e-02
-1.727494061924517155e-03
-7.350929826498033004e-02
3.450667113065720298e-02
-3.025664389133453022e-02
-1.922465860843658447e-02
-1.008305326104164124e-02
-5.981568992137908936e-02
7.296788692474365234e-02
4.647131636738777161e-02
-4.290108755230903625e-02
-5.696011707186698914e-02
2.544864639639854431e-02
-3.355684131383896568e-02
-2.269367873668671001e-02
-4.853940010070801475e-02
4.829317331314086914e-02
-6.689953617751597491e-03
-4.897240549325942993e-02
-5.566857010126113892e-02
3.569613769650458596e-02
-6.312040612101554871e-03
-5.918645486235618591e-02
-1.652857810258865634e-01
-8.798664808273315430e-02
-7.863922975957393646e-03
1.720876991748809814e-02
-1.258128229528665543e-02
-8.394320309162139893e-02
-3.458905592560768127e-02
6.699310243129730225e-02
3.705531731247901917e-02
2.000039815902709961e-02
-1.114394050091505051e-03
6.846739561296999454e-04
8.166524581611156464e-03
4.573062807321548462e-02
-4.046812281012535095e-02
-2.742595411837100983e-02
-2.703628502786159515e-02
3.337062150239944458e-02
2.436029165983200073e-02
-2.999278344213962555e-02
-1.596350921317934990e-04
-5.810644105076789856e-02
7.930175215005874634e-02
1.255160421133041382e-01
8.035392314195632935e-02
6.964182853698730469e-02
1.562768369913101196e-01
8.775620907545089722e-02
-2.079762332141399730e-02
1.116350665688514709e-01
8.556307293474674225e-03
-7.248059660196304321e-02
3.709718212485313416e-02
9.862354397773744064e-02
-6.292092613875865936e-03
3.987545892596244812e-02
-1.522115021944046021e-01
-8.508812636137008667e-02
-4.683468490839004517e-03
-3.732578456401824951e-02
-1.224121898412704468e-01
1.148200128227472305e-02
6.437802314758300781e-02
6.353139877319335938e-02
3.162732720375061035e-02
-1.302078738808632070e-02
-8.511356264352797074e-02
2.090796269476413727e-02
8.393447846174240112e-02
1.983602344989776958e-02
-1.986182294785976410e-02
-2.515903301537036896e-02
-2.343546412885189056e-02
9.188850410282611847e-03
3.235277533531188965e-02
1.311698108911514560e-01
9.907913953065872192e-02
-5.604060061159543693e-05
5.887901782989502647e-02
-3.430056571960448525e-02
-1.199997961521148682e-02
2.292263507843017578e-02
-1.042047664523124695e-01
-3.220491856336593628e-02
-2.663704566657543182e-02
-4.344278946518898010e-02
4.968889057636260986e-02
5.628739669919013977e-02
-4.386761225759983063e-03
-1.950665935873985291e-02
-2.204006724059581410e-02
2.276548556983470917e-02
-2.536366879940032959e-02
-1.305584982037544424e-02
-1.099894754588604147e-02
-8.097626268863677979e-02
-4.793364182114601135e-02
-4.973205272108315554e-03
4.239742830395697853e-02
6.632218137383460999e-03
-1.542651206254959106e-01
-2.223793230950832367e-02
1.068716868758201599e-01
-1.057482440955936909e-03
8.971267379820346832e-03
-6.840155459940434370e-03
-3.946709632873535156e-02
-1.098662614822387557e-01
2.505589090287685394e-02
-5.898113176226615906e-02
-1.147067546844482561e-01
-5.464806035161017678e-02
1.698206737637519836e-02
-1.215846091508865495e-01
-1.537726074457168579e-01
-3.923555463552474976e-02
4.356665536761283875e-02
1.102524530142545700e-02
4.627760499715805054e-03
5.520892888307571411e-02
3.468602523207664490e-02
6.412900239229202271e-02
8.453484624624252319e-02
1.612740010023116718e-02
-4.498983919620513916e-02
9.576566517353057861e-02
1.848452538251876831e-01
1.053295582532882690e-01
1.635817624628544201e-02
-5.570352822542191246e-02
1.058248430490493774e-01
2.281647622585296908e-01
3.424935042858123779e-01
1.515619903802871427e-01
1.479396037757396871e-02
-8.111608773469924927e-02
-6.896449625492095947e-02
-2.083055302500724792e-02
1.944842375814914703e-02
1.154309511184692383e-02
-3.507652133703231812e-02
-4.645307362079620361e-02
-2.010178752243519176e-02
2.953538112342357635e-02
-8.703573048114777999e-02
-7.590477168560028076e-02
-1.394337564706802368e-01
-3.491076454520224831e-02
3.960869461297988892e-02
-8.249824494123458862e-02
-2.114534974098205566e-01
-1.154512725770473654e-02
-2.246879599988460194e-02
-1.420742720365524570e-01
-2.574558258056641180e-01
-1.582206785678863525e-01
2.131436020135879517e-02
1.327294707298278809e-01
2.259748578071594516e-01
1.548093259334564209e-01
7.194165606051682559e-03
2.850747900083661079e-03
-1.190226175822317600e-03
-1.204654201865196228e-02
-1.205891966819763184e-01
8.589611388742923737e-03
5.998088419437407753e-02
-9.836316108703611893e-02
1.210377812385559221e-01
2.194715142250061035e-01
-4.277778789401054382e-02
5.736469174735247005e-04
-9.216734021902084351e-02
-1.791204661130905151e-01
2.574812434613704681e-02
1.406593173742294589e-01
-5.378355737775564194e-03
-1.783663034439086914e-01
-1.513832211494445801e-01
-7.573384791612625122e-02
-4.160275310277938843e-02
-4.792904108762741089e-02
-2.548035047948360443e-02
2.187001705169677387e-02
3.208946809172630310e-02
-2.764670364558696747e-02
-1.998161524534225464e-02
-3.232096089050173326e-03
1.151427552103996554e-01
1.599787026643753052e-01
3.869286179542542198e-02
-2.034891247749328613e-01
-1.026664003729820390e-01
-1.940191490575671196e-03
-7.608337700366973877e-02
4.400710575282574567e-03
2.606605365872383118e-02
-3.182426840066909790e-02
2.035481482744216919e-02
2.127754501998424530e-02
-3.278664313256741004e-03
3.152681887149811485e-02
-1.326176431030035019e-02
-1.049869284033775191e-01
1.235248753800988197e-03
-9.005405008792877197e-02
3.927574027329682436e-03
-2.339653298258781086e-02
4.287014529109001160e-02
7.886568456888198853e-02
7.874963432550430298e-02
-2.632573992013931621e-02
-5.678185820579528809e-02
-5.873509868979454041e-02
-4.270562157034873962e-02
1.849049776792526523e-01
2.808269299566745758e-02
6.054956931620836258e-03
-9.530632197856903076e-02
-1.891615539789200107e-01
-3.906781226396561363e-02
8.779150433838367462e-03
-4.667954146862030029e-02
-7.674671243876218796e-03
-6.454967707395553589e-02
4.357174783945083618e-02
-1.865283101797103882e-01
-2.443927153944968830e-02
-3.345737978816032410e-02
-6.425085663795471191e-02
-2.550223283469676971e-02
6.933509558439254761e-02
1.341823935508728027e-01
2.211199849843978882e-01
-9.425939992070198059e-03
-2.044657468795776367e-01
-6.691173464059829712e-02
1.152328103780746460e-01
3.970685973763466575e-02
-7.714684307575225830e-02
-5.047895014286041260e-02
-5.104217305779457092e-02
1.618577092885971069e-01
-3.946721088141202927e-03
-9.542152285575868087e-02
-3.644546866416931152e-01
-1.217224597930908203e-01
-3.120305575430392525e-02
-9.363124519586563110e-02
-5.926682800054550171e-02
-1.205372363328933438e-01
1.980211352929472923e-03
7.193854451179504395e-02
1.375964134931564609e-01
2.348333783447742462e-02
-1.545330602675676172e-02
-8.502738922834396362e-02
-5.593985319137573242e-02
-1.141106933355331560e-01
-1.527484953403472900e-01
-7.407406717538833618e-02
1.063638478517532349e-01
2.145170718431472778e-01
9.619247168302536011e-02
7.967684417963027954e-02
-7.603758573532103104e-02
-2.612323164939880371e-01
-1.858285665512084961e-01
-7.138422876596450806e-02
-4.008628427982330322e-02
5.740381032228469849e-02
-4.985136329196393490e-04
-2.100514713674784140e-03
-1.431377138942479914e-02
-6.575026363134384155e-02
-3.232463076710700989e-02
1.914516836404800415e-02
-1.699171066284179410e-01
-7.921134680509567261e-02
-7.393622398376464844e-02
5.447767302393913269e-02
-1.853057742118835796e-02
-1.126330420374870439e-01
-6.381586939096450806e-02
-5.903178825974463723e-02
-5.474121868610382080e-02
3.511508926749229431e-02
2.088825963437556874e-02
4.160996526479721069e-02
-2.107023634016513824e-02
-6.017491221427917480e-02
-4.074312746524811485e-02
-5.879406630992890098e-02
-4.025509580969810486e-02
-1.272266730666160583e-02
-1.408924721181392843e-02
-1.765683479607105255e-02
-1.983250677585601460e-02
-8.851828984916210175e-03
1.113850921392440796e-01
1.553905382752418518e-02
-3.606952354311943054e-02
8.179943263530731201e-02
8.589073270559310913e-02
-2.135518491268157959e-01
-9.348684549331663651e-02
2.012054668739438057e-03
-3.051367402076720498e-02
-3.784336522221565247e-02
-8.756702393293380737e-02
-1.123875826597213606e-01
-4.377131164073944092e-02
3.543361788615584373e-03
-3.773740725591778322e-03
-1.385152619332075119e-02
6.561323255300521851e-02
2.464963681995868683e-02
-5.179906263947486877e-02
1.224409416317939758e-02
2.950546331703663219e-02
-9.977935999631883102e-02
2.719705179333686829e-02
-1.208377853035926819e-01
-6.200535967946052551e-02
-1.047075819224119186e-02
2.391977049410343170e-02
1.773920804262161255e-01
1.502619087696075439e-01
-6.936223804950714111e-02
-7.022219151258468628e-02
9.337017685174942017e-02
-2.098075114190578461e-02
-7.672399282455444336e-02
-4.856104031205176613e-02
-4.603697359561920166e-02
5.647441744804382324e-02
4.693597555160521594e-03
-6.694206595420837402e-02
-9.256311506032943726e-02
-7.737530022859571976e-02
-6.554384529590608077e-02
1.022530160844326019e-02
-1.140455231070518494e-01
-6.954409927129745483e-02
-5.567995086312294006e-02
9.754691272974014282e-03
-1.160395890474319458e-02
-1.881234347820281982e-03
1.497967354953289032e-02
-6.995982956141234312e-03
-1.183932926505804062e-02
-8.361279033124446869e-03
-4.787846701219677925e-04
2.556061372160911907e-02
-8.585721999406814575e-02
-1.047912146896124060e-02
-6.531542167067527771e-03
1.754200831055641174e-02
-8.079899847507476807e-02
-1.558237373828887939e-01
-7.354567945003509521e-02
2.160543017089366913e-02
9.059777483344078064e-03
-5.908219888806342385e-02
4.561151843518018723e-03
4.578144848346710205e-02
-1.050286442041397234e-01
3.193068783730268478e-03
4.533322155475617149e-02
-5.045414343476296165e-02
-2.925686538219451904e-02
-3.709948062896728516e-02
-7.649106439203023043e-03
4.243513569235802564e-03
-1.649783924221992493e-03
-1.372432056814431971e-02
-2.590339444577693939e-02
-5.042138323187828064e-02
-6.089865416288376548e-02
-1.011673084576614201e-04
-2.179524488747119904e-02
-1.023226603865623613e-01
-8.335742354393005371e-02
-9.785231202840803666e-02
-6.766957230865954485e-03
-1.188814863562584062e-01
-1.023439913988113403e-01
-5.088154971599578857e-02
-1.056267544627189636e-01
-4.303768649697303772e-02
-1.632689312100410461e-02
-3.136238455772399902e-02
1.016338914632797241e-02
3.382747527211904526e-03
-5.564033612608909607e-02
-1.952191814780235637e-02
-3.788525704294443130e-03
-4.396073520183563232e-02
-1.368030309677124023e-01
-1.286400854587554932e-01
-7.699884474277496338e-02
-3.301185322925448418e-03
-7.292690873146057129e-02
-2.563308179378509175e-02
9.670761972665788131e-02
2.758760005235671997e-02
1.522744726389646183e-02
-4.043106734752655029e-02
9.474859572947023564e-03
7.948479033075271953e-04
1.306780893355607986e-02
1.461500953882932836e-02
-1.182621251791715622e-02
-8.909478038549421830e-02
-1.523932721465825861e-02
3.723455220460891724e-02
7.406368106603622437e-02
-2.107392501784488830e-04
2.930225990712642670e-02
-4.650495946407318115e-02
-7.339017093181610107e-02
-3.929592296481132507e-02
3.827948495745658875e-02
9.120548516511915726e-02
4.306638613343238831e-03
-8.974538743495941162e-02
-6.293673813343048096e-02
-2.396904304623604168e-02
-7.028541993349790573e-03
-5.627533793449401855e-02
-1.127869412302970747e-01
3.366243094205856323e-02
-7.815596461296082931e-02
-7.612564414739608765e-02
6.252373754978179932e-02
1.313993008807301521e-03
-1.453838311135768717e-02
-1.440230906009674072e-01
-1.218727678060531477e-01
-7.568500190973281860e-02
-1.007438600063323975e-01
-3.596360236406326294e-02
5.275509878993033669e-02
3.729067742824553142e-03
-6.828313320875167847e-02
-6.063269823789596558e-02
-7.563119381666182084e-02
-1.133410260081291199e-02
-1.711580753326416016e-01
-4.460562393069266579e-02
-5.858317762613296509e-02
-2.119830437004566193e-02
-2.903340011835098267e-02
4.925717948935925961e-04
2.449889108538627971e-02
-2.271659858524799694e-02
-3.266294253990053697e-03
9.060090035200120406e-02
-1.339942216873168945e-01
-1.871806383132934570e-01
-1.514949351549148560e-01
-5.824757739901542664e-02
-3.850034251809120178e-02
-1.936514116823672901e-02
-3.232277557253837585e-02
9.518741816282272339e-02
8.095039427280426025e-02
3.786125034093856812e-02
-2.254428155720233917e-02
-8.286000788211822510e-02
-9.347604215145112472e-02
-6.795901805162429810e-02
3.091145679354668011e-02
1.228753030300140520e-01
1.199420541524887224e-01
-1.237453799694776362e-02
8.558429777622222900e-03
-1.188561692833900452e-01
-9.372384846210479736e-02
-8.703201264142990112e-02
7.280167192220687866e-02
2.868077903985976826e-02
-1.100411787629127641e-01
4.859421402215957642e-03
-8.174726366996765137e-02
-1.483903452754020864e-02
-4.358518868684768677e-02
-7.497208192944526672e-03
1.070754695683717728e-02
9.039504220709203590e-04
1.199126243591308455e-01
-2.229251153767108917e-02
-4.677109047770500183e-02
-3.280722349882126548e-02
-1.546471379697322845e-02
-2.674783766269684185e-02
-6.151762604713439941e-02
7.912890054285526276e-03
1.068331301212310791e-02
-1.119335219264030318e-01
-1.022927686572074751e-01
2.754409983754158020e-02
5.903406813740730286e-02
-4.599555954337120056e-02
3.731123171746731238e-03
-6.224963814020157554e-02
2.266840077936648889e-03
-9.895022027194499969e-03
-5.813284590840339661e-02
-4.345000535249710083e-02
-3.059878014028072357e-02
-1.368035972118377408e-01
-2.246399819850921631e-01
-1.052274405956268311e-01
-1.574432128109038093e-03
-5.552403628826140490e-03
-6.870055943727491898e-02
-1.260312832891940897e-02
-5.260774865746498108e-02
-4.086955916136503220e-03
-2.536638826131821026e-02
-7.040181756019592285e-02
2.418099343776703228e-02
-5.316060036420822144e-02
-4.567414522171020508e-02
-2.463060617446899761e-02
-6.758918613195419312e-02
-1.528795529156923121e-02
3.393611684441566467e-02
2.184813655912875782e-02
-1.187811023555696011e-03
-5.451349914073944092e-02
-7.779692113399505615e-02
6.921467185020448165e-02
2.892579138278960488e-02
-2.426921203732490193e-02
-4.113295674324036338e-02
-9.613946080207823319e-02
-1.382024586200714111e-01
-1.823479235172272006e-01
4.132079705595970154e-02
-9.039846807718275590e-02
-1.057732403278350691e-01
-1.811975613236427654e-02
6.768845021724700928e-02
1.927186697721481323e-01
1.043983474373817444e-01
-2.822108194231987000e-02
-3.470455110073089600e-02
1.947019249200820923e-02
1.468561496585607529e-02
-2.103061974048614502e-02
5.925706028938293457e-02
7.159248739480972290e-02
1.754754781723022461e-02
-4.555900767445563576e-02
9.360306710004807906e-02
8.259851485490798950e-02
5.065088160336017609e-03
-1.170363500714302063e-01
-6.723025441169738770e-02
3.296793252229690552e-02
1.320541463792324066e-02
-1.868150569498538971e-02
-1.144349295645952225e-02
-2.436863072216510773e-02
-7.891480810940265656e-03
-2.449156716465950012e-02
-6.315185874700546265e-02
1.956216245889664043e-02
6.701075285673141479e-02
5.015290225856006145e-04
-9.090031683444976807e-02
-1.421054899692535400e-01
-1.604646444320678711e-01
-1.460995227098464966e-01
-1.645568013191223145e-01
-1.249068155884742737e-01
-1.254898458719253540e-01
-1.371715664863586426e-01
-7.404655218124390516e-03
-1.669941693544387817e-01
1.270528137683868408e-01
9.127920866012571854e-02
1.287301331758499146e-01
1.377084013074636459e-02
-4.649949073791503906e-02
1.562858582474291108e-03
-3.998363390564919212e-02
1.582376426085829518e-03
1.101290900260210037e-02
1.582255586981773376e-02
-2.133680693805217396e-02
1.499975007027387446e-02
-4.779679700732231140e-02
-7.238944992423057556e-03
1.444274466484785080e-02
-1.368739083409309387e-02
-7.051473855972290039e-02
-7.713995873928070068e-02
-1.488830447196960449e-01
8.957587182521820068e-02
-2.992802672088146210e-02
3.306306004524230957e-01
-8.634721487760543823e-02
3.821866586804389954e-03
-1.757618039846420288e-02
-1.557960063219070435e-01
4.422435164451598427e-02
1.438371837139129639e-01
2.943794801831245075e-02
-8.684773743152617020e-02
-1.228017807006835938e-01
-8.658520877361297607e-02
-4.524868354201316833e-02
-7.592021673917770386e-02
-7.713242620229721069e-02
1.862243376672268261e-02
6.638617720454931259e-03
3.985559195280075073e-02
-5.817819759249687195e-02
-4.818616807460784912e-02
-5.886046681553125381e-03
1.434075552970170975e-02
1.159076392650604248e-02
-5.250507965683937073e-02
-9.825138375163078308e-03
6.263098120689392090e-02
-6.251520663499832153e-02
-2.569363452494144440e-02
1.088267192244529724e-03
-3.082877956330776215e-02
-7.428678870201110840e-02
-1.140616834163665771e-01
-6.757199298590421677e-03
-3.741600364446640015e-02
-1.899221353232860912e-02
2.211858518421649933e-02
-6.882254499942064285e-03
-6.181101500988007286e-02
-1.841726526618004192e-02
-6.144597008824348450e-02
-1.216604635119438310e-01
-7.574059069156648116e-02
1.150867901742458517e-02
1.929036527872085571e-01
4.066466912627220154e-02
-8.678586035966873169e-02
8.564873039722442627e-02
1.115077435970306396e-01
1.017856597900390625e-01
-1.123388018459081476e-02
-5.437916144728660583e-02
3.350737737491726875e-03
-6.788835674524307251e-02
-2.140955999493598938e-02
2.812008373439311981e-03
4.224433749914168618e-02
-7.831025868654251099e-02
-2.126248180866241108e-02
-4.214101657271385193e-02
7.098197191953659058e-02
-6.152155250310897827e-02
-3.399839252233505249e-02
4.212652891874314048e-02
-3.698769584298133850e-02
3.843983169645071030e-03
2.184225246310234070e-02
-3.922393172979354858e-02
-2.492646314203739166e-02
4.953463003039360046e-02
1.069934107363224030e-02
-1.244965642690658569e-01
-2.372471988201141357e-02
-9.998823516070844478e-03
-1.034834422171115875e-02
-1.697772890329360962e-01
-7.266501337289810181e-02
-2.141851373016834259e-02
6.974807381629943848e-02
4.857398197054862976e-02
4.702747613191605308e-02
-1.370816770941019058e-02
-2.548887580633163799e-02
-4.139583185315132141e-02
-5.882783234119415283e-02
3.253077343106269836e-02
-2.414012793451548056e-03
-6.205999851226807335e-02
1.583678834140301098e-02
-6.188780069351196289e-02
-4.562683869153261185e-03
-9.261307306587696075e-03
-5.120083689689636230e-02
-1.910358965396881104e-01
6.886795908212663131e-02
-4.407869651913642883e-02
-2.250095009803771973e-01
3.947351127862930298e-02
8.308851718902587891e-02
2.845597639679908752e-02
-5.326960235834121704e-03
2.611168101429939617e-02
-1.528353840112686157e-01
-1.169217899441719055e-01
-2.828461118042468678e-02
1.275592204183340073e-02
-2.259751036763191223e-02
-3.645195066928863525e-02
-3.567627444863319397e-02
5.371599644422531128e-02
6.899634748697280884e-02
6.006451696157456138e-02
3.751542419195175171e-02
-3.198809176683425903e-02
3.679745132103561921e-03
9.747563302516935868e-02
4.634103551506996155e-02
2.859910763800143849e-02
-3.189735114574432373e-02
3.106186538934707989e-02
1.343756727874279022e-02
2.857965789735316883e-02
4.376356303691864014e-02
-9.047153592109680176e-02
-3.733190000057221014e-01
-4.342387318611145020e-01
-6.167328357696532509e-02
6.922473013401031494e-02
-1.135960519313812533e-01
3.340553864836692810e-02
-1.870492845773696899e-01
-2.770860306918621063e-02
-6.844429671764373779e-02
1.630946248769760132e-02
-2.382623031735419880e-02
7.253389339894056320e-03
-1.632792130112648010e-02
-1.432621292769908732e-02
8.732597343623638153e-03
-1.165382787585258484e-01
-1.594334393739700595e-01
-5.198868736624718406e-02
5.548889935016632080e-02
3.387074917554855347e-02
-3.656250610947608948e-02
-4.529450461268424988e-02
-6.641644984483718872e-02
-7.803089171648026900e-02
-8.765742927789688110e-02
-2.920042723417281758e-02
5.694807507097721100e-03
-4.187850654125213623e-02
-5.160144343972206116e-02
-9.691056609153747559e-02
-2.460478991270065308e-02
-8.124470710754394531e-03
1.929753087460994720e-02
2.933684037998319106e-03
-7.816828042268753052e-02
5.926219373941421509e-02
-8.179685473442077637e-02
-1.395342499017715454e-01
-4.367733374238013527e-02
-2.657551877200603832e-02
2.437883615493774414e-02
-4.269874095916748047e-02
-7.724606990814208984e-02
4.032452031970023415e-02
2.645631134510040283e-02
7.578102499246597290e-02
9.483704715967176957e-02
3.817876428365707397e-02
-1.013672649860381941e-01
2.020487328991294341e-03
-1.594507694244384766e-01
-1.282923761755228043e-02
1.798552833497524261e-02
-4.246405139565467834e-02
-1.080915145576000214e-02
-5.782865360379219055e-02
-3.635090589523314736e-02
9.962465614080427689e-02
-1.231571845710277731e-02
-3.207778558135033348e-02
-4.757666587829589844e-02
-2.916517294943332672e-02
-8.921609073877334595e-02
-9.184626489877699418e-02
-4.151555597782135010e-01
-2.582090198993682861e-01
-4.352298378944396973e-02
-6.515435874462127686e-02
1.239108815789222717e-01
2.896904014050960541e-02
5.766815692186356285e-02
-1.704768091440200806e-02
-2.377400733530521393e-02
-1.048350408673286438e-01
-2.102627605199813565e-01
-5.442949011921882629e-02
2.309005334973335613e-02
2.536045573651790272e-02
-3.857896476984024048e-02
7.085474580526351929e-02
-6.049714237451552651e-02
-2.191107906401157032e-02
1.911168918013572693e-02
-1.102459728717803955e-01
-1.880388706922531345e-03
-1.226753890514373779e-01
-4.988717380911111832e-03
-1.124030631035566330e-02
-2.993031591176987041e-02
-1.373007595539093018e-01
-2.465462237596512118e-01
-1.613633781671524048e-01
-8.782040327787399292e-02
8.818992227315902710e-02
-9.902531281113622838e-03
1.339057236909866611e-01
1.606684923171997070e-01
-4.312910512089728615e-02
1.069714967161417007e-02
-2.964339777827263225e-02
-4.225809499621391296e-02
4.567566886544228294e-02
-1.204459648579359055e-02
-1.099196597933769226e-01
-8.434278517961502075e-02
4.443098232150077820e-02
1.077306568622589250e-01
4.067161679267883301e-02
-9.455012530088423295e-02
-1.695085130631923676e-02
-1.006966456770896912e-02
1.723124441923573613e-04
2.868617326021194458e-02
-1.062626838684082031e-01
-2.315433882176876068e-02
-6.686344742774961991e-02
-2.237242087721824646e-02
1.657142676413059235e-02
-6.672430783510208130e-02
3.229312598705292182e-03
-1.927001960575580944e-02
-8.424612879753112793e-02
-1.095182672142982344e-01
-1.210816088132560470e-03
4.295046254992485046e-02
-2.696473337709904064e-02
3.353388607501983643e-02
4.751247167587280273e-02
7.020873483270406723e-03
-4.467626661062240601e-02
3.533296287059783936e-02
6.521245092153549194e-02
-1.358207017183303833e-01
-6.301108002662658691e-02
-5.991322919726372459e-02
-6.644853949546813965e-02
1.207152474671602249e-02
-1.396820694208145142e-01
-1.936027407646179199e-01
-6.629721075296401978e-02
-5.744689330458641052e-02
-3.164368122816086509e-02
-3.204834833741188049e-02
5.792836472392082214e-02
7.032532244920730591e-02
3.160178661346435547e-02
-9.493449702858923131e-03
3.246407583355903625e-02
1.218354031443596025e-01
6.397732067853211489e-03
1.182135716080665450e-01
-3.396374285221099854e-01
-5.916657447814941406e-01
-2.027272433042526523e-01
8.580827713012695312e-02
3.302930667996406555e-02
-4.707296192646025917e-02
-1.915218979120254517e-01
-1.730513125658035278e-01
-1.796222627162933350e-01
3.781422600150108337e-02
-1.172999814152717452e-01
-6.762007623910903931e-02
-2.495006844401359905e-02
-2.553258836269378662e-02
-1.011488866060972214e-02
4.863816127181053162e-02
-7.002034783363342285e-02
-2.440516203641891479e-01
-2.797967493534088135e-01
-7.156068831682205200e-02
-5.042816977947950363e-03
1.035925149917602400e-01
8.700826019048690796e-02
-9.833836555480955643e-02
-6.262729316949844360e-02
-1.568149477243423462e-01
-3.660349175333976746e-02
-4.040889069437980652e-02
9.971153736114501953e-02
1.629541441798210144e-02
2.405476570129394531e-02
-4.894022643566131592e-02
-8.855197578668594360e-02
-4.302135854959487915e-02
1.024121940135955811e-01
4.411072283983231285e-02
1.183018609881401062e-01
-3.200227022171020508e-02
-8.550773561000823975e-02
-7.401005178689958053e-02
2.762117236852645874e-02
-1.564291305840015411e-02
6.900202017277479172e-03
7.925111800432205200e-03
1.743292361497879028e-01
-8.836192637681961060e-02
-2.976683974266052246e-01
-6.025217771530151367e-01
-3.112175166606903076e-01
5.963923409581183693e-02
1.211315318942069869e-01
8.661607652902603149e-02
-1.713875532150268555e-01
-3.871638476848601740e-01
-1.427916437387466431e-01
9.210179001092912154e-02
1.494207382202148438e-01
1.384261846542358398e-01
1.212215609848499298e-02
-9.150233119726179642e-02
1.700490829534828663e-03
4.191841185092926025e-02
-6.243072915822268400e-03
2.574286423623562293e-03
6.098963320255280235e-02
1.462590247392654419e-01
1.581090092658996582e-01
-1.507398933172225952e-01
-5.059416964650153420e-02
-5.017224699258803627e-02
-1.175128966569900513e-01
-6.137227639555931091e-02
5.219203978776931763e-02
6.676085293292999268e-02
-4.779706522822380066e-02
3.603544086217880249e-02
-7.221816480159759521e-02
-7.835778594017028809e-02
-5.451628193259238503e-02
-7.246490567922592163e-02
-1.226555630564689497e-01
-2.599565386772155762e-01
-3.704600036144257147e-01
-1.519134640693664551e-01
-9.971281886100767655e-02
2.349866554141044617e-02
-7.490233331918716431e-02
-1.814518682658672333e-02
-6.224252283573151329e-02
-7.518927752971649170e-02
-1.406163126230240146e-01
-6.870216131210327148e-02
-4.305763170123100281e-02
-5.785704776644707420e-02
-2.821485698223113667e-02
1.112046539783477783e-01
2.418112903833389005e-01
1.232851967215538025e-01
3.470076946541666985e-03
2.562972903251648296e-02
-3.042989037930965077e-02
-8.597116917371749878e-02
9.751605801284313202e-03
1.013444922864437103e-02
-9.793101996183396774e-02
-1.438219249248504639e-01
-1.517542898654937467e-01
-8.224125206470489502e-02
1.330752484500408173e-02
-1.982278190553188324e-02
1.432057190686464310e-02
-3.971171379089356163e-02
-1.333167701959609985e-01
-2.299207597970962524e-01
-5.409179627895355225e-02
-4.437909647822380066e-02
-5.701307952404022217e-02
-7.100978493690490723e-02
-3.196900710463523865e-02
4.149158671498297951e-02
-6.393038481473922729e-02
-5.748021602630615234e-02
-3.109790384769440252e-01
-7.222732901573181152e-01
-2.632948756217956543e-01
-4.785262793302536011e-02
4.431598354130982485e-03
4.029211774468421936e-02
-7.494549266993998614e-03
-7.401797920465469360e-02
-7.767762988805770007e-03
1.426980495452880859e-01
1.358426362276077271e-01
4.992248956114053726e-03
-1.727831177413463593e-02
-8.088058233261107011e-02
6.442082580178976059e-03
-3.975348174571990967e-02
-3.926799073815346458e-02
1.250714901834726334e-02
2.042794413864612926e-02
-4.356840252876281738e-02
1.447779475711285851e-03
-4.023926705121994019e-02
-1.307920962572097778e-01
-2.247925102710723877e-01
-9.671129286289216476e-02
1.318757683038711548e-01
8.326189219951629639e-02
5.668539926409721375e-02
2.734740264713764191e-02
-3.247850388288497925e-02
4.297787323594093323e-02
1.101097017526626587e-01
-1.780552975833415985e-02
-5.646578222513198853e-02
-2.016044454649090767e-03
-4.459802061319351196e-03
2.003440633416175842e-02
4.574111104011536338e-02
1.796309500932693481e-01
1.994149833917617520e-01
2.211755365133285245e-01
-6.982386112213134766e-02
-2.532228529453277588e-01
-5.317195132374763489e-02
-9.525583684444427490e-02
-9.933292120695114136e-02
-1.285950746387243097e-02
5.991058424115180969e-02
8.564063906669618087e-02
1.116716265678405762e-01
1.342726498842239380e-01
1.003614887595176697e-01
8.263999968767166138e-02
5.781280621886252663e-02
1.138125732541084290e-02
-7.479298394173384580e-03
3.787291422486305237e-02
-5.150345340371131897e-02
-2.827065624296664845e-02
1.463586231693625667e-03
1.767920702695846558e-02
-1.118057128041982824e-02
1.397933661937713623e-01
1.497155278921127319e-01
-3.371099382638931274e-02
-1.785208731889724731e-01
-6.707296520471572876e-02
2.768521383404731750e-02
1.983265727758407870e-01
1.584832519292831421e-01
4.771982133388518593e-02
-7.090938836336135864e-02
-5.769509822130202553e-02
-1.650861501693725586e-01
-7.328785210847854614e-02
-8.140088990330696106e-03
-1.967358402907848358e-03
-9.807066619396209717e-02
-1.930587738752365112e-01
-1.322536021471023560e-01
1.157827768474817103e-02
-1.436064112931489944e-02
-1.283622384071349820e-01
-1.291672289371490479e-01
-1.873298920691012989e-02
-5.191781744360923767e-02
-1.552595794200897217e-01
-4.960379749536513588e-02
-5.643012747168540955e-02
-4.925352334976195734e-01
-3.077207505702972412e-01
-3.228319808840752082e-03
1.001725718379020691e-01
2.539103925228118896e-01
1.201574206352234025e-01
9.442983567714692550e-02
-8.004521578550338745e-02
-9.069279767572879791e-03
-3.119216673076152455e-02
8.133564889430999756e-02
-4.458360839635134611e-03
-1.093506962060928345e-01
-1.149359866976737976e-01
-4.492351785302162170e-02
-1.943407696671783924e-03
-1.171944886445999284e-01
-9.080751985311508179e-02
-3.534516692161560059e-02
2.679192088544368744e-02
-5.031810700893402100e-02
-2.727641351521015167e-02
-2.871593274176120758e-02
-9.857960045337675614e-02
-8.182400465011598067e-02
2.121504221577197313e-04
3.147345036268233559e-02
-7.630420383065938950e-03
-4.284862428903579712e-02
-3.283098712563514709e-02
-1.926196366548538486e-01
-2.917425632476806641e-01
-7.098185271024703979e-02
-3.307323437184095383e-03
4.026712849736213684e-03
-1.837743818759918560e-02
-4.551039636135101318e-02
-1.488481163978576660e-01
-3.569220900535583496e-01
5.070759914815425873e-03
9.692602790892124176e-03
-6.353258341550827026e-02
-6.738872826099395752e-02
-1.280606538057327271e-01
-1.735634505748748779e-01
-1.474645882844924927e-01
-1.322268694639205933e-01
-5.791207775473594666e-02
-5.171256512403488159e-02
-8.408523350954055786e-02
-8.576627075672149658e-02
-1.177363470196723938e-01
-5.520642921328545311e-02
-8.015269041061401367e-02
-8.364162594079971313e-02
-1.643140166997909546e-01
-1.568063348531723022e-01
-2.694589495658874512e-01
-1.100692674517631670e-01
-3.055826202034950603e-02
-5.833751708269118569e-02
-7.277214527130126953e-02
-1.118004694581031799e-01
-2.307412773370743075e-01
-7.402201294898986816e-01
-4.304011166095733643e-01
-1.078399941325187683e-01
-9.234594553709030151e-02
-2.129642367362976074e-01
1.456070749554783106e-04
2.788613550364970814e-02
1.901247352361679077e-01
7.248806953430175781e-02
-5.243626981973648071e-02
-3.701743483543395996e-02
-1.066847890615463257e-01
-2.178231626749038696e-02
9.046459197998046875e-02
8.057764917612075806e-02
6.137648969888687828e-02
9.806489944458007812e-02
1.051830798387527605e-01
1.391788721084594727e-01
3.889815136790276268e-02
-1.022182404994964600e-02
-2.673862734809517860e-03
-1.288114581257104874e-02
1.296932250261306763e-01
1.409227848052978516e-01
1.504176557064056396e-01
6.005553156137465043e-02
-6.439187377691268921e-02
-3.505826368927956321e-02
2.230027765035629272e-01
1.597833931446075439e-01
7.067792862653732300e-02
7.080250885337590304e-03
9.774876758456230164e-03
-1.244780514389276331e-02
-2.978833019733428608e-02
-1.811588369309902538e-02
8.566424250602722168e-02
1.643689349293708801e-02
-4.145126938819885254e-01
-6.549935936927795410e-01
-1.084219515323638777e-01
9.352421760559082031e-02
9.061045944690704346e-02
-9.106571972370147705e-02
-2.707653045654296875e-01
-3.914201259613037109e-01
-2.074735909700393399e-01
-3.735546395182609558e-02
-4.983262345194816589e-02
-9.873630478978157043e-03
4.032863304018974304e-03
-4.270867630839347839e-02
8.609510958194732666e-02
-4.504347220063209534e-02
-7.165089994668960571e-02
-1.131348870694637125e-02
8.503005653619766235e-02
1.064264252781867981e-01
-3.417618107050656839e-03
7.890251278877256913e-02
1.809678226709365845e-02
-7.873570919036865234e-02
-5.098410695791245201e-02
8.302107453346252441e-02
8.174759894609451294e-02
9.429843723773956299e-02
-8.688189089298246903e-02
-3.765909001231193542e-02
1.074696192517876625e-03
4.684590548276901245e-02
9.875828772783279419e-02
2.176295965909957886e-01
1.269929409027099609e-01
2.903269045054912567e-02
-1.630428992211818695e-02
-9.235630929470062256e-02
7.706101238727569580e-02
1.445482820272445401e-01
1.345122605562209805e-01
3.930647671222686768e-02
-2.938503026962280620e-02
1.104516163468360762e-01
1.101503670215606689e-01
-1.215542182326316695e-01
-2.330771982669830600e-01
-9.432078897953032059e-02
7.086587697267532349e-02
7.398087531328201294e-02
-7.414720952510833740e-02
-1.893803328275680542e-01
-4.572157561779022217e-01
-9.393187761306763806e-01
-6.101911664009094238e-01
-1.043472141027450562e-01
-5.719259753823280334e-02
-1.233894005417823792e-01
-8.027072250843048096e-02
3.938990086317062378e-02
-4.831219092011452589e-03
-2.854033112525939941e-01
-1.426367163658142090e-01
4.786179400980472565e-03
7.904308848083020991e-03
1.307390332221984863e-01
1.970038563013076782e-01
2.059017866849899570e-01
-7.526076585054397583e-02
-2.689320445060729980e-01
-1.320706307888031006e-01
-2.698457101359963851e-03
-8.098226040601730347e-02
3.898151963949203491e-02
-9.153723716735839844e-03
-5.790033563971520164e-02
-1.334067285060882568e-01
-8.140216022729873657e-02
-5.354936793446541526e-02
-7.127870619297027588e-02
-3.082797862589359283e-02
-8.166174590587615967e-02
-2.267169207334518433e-01
-2.494266629219054898e-01
2.517517097294330250e-02
-1.410210505127906799e-02
7.465247809886932373e-02
4.119680076837539673e-02
-4.734554514288901589e-02
-1.633638143539428711e-02
4.735436290502548218e-02
1.463299691677093506e-01
-5.603129416704177856e-02
1.072056218981742859e-02
-2.798071503639220844e-02
-5.105395615100860596e-02
-3.010085970163344990e-02
-3.587484359741210938e-02
-5.341922119259833596e-02
-1.370049361139535904e-02
-3.376791998744010925e-02
-7.115289568901062012e-02
3.445916250348091125e-02
-2.997826039791107178e-01
-2.136376351118088046e-01
-4.170245304703712463e-02
1.832699985243380070e-03
8.756937086582183838e-02
1.970598250627517423e-01
1.387045830488204956e-01
1.132386624813079695e-01
-2.944616228342056274e-02
-9.167811274528503418e-02
5.135472118854523399e-02
9.592211991548536820e-02
-9.319476783275604248e-03
-5.067004635930061340e-02
-6.738991290330886841e-02
-1.188316196203231812e-01
2.336315810680389057e-02
-2.556133866310120184e-01
-2.747681438922882080e-01
-1.056335121393203562e-02
-2.578072249889373779e-02
-4.858395457267761230e-02
3.523651743307709260e-03
3.734382335096597672e-03
-7.645979523658752441e-02
-3.837549984455109198e-01
-3.257071673870087225e-01
-2.157682366669178009e-02
6.618428230285644531e-02
4.066079482436180115e-02
6.456346064805983109e-02
-4.713446274399756691e-02
5.968293175101279345e-03
1.110056489706039429e-01
5.322427302598953247e-02
-1.174491047859192033e-01
-1.431411132216453726e-02
-7.414337992668151855e-02
1.036106422543525696e-02
3.018284961581230164e-02
-1.462596803903579434e-01
-5.758279189467430115e-02
-4.711887985467911460e-02
-3.908963873982429504e-03
9.042032994329929352e-03
3.652011603116988442e-02
5.277824029326438904e-02
-7.279413193464279175e-02
-2.074314802885055542e-01
-1.888118386268616000e-01
-1.642830371856689453e-01
-2.723744325339794159e-02
7.969823479652404785e-02
2.285438356921076775e-03
5.497869104146956704e-02
3.948508203029632568e-02
-3.308095335960388184e-01
-3.493049144744873047e-01
-3.164211288094520569e-02
2.436052858829498569e-01
3.668907284736633301e-02
8.905777707695960999e-03
-6.896507740020751953e-02
-1.161521300673484802e-01
-1.186210140585899492e-01
-5.579323973506689072e-03
-6.672113388776779175e-02
-3.414982184767723083e-02
1.170022971928119486e-02
1.186074409633874893e-02
-4.264670610427856445e-02
-2.568259090185165405e-02
-2.111362963914871216e-01
-7.916910201311111450e-02
-2.785103954374790192e-02
6.476779282093048096e-02
-7.933041080832481384e-03
-5.518348887562752637e-03
2.777631208300590168e-02
-1.880353502929211010e-02
-1.264616996049880981e-01
-1.095965132117271423e-01
-3.848202154040336609e-02
-2.635028772056102753e-02
1.086401287466287613e-02
-7.677987217903137207e-02
-7.406222634017467499e-03
6.709879729896784696e-03
-8.151971548795700073e-02
-1.039163991808891296e-01
-5.386920180171728134e-03
9.203721769154071808e-03
1.907171122729778290e-02
-1.722719669342041016e-01
-5.469314381480216980e-02
-7.952528074383735657e-03
-5.723689869046211243e-02
-3.159857913851737976e-02
3.702098503708839850e-03
2.750362828373908997e-02
5.136425420641898415e-02
3.133545443415641785e-02
1.069786865264177149e-02
-5.740416422486305237e-02
2.019763737916946411e-01
6.780744343996047974e-02
-2.559554390609264374e-02
-3.770478442311286926e-02
-6.348070502281188965e-02
-1.029425412416457991e-01
-1.265884935855865479e-01
-1.015741527080536027e-01
-2.934774383902549397e-02
-3.102219849824905049e-02
-1.415956392884254456e-02
-4.246499389410018921e-02
-1.108249723911285400e-01
-7.177881151437759399e-02
-3.736002370715141296e-02
-1.579826176166534424e-01
-2.034307122230529508e-01
-1.560166627168655396e-01
1.786336675286293030e-02
-8.152252063155174255e-03
-6.937009841203689575e-02
4.472155496478081443e-02
4.058575630187988281e-02
1.326404809951782227e-01
1.223943829536437988e-01
8.866227581165730953e-04
-2.577940747141838074e-02
1.507527753710746939e-02
1.838961616158485413e-02
1.571369618177413940e-01
1.255165338516235629e-01
1.301462482661008835e-02
-1.407534480094909390e-01
-1.234197020530700684e-01
-2.386127971112728119e-02
-3.603052720427513123e-02
-5.561937391757965088e-02
4.597061499953269958e-02
-3.231113031506538391e-02
3.872232139110565186e-02
7.238116115331649780e-03
-1.628363691270351410e-02
-4.107740707695484161e-03
-1.187806576490402222e-02
9.460425935685636348e-03
-4.389233514666556618e-02
-1.290809065103530884e-01
-1.212246641516685486e-01
1.336011141538619995e-01
1.484614908695220947e-01
-5.389011278748511574e-02
-1.163643598556518555e-01
-3.936064615845680237e-02
-5.133107770234346390e-03
3.996735438704491356e-02
7.037997990846633911e-02
-4.377812892198562622e-02
1.574340462684631348e-02
7.547833956778050336e-03
-1.870336942374706702e-03
-1.177044305950403040e-02
-1.433201017789542675e-03
4.445440322160721519e-02
1.156428363174199885e-02
5.836704373359680176e-02
-3.263284638524055481e-02
5.934126675128937461e-02
2.216168865561485291e-02
-8.074577897787094116e-02
2.424641326069831848e-02
1.422878354787826538e-03
7.299604266881942749e-02
2.678699977695941925e-02
-1.514441613107919693e-02
1.796611584722996105e-02
1.422743871808051890e-02
-1.333481818437576572e-01
-5.248175933957099915e-02
7.589778304100038009e-02
-4.628697782754898071e-02
4.477499797940253518e-02
7.843185216188430786e-02
-1.618799567222595215e-02
-4.768996685743331909e-02
-2.319728136062622070e-01
-1.515972465276717862e-01
-1.035603955388069292e-01
-7.349877059459686279e-02
-1.234246697276830847e-02
5.601273477077483437e-02
-4.507571458816528320e-03
8.860305696725845337e-02
-2.110011875629425049e-02
-1.698185950517654419e-01
-1.512497663497924805e-01
-2.314606681466102600e-02
-6.447551399469375610e-02
-1.614619046449661255e-01
-6.855018436908721924e-02
-4.464882612228393555e-02
3.657885827124118805e-03
-4.237803816795348427e-02
-5.278168246150016785e-02
-5.495975539088248513e-02
-1.076394915580749650e-01
-1.261664479970932007e-01
-2.308757975697517048e-02
-9.544750209897755492e-04
-5.087102577090264061e-02
-2.289655804634094238e-02
-1.683365181088447571e-02
-1.651014201343059540e-02
-1.191887855529785295e-01
3.746861766558140516e-04
-7.050238549709320068e-02
-9.943747892975807190e-03
-8.901293575763702393e-02
7.903894037008286910e-02
7.285174727439880371e-02
6.602018326520919800e-02
-2.132630906999111176e-02
-2.836133353412152031e-02
1.290254946798086166e-02
-3.132959827780723572e-02
8.749349974095819646e-03
-1.418845355510711496e-02
-1.043314933776855608e-01
2.571593225002288818e-02
-8.473925292491912842e-03
-6.540731992572546005e-03
3.922915831208229065e-02
1.727451831102371216e-01
1.525747179985046387e-01
1.441001743078231812e-01
9.518655017018318176e-03
4.089549928903579712e-02
-1.004266925156116486e-02
-1.039724722504615784e-01
-6.095775961875916221e-02
-1.272239536046981812e-01
-3.134851530194282532e-02
-6.165950745344162681e-02
-5.257973447442054749e-02
-4.722205549478531578e-02
-1.928727515041828156e-02
7.888950407505035400e-02
2.533079497516155243e-02
5.077220872044563293e-02
9.334097616374492645e-03
3.811285644769668579e-02
2.868711203336716392e-02
-5.927245691418647766e-02
-5.909815803170203469e-02
2.284919610247015953e-03
-3.040062636137008667e-02
-4.180887714028359153e-02
-8.276458084583282471e-02
-9.041105955839155717e-02
-1.432650536298751831e-01
-8.307482302188871903e-02
-2.390887960791588177e-02
-7.071340084075927734e-02
-1.600017100572586060e-01
-8.643031120300292969e-02
-1.174083650112151961e-01
-3.488738834857941368e-02
-3.483787551522254944e-02
-1.698927581310272217e-02
-1.130014308728277466e-03
1.426960370736196637e-04
-1.630501635372638702e-02
8.141433447599411011e-02
6.285735219717025757e-02
2.150950878858566562e-01
1.082488745450973650e-01
4.877548292279243469e-02
2.606792375445365906e-02
-1.129989475011825562e-01
-5.154090374708176353e-02
-2.619444578886031758e-02
-4.275897517800331116e-02
4.114077985286712646e-02
9.623207151889799291e-03
-6.354663055390120420e-03
-4.367775470018386841e-02
-4.196803644299507141e-02
-7.144559174776077271e-02
-1.091769896447658322e-03
5.545280873775482178e-02
7.601811736822126908e-02
1.014374345541000366e-01
-3.996076993644237518e-03
3.186256438493728638e-02
2.400138229131698608e-02
-3.089814633131027569e-02
-8.569591492414473100e-02
-5.871643498539925315e-02
6.101170182228087685e-02
-1.123825982213020325e-01
-1.779276132583618164e-01
-4.578841477632522583e-02
1.779932156205177307e-02
-1.435435563325881958e-01
-5.427351966500281594e-02
-8.687641471624374390e-02
9.349175728857515508e-03
6.063126027584075928e-02
1.645646430552005768e-02
2.222901768982410431e-02
-2.399782463908195496e-02
-2.023497968912124634e-02
-4.761546477675437927e-02
-1.039290651679039001e-01
-6.417117267847061157e-02
-5.989353731274604797e-02
-4.857179895043373108e-02
-3.849019482731818459e-02
1.112714037299156189e-01
1.283975541591644565e-01
4.795079305768013000e-02
5.795954540371894836e-02
7.018473744392395020e-02
-3.535706177353858948e-02
-3.542400151491165161e-02
-5.878509953618050315e-02
-6.188940256834030151e-02
2.055460773408413280e-02
-2.319112792611121784e-02
-1.410147361457348043e-02
-7.874959707260131836e-02
-9.687303006649015946e-02
-1.332061439752578735e-01
-7.814451307058334351e-02
-6.570872664451599121e-02
-4.502332210540772178e-02
6.511170417070388794e-02
-6.717672199010848999e-02
-7.015881687402725220e-02
3.299361467361450195e-02
3.632010146975516579e-02
9.277104400098323822e-03
-1.054847333580255682e-02
5.414846166968345642e-02
-9.122406132519243413e-03
3.229654580354690552e-02
5.801799893379211426e-02
-6.732252985239028931e-02
-5.405241996049880981e-02
-1.719100959599018097e-02
-6.653010100126266479e-02
6.508885324001312256e-02
-3.763611987233161926e-02
-2.382220141589641571e-02
-3.828933089971542358e-02
-1.145379338413477117e-02
-1.764374598860741009e-02
-6.712415069341659546e-02
-6.414881348609924316e-02
4.355242475867272117e-02
-1.113250479102134878e-02
-3.265213966369628906e-02
-4.525730386376380920e-02
-4.810831323266028664e-02
-2.451586723327636719e-02
-3.448648005723953247e-02
-1.457801833748817444e-02
3.991567343473433754e-02
-7.945821620523929596e-03
-2.584108151495457043e-02
1.803231798112392426e-02
6.076395139098167419e-02
6.605034321546554565e-02
-6.403364986181259155e-02
-1.904999651014804840e-02
-9.901462122797966003e-03
2.131217904388904572e-02
2.405807608738541603e-03
-5.436436831951140664e-02
-5.930583924055100181e-02
-3.045714646577835083e-02
-6.318181753158569336e-02
-8.153720945119857788e-02
1.755823940038681030e-02
-1.278370022773742676e-01
-6.252874433994291825e-02
-2.147606015205383648e-02
-1.544354017823934729e-02
-4.199115559458732605e-02
-1.427096724510192871e-01
4.659635946154593727e-02
5.416479334235191345e-02
-1.088900491595268076e-02
-2.219929248094558716e-01
-1.109179928898811202e-01
-2.621640264987945557e-01
-1.619238406419754028e-01
-8.554708212614059448e-02
2.087515592575072687e-01
1.577853709459304810e-01
4.842239990830420754e-02
-1.028157863765954971e-02
-4.324456304311751625e-02
1.900717988610267986e-02
-6.367502361536026001e-02
-1.261344850063323975e-01
-1.062912642955780029e-01
-7.277110219001770020e-02
2.784004621207714081e-02
-9.798307903110979253e-03
-3.288368135690689087e-02
3.754510730504989624e-02
-8.172836154699325562e-02
-1.334049552679061890e-01
-1.789315603673458099e-02
-1.186101734638213973e-01
8.284407854080200195e-02
2.324110716581344882e-01
-2.542481012642383922e-02
5.998317152261734009e-02
-1.182157918810844421e-02
2.939649485051631927e-02
5.954018607735633850e-02
2.226956486701965332e-01
2.174307405948638916e-01
8.933696150779724121e-02
5.558916018344461918e-04
2.933559939265251160e-02
-1.125142443925142288e-02
-2.679841779172420155e-02
-1.070756539702415605e-01
-3.642888367176055908e-02
1.147981882095336775e-01
1.165371108800172806e-02
-4.029249027371407249e-02
-1.208243332803249359e-02
-7.193609327077865601e-02
-6.219377368688584068e-02
-1.160859223455190832e-02
7.481232285499572754e-02
-3.146322816610336304e-02
-9.554596990346907182e-02
-4.906112328171730042e-03
6.856490671634674072e-02
2.423420846462249478e-01
2.985731661319733221e-01
-5.745479371398686495e-03
-6.553211063146591187e-02
8.481861650943756104e-02
9.824538230895996094e-02
6.370576471090318160e-02
-2.033729292452335705e-02
-3.134853392839431763e-02
-8.723568171262741089e-02
-6.256347894668579102e-02
1.530500948429107388e-01
9.434115886688232422e-02
-6.784524768590927124e-02
-9.470247477293015914e-02
-3.229070827364921570e-02
7.045432180166244507e-02
-7.764083798974751559e-03
7.171181589365005493e-02
1.207480728626251221e-01
9.467784315347672897e-02
1.764866262674331387e-01
-1.659400574862957001e-02
-3.301134705543518066e-02
-4.535821452736855247e-02
3.923515975475311279e-02
-3.867503628134728172e-02
2.187943831086158752e-02
1.130323484539985657e-02
2.123223245143890381e-02
1.032442878931760788e-02
-1.436943709850311279e-01
-8.320838958024978638e-02
-2.516026142984629111e-03
-8.284706622362136841e-02
2.681093290448188782e-02
-7.599576376378536224e-03
-3.992823138833045959e-02
-1.192213147878646712e-01
-3.653731942176818848e-02
-4.917326942086219788e-02
-1.029598414897918701e-01
-7.868578284978867965e-02
-1.058138534426689148e-02
-1.919559389352798462e-02
-2.181417495012283672e-02
6.453253328800200549e-03
1.871249973773956576e-01
4.998208582401276329e-02
2.758508324623107910e-01
4.438358172774314880e-02
-3.619421273469924927e-02
-4.986081272363663587e-03
1.889586150646209439e-01
1.320638805627822876e-01
-8.531879633665084839e-02
-1.345921307802200595e-01
-7.550237327814102173e-02
2.197092026472092022e-02
2.784129790961742401e-02
1.412328705191612244e-02
-7.780888583511114120e-03
1.219390542246401093e-03
-8.404633402824401855e-02
3.259591758251190186e-04
-2.275695651769638062e-02
-1.035457476973533630e-02
-6.815191358327865601e-02
3.186779841780662537e-02
8.083744347095489502e-02
5.984382703900336352e-03
-3.213411569595336914e-02
-3.139011561870574951e-02
7.789190113544464111e-02
-3.742612153291701577e-02
-4.108134284615516663e-02
-1.128341332077980042e-01
-2.346631586551666537e-01
-1.704282313585281372e-02
-7.924205623567104340e-03
-9.010718017816543579e-02
2.207345329225063671e-02
-2.353340983390808105e-01
-5.159313082695007324e-01
-1.029284521937370439e-01
-3.717780113220214844e-03
-2.764208614826202393e-02
5.317918956279754639e-02
8.031915128231048584e-02
-2.965790405869483601e-02
1.341278105974197388e-01
7.318888604640960693e-02
2.944509498775004994e-02
-9.733575396239757538e-03
5.656322930008172989e-03
-4.828306660056113503e-02
1.963104307651520122e-02
-6.453629583120346069e-02
2.544590085744857441e-02
-6.991095095872879028e-02
-3.941979631781578064e-02
-5.368958413600921631e-02
3.950987011194229126e-03
8.212581276893615723e-03
5.906209349632262490e-02
8.091004937887193160e-02
1.224444247782230377e-03
4.160106927156448364e-02
4.566565901041031578e-02
-7.404288649559020996e-02
-1.632348448038101196e-01
-1.481198966503143311e-01
-6.722893565893171830e-02
-7.778014987707138062e-02
-1.070848703384399414e-01
2.220031432807445179e-02
3.361110016703605652e-02
-6.165288388729096153e-02
-4.014983773231505654e-02
1.465205755084753210e-02
1.196539476513862471e-01
3.773300349712371826e-02
-3.565966710448265076e-02
-1.652325852774083614e-03
1.362335495650768454e-02
9.231465309858322144e-02
3.635542932897806168e-03
-2.506119757890701294e-02
-4.235404729843140342e-02
-5.097697302699089050e-02
8.349324017763137817e-02
-4.414027556776999733e-02
-1.115226671099662781e-01
-5.938286893069744110e-03
-9.937734901905059814e-02
-1.050037667155265808e-01
-6.308527663350104418e-03
-2.363609522581100464e-02
1.841998100280761719e-02
5.002306774258614454e-03
1.593479141592979431e-02
-9.401831030845642090e-02
4.823091626167297363e-02
1.055769845843315263e-01
1.343590021133422852e-01
-6.197680830955505371e-01
-7.987201213836669922e-01
-2.193294614553451538e-01
6.245230510830878518e-02
-7.324942853301762667e-03
-2.159105986356735229e-02
-5.627927184104920127e-02
-8.576504886150360107e-02
4.905284196138381958e-02
-5.337808281183242798e-02
-2.209689095616340984e-02
-1.351642329245805567e-02
4.709097743034362793e-02
2.028484083712100983e-02
2.101408876478672028e-02
7.096920907497406006e-02
1.043870374560356001e-01
7.199348509311676025e-02
1.522320657968521118e-01
-1.251546889543533325e-01
-1.036392375826835632e-01
-1.334773749113082886e-01
-1.638145893812179565e-01
-9.240467101335526900e-02
-4.191162437200546265e-02
-5.473672598600388267e-02
-8.601093292236328125e-02
-3.046445362269878041e-02
5.607149098068475723e-03
-1.194133330136537725e-02
-4.183331131935120323e-02
-6.670517474412918091e-02
-5.034511163830757141e-02
-2.298228070139884949e-02
-3.796450048685073853e-02
-5.883865058422088623e-02
-8.834874629974365234e-02
5.265598744153976440e-02
-4.793573170900344849e-02
-7.859048992395401001e-02
-1.128010526299476485e-01
8.592560887336730957e-03
4.713310673832892678e-02
-3.584697609767317338e-03
-2.735969424247741699e-02
-9.276451170444487138e-02
-1.145313754677772522e-01
-2.747998237609863281e-01
-2.751585543155670166e-01
2.482243441045284271e-02
5.904375016689301231e-02
1.824476271867752075e-01
8.277956396341323853e-02
-6.457793712615968185e-02
3.284572437405586243e-02
-4.561849683523178101e-02
-1.778646185994148601e-02
1.033618673682212691e-01
3.433269560337067206e-01
1.087779477238655229e-01
1.217916384339332442e-01
6.545347627252339449e-03
-2.559564448893070221e-02
-3.804643452167510986e-02
1.140839755535125455e-01
1.769601404666900635e-01
2.217217385768890381e-01
3.927176818251609802e-02
1.041229534894227982e-02
-3.647522255778313377e-02
3.308301419019699097e-02
-2.350891008973121643e-02
6.831075251102447510e-02
1.383114308118820190e-01
5.555649101734162071e-02
9.367449581623076005e-02
3.240862116217613220e-02
6.445947289466857910e-02
-9.512118995189668136e-02
-7.142920792102813721e-02
8.594562113285064697e-02
5.055067315697669983e-02
-7.912769168615341187e-02
-2.556486986577510834e-02
-9.616431780159471684e-03
-7.528310269117355347e-02
-1.930021047592163086e-01
-7.866653054952621460e-02
-4.909837618470191956e-02
-3.901055455207824707e-02
-4.731766507029532692e-02
-1.672866046428680420e-01
-1.194232795387506485e-02
1.251038908958435059e-01
-3.285695612430572510e-02
1.542466226965188980e-02
-2.230078354477882385e-02
-5.325734987854957581e-02
-5.760496109724044800e-02
-2.494502812623977661e-02
-4.043885972350835800e-03
3.175502875819802284e-03
5.874696746468544006e-02
2.977517433464526783e-02
-8.856788277626037598e-02
-4.231677204370498657e-02
2.906174212694168091e-02
-1.552476547658443798e-02
3.727598860859870911e-02
-4.831188172101975181e-02
-5.986330658197402260e-02
5.488530173897743225e-02
4.781347140669823387e-02
-2.203368581831455231e-02
5.659469962120056152e-02
-2.639646530151367188e-01
-6.261121034622192383e-01
-2.740354537963867188e-01
4.180544987320899963e-03
3.987754508852958679e-02
2.511366037651896477e-03
-2.107088081538676869e-02
4.456019960343838605e-03
1.101556643843650818e-01
1.208461448550224443e-01
2.800552640110254721e-03
1.622371673583984375e-01
-4.455715883523225784e-03
-1.199649367481469935e-02
-6.470619142055511475e-02
-1.563716307282447815e-02
9.833107888698577881e-02
4.386382643133402738e-03
2.567487768828869213e-02
-3.041056729853152535e-02
-1.486116927117109125e-02
3.140142653137445016e-03
-7.648266851902008057e-02
-8.041612803936004639e-02
-9.115818887948989868e-02
-1.806210428476333618e-01
-5.176103860139846802e-02
3.159023076295853355e-02
-9.634554386138916016e-03
-1.690108776092529297e-01
-7.173787057399749756e-02
2.306197583675384521e-02
-8.940356783568859100e-03
-1.497900858521461487e-02
7.210802286863327026e-02
3.038937225937843670e-02
-3.883649781346321106e-02
-5.527820810675621033e-02
-7.818422466516494751e-02
-5.489148572087287903e-02
-1.702892407774925232e-02
-1.200483366847038547e-01
-1.827981024980545044e-01
-8.355990797281265259e-02
-1.642739027738571167e-01
-1.091869324445724349e-01
4.269774630665778420e-02
5.468259379267692566e-02
5.499792844057083130e-02
-1.565927416086196899e-01
-8.830196410417558150e-02
-4.586284235119820335e-02
-8.916666358709335327e-02
-4.455443471670151451e-02
4.502162709832192161e-02
6.303606182336807251e-02
3.339915722608566284e-02
-3.289104206487536430e-03
1.001668944954871993e-01
2.871512435376643788e-02
8.038727194070816040e-02
-4.943844303488731384e-02
3.343705460429191589e-02
1.417997032403945923e-01
1.246155821718275547e-03
-5.416840314865111611e-02
-3.967138472944498062e-03
-5.995090305805206299e-02
-4.433417692780494690e-02
-7.288820296525955200e-02
-5.356989428400992653e-02
-2.957695163786411979e-02
-4.227646440267562866e-02
-4.511033650487661362e-03
-7.456316798925399780e-02
-1.273468583822250366e-01
-1.697640717029571533e-01
1.699108746834099293e-03
-5.639411881566047668e-02
3.068795427680016258e-02
3.220875188708304665e-02
1.275729686021804810e-01
4.669019579887390137e-02
1.996131986379623760e-02
-1.321753114461898804e-02
-1.226362287998199463e-01
-9.114313870668412643e-02
-3.134427964687347412e-02
-1.350049078464508057e-01
-5.118461325764656067e-02
-5.156472325325012207e-02
1.929756440222263683e-02
-4.693500697612762451e-02
-5.830196663737297752e-02
-5.355210974812508323e-02
2.671305462718009949e-02
-3.242068365216255188e-02
-7.567051053047180176e-02
-1.302994042634963989e-01
-4.563413932919501564e-02
4.779419675469399192e-02
6.725927442312240601e-02
4.106814507395029068e-03
6.490366905927658081e-02
4.270140454173088074e-02
-1.692384108901024212e-02
-6.973908841609954834e-02
-3.621117398142815330e-02
-5.654918774962425232e-02
-4.433446004986763000e-02
8.651016280055046082e-03
1.037914864718914032e-02
5.580694600939751365e-02
-9.208765812218190974e-03
-1.722356304526329041e-02
-1.469846218824386597e-01
-2.678406052291393280e-02
1.361143495887517929e-02
-7.737149950116873655e-03
4.330175369977951050e-02
4.187280777841806412e-03
4.338752478361129761e-02
-5.977860419079661369e-04
-3.034813329577446331e-02
-3.711219877004623413e-02
-1.145558245480060577e-02
-1.207809075713157515e-01
7.795613259077072144e-02
2.705221809446812023e-02
-6.034459918737412193e-02
-3.062768653035163879e-02
-2.882133238017558705e-02
-8.672276511788368225e-03
-2.575008012354373932e-02
-1.444593816995620728e-01
8.457988500595094508e-03
2.266398444771767010e-02
-3.002079017460346222e-02
-4.574504122138024070e-02
-6.143710017204284668e-02
1.155232787132263184e-01
1.385289132595062533e-01
9.840632230043412643e-02
3.281472995877265930e-02
-2.250709943473339081e-02
-4.392966162413359556e-03
-1.176479179412126368e-02
6.412858143448829651e-03
-2.481465786695480347e-02
1.021875515580177307e-01
8.835812658071517944e-02
3.855418041348456643e-02
-4.913765937089920044e-02
3.145253285765647888e-02
9.418868459761144465e-03
-1.980668492615223278e-02
5.412800237536429492e-03
1.441290322691202164e-02
3.866011276841163635e-02
-2.007092721760272980e-02
5.684967339038848877e-02
-4.141092300415039062e-02
-6.666693836450578170e-02
1.006834805011749268e-01
5.633272603154182434e-02
1.616778969764709820e-02
7.046849280595779419e-02
1.392349600791931152e-01
1.398460417985916138e-01
-7.216124236583709717e-02
-5.762962996959686279e-02
-2.798143029212952007e-02
7.365590863628312945e-05
-2.282716706395148884e-02
1.581958979368209839e-01
5.652704089879990318e-02
-1.627999991178512573e-01
-6.186036393046379089e-02
-8.582241833209991455e-02
5.278050899505615234e-03
1.444644853472709656e-02
1.053381478413939693e-03
-1.980152912437915802e-02
-9.358170442283155269e-03
-1.069462969899177690e-01
-8.492522686719894409e-02
-9.845920652151107788e-02
4.672199022024869919e-03
1.983320340514182611e-03
-9.487807750701904297e-03
-1.762792095541954041e-02
-1.488695386797189713e-02
7.059133052825927734e-02
-1.044127345085144043e-02
-3.592438530176877975e-03
-9.643232449889184779e-03
-2.150453440845012665e-02
-5.550477653741836548e-02
-1.225577816367149492e-01
-1.069603711366653442e-01
-3.241159766912460327e-02
-9.990308433771132035e-02
-5.112192407250405052e-02
1.597598427906632423e-03
-5.750336870551108620e-02
-3.581890091300011375e-02
-3.424568474292755127e-02
6.021020817570387233e-04
-7.147350907325744629e-02
-9.662919491529463334e-02
7.762141991406680021e-03
1.263096928596496582e-01
-3.613655455410481367e-03
-2.583878859877586365e-02
1.791235245764255524e-02
-7.005254179239273071e-02
-1.450478937476873398e-02
-6.256643682718276978e-02
-6.014665588736533425e-02
-3.520029596984386878e-03
1.247249357402324850e-02
-4.606533050537108681e-02
-3.963443636894226074e-02
1.356686744838953018e-02
-1.019111368805170059e-02
7.761738449335096879e-02
6.558427214622497559e-02
8.079063892364501953e-02
7.289347052574157715e-02
1.052957251667976379e-01
1.324172131717205048e-02
4.699345305562019348e-02
-3.608946129679679871e-02
2.445668168365955700e-02
8.566025644540786743e-03
-6.954518030397593975e-04
-5.585832521319389343e-03
-2.071890980005264282e-02
-2.698317468166351318e-01
-1.268590390682220459e-01
