1.679023802280426025e-01
1.698456555604934692e-01
1.727764010429382602e-01
1.745481193065643311e-01
1.765323132276535034e-01
1.811585128307342529e-01
1.830546557903289517e-01
1.855206191539764404e-01
1.882234513759613037e-01
1.928882747888565063e-01
1.954837441444396973e-01
1.980465501546860019e-01
1.998753696680068970e-01
2.026110738515853882e-01
2.052617073059082031e-01
2.074950486421585083e-01
2.101639956235885620e-01
2.129210680723190585e-01
2.156164199113845548e-01
2.176522314548492432e-01
2.202378511428833008e-01
2.228008210659027100e-01
2.242990732192992887e-01
2.263898253440856934e-01
2.319676578044891635e-01
2.386070638895035068e-01
2.409375309944153110e-01
2.439214438199996948e-01
2.429954856634139737e-01
2.454373389482498447e-01
2.478137165307998935e-01
2.500842809677124023e-01
2.488997876644134521e-01
2.506822347640991211e-01
2.523379325866699219e-01
2.528915405273436945e-01
2.528957724571228027e-01
2.544335722923278809e-01
2.542565166950225830e-01
2.555105090141296387e-01
2.568328380584716797e-01
2.580630183219909668e-01
2.574999034404754639e-01
2.585265338420867920e-01
2.595483958721160889e-01
2.597289383411407471e-01
2.606281638145446777e-01
2.616866528987884521e-01
2.630766928195952814e-01
2.640174925327301025e-01
2.651110589504241943e-01
2.660832405090332031e-01
2.642602920532226562e-01
2.656166851520538330e-01
2.666642963886260986e-01
2.666318416595458984e-01
2.676217555999755859e-01
2.684730887413024902e-01
2.662577033042908270e-01
2.669169604778289795e-01
2.675490975379943848e-01
2.682364881038665771e-01
2.701371014118194580e-01
2.709082663059234619e-01
2.716907560825347900e-01
2.716292738914489746e-01
2.723292708396912176e-01
2.730439007282257080e-01
2.715811431407928467e-01
2.721996903419494629e-01
2.729094028472900391e-01
2.736998796463013250e-01
2.743598818778992254e-01
2.750326991081237793e-01
2.757187485694885254e-01
2.777837216854095459e-01
2.786153554916381836e-01
2.796692252159119207e-01
2.784993648529052734e-01
2.792814373970031738e-01
2.801966667175292969e-01
2.813748419284821112e-01
2.821483314037322998e-01
2.830751836299896240e-01
2.839042246341704767e-01
2.845846116542816162e-01
2.852658331394196112e-01
2.862024307250977118e-01
2.863784134387969971e-01
2.871887087821960449e-01
2.880520522594451904e-01
2.915641963481903076e-01
2.925703227519989014e-01
2.934583425521850586e-01
2.946253120899200439e-01
2.964561879634857178e-01
2.975135147571564276e-01
2.985192239284515381e-01
2.968942523002624512e-01
2.977129518985748291e-01
2.985780239105225164e-01
3.009853959083557129e-01
3.019050359725952148e-01
3.028523027896881104e-01
3.031275272369384766e-01
3.039287030696868896e-01
3.046480715274810791e-01
3.050732016563415527e-01
3.079437911510467529e-01
3.084656596183776855e-01
3.092102706432342529e-01
3.103549182415008545e-01
3.110632896423339844e-01
3.117001652717590332e-01
3.138022422790527344e-01
3.146814703941345215e-01
3.153662085533142090e-01
3.159755170345306396e-01
3.172366023063660223e-01
3.178561329841613770e-01
3.183714449405670166e-01
3.220574855804443359e-01
3.227767348289489746e-01
3.233920931816101074e-01
3.226522803306580145e-01
3.230114281177520752e-01
3.234605789184570312e-01
3.242030143737792969e-01
3.246131539344788153e-01
3.249731957912445068e-01
3.252901732921600342e-01
3.275475502014160156e-01
3.279867172241210938e-01
3.283191323280334473e-01
3.264063000679016113e-01
3.266068994998931885e-01
3.267585933208465576e-01
3.267139196395874023e-01
3.269594013690948486e-01
3.272904157638549805e-01
3.275156915187836248e-01
3.257941901683807373e-01
3.258951306343078613e-01
3.259687125682830811e-01
3.263019025325775146e-01
3.260915875434875488e-01
3.261901140213013250e-01
3.271840512752532959e-01
3.271638751029968262e-01
3.270425498485565186e-01
3.269484341144561768e-01
3.289823532104492188e-01
3.288825154304504395e-01
3.287533521652221680e-01
3.243282437324523926e-01
3.239676654338837225e-01
3.234904706478118896e-01
3.201650679111481268e-01
3.195502161979675293e-01
3.189602494239807129e-01
3.184662759304046631e-01
3.205296695232391357e-01
3.201806843280792236e-01
3.198446929454803467e-01
3.182351291179656982e-01
3.177981674671173096e-01
3.175394833087921143e-01
3.185889422893524170e-01
3.186233937740325928e-01
3.186481595039368231e-01
3.194590806961060125e-01
3.196155428886413574e-01
3.198262751102447510e-01
3.201585412025452215e-01
3.193450272083282471e-01
3.194936513900756836e-01
3.196944892406464178e-01
3.196172714233398438e-01
3.197445273399353027e-01
3.198147416114807129e-01
3.182058930397033691e-01
3.181342482566832941e-01
3.182119131088256836e-01
3.181416690349578857e-01
3.185141384601593018e-01
3.185895979404448908e-01
3.185538053512573242e-01
3.161165714263916016e-01
3.159546852111816406e-01
3.158427178859711248e-01
3.185962438583374023e-01
3.188062310218811035e-01
3.187851607799530029e-01
3.187544345855712891e-01
3.189029097557067871e-01
3.189433515071868896e-01
3.190502226352692206e-01
3.201099634170532227e-01
3.202905952930450439e-01
3.202417790889739990e-01
3.229606151580810547e-01
3.232914209365844727e-01
3.233501911163330078e-01
3.230613470077514648e-01
3.231541216373444159e-01
3.232586085796356201e-01
3.233562111854553223e-01
3.194364011287689209e-01
3.193405270576477051e-01
3.191637396812438965e-01
3.209223151206970215e-01
3.207947313785552979e-01
3.207224309444427490e-01
3.216999471187592108e-01
3.216083347797393799e-01
3.214769363403320312e-01
3.212994933128356934e-01
3.188115358352661133e-01
3.184889256954193115e-01
3.182161748409271240e-01
3.177267611026763916e-01
3.174012899398804266e-01
3.171456158161163330e-01
3.180549740791320801e-01
3.178751468658447266e-01
3.175466656684875488e-01
3.173108994960784912e-01
3.169705569744110107e-01
3.166109919548035223e-01
3.162610232830048163e-01
3.155486881732941229e-01
3.151257932186127264e-01
3.146569430828094482e-01
3.123361468315124512e-01
3.118436038494110107e-01
3.112275004386901855e-01
3.112279772758483887e-01
3.109163343906402588e-01
3.105000257492064875e-01
3.101889491081237793e-01
3.114553689956665039e-01
3.111893236637115479e-01
3.109083771705627441e-01
3.114210963249206543e-01
3.111186623573303223e-01
3.109045624732971191e-01
3.122630119323730469e-01
3.123941123485565186e-01
3.123398125171660822e-01
3.124833703041077215e-01
3.075987696647644043e-01
3.073478043079376221e-01
3.070982694625854492e-01
3.087551891803740900e-01
3.085768818855285645e-01
3.084237575531005859e-01
3.078843951225280762e-01
3.077285885810852051e-01
3.076905310153961182e-01
3.071331679821014404e-01
3.070773780345916748e-01
3.070887327194213867e-01
3.069749176502227783e-01
3.045802414417266846e-01
3.044023215770720880e-01
3.043127357959747314e-01
3.058262169361114502e-01
3.057565093040466309e-01
3.055999875068665106e-01
3.050901591777800959e-01
3.050372302532196045e-01
3.049500286579132080e-01
3.051220178604125977e-01
3.086622655391693115e-01
3.090145885944366455e-01
3.094392120838164728e-01
3.095541298389434814e-01
3.098422586917877197e-01
3.102750182151794434e-01
3.111098110675811768e-01
3.114815652370452881e-01
3.119604587554932196e-01
3.124112784862518311e-01
3.123781383037567139e-01
3.127548694610596258e-01
3.129030466079711914e-01
3.120988011360168457e-01
3.122362196445465088e-01
3.122781813144683838e-01
3.118714392185211182e-01
3.118363022804260254e-01
3.118912875652313232e-01
3.118783533573150635e-01
3.116086125373840332e-01
3.114976882934570312e-01
3.115025758743286133e-01
3.116551637649536133e-01
3.115082979202270508e-01
3.114166259765625000e-01
3.097947537899016779e-01
3.094837367534636896e-01
3.093914687633514404e-01
3.097657263278961182e-01
3.095364272594451904e-01
3.095361292362213135e-01
3.092248141765594482e-01
3.080128133296966553e-01
3.077751994132996161e-01
3.074051141738892157e-01
3.061825335025787354e-01
3.059521615505218506e-01
3.057589232921600342e-01
3.044264614582061768e-01
3.040545284748076837e-01
3.037978708744049072e-01
3.035350143909454346e-01
3.052374720573424738e-01
3.053692877292633057e-01
3.052670955657958984e-01
3.047768473625183105e-01
3.048517107963562012e-01
3.049203157424926758e-01
3.040737211704254150e-01
3.042061924934387207e-01
3.043367564678192139e-01
3.063296973705291748e-01
3.064649403095244806e-01
3.066666126251221258e-01
3.067928850650787354e-01
3.066786825656890869e-01
3.068902790546417236e-01
3.070746958255767822e-01
3.012414276599884033e-01
3.010008633136749268e-01
3.007565140724182129e-01
2.979413866996765137e-01
2.975305616855620783e-01
2.970801293849945068e-01
2.967711985111237127e-01
2.919995188713073730e-01
2.912190258502960205e-01
2.906798720359802246e-01
2.889073193073273260e-01
2.883686423301696777e-01
2.878029942512512207e-01
2.878244817256927490e-01
2.872776091098784845e-01
2.867780327796936035e-01
2.863163650035858154e-01
2.886692881584167480e-01
2.886786758899689276e-01
2.885250449180603027e-01
2.876420021057128906e-01
2.875968217849731445e-01
2.876991629600524902e-01
2.854217588901519775e-01
2.854068577289580744e-01
2.856388092041016180e-01
2.868544161319733221e-01
2.872730493545532227e-01
2.875587940216064453e-01
2.881546616554260254e-01
2.878852784633636475e-01
2.883264422416687012e-01
2.888068556785583496e-01
2.905938327312468927e-01
2.912534177303314209e-01
2.918254137039185125e-01
2.914108335971832275e-01
2.919088006019592285e-01
2.924089133739471436e-01
2.928702831268310547e-01
2.912743687629700262e-01
2.915471494197844904e-01
2.917401492595673163e-01
2.928227782249451239e-01
2.931863665580748957e-01
2.933798730373382568e-01
2.966790497303009033e-01
2.971690595149993896e-01
2.977447807788848877e-01
2.985273897647857666e-01
3.006629347801208496e-01
3.013637363910675049e-01
3.019644021987915039e-01
3.026707470417023260e-01
3.033931553363800049e-01
3.039786815643310547e-01
3.057480752468109131e-01
3.065142333507537842e-01
3.072180747985839844e-01
3.082282245159149170e-01
3.088542520999908447e-01
3.094720542430877686e-01
3.100023865699768066e-01
3.071855902671813965e-01
3.074525594711304266e-01
3.079031705856323242e-01
3.068563044071196955e-01
3.069250583648681641e-01
3.069462478160858154e-01
3.059960007667540949e-01
3.059099614620208740e-01
3.057994842529296875e-01
3.057780563831328791e-01
3.082661032676696777e-01
3.084186315536499023e-01
3.083669841289519709e-01
3.056939840316772461e-01
3.055982291698455811e-01
3.054083883762360174e-01
3.030200302600861151e-01
3.027545809745789129e-01
3.023472130298614502e-01
3.020410835742950439e-01
3.011087179183959961e-01
3.007756769657135010e-01
3.005650937557220459e-01
3.015892505645751953e-01
3.013396263122558594e-01
3.013256490230560303e-01
2.989954948425292969e-01
2.987070083618164062e-01
2.985266447067260742e-01
2.982079088687896729e-01
2.980981469154357910e-01
2.980052828788756769e-01
2.978117167949676514e-01
2.983892858028411865e-01
2.983176708221435547e-01
2.982036769390106201e-01
2.973182797431945801e-01
2.973465919494628906e-01
2.974309921264648438e-01
2.972544133663176935e-01
2.974441945552825928e-01
2.976275682449340820e-01
2.975726723670959473e-01
2.949950695037841797e-01
2.948868870735168457e-01
2.947640419006348211e-01
2.978624999523162842e-01
2.981456816196441650e-01
2.983017861843109131e-01
2.995966076850891113e-01
2.999335527420043945e-01
3.002807199954986572e-01
3.005745410919188898e-01
3.029251098632812500e-01
3.033212423324584961e-01
3.036814033985137939e-01
3.032569587230682373e-01
3.036457598209381104e-01
3.038904070854187012e-01
3.053740262985228937e-01
3.057892918586730957e-01
3.059512674808502197e-01
3.064382076263427734e-01
3.084031343460083008e-01
3.088515400886536200e-01
3.093564212322235107e-01
3.091773092746734619e-01
3.095676600933074951e-01
3.099894523620604914e-01
3.092275261878967285e-01
3.095540106296539307e-01
3.098952174186706543e-01
3.107543587684631348e-01
3.109811246395111084e-01
3.113349378108978271e-01
3.114493191242218018e-01
3.107766509056091309e-01
3.109454214572906494e-01
3.107614815235137939e-01
3.105450868606567383e-01
3.105198740959167480e-01
3.104240000247955322e-01
3.102755844593048096e-01
3.100206553936005194e-01
3.100538849830627441e-01
3.101244270801544189e-01
3.099879324436187744e-01
3.100078105926513672e-01
3.101117014884948730e-01
3.082810342311859131e-01
3.082327842712402344e-01
3.079591393470764160e-01
3.070963621139526367e-01
3.068371713161468506e-01
3.065263628959655762e-01
3.045017123222351074e-01
3.040984869003295898e-01
3.038403987884520929e-01
3.035062253475189209e-01
3.032257854938507080e-01
3.027542233467102051e-01
3.023222386837005615e-01
3.048248589038848877e-01
3.047763407230377197e-01
3.048663139343261719e-01
3.035407960414886475e-01
3.036639392375946045e-01
3.038445413112640381e-01
3.037953674793243408e-01
3.040121197700500488e-01
3.039389550685882568e-01
3.039329349994659424e-01
3.049791753292083740e-01
3.051264882087707520e-01
3.052031993865966797e-01
3.056994378566741943e-01
3.057756423950195312e-01
3.059878647327423096e-01
3.061783015727996826e-01
3.081456720829010010e-01
3.081325590610504150e-01
3.083743751049041748e-01
3.080854117870330811e-01
3.083363175392150879e-01
3.084437251091003418e-01
3.052698671817779541e-01
3.052399158477783203e-01
3.050762116909027100e-01
3.043198585510253906e-01
3.041539788246154785e-01
3.038660585880279541e-01
3.035165965557098389e-01
3.026445508003234863e-01
3.023939728736876886e-01
3.018663227558135986e-01
3.026616871356964111e-01
3.024346232414245605e-01
3.018895089626312256e-01
3.031358122825622559e-01
3.030171096324921209e-01
3.028787076473236084e-01
3.027522563934326172e-01
3.011852800846099854e-01
3.010033965110778809e-01
3.008383810520172119e-01
3.000001311302185059e-01
2.998638153076171875e-01
2.996410429477692206e-01
2.989106476306915283e-01
2.988625466823577881e-01
2.987906932830810547e-01
2.986661195755004883e-01
2.987339198589324951e-01
2.987279891967772882e-01
2.988036870956420898e-01
3.015523850917816162e-01
3.017925322055817206e-01
3.018957376480102539e-01
3.031317889690399170e-01
3.035063743591309149e-01
3.037233352661132812e-01
3.038123250007628839e-01
3.041119575500488281e-01
3.043255805969238281e-01
3.046780824661254883e-01
3.039228916168212891e-01
3.041163980960845947e-01
3.042944669723510742e-01
3.043022453784942627e-01
3.043926060199736994e-01
3.043602406978607178e-01
3.033072054386138916e-01
3.033258020877838135e-01
3.032930493354796808e-01
3.033101558685302734e-01
3.034413754940032959e-01
3.035328984260559082e-01
3.034310638904571533e-01
3.048887252807617188e-01
3.047941923141479492e-01
3.046549260616302490e-01
3.051266372203826904e-01
3.049332499504088800e-01
3.049916625022888184e-01
3.049725592136383057e-01
3.057911992073059082e-01
3.059211075305939276e-01
3.059979379177092951e-01
3.043036758899689276e-01
3.042576611042023260e-01
3.042173683643341064e-01
3.048228323459625244e-01
3.048774003982543945e-01
3.049645423889160156e-01
3.025996685028076172e-01
3.025791347026824951e-01
3.025573790073394775e-01
3.022738397121428888e-01
3.004205226898192804e-01
3.000888824462890625e-01
2.996591925621033270e-01
3.000208437442779541e-01
2.995701134204864502e-01
2.993979156017303467e-01
2.997542917728424072e-01
2.993664145469664972e-01
2.992570698261260986e-01
2.989477813243865967e-01
2.991365790367126465e-01
2.990625500679016113e-01
2.992036044597625732e-01
3.004390597343444824e-01
3.005870282649993896e-01
3.007930219173431396e-01
3.001838326454162598e-01
3.002675175666809082e-01
3.002140820026397705e-01
3.005407750606536865e-01
3.016830384731292725e-01
3.018278777599335272e-01
3.021266162395476740e-01
3.033300340175629217e-01
3.036137819290161133e-01
3.038464784622192383e-01
3.052146732807159424e-01
3.054908812046051025e-01
3.059649765491485596e-01
3.059141039848328192e-01
3.062006831169128418e-01
3.066182136535644531e-01
3.070721924304962158e-01
3.062306046485900879e-01
3.064965307712554932e-01
3.066949844360352118e-01
3.071697354316711426e-01
3.072955608367919922e-01
3.072975873947144110e-01
3.079383969306945801e-01
3.080105781555175781e-01
3.079117536544799805e-01
3.078805506229401190e-01
3.064302206039429266e-01
3.062692582607268732e-01
3.061149120330810547e-01
3.086306452751160223e-01
3.085432052612305243e-01
3.083563745021820068e-01
3.068935573101044256e-01
3.066597878932952881e-01
3.064768612384796143e-01
3.063709735870360773e-01
3.070479333400726318e-01
3.070069253444672186e-01
3.067824542522430420e-01
3.076979517936706543e-01
3.075977861881256104e-01
3.074241578578948975e-01
3.067074418067932129e-01
3.065903484821320135e-01
3.063713312149047852e-01
3.065633773803710938e-01
3.063624501228332520e-01
3.062579333782196045e-01
3.060379624366760254e-01
3.051079213619232178e-01
3.048190772533416748e-01
3.045679628849028986e-01
3.040632307529448908e-01
3.038963973522186279e-01
3.038562238216400146e-01
3.041313588619232178e-01
3.039211034774780273e-01
3.037262558937072754e-01
3.035496473312377930e-01
3.050462007522583008e-01
3.049209713935852051e-01
3.047369718551635742e-01
3.029433488845825195e-01
3.027249276638031006e-01
3.025836348533630371e-01
3.000502586364746094e-01
2.997315526008605957e-01
2.993308901786804199e-01
2.989687919616699219e-01
3.008811771869659424e-01
3.006635308265686035e-01
3.005569577217102051e-01
3.002773821353912354e-01
3.001270890235900879e-01
3.001025021076202393e-01
3.006692230701446533e-01
3.007607460021973211e-01
3.007409274578094482e-01
2.994116842746734619e-01
2.993054986000061035e-01
2.992747724056243896e-01
2.991138100624084473e-01
3.001086711883544922e-01
3.001144826412200928e-01
3.001067936420441229e-01
2.986213564872741699e-01
2.987134456634520929e-01
2.986751794815063477e-01
2.971613705158233643e-01
2.970185875892639160e-01
2.969356775283812921e-01
2.968824505805969238e-01
2.966645956039429266e-01
2.964427769184112549e-01
2.963591814041137695e-01
2.949361801147460938e-01
2.947251796722412109e-01
2.945616245269775391e-01
2.972715795040130615e-01
2.972872853279113770e-01
2.974582910537719727e-01
2.974724173545836847e-01
2.991375327110290527e-01
2.994526624679564875e-01
2.997259199619293213e-01
2.992873191833496094e-01
2.995539605617523193e-01
2.997815012931823730e-01
2.983330488204956055e-01
2.983053624629974365e-01
2.984115481376647949e-01
2.985388338565826416e-01
2.973771989345550537e-01
2.975521683692932129e-01
2.975862324237823486e-01
2.978923916816711426e-01
2.980363368988037109e-01
2.979915738105773926e-01
2.971274256706237793e-01
2.971674203872681219e-01
2.972378134727478027e-01
2.958755791187286377e-01
2.959059476852416992e-01
2.959477305412292480e-01
2.959398627281188965e-01
2.969650030136108398e-01
2.968932688236237127e-01
2.968506515026092529e-01
2.965281307697296143e-01
2.963710725307465155e-01
2.962577939033508301e-01
2.964843213558197021e-01
2.962465882301330566e-01
2.962795495986938477e-01
2.962603867053985596e-01
2.960987985134124756e-01
2.960631549358367920e-01
2.961964607238768976e-01
2.971864044666290283e-01
2.974311709403992254e-01
2.973895668983459473e-01
2.973854839801788330e-01
2.975392937660216730e-01
2.975260913372039795e-01
2.976445853710174561e-01
2.980981767177581787e-01
2.982083857059478760e-01
2.982975542545318604e-01
2.982380688190460205e-01
2.981648147106171209e-01
2.982378304004669189e-01
2.988924086093902588e-01
2.988822758197784424e-01
2.988785207271575928e-01
2.989152967929840088e-01
2.989494800567626953e-01
2.988584935665130615e-01
2.989858984947205145e-01
2.989920079708099365e-01
2.990500330924987793e-01
2.992679774761199951e-01
2.991720736026763916e-01
2.992602586746215820e-01
2.994016706943511963e-01
3.016112744808197021e-01
3.018523156642913818e-01
3.019239902496337891e-01
3.021860122680664062e-01
3.026018440723419189e-01
3.025316298007965088e-01
3.027731180191040039e-01
3.016116023063660223e-01
3.014786839485168457e-01
3.014943897724152166e-01
3.025524914264678955e-01
3.025606572628021240e-01
3.024795651435852051e-01
3.023508787155151367e-01
3.006403148174285889e-01
3.004046380519866943e-01
3.000998497009276789e-01
2.987978756427764893e-01
2.985536456108093262e-01
2.982302606105804443e-01
2.969811558723449707e-01
2.966243922710419256e-01
2.962105870246887207e-01
2.949699461460112970e-01
2.943790555000305176e-01
2.936346232891082764e-01
2.932581007480620783e-01
2.939267754554748535e-01
2.936387062072753906e-01
2.934898734092712402e-01
2.925501465797424316e-01
2.923227548599243164e-01
2.920612692832946777e-01
2.926848530769348145e-01
2.925652861595153809e-01
2.921926081180572510e-01
2.922964394092560370e-01
2.937329709529877264e-01
2.938526570796966553e-01
2.937535345554351807e-01
2.929461896419525146e-01
2.931013107299805243e-01
2.930211126804351807e-01
2.938364744186400812e-01
2.939654290676116943e-01
2.944066822528839111e-01
2.946755588054656982e-01
2.938160598278045654e-01
2.942249178886413574e-01
2.945189774036407471e-01
2.955395579338073730e-01
2.956966459751129150e-01
2.959368228912352961e-01
2.967395484447479248e-01
2.968292534351348877e-01
2.971064448356628418e-01
2.992539703845977783e-01
2.997449338436127264e-01
3.001079857349395752e-01
3.004501760005950928e-01
3.017476797103881836e-01
3.021706044673920233e-01
3.024030625820159912e-01
3.022118508815764826e-01
3.023293018341064453e-01
3.025536537170410156e-01
3.027891516685485840e-01
3.028456568717956543e-01
3.029659390449523926e-01
3.029876053333282471e-01
3.029280304908752441e-01
3.031718134880065918e-01
3.032839000225067139e-01
3.033575415611267090e-01
3.034530580043792725e-01
3.034510612487792969e-01
3.016521334648132324e-01
3.015329539775848389e-01
3.016077280044556219e-01
3.015324473381042480e-01
3.002132475376129150e-01
3.002072870731353760e-01
3.000771403312683105e-01
3.002335727214813232e-01
2.998934388160705566e-01
2.997115254402161200e-01
2.990595400333404541e-01
2.988646626472473145e-01
2.986433804035186768e-01
2.935530543327331543e-01
2.930894196033477783e-01
2.924476265907288153e-01
2.919981181621551514e-01
2.903766036033630371e-01
2.898547053337097168e-01
2.889910936355590820e-01
2.910432219505310059e-01
2.908005416393280029e-01
2.904681265354156494e-01
2.913773357868194580e-01
2.913612723350524902e-01
2.911629080772399902e-01
2.911978960037231445e-01
2.892135977745056152e-01
2.890747785568236750e-01
2.889704704284667969e-01
2.887907922267913818e-01
2.889166772365570068e-01
2.889068722724914551e-01
2.881514132022857666e-01
2.881386578083038330e-01
2.879345417022705078e-01
2.883663177490234375e-01
2.882447838783264160e-01
2.882438600063323975e-01
2.884131669998168945e-01
2.873474359512329102e-01
2.875315248966217041e-01
2.875316739082336426e-01
2.894993126392364502e-01
2.896187305450439453e-01
2.896239757537841797e-01
2.878423333168029785e-01
2.877276539802551270e-01
2.877878844738006592e-01
2.877963185310363770e-01
2.867116332054138184e-01
2.866520881652832031e-01
2.865358293056488037e-01
2.875876724720001221e-01
2.877438962459564209e-01
2.877754569053649902e-01
2.877205312252045233e-01
2.876929938793182373e-01
2.876502275466918945e-01
2.876515090465545654e-01
2.867513597011566162e-01
2.867360115051268976e-01
2.866827547550200861e-01
2.875228226184844971e-01
2.876566350460052490e-01
2.876226305961608887e-01
2.895011901855468750e-01
2.898044586181641180e-01
2.901265323162078857e-01
2.909426987171173096e-01
2.912784814834594727e-01
2.916624844074249268e-01
2.920309007167816162e-01
2.934100329875946045e-01
2.939288318157196045e-01
2.946176230907439630e-01
2.941005825996398926e-01
2.946290373802185059e-01
2.951747179031372070e-01
2.957124412059783936e-01
2.945767045021057129e-01
2.948538064956665039e-01
2.950988709926605225e-01
2.940625846385955811e-01
2.942006289958953857e-01
2.943673729896544855e-01
2.950234413146973211e-01
2.951179146766662598e-01
2.951563596725463867e-01
2.934421598911284845e-01
2.933949530124664307e-01
2.934927046298981268e-01
2.934712171554564875e-01
2.908440530300140381e-01
2.906888723373413086e-01
2.906798124313354492e-01
2.923312187194824219e-01
2.922585606575012207e-01
2.922665476799011230e-01
2.926920056343078613e-01
2.928225100040435791e-01
2.927441596984863281e-01
2.928766608238220215e-01
2.923960089683533270e-01
2.923234403133392334e-01
2.922783792018890381e-01
2.934395074844360352e-01
2.933746576309204102e-01
2.934146523475646973e-01
2.957115471363068182e-01
2.958078086376189630e-01
2.958425283432006836e-01
2.962354421615601141e-01
2.963309586048126221e-01
2.963928580284119207e-01
2.967186868190764826e-01
2.961630523204803467e-01
2.964209318161010742e-01
2.967903316020965576e-01
2.966930568218231201e-01
2.968832850456237793e-01
2.971939146518707275e-01
2.972064018249512274e-01
2.975061535835266113e-01
2.975172400474548340e-01
2.977383434772491455e-01
2.959537208080291748e-01
2.960094511508941650e-01
2.960331439971923828e-01
2.965267300605773926e-01
2.966349720954895020e-01
2.968789041042327881e-01
2.955409288406372070e-01
2.955472469329833984e-01
2.954018115997314453e-01
2.954068779945372980e-01
2.963218092918395996e-01
2.962277829647064209e-01
2.963124513626098633e-01
2.958284020423889160e-01
2.959200441837310791e-01
2.959604263305664062e-01
2.952764332294464111e-01
2.952591180801392157e-01
2.951402366161346436e-01
2.933281362056732178e-01
2.932257652282714844e-01
2.931064367294311523e-01
2.929363846778869629e-01
2.914550900459289551e-01
2.912593483924865723e-01
2.911139130592346191e-01
2.913203537464141846e-01
2.910652458667755127e-01
2.908941507339476984e-01
2.908504903316497803e-01
2.905832827091217041e-01
2.906209528446196955e-01
2.905227243900299072e-01
2.901713550090789795e-01
2.902443706989288330e-01
2.901400029659271240e-01
2.934646308422089178e-01
2.936972975730895996e-01
2.939484417438507080e-01
2.949888110160828192e-01
2.952643632888793945e-01
2.954925000667572021e-01
2.940930724143981934e-01
2.941401600837707520e-01
2.943399548530578613e-01
2.942452132701873779e-01
2.938925027847290039e-01
2.937966883182525635e-01
2.939269840717316229e-01
2.951643168926239014e-01
2.951960563659667969e-01
2.955427765846252441e-01
2.954369187355040949e-01
2.955940961837769110e-01
2.958215475082396906e-01
2.962627112865447998e-01
2.957096397876739502e-01
2.960405349731444757e-01
2.963679134845733643e-01
2.961302399635314941e-01
2.963059544563292902e-01
2.964718043804169256e-01
2.957634627819060724e-01
2.958755493164062500e-01
2.959328889846801758e-01
2.962234616279602051e-01
2.926909327507019043e-01
2.924003303050994873e-01
2.923329472541809082e-01
2.938637733459473211e-01
2.936933040618896484e-01
2.937152087688446045e-01
2.945286333560944159e-01
2.944274544715880793e-01
2.944991290569304865e-01
2.963224351406096857e-01
2.965820431709289551e-01
2.966941595077514648e-01
2.967771589756011963e-01
2.955098152160644531e-01
2.956099808216094971e-01
2.957371473312377930e-01
2.956109344959259033e-01
2.957313656806945801e-01
2.957713305950164795e-01
2.976130843162537176e-01
2.979137599468231201e-01
2.980528473854064941e-01
2.981721460819244385e-01
2.994076013565063477e-01
2.995942234992980957e-01
2.996699512004852295e-01
3.010281920433044434e-01
3.012790381908416748e-01
3.015377819538116455e-01
3.018631637096405029e-01
3.019305765628815252e-01
3.023664355278015137e-01
3.024789094924926758e-01
3.005237579345703125e-01
3.007441759109497070e-01
3.007769882678985596e-01
2.995492219924926758e-01
2.995603680610656738e-01
2.995976209640502930e-01
2.975231409072875977e-01
2.974277734756469727e-01
2.971280813217163086e-01
2.949768602848052979e-01
2.946390509605408270e-01
2.941735982894896906e-01
2.939672172069549561e-01
2.950451672077178955e-01
2.946723103523254395e-01
2.945472300052642822e-01
2.923377156257628839e-01
2.921963036060333252e-01
2.918801903724670410e-01
2.909271419048308771e-01
2.906894385814666748e-01
2.904976904392242432e-01
2.904129624366760254e-01
2.897648811340332031e-01
2.896862924098968506e-01
2.895363271236420233e-01
2.887156903743743896e-01
2.885581254959106445e-01
2.885468602180480957e-01
2.879684865474700928e-01
2.879072129726409912e-01
2.879111170768737793e-01
2.876491248607635498e-01
2.875721752643585205e-01
2.873968183994293213e-01
2.876513898372650146e-01
2.866203784942626953e-01
2.866616547107696533e-01
2.867445945739746094e-01
2.836203277111052912e-01
2.835442721843719482e-01
2.834900617599487305e-01
2.851827442646026611e-01
2.852722406387329102e-01
2.852684557437896729e-01
2.852175235748291016e-01
2.870115041732788086e-01
2.870981097221374512e-01
2.871638238430023193e-01
2.871559560298920233e-01
2.873737514019012451e-01
2.873376607894896906e-01
2.881688177585601807e-01
2.881380915641785223e-01
2.885680496692656916e-01
2.887580990791320801e-01
2.912161946296691895e-01
2.916477620601654053e-01
2.921139299869536798e-01
2.888727784156799316e-01
2.890452146530151367e-01
2.892898321151732843e-01
2.907615005970001221e-01
2.909574806690216064e-01
2.913560271263122559e-01
2.915758192539215088e-01
2.913055419921875000e-01
2.916024625301361084e-01
2.918148934841156006e-01
2.935501635074615479e-01
2.938151657581328791e-01
2.940184175968170166e-01
2.925290763378143311e-01
2.926225960254669189e-01
2.927952706813812256e-01
2.942780256271362305e-01
2.943440675735473633e-01
2.944921255111694336e-01
2.946102917194366455e-01
2.933870553970336914e-01
2.935399115085601807e-01
2.935877740383148193e-01
2.927284240722656250e-01
2.926274836063385010e-01
2.926671206951140802e-01
2.920425832271575928e-01
2.919943034648895264e-01
2.918022274971008301e-01
2.916867434978485107e-01
2.916600108146667480e-01
2.916869223117828369e-01
2.916977107524871826e-01
2.954449057579040527e-01
2.956818044185638428e-01
2.959697246551513672e-01
2.950884997844696045e-01
2.952759563922882080e-01
2.954573035240172785e-01
2.955545783042908270e-01
2.947897911071776789e-01
2.948101460933684748e-01
2.948172688484191895e-01
2.950067222118377686e-01
2.951802909374237061e-01
2.951914072036743164e-01
2.929424643516540527e-01
2.929452955722808838e-01
2.928435802459716797e-01
2.928520739078521729e-01
2.927947342395782471e-01
2.926548719406127930e-01
2.925383448600769043e-01
2.933587729930877686e-01
2.930925190448760986e-01
2.929520010948181152e-01
2.945128977298737127e-01
2.944218814373016357e-01
2.942793071269989014e-01
2.939010262489318848e-01
2.937965393066406250e-01
2.938052117824554443e-01
2.937453687191008966e-01
2.955274879932404120e-01
2.956692874431610107e-01
2.958299219608306885e-01
2.960069477558135986e-01
2.960919141769409180e-01
2.962262928485870361e-01
2.943411767482757568e-01
2.943342328071594238e-01
2.943316698074340820e-01
2.944057881832122803e-01
2.939178049564361572e-01
2.940827906131744385e-01
2.941381037235260010e-01
2.993496954441070557e-01
2.991863787174224854e-01
2.997446060180664062e-01
2.979804277420043945e-01
2.982802987098693848e-01
2.984880208969116211e-01
2.984498739242553711e-01
2.987068891525269110e-01
2.987427115440369207e-01
2.988943159580231268e-01
3.012962639331817627e-01
3.015509247779846191e-01
3.015202879905701239e-01
3.035039007663726807e-01
3.038314282894134521e-01
3.040494620800018311e-01
3.044937849044799805e-01
3.047138750553131104e-01
3.049119114875792902e-01
3.051222264766693115e-01
3.059186637401580811e-01
3.061292767524719238e-01
3.063062727451324463e-01
3.045189678668975830e-01
3.044925630092620850e-01
3.045510053634644110e-01
3.055978119373320978e-01
3.055932223796844482e-01
3.056084513664245605e-01
3.054623007774353027e-01
3.030649423599243164e-01
3.028655648231506348e-01
3.025235235691070557e-01
3.025295436382293701e-01
3.022329509258269709e-01
3.017904162406920832e-01
3.027033805847167969e-01
3.023871183395385742e-01
3.020513951778411865e-01
3.026106357574462891e-01
3.023600578308104914e-01
3.021323978900908869e-01
3.019041121006011963e-01
3.011062443256378174e-01
3.009994328022003174e-01
3.008154034614562988e-01
2.990373075008392334e-01
2.988320887088776190e-01
2.985089123249053955e-01
2.988958358764648438e-01
2.986934483051300049e-01
2.986568808555603027e-01
2.984944880008696955e-01
2.952575683593750000e-01
2.948937714099884033e-01
2.947382926940917969e-01
2.929610908031464178e-01
2.926025092601776123e-01
2.922254800796508789e-01
2.924013435840607245e-01
2.920654416084289551e-01
2.919336855411528986e-01
2.916030883789062500e-01
2.895791828632354736e-01
2.892827391624451239e-01
2.890629172325134277e-01
2.928835749626160223e-01
2.930250167846680243e-01
2.930687367916107178e-01
2.950018644332885742e-01
2.950403690338134766e-01
2.950566112995148260e-01
2.934824526309967041e-01
2.936249971389770508e-01
2.936669290065764826e-01
2.938371896743774414e-01
2.935260534286499023e-01
2.935719192028045654e-01
2.937113046646118164e-01
2.929269671440124512e-01
2.929339706897736151e-01
2.930881977081298828e-01
2.947922050952911377e-01
2.948865890502929688e-01
2.951101660728454590e-01
2.952706217765808105e-01
2.974423170089721680e-01
2.977747023105620783e-01
2.980419695377349854e-01
2.985005676746368408e-01
2.987267076969146729e-01
2.990387976169586182e-01
2.995062470436096191e-01
2.998772859573364258e-01
2.999836802482604980e-01
3.002252578735352118e-01
2.984347939491271973e-01
2.985823154449462891e-01
2.986955940723419189e-01
3.013719916343688965e-01
3.014909327030181885e-01
3.016830086708068848e-01
3.009620904922484796e-01
3.009394407272338867e-01
3.012970685958862305e-01
3.013528585433959961e-01
3.037049472332000732e-01
3.038756251335144043e-01
3.040435016155242920e-01
3.015677034854888916e-01
3.015686273574829102e-01
3.014831542968750000e-01
3.036649525165557861e-01
3.037667870521544855e-01
3.037937283515930176e-01
3.023105859756469727e-01
3.022885024547576904e-01
3.021611273288726807e-01
3.021098077297211248e-01
3.028049468994141180e-01
3.027222752571105957e-01
3.027566671371459961e-01
3.011918365955352783e-01
3.010656237602233887e-01
3.010594546794891357e-01
3.009756505489348810e-01
3.007759451866149902e-01
3.006002008914947510e-01
3.003265559673308771e-01
2.987109422683715820e-01
2.983463108539580744e-01
2.979724407196044922e-01
2.963912785053253174e-01
2.961278259754180908e-01
2.956793606281280518e-01
2.962829172611237127e-01
2.959677278995513916e-01
2.958128154277800959e-01
2.954606115818024237e-01
2.955055236816406250e-01
2.952746748924255371e-01
2.952205240726470947e-01
2.936192154884338379e-01
2.934760153293609619e-01
2.933025658130645752e-01
2.921107113361358643e-01
2.919172048568725586e-01
2.916836142539978027e-01
2.900091111660004217e-01
2.897911369800568182e-01
2.895018756389617920e-01
2.893992662429809570e-01
2.917584776878356934e-01
2.918307185173035223e-01
2.917146980762481689e-01
2.914305329322814941e-01
2.913653850555419922e-01
2.914975881576538086e-01
2.917048335075378418e-01
2.916736304759979248e-01
2.918738126754760742e-01
2.918512523174285889e-01
2.929142713546752930e-01
2.930206656455993652e-01
2.933530211448668878e-01
2.915982007980347235e-01
2.917028665542602539e-01
2.918254733085632324e-01
2.901908457279204767e-01
2.902117073535919189e-01
2.902133464813232422e-01
2.894778251647949219e-01
2.895098626613616943e-01
2.896075844764708918e-01
2.895570099353790283e-01
2.908371686935424805e-01
2.909073233604431152e-01
2.909772992134094238e-01
2.914004027843475342e-01
2.915574014186859131e-01
2.917363941669464111e-01
2.891880273818969727e-01
2.891795337200164795e-01
2.891462147235870361e-01
2.891013920307159424e-01
2.896218001842498779e-01
2.897194325923920233e-01
2.897669374942779541e-01
2.909226417541503906e-01
2.911420762538909912e-01
2.914108335971832275e-01
2.927342355251312256e-01
2.930921912193298340e-01
2.934862375259399414e-01
2.937358021736145020e-01
2.963317632675170898e-01
2.967177927494049072e-01
2.972971796989440918e-01
2.961448431015014648e-01
2.963104546070098877e-01
2.966264188289642334e-01
2.965671718120574951e-01
2.969695627689361572e-01
2.973027229309082031e-01
2.976685464382172186e-01
2.944841980934143066e-01
2.947150170803070068e-01
2.949567735195159912e-01
2.950593233108520508e-01
2.950982153415679932e-01
2.952666282653809149e-01
2.972942292690277100e-01
2.974053323268890381e-01
2.977017462253570557e-01
2.989558875560760498e-01
2.992069721221923828e-01
2.994093596935272217e-01
2.997361421585083008e-01
2.965852320194244385e-01
2.964464426040648859e-01
2.965582609176635742e-01
2.939792871475219727e-01
2.937932312488555908e-01
2.937844991683959961e-01
2.941913008689880371e-01
2.942004799842834473e-01
2.941811978816986084e-01
2.940000593662261963e-01
2.953617572784423828e-01
2.952514290809631348e-01
2.950880527496337891e-01
2.942570447921752930e-01
2.940582633018493652e-01
2.940486371517180841e-01
2.911978065967560370e-01
2.910847067832946777e-01
2.907218933105468750e-01
2.908250093460083008e-01
2.906215190887451172e-01
2.903209626674652100e-01
2.901931703090667725e-01
2.911504805088043213e-01
2.908834815025329590e-01
2.909951210021973211e-01
2.900041341781616211e-01
2.900803089141845703e-01
2.900782823562622070e-01
2.882744371891021729e-01
2.881037592887878418e-01
2.877883613109589178e-01
2.877123355865478516e-01
2.895782887935638428e-01
2.896425426006317139e-01
2.895889282226562500e-01
2.912061810493469238e-01
2.914603054523468018e-01
2.918399870395660400e-01
2.931508719921112061e-01
2.935325205326080322e-01
2.936934530735015869e-01
2.943497896194458008e-01
2.952711582183837891e-01
2.958216965198516846e-01
2.964309453964232843e-01
2.950186133384705145e-01
2.954055368900299072e-01
2.959683835506439209e-01
2.986353635787963867e-01
2.992725670337677002e-01
3.000432252883911133e-01
3.006305992603302002e-01
3.006950020790100098e-01
3.011430799961090088e-01
3.013810515403748114e-01
3.051972091197967529e-01
3.051148951053619385e-01
3.056895732879639227e-01
3.076045811176300049e-01
3.080665767192841131e-01
3.086322247982025146e-01
3.083748817443848211e-01
3.087836802005767822e-01
3.091563582420349121e-01
3.094432651996612549e-01
3.093972802162170410e-01
3.095940947532653809e-01
3.098569810390472412e-01
3.093188405036926270e-01
3.093643486499786377e-01
3.093643486499786377e-01
3.065169751644134521e-01
3.061845302581787109e-01
3.057916462421417236e-01
3.053168952465056818e-01
3.037904798984528143e-01
3.033709526062012274e-01
3.028260469436644953e-01
3.019998073577880859e-01
3.016041219234466553e-01
3.012155890464783270e-01
3.009903430938721258e-01
3.006165325641632080e-01
3.004300296306610107e-01
3.000744581222534180e-01
2.997832298278809149e-01
2.994665801525115967e-01
2.991622388362884521e-01
2.965124845504760742e-01
2.961693704128264826e-01
2.959112823009490967e-01
2.960445582866669256e-01
2.957290709018707275e-01
2.956144511699676514e-01
2.942782938480377197e-01
2.939367592334747314e-01
2.936351597309112549e-01
2.936070263385773260e-01
2.928620278835297186e-01
2.926032245159149170e-01
2.925347089767456055e-01
2.904343903064727783e-01
2.901410162448883057e-01
2.899775207042694092e-01
2.898036837577819824e-01
2.896070480346680243e-01
2.896790802478790283e-01
2.895257472991943359e-01
2.877457737922668457e-01
2.877047359943389893e-01
2.875132560729980469e-01
2.885225117206572931e-01
2.886931002140045166e-01
2.886281907558441162e-01
2.875899970531464178e-01
2.878212332725524902e-01
2.878185212612152100e-01
2.905601561069488525e-01
2.909591197967528742e-01
2.914145886898040771e-01
2.920211255550384521e-01
2.910495102405548096e-01
2.914969623088837225e-01
2.918340563774108887e-01
2.931609451770782471e-01
2.936557531356811523e-01
2.940763831138610840e-01
2.925869822502136230e-01
2.927989363670349121e-01
2.930830419063568115e-01
2.932575047016143799e-01
2.950823903083801270e-01
2.953373193740844727e-01
2.953602671623229980e-01
2.952980101108551025e-01
2.955003082752227783e-01
2.957026660442352295e-01
2.969203889369965155e-01
2.970480024814605713e-01
2.973287403583526611e-01
2.973639369010924738e-01
2.970196008682250977e-01
2.968805134296417236e-01
2.970475554466248114e-01
2.955739200115203857e-01
2.955094277858734131e-01
2.955507040023804266e-01
2.947041690349578857e-01
2.945182919502258301e-01
2.945871651172637939e-01
2.923800945281982422e-01
2.921976745128632147e-01
2.918761968612670898e-01
2.914950251579285223e-01
2.918256819248199463e-01
2.915072143077850342e-01
2.913138866424560547e-01
2.923572659492493231e-01
2.921285033226013184e-01
2.919838428497314453e-01
2.939287126064300537e-01
2.939202487468719482e-01
2.936549186706542969e-01
2.937217652797698975e-01
2.954753637313842773e-01
2.955070137977600098e-01
2.955212593078612726e-01
2.938794195652008057e-01
2.939043045043944757e-01
2.938977479934692383e-01
2.956121563911437988e-01
2.957007884979248047e-01
2.959133684635162354e-01
2.960375249385833740e-01
2.957711219787597656e-01
2.958302199840545654e-01
2.957794964313507080e-01
2.969334423542023260e-01
2.970401644706726074e-01
2.970634698867797852e-01
2.978495657444000244e-01
2.981487512588500977e-01
2.981654405593872070e-01
2.989236712455748957e-01
2.991137206554412842e-01
2.994016110897064209e-01
2.994745969772338867e-01
2.997764348983765204e-01
3.000472784042358398e-01
3.005804717540740967e-01
3.037483096122741699e-01
3.042565286159515381e-01
3.048464953899383545e-01
3.068823516368865967e-01
3.075475394725800116e-01
3.082076609134674072e-01
3.087783455848693848e-01
3.087542355060576837e-01
3.092943727970123291e-01
3.097406625747681219e-01
3.083245158195496161e-01
3.087025880813598633e-01
3.089756071567535400e-01
3.087933659553527832e-01
3.091151416301727295e-01
3.092997968196868896e-01
3.093869388103485107e-01
3.090568780899047852e-01
3.090844750404357910e-01
3.090613186359404962e-01
3.096170425415039062e-01
3.095679581165313721e-01
3.095655441284180243e-01
3.096180856227874756e-01
3.095805644989013672e-01
3.095278143882751465e-01
3.078411221504211426e-01
3.075583577156066895e-01
3.072980344295501709e-01
3.071012794971466064e-01
3.041500747203826904e-01
3.038578629493712824e-01
3.034299015998840332e-01
2.982149720191956122e-01
2.973534464836121161e-01
2.965724468231201172e-01
2.946331202983856201e-01
2.937683761119842529e-01
2.928428649902343750e-01
2.920164465904235840e-01
2.910405397415161133e-01
2.904183268547058105e-01
2.897102236747741699e-01
2.894545793533325195e-01
2.889226377010344904e-01
2.884660363197327215e-01
2.879686057567596436e-01
2.875960767269134521e-01
2.874791324138640802e-01
2.871246039867401123e-01
2.840035855770111084e-01
2.837530076503753662e-01
2.833446562290192206e-01
2.816329300403594971e-01
2.811414599418640137e-01
2.810445129871368408e-01
2.819412946701049805e-01
2.817828357219696045e-01
2.818849980831146240e-01
2.812347710132598877e-01
2.811934947967528742e-01
2.811465561389923096e-01
2.815133333206176758e-01
2.842087447643280029e-01
2.846367061138153076e-01
2.851631641387939453e-01
2.847715020179748535e-01
2.852528393268585205e-01
2.855902016162872314e-01
2.850854396820068359e-01
2.855483889579772949e-01
2.860519886016845703e-01
2.865600883960723877e-01
2.878839671611785889e-01
2.885157763957976740e-01
2.889897823333739679e-01
2.890792787075042725e-01
2.894904315471649170e-01
2.897768616676330566e-01
2.928116321563721258e-01
2.927426695823668878e-01
2.933035790920257568e-01
2.942003309726715088e-01
2.933845520019531250e-01
2.939462661743164062e-01
2.943022549152374268e-01
2.964632809162139893e-01
2.966007590293884277e-01
2.969073653221130371e-01
2.975108027458190918e-01
2.977943718433380127e-01
2.981925606727600098e-01
2.986012399196624756e-01
3.010167777538300116e-01
3.013584017753601074e-01
3.015995323657988947e-01
3.022347390651702881e-01
3.023355603218078613e-01
3.025784492492675781e-01
3.038457334041595459e-01
3.039989173412322998e-01
3.042894601821899414e-01
3.051027655601500910e-01
3.052155673503875732e-01
3.054030835628508966e-01
3.055019378662108820e-01
3.033302128314971924e-01
3.033765256404877264e-01
3.029893338680267334e-01
3.043916821479796808e-01
3.044077455997467041e-01
3.042617440223693848e-01
3.090079128742218018e-01
3.092123866081237793e-01
3.094076514244080145e-01
3.094797432422637939e-01
3.118701875209808350e-01
3.120473325252532959e-01
3.123098015785216730e-01
3.118026852607727051e-01
3.119453489780426025e-01
3.121733069419860840e-01
3.119654953479766846e-01
3.119198381900787354e-01
3.120387494564056396e-01
3.114268481731414795e-01
3.113996982574462891e-01
3.115079998970031738e-01
3.113797008991240900e-01
3.097737133502960205e-01
3.095201253890991211e-01
3.091921508312224787e-01
3.067232072353363037e-01
3.063794970512390137e-01
3.059626817703247070e-01
3.051074147224426270e-01
3.045980334281920832e-01
3.039789199829101562e-01
3.034375607967377264e-01
3.003801703453063965e-01
2.995761930942535400e-01
2.989102303981781006e-01
2.997847497463226318e-01
2.993196845054626465e-01
2.987840473651885986e-01
2.987329661846160889e-01
2.983941137790679932e-01
2.978986203670501709e-01
2.975603938102722168e-01
2.974665164947510321e-01
2.971750497817993164e-01
2.969267666339874268e-01
2.954245507717133123e-01
2.952153384685516357e-01
2.949953675270081122e-01
2.965760529041290283e-01
2.967010140419006348e-01
2.966915667057036798e-01
2.997563779354095459e-01
3.000567257404327393e-01
3.005098998546600342e-01
3.009828329086304266e-01
3.010186553001403809e-01
3.015191256999968927e-01
3.021990060806274414e-01
3.024510741233825684e-01
3.030384182929993231e-01
3.037007749080657959e-01
3.054144978523254395e-01
3.060171604156494141e-01
3.066101968288421631e-01
3.070808053016662598e-01
3.046451210975646973e-01
3.050234913825988770e-01
3.052000999450684149e-01
3.073711395263671875e-01
3.076400160789489746e-01
3.078030347824097235e-01
3.070589303970336914e-01
3.070827722549438477e-01
3.070944845676422119e-01
3.071896433830261230e-01
3.046347200870513916e-01
3.044792115688323975e-01
3.042469322681427002e-01
3.066642880439758301e-01
3.065895736217498779e-01
3.065875172615051270e-01
3.063593208789824884e-01
3.063165545463562012e-01
3.062854707241058350e-01
3.062441945075988770e-01
3.054616451263427734e-01
3.053552508354187012e-01
3.052318394184112549e-01
3.020639419555664062e-01
3.018096387386322021e-01
3.016253709793090820e-01
3.050132393836975098e-01
3.051793873310089111e-01
3.052619695663452148e-01
3.056125938892364502e-01
3.058046400547028143e-01
3.059853017330169678e-01
3.061986267566680908e-01
3.049834072589874268e-01
3.051315248012542725e-01
3.052080571651458740e-01
3.057590126991271973e-01
3.059990406036376953e-01
3.060871660709381104e-01
3.048317134380341131e-01
3.048901557922363281e-01
3.048548698425292969e-01
3.046943545341492254e-01
3.011625707149505615e-01
3.008516430854796808e-01
3.004863560199736994e-01
2.990385293960571289e-01
2.986264526844025213e-01
2.983196675777435303e-01
2.989864647388458252e-01
2.984941899776458740e-01
2.981753051280975342e-01
2.979892492294311523e-01
2.986439764499664307e-01
2.986408472061157227e-01
2.986382544040679932e-01
2.989538908004760742e-01
2.988005578517913818e-01
2.989190518856049139e-01
2.964580059051513672e-01
2.963444888591766357e-01
2.964029908180236816e-01
2.968482971191406250e-01
2.968983650207519531e-01
2.968327999114989679e-01
2.967511117458343506e-01
2.946495711803436279e-01
2.945818603038787842e-01
2.944450676441193182e-01
2.924604415893555243e-01
2.924218177795410156e-01
2.923183143138884943e-01
2.913369834423065186e-01
2.911207675933837891e-01
2.910174429416656494e-01
2.908282876014708918e-01
2.888911366462707520e-01
2.886267304420471191e-01
2.886282503604888916e-01
2.884864211082458496e-01
2.885769605636597235e-01
2.886734306812286377e-01
2.909012734889984131e-01
2.913345098495483398e-01
2.917099893093109131e-01
2.918702960014343262e-01
2.907219231128693182e-01
2.908493578433990479e-01
2.913151979446411133e-01
2.921418249607086182e-01
2.924060225486755371e-01
2.928119897842407227e-01
2.910320460796356201e-01
2.911028265953063965e-01
2.914112508296966553e-01
2.907921075820922852e-01
2.907365262508392334e-01
2.907600998878479004e-01
2.908791303634644110e-01
2.904944419860839844e-01
2.904096245765686035e-01
2.903254628181456964e-01
2.898038923740386963e-01
2.898073196411132812e-01
2.897875308990478516e-01
2.908430695533752441e-01
2.909948527812957764e-01
2.910526096820831299e-01
2.912197113037108820e-01
2.907273173332214355e-01
2.906795442104340155e-01
2.909013032913208008e-01
2.891538441181182861e-01
2.890694141387939453e-01
2.891532480716704767e-01
2.894634306430817206e-01
2.894537746906280518e-01
2.895167469978332520e-01
2.894367277622222900e-01
2.892213463783264160e-01
2.893234789371490479e-01
2.892743647098541260e-01
2.904306054115295410e-01
2.906101942062377930e-01
2.907890379428863525e-01
2.889525592327117920e-01
2.889889776706696112e-01
2.891692221164703369e-01
2.870536148548126221e-01
2.870137989521026611e-01
2.869477272033691406e-01
2.868418991565704346e-01
2.898708283901214600e-01
2.900401055812836248e-01
2.903199791908264160e-01
2.911830842494965155e-01
2.913827300071716309e-01
2.917239069938660223e-01
2.898719012737274170e-01
2.899452149868011475e-01
2.901553511619567871e-01
2.902345657348632812e-01
2.939245700836181641e-01
2.943775653839111328e-01
2.946656942367553711e-01
2.926745414733887274e-01
2.929833829402924139e-01
2.930876910686492920e-01
2.938963472843170166e-01
2.939135134220123291e-01
2.940914034843444824e-01
2.944780588150024414e-01
2.945519089698791504e-01
2.945498526096343994e-01
2.946061789989471436e-01
2.923189699649810791e-01
2.920200526714324951e-01
2.920433580875396729e-01
2.909354269504547119e-01
2.907021343708038330e-01
2.904495000839232843e-01
2.894739210605620783e-01
2.891419231891632080e-01
2.891065180301666260e-01
2.888517081737518311e-01
2.892081141471862793e-01
2.889732420444488525e-01
2.887298166751861572e-01
2.890610396862030029e-01
2.890334129333496094e-01
2.888314425945281982e-01
2.911325097084044855e-01
2.912784218788146973e-01
2.912313640117645264e-01
2.914605736732482910e-01
2.892343401908874512e-01
2.891090810298920233e-01
2.889677286148071289e-01
2.915678322315216064e-01
2.918642461299896240e-01
2.920876741409301758e-01
2.921836078166961670e-01
2.924889326095581055e-01
2.928633689880371094e-01
2.921642661094664972e-01
2.925091087818145752e-01
2.927644848823547363e-01
2.930156290531158447e-01
2.970150113105773926e-01
2.975558042526245117e-01
2.980255782604216974e-01
3.007000088691711426e-01
3.011797964572906494e-01
3.017269968986511230e-01
3.034619987010955811e-01
3.039848506450653076e-01
3.045879602432250977e-01
3.050313889980316162e-01
3.040505349636077881e-01
3.043204247951508123e-01
3.048274815082550049e-01
3.031505644321441650e-01
3.035086989402770996e-01
3.037330806255341131e-01
3.033037483692169189e-01
3.034729063510894775e-01
3.034660518169403076e-01
3.036293983459473211e-01
3.034622371196746826e-01
3.034692704677581787e-01
3.033771812915802002e-01
3.031798005104064941e-01
3.029783666133881170e-01
3.029808104038238525e-01
3.028249442577362061e-01
3.025799393653869629e-01
3.023217916488647461e-01
3.011668324470520020e-01
3.009004890918732245e-01
3.006350696086883545e-01
3.004039824008941650e-01
3.007911443710327148e-01
3.006226122379302979e-01
3.004303872585297186e-01
3.005449175834655762e-01
3.003562092781066895e-01
3.002891242504119873e-01
3.003469109535216730e-01
3.003459572792053223e-01
3.003289997577667236e-01
3.003551959991455078e-01
3.018887937068939209e-01
3.020977079868317206e-01
3.020715117454528809e-01
3.018587231636047363e-01
3.019188046455383301e-01
3.019822537899016779e-01
3.023509681224822998e-01
3.024734854698181152e-01
3.026744127273560125e-01
3.029752969741820734e-01
3.057605922222136896e-01
3.060924410820007324e-01
3.064555227756500244e-01
3.040937483310699463e-01
3.041046857833862305e-01
3.042512536048889160e-01
3.058211803436279297e-01
3.058048188686370850e-01
3.057314157485961914e-01
3.042262792587280273e-01
3.040363490581512451e-01
3.039820492267609198e-01
3.037743866443634033e-01
3.037337064743041992e-01
3.034422099590300959e-01
3.033542931079864502e-01
3.038568496704101562e-01
3.037320971488953192e-01
3.036835193634033203e-01
2.999775707721710205e-01
2.995903193950653076e-01
2.993928194046020508e-01
2.989865839481353760e-01
2.998311817646026611e-01
2.996572554111481268e-01
2.993433475494384766e-01
2.991748452186584473e-01
2.989445626735687256e-01
2.986800074577331543e-01
3.009587824344635010e-01
3.009288609027862549e-01
3.008657097816467285e-01
3.009744286537170410e-01
3.034792840480804443e-01
3.035234212875366211e-01
3.039055764675140381e-01
3.051657080650329590e-01
3.057111203670501709e-01
3.061612248420715332e-01
3.061197400093078613e-01
3.065795004367828369e-01
3.070416450500488281e-01
3.078694641590118408e-01
3.083477914333343506e-01
3.087749779224395752e-01
3.091609477996826172e-01
3.084765672683715820e-01
3.088722527027130127e-01
3.092425167560576837e-01
3.086289167404174805e-01
3.089657425880432129e-01
3.090821206569672186e-01
3.112356960773468018e-01
3.115960657596588135e-01
3.118201494216918945e-01
3.121152818202972412e-01
3.106108605861663818e-01
3.107438683509827215e-01
3.108467161655426025e-01
3.077670037746428888e-01
3.076643943786621094e-01
3.076135814189910889e-01
3.082892298698424738e-01
3.081684708595275879e-01
3.081641793251037598e-01
3.080113530158997137e-01
3.083509206771850586e-01
3.083138465881348211e-01
3.081705868244171143e-01
3.086163997650146484e-01
3.084819614887236994e-01
3.084847331047058105e-01
3.089300990104675293e-01
3.087382614612579346e-01
3.086676299571990967e-01
3.081694841384888250e-01
3.080013990402221680e-01
3.079439103603363037e-01
3.078358471393585205e-01
3.090676963329315186e-01
3.090469241142272949e-01
3.088993132114410400e-01
3.083397448062896729e-01
3.083181977272033691e-01
3.081762492656707764e-01
3.104778230190277100e-01
3.104690611362457275e-01
3.105412721633911133e-01
3.106574118137360174e-01
3.093831837177277166e-01
3.094746768474578857e-01
3.094591200351715088e-01
3.092258572578430176e-01
3.091777563095092773e-01
3.090442121028900146e-01
3.072193562984466553e-01
3.071388006210327148e-01
3.069736659526824951e-01
3.068529367446899414e-01
3.042529821395874023e-01
3.040179610252380371e-01
3.039100766181945801e-01
3.063345551490784247e-01
3.062996864318848211e-01
3.061990737915039062e-01
3.063558936119080145e-01
3.062278032302856445e-01
3.062257170677185059e-01
3.077866435050964355e-01
3.079931139945983887e-01
3.081670403480529785e-01
3.082447946071624756e-01
3.071323037147521973e-01
3.071150183677672785e-01
3.072241842746734619e-01
3.057565689086914062e-01
3.056482076644896906e-01
3.056424856185913086e-01
3.070996105670928955e-01
3.072021901607512873e-01
3.073315918445587158e-01
3.074653148651123047e-01
3.066388964653015137e-01
3.066981136798858643e-01
3.067983984947205145e-01
3.072735965251922607e-01
3.073163628578186035e-01
3.073334693908691406e-01
3.067622184753417969e-01
3.066968619823455811e-01
3.066517710685729980e-01
3.066420257091522217e-01
3.038301765918732245e-01
3.035023808479309082e-01
3.032145500183104914e-01
3.017579317092895508e-01
3.013587296009064276e-01
3.009267151355743408e-01
3.013601303100585938e-01
3.010654747486114502e-01
3.006901741027832031e-01
3.005745708942412775e-01
3.003192842006683350e-01
3.001302182674407959e-01
3.000053167343140204e-01
2.998062968254088800e-01
2.996180951595306396e-01
2.993814051151276190e-01
3.000291585922241211e-01
2.998715639114379883e-01
2.997624576091766357e-01
2.990486025810241699e-01
2.988873124122620184e-01
2.988902926445007324e-01
2.987762689590454102e-01
2.977323532104492188e-01
2.975797951221466064e-01
2.974316179752349854e-01
2.982048988342285156e-01
2.981945872306823730e-01
2.981794178485870361e-01
2.994807064533233643e-01
2.996354997158050537e-01
2.998225092887878418e-01
3.000551462173461914e-01
2.998885810375213623e-01
3.001235127449036200e-01
3.003449141979216974e-01
2.989670634269714355e-01
2.990202009677886963e-01
2.990725338459014893e-01
2.974687516689300537e-01
2.973749935626984198e-01
2.972757518291472834e-01
2.996424734592437744e-01
2.996003329753875732e-01
2.994611859321594238e-01
2.993445992469788153e-01
3.002865612506866455e-01
3.002692162990570068e-01
3.002864420413970947e-01
3.025207519531250000e-01
3.026764094829559326e-01
3.028432428836822510e-01
3.033452630043029785e-01
3.035375177860260010e-01
3.037808537483215332e-01
3.040500879287719727e-01
3.007333874702453613e-01
3.008190393447875977e-01
3.009503483772277832e-01
3.043784797191619873e-01
3.047343790531158447e-01
3.050952851772308350e-01
3.065813481807708740e-01
3.070210516452788752e-01
3.074841201305388849e-01
3.078908920288085938e-01
3.085596859455109198e-01
3.089066147804260254e-01
3.092125356197357178e-01
3.048385679721832275e-01
3.047316670417785645e-01
3.047183454036713202e-01
3.047786355018615723e-01
3.046593964099884033e-01
3.044254183769226074e-01
3.029199838638305664e-01
3.025894165039062500e-01
3.023552894592285156e-01
3.018175065517424982e-01
3.003040254116058350e-01
2.998298406600952148e-01
2.992275357246398926e-01
2.998985350131988525e-01
2.993589937686920166e-01
2.993062734603881836e-01
2.973843812942504883e-01
2.969030737876892090e-01
2.967638969421387274e-01
2.963445186614989679e-01
2.971589267253875732e-01
2.970262765884399414e-01
2.968020737171173096e-01
2.949616909027100164e-01
2.947795689105987549e-01
2.946425974369049072e-01
2.939746379852294922e-01
2.937617599964141846e-01
2.936132550239562988e-01
2.935175299644470215e-01
2.912619709968566895e-01
2.910110056400299072e-01
2.908146977424621582e-01
2.896809279918671209e-01
2.894942760467528742e-01
2.892286777496337891e-01
2.881877422332764227e-01
2.878509759902954102e-01
2.875314652919768732e-01
2.864591479301453192e-01
2.860682010650634766e-01
2.858583927154541016e-01
2.857403755187988281e-01
2.881797850131988525e-01
2.882683575153350830e-01
2.884798347949981689e-01
2.887667417526245117e-01
2.890173792839050293e-01
2.892861962318420410e-01
2.896414697170257568e-01
2.899546921253204346e-01
2.902492582798004150e-01
2.905637025833129883e-01
2.930791676044464111e-01
2.935327887535095215e-01
2.939955890178680420e-01
2.945843935012816828e-01
2.950059473514556885e-01
2.954442501068115234e-01
2.948952317237854004e-01
2.952281832695007324e-01
2.955910265445709229e-01
2.959046959877014160e-01
2.965142130851745605e-01
2.968310713768004816e-01
2.971495687961578369e-01
2.979952096939086914e-01
2.982348203659057617e-01
2.984282076358795166e-01
3.029250502586364746e-01
3.034709692001342773e-01
3.040801286697388250e-01
3.063940107822418213e-01
3.070202469825745184e-01
3.076091110706328791e-01
3.081815540790557861e-01
3.096922039985656738e-01
3.102421164512634277e-01
3.108467459678649902e-01
3.089574575424194336e-01
3.093330562114716131e-01
3.096735477447510321e-01
3.081011176109313965e-01
3.083649277687072754e-01
3.085841536521912176e-01
3.086445629596710205e-01
3.056074678897857666e-01
3.054170012474060059e-01
3.052144050598144531e-01
3.048517704010010321e-01
3.044704198837280273e-01
3.040524423122406006e-01
3.059689998626708984e-01
3.056203126907349188e-01
3.053148984909057617e-01
3.049858212471008301e-01
3.069579303264617920e-01
3.067974448204040527e-01
3.066911101341248114e-01
3.070425987243652344e-01
3.069823980331420898e-01
3.069581091403961182e-01
3.072912395000457764e-01
3.073190450668334961e-01
3.072824776172637939e-01
3.125548660755156916e-01
3.129400014877319336e-01
3.133026659488677979e-01
3.136313855648040771e-01
3.150888979434967041e-01
3.153965771198273260e-01
3.158369958400726318e-01
3.124737441539764404e-01
3.126852810382843018e-01
3.128168582916260321e-01
3.130167424678802490e-01
3.131116628646850586e-01
3.131979405879974365e-01
3.132282197475432794e-01
3.128821849822998047e-01
3.127673864364624023e-01
3.126790821552277166e-01
3.100180625915527344e-01
3.097628951072692871e-01
3.095467686653137207e-01
3.058690130710601807e-01
3.052340149879456122e-01
3.048345148563385010e-01
3.042681515216827393e-01
3.040013909339904785e-01
3.035569787025452215e-01
3.031710088253021240e-01
2.971035540103912354e-01
2.964124381542205811e-01
2.956940531730651855e-01
2.970107197761536200e-01
2.966206967830657959e-01
2.962818145751953125e-01
2.959792912006378174e-01
2.972140908241271973e-01
2.970612347126007080e-01
2.971348166465759277e-01
2.936577498912811279e-01
2.936834394931793213e-01
2.937242686748505194e-01
2.921347022056580145e-01
2.920323908329010010e-01
2.919553220272064209e-01
2.912833988666534424e-01
2.911844551563262939e-01
2.910390198230743408e-01
2.909840047359466553e-01
2.910027503967285156e-01
2.910126149654388428e-01
2.911294400691986084e-01
2.905036211013793945e-01
2.906474471092224121e-01
2.909490466117858887e-01
2.888793349266052246e-01
2.890359163284301758e-01
2.891423702239989679e-01
2.892879843711853027e-01
2.868400514125823975e-01
2.868425250053405762e-01
2.867670953273773193e-01
2.870707511901855469e-01
2.869823276996612549e-01
