1.048443675041198730e+00
1.329770922660827637e+00
1.496897459030151367e+00
1.710769653320312500e+00
1.698074102401733398e+00
1.646338462829589844e+00
1.467509508132934570e+00
1.396717190742492898e+00
1.582610368728637695e+00
1.491496324539184570e+00
1.269187331199645996e+00
9.189331531524658203e-01
8.093994855880737305e-01
6.055397987365722656e-01
5.383181571960449219e-01
6.224321126937866211e-01
8.045526146888732910e-01
1.012326478958130105e+00
1.262059569358825684e+00
1.264860868453979492e+00
1.309201836585998313e+00
1.361251354217529297e+00
1.073224067687988503e+00
8.969404697418212891e-01
5.645484924316406250e-01
3.280727565288544256e-01
4.354628026485443115e-01
2.732467353343964178e-01
2.417600601911545077e-01
2.439641803503036499e-01
3.464584052562713623e-01
2.095097899436950684e-01
2.731839120388031006e-01
1.281193941831588745e-01
9.683575481176376343e-02
-1.213517934083938460e-01
-1.277963966131210605e-01
-1.494033634662628174e-01
-3.897592127323151190e-01
-4.814958274364471991e-01
-5.720832347869873047e-01
-6.149181723594665527e-01
-7.787913680076599121e-01
-7.155614495277404785e-01
-8.170548081398009144e-01
-8.573253750801086426e-01
-9.031986594200134277e-01
-9.505382776260375977e-01
-1.140473127365112305e+00
-1.168685913085937500e+00
-1.365656137466430886e+00
-1.325874805450439675e+00
-1.384970068931579590e+00
-1.404284119606018066e+00
-1.307307481765747070e+00
-1.245384812355041504e+00
-1.240239620208740234e+00
-1.179759621620178223e+00
-1.143192648887634499e+00
-1.104721069335937500e+00
-1.201170086860656738e+00
-1.123280882835388184e+00
-1.023235201835632324e+00
-8.967695236206054688e-01
-7.597544789314270020e-01
-6.750068068504333496e-01
-5.202743411064147949e-01
-6.563947200775146484e-01
-4.569630622863770086e-01
-1.852599829435348511e-01
-5.761674046516418457e-01
-1.991353780031203946e-01
-2.178167104721069336e-01
-2.325105965137481412e-01
-2.353103309869766513e-01
-2.517516314983367920e-01
-2.692228257656096857e-01
-2.898935675621033270e-01
-3.162785768508911133e-01
-4.103270471096038818e-01
-3.502171635627746582e-01
-4.156695306301116943e-01
-3.803649246692657471e-01
-4.084200561046599787e-01
-3.492274284362792969e-01
-3.629906177520751953e-01
-2.980325520038604736e-01
-2.338095307350158969e-01
-1.577254384756088534e-01
-2.085210978984832764e-01
-9.376101195812223954e-02
2.409896440804004669e-02
6.452318280935287476e-02
-5.603487044572830200e-02
1.552614849060773676e-02
-1.037978380918502808e-01
-8.471731841564177079e-02
-5.218752846121788025e-02
1.103904098272323608e-02
-5.751578509807587364e-02
3.168671578168869019e-02
1.302057057619094849e-01
1.553881317377090454e-01
2.582969367504119873e-01
3.082362413406372070e-01
4.466185867786408026e-01
4.342072606086730957e-01
5.611268281936645508e-01
5.785117149353027344e-01
5.635859370231628418e-01
5.676186680793762207e-01
5.382197499275207520e-01
5.789525508880615234e-01
4.954989850521088202e-01
5.093947052955627441e-01
5.406869649887084961e-01
5.108701586723327637e-01
4.893421530723571777e-01
6.027798056602478027e-01
6.107677221298217773e-01
5.167819857597351074e-01
4.727953374385833740e-01
4.914158582687377930e-01
4.377809762954711914e-01
4.091292321681975763e-01
3.933119177818297230e-01
3.727412521839141846e-01
3.442866206169128418e-01
3.112609982490540106e-01
2.579276859760284424e-01
1.269898116588592529e-01
-9.660696238279344039e-02
-2.367140948772430420e-01
-5.597585439682006836e-01
-5.431956052780151367e-01
-7.137446403503417969e-01
-8.783781528472900391e-01
-9.497186541557312012e-01
-9.075831174850463867e-01
-9.409567117691040039e-01
-9.443636536598205566e-01
-9.643027186393737793e-01
-9.925280213356018066e-01
-1.085384488105774148e+00
-1.181885004043579102e+00
-1.266049385070800781e+00
-1.320836901664734109e+00
-1.335237979888916016e+00
-1.232490539550781250e+00
-1.194473862648010476e+00
-1.320514321327209695e+00
-1.376035690307617188e+00
-1.379718542098999023e+00
-1.887204647064208984e+00
-1.722686767578125000e+00
-1.620815515518188477e+00
-1.749267816543579102e+00
-1.555697917938232422e+00
-1.333450078964233398e+00
-1.264746546745300293e+00
-1.214513301849365234e+00
-1.058936476707458496e+00
-1.284885168075561523e+00
-1.451843976974487305e+00
-1.467310190200805664e+00
-1.462195396423339844e+00
-1.477452993392944336e+00
-1.328536152839660645e+00
-1.119771838188171387e+00
-1.108549237251281516e+00
-1.005432844161987305e+00
-7.681963443756103516e-01
-8.063318729400634766e-01
-6.406738162040710449e-01
-7.381010055541992188e-01
-5.996904969215393066e-01
-5.314214229583739124e-01
-4.317276477813721258e-01
-3.090497553348541260e-01
-1.833280920982360840e-01
-2.206799238920212070e-01
-6.374005973339080811e-02
3.177825361490249634e-02
8.649258315563201904e-02
-2.433819323778152466e-02
1.704895868897438049e-02
-9.848403744399547577e-03
1.440435796976089478e-01
1.784084439277648926e-01
2.327665686607361117e-01
1.956704109907150546e-01
1.968241333961486816e-01
3.097856342792510986e-01
1.879694610834121427e-01
1.581685245037078857e-01
6.687083095312118530e-02
2.076978385448456088e-01
2.828021645545959473e-01
4.470606148242950439e-01
3.210875093936920166e-01
3.450296223163604736e-01
4.153712689876556952e-01
3.913633525371552069e-01
4.328819513320922852e-01
4.617360830307006836e-01
3.463211357593536377e-01
4.404077231884002686e-01
4.456964433193206787e-01
4.544173777103424072e-01
4.691954553127288818e-01
4.817402064800263006e-01
4.201212823390961248e-01
4.283662438392639160e-01
4.943456947803496759e-01
4.791500270366669256e-01
3.989147841930388849e-01
3.902921974658966064e-01
3.741411566734313965e-01
4.355497658252716064e-01
2.834201157093048096e-01
3.421895205974578857e-01
3.735351264476776123e-01
3.134599924087524414e-01
3.120016753673552912e-01
2.241812497377395907e-01
1.383417546749114990e-01
1.414200663566589633e-01
-4.737327620387076638e-02
2.594984322786331177e-02
1.243060380220413208e-01
-5.697254091501235962e-02
5.648751556873321533e-02
-1.505682943388819478e-03
-6.990156322717668014e-02
-8.278223127126693726e-02
-4.319093376398087242e-02
-1.188478339463472366e-02
-1.197869703173637529e-01
-6.162869930267333984e-02
-8.230184018611907959e-02
-3.111574798822402954e-02
-1.949920356273651123e-01
-1.842421889305114746e-01
-2.385676056146621427e-01
-3.494405448436737061e-01
-2.051543742418288629e-01
-1.955726444721221924e-01
-8.588825911283493042e-02
9.371803700923919678e-02
8.119211345911026001e-02
9.209790825843812423e-02
-2.618063986301421772e-02
-2.314108796417713165e-02
-2.573645412921904962e-01
-2.360469549894332886e-01
-2.709207534790039062e-01
-4.081428050994873047e-01
-2.511849105358123779e-01
-2.811104953289031982e-01
-5.470707267522811890e-02
7.713276892900466919e-02
3.113745339214801788e-02
1.080004200339317183e-01
1.403245180845260620e-01
-7.698453962802886963e-02
-4.379197582602500916e-02
8.440468460321426392e-02
9.926083683967590332e-02
2.436438053846359530e-01
2.215843051671981534e-01
1.802618950605392456e-01
1.298113465309143066e-01
2.363325357437133512e-01
1.733392626047134399e-01
1.858255863189697266e-01
1.215185448527335982e-01
1.324678808450698853e-01
1.341415047645568848e-01
3.753008320927619934e-02
-1.479779457440599799e-04
3.133580088615417480e-02
6.744676083326339722e-02
1.219919174909591536e-01
3.212903067469596863e-02
-2.660990506410598755e-02
9.356811642646791286e-03
-4.621250927448273399e-02
5.898603051900863647e-02
1.555356681346893311e-01
-5.038677528500556946e-02
-6.734932772815228376e-03
-1.167351193726062775e-02
-1.159541383385658542e-01
-6.371489912271499634e-02
-7.196840364485979948e-03
7.060734927654266357e-02
7.721232622861862183e-02
2.720676362514495850e-02
7.642499357461929321e-02
6.713462620973587036e-02
-6.125181168317794800e-02
1.502836495637893399e-01
2.772461771965026855e-01
3.584942221641540527e-01
2.696053385734558105e-01
2.519811689853668213e-01
1.546052694320678711e-01
2.531333640217781067e-02
-5.494055151939392090e-02
-5.978791043162346580e-02
-9.509588778018952804e-02
-4.626107960939407349e-02
-1.358196511864662170e-02
-8.658136427402496338e-02
-9.066744893789292770e-02
-7.847512513399124146e-02
-1.723693609237670898e-01
-1.369411051273345947e-01
-1.210211142897606035e-01
5.143639817833900452e-02
1.256152093410491943e-01
3.334902524948120117e-01
4.247916340827941895e-01
3.290344476699829102e-01
1.276501268148422241e-01
2.541448920965195136e-03
-2.013707160949707031e-01
-2.131558656692504883e-01
-1.661755889654159546e-01
-3.132406994700431824e-02
3.996211588382720947e-01
5.206165313720703125e-01
5.795815587043762207e-01
7.885138392448425293e-01
7.333148121833801270e-01
5.850785374641418457e-01
3.135351836681365967e-01
3.372709751129150391e-01
2.179763466119766235e-02
-9.550081193447113037e-02
-1.559126377105712891e-01
-1.315949559211730957e-01
-9.377502650022508102e-02
-9.469668380916120357e-03
-2.195949293673038483e-02
-4.904116690158843994e-02
-9.414575248956680298e-02
-2.364515364170074463e-01
-3.029823601245880127e-01
-3.753864467144013006e-01
-4.580391347408295233e-01
-4.595691859722138006e-01
-4.489156007766724188e-01
-4.870980083942412775e-01
-5.140881538391113281e-01
-5.952159166336059570e-01
-6.600231528282165527e-01
-7.651191949844359241e-01
-9.286265969276428223e-01
-1.035820126533508301e+00
-1.080179333686828613e+00
-9.787960648536682129e-01
-9.588182568550109863e-01
-8.964657783508300781e-01
-7.700490355491638184e-01
-8.493341207504272461e-01
-8.563916683197021484e-01
-9.432727694511413574e-01
-1.079920649528503418e+00
-1.130356311798095703e+00
-1.202917575836181641e+00
-1.204122185707092507e+00
-1.131635427474975586e+00
-1.218526840209960938e+00
-1.179254293441772461e+00
-9.721834659576416016e-01
-9.398548007011413574e-01
-9.665593504905699573e-01
-9.135681390762327991e-01
-9.383988976478575550e-01
-1.092123031616210938e+00
-1.146403312683105691e+00
-1.176819562911987305e+00
-1.250438809394836426e+00
-1.208614349365234375e+00
-1.346886277198791504e+00
-1.269695162773132324e+00
-1.243947863578796387e+00
-1.196421623229980469e+00
-9.940457344055175781e-01
-1.120582818984985352e+00
-1.186026096343993919e+00
-1.108901619911193848e+00
-1.207372665405273438e+00
-1.212004423141479492e+00
-1.170383095741271973e+00
-1.200636744499206321e+00
-1.070512413978576882e+00
-1.052901506423950195e+00
-1.067109227180480957e+00
-7.784257531166076660e-01
-8.205360174179077148e-01
-7.908687591552734375e-01
-7.807170748710632324e-01
-8.246080279350280762e-01
-8.393631577491759144e-01
-1.110882878303527832e+00
-1.261883258819580078e+00
-1.186222791671752930e+00
-1.181412220001220703e+00
-1.131241321563720703e+00
-1.036971330642700195e+00
-7.518274188041687012e-01
-6.772442460060120739e-01
-4.670064151287078857e-01
-4.214813709259033203e-01
-2.278115600347518921e-01
-1.160068213939666748e-01
-1.912915855646133145e-01
-2.520625479519367218e-02
1.148752942681312561e-01
-3.368986770510673089e-03
-4.618026316165924072e-02
5.637833848595618508e-02
-7.860706001520156860e-02
5.109728779643774033e-03
2.380983531475067139e-01
1.867225170135498047e-01
4.809893071651458740e-01
4.909394681453704834e-01
8.978491425514221191e-01
1.309009790420532227e+00
1.203810811042785645e+00
1.307852506637573242e+00
1.396902561187743919e+00
1.376723647117614746e+00
1.364140748977661133e+00
1.311337947845458984e+00
1.327698826789855957e+00
1.481734871864318848e+00
1.650030851364135520e+00
1.706332325935363770e+00
1.957067847251891868e+00
2.010298252105713335e+00
2.036927938461304155e+00
2.125217437744140625e+00
2.042635440826416016e+00
1.874785184860229270e+00
1.704945921897888184e+00
1.646902441978454590e+00
1.556300401687621848e+00
1.493082165718078613e+00
1.406371116638183594e+00
1.300774931907653809e+00
1.210002899169922097e+00
1.117939114570617676e+00
1.055393218994140625e+00
1.056449532508849876e+00
1.188940286636352317e+00
1.284880757331847922e+00
1.268621563911437988e+00
1.297851681709289551e+00
1.281000137329101562e+00
1.128056764602661133e+00
9.278879761695861816e-01
2.417605668306350986e-01
6.424966454505920410e-02
-6.333805322647094727e-01
-1.370176434516906738e+00
-1.597378969192504883e+00
-1.884296655654907227e+00
-1.852484464645385520e+00
-1.768567800521850586e+00
-1.621243596076965110e+00
-1.587791800498962402e+00
-1.453682184219360352e+00
-1.438217639923095703e+00
-1.480214595794677512e+00
-1.520576715469360352e+00
-1.616315245628356934e+00
-1.710077285766601562e+00
-1.769868373870849609e+00
-1.817891001701354980e+00
-1.774986505508422852e+00
-1.794643402099609375e+00
-1.608269453048706055e+00
-1.531851291656493919e+00
-1.374074459075927512e+00
-1.268948674201965110e+00
-1.237116217613220215e+00
-1.300972461700439675e+00
-1.389212250709533691e+00
-1.506980061531066895e+00
-1.522062540054321289e+00
-1.422996520996093750e+00
-1.366720318794250488e+00
-1.163580417633056641e+00
-1.183065414428710938e+00
-9.857450127601623535e-01
-8.945102691650390625e-01
-9.680979251861572266e-01
-1.147656798362731934e+00
-1.341895818710327148e+00
-1.486239671707153098e+00
-1.523781180381774902e+00
-1.465771079063415527e+00
-1.375644445419311523e+00
-1.153049588203430176e+00
-9.440594911575316273e-01
-6.545283794403076172e-01
-4.259579181671143133e-01
-3.883285224437713623e-01
-1.863456368446350098e-01
-2.153931856155395508e-01
-3.406339883804320734e-01
-4.899925589561461847e-01
-5.959736704826354980e-01
-5.600697994232177734e-01
-6.178206205368041992e-01
-4.421350061893463135e-01
-3.974434435367584229e-01
-3.515133559703826904e-01
-4.161906540393828791e-01
-2.371676117181777954e-01
-1.906524002552032471e-01
-1.716749370098114014e-01
1.940900273621082653e-02
8.083087392151355743e-03
7.685942947864532471e-02
1.220044195652008057e-01
-1.059123352169990401e-01
-8.419699221849442916e-02
9.710183739662170410e-02
5.617915093898773193e-02
7.960817217826841874e-02
1.623990982770919800e-01
1.588384807109832764e-01
1.534070372581481934e-01
3.136371374130249023e-01
1.801160275936126709e-01
3.960327208042144775e-01
5.440204739570617676e-01
4.797562956809998114e-01
7.732585668563842773e-01
7.330209612846374512e-01
8.757813572883605957e-01
9.288438558578492321e-01
1.004342675209045410e+00
9.633924961090087891e-01
9.685789346694946289e-01
9.172400236129759632e-01
7.553620934486389160e-01
6.659172177314758301e-01
5.684828162193298340e-01
4.818218350410460871e-01
3.927971124649047852e-01
3.072319328784942627e-01
2.174327522516250610e-01
1.235238984227180481e-01
7.345781777985394001e-04
-1.700990200042724609e-01
-2.948848605155944824e-01
-4.971849024295806885e-01
-5.626088380813598633e-01
-6.899805068969726562e-01
-6.502030491828918457e-01
-6.581526398658752441e-01
-7.438648343086242676e-01
-7.187024354934692383e-01
-7.482013702392578125e-01
-8.964692950248718262e-01
-1.070082426071166992e+00
-1.238012075424194336e+00
-1.364310503005981445e+00
-1.364432930946350098e+00
-1.430479645729064941e+00
-1.460372447967529297e+00
-1.238994598388672097e+00
-1.278518557548522949e+00
-1.019911170005798340e+00
-8.889867067337036133e-01
-9.104892611503599964e-01
-8.882843852043151855e-01
-8.862794637680053711e-01
-1.004018664360046387e+00
-1.036078572273254395e+00
-1.241756439208984375e+00
-1.430163025856018066e+00
-1.288407087326049805e+00
-1.318497061729431152e+00
-1.034916877746582031e+00
-6.450919508934020996e-01
-6.679598689079284668e-01
-2.105897217988967896e-01
-4.668475314974784851e-02
-8.871438354253768921e-02
1.307578533887863159e-01
1.291748881340026855e-01
1.557932351715862751e-03
1.519286334514617920e-01
3.274925351142883301e-01
1.488136500120162964e-01
4.293065667152404785e-01
2.884666323661804199e-01
3.185083568096160889e-01
2.014236301183700839e-01
1.076723411679268022e-01
1.565954983234405518e-01
9.374005347490310669e-02
1.113195344805717607e-01
1.407254934310913086e-01
2.988985776901245117e-01
1.866457760334014893e-01
4.222289323806762695e-01
6.804271340370178223e-01
7.092952132225036621e-01
8.571103811264038086e-01
7.873566746711730957e-01
9.481027722358703613e-01
9.390795826911926270e-01
8.702049851417541504e-01
7.147911787033081055e-01
8.215304017066955566e-01
8.125404715538024902e-01
8.346991539001464844e-01
8.676391243934631348e-01
8.972301483154296875e-01
1.002278327941894309e+00
9.606489539146424450e-01
1.076705813407897949e+00
1.109636545181274414e+00
8.967168331146240234e-01
1.055904388427734375e+00
1.003265976905822754e+00
8.309608101844787598e-01
8.655672073364257812e-01
8.919051289558410645e-01
7.130069136619567871e-01
7.933636307716370739e-01
8.200869560241699219e-01
7.896726131439208984e-01
8.222072124481201172e-01
6.736367940902709961e-01
7.225553989410400391e-01
7.125263214111328125e-01
3.648592531681060791e-01
3.868317902088164728e-01
3.259077370166778564e-01
1.486993879079818726e-01
1.809626370668411532e-01
1.931525468826293945e-01
1.813046336174011230e-01
1.342439651489257812e-01
2.658137083053588867e-01
1.378450840711593628e-01
2.907028794288635254e-01
3.157063722610473633e-01
1.590699404478073120e-01
2.277182787656784058e-01
5.550247803330420754e-02
1.228500604629516463e-01
5.142449960112571716e-02
2.043924108147620808e-02
9.638431668281556564e-02
1.102215349674224715e-01
6.556332856416702271e-02
1.734011024236679077e-01
1.077614650130272050e-01
1.987643688917160034e-01
2.254391610622406006e-01
3.356927931308746338e-01
1.950241476297378540e-01
1.955957561731338501e-01
1.724225729703903198e-01
2.236008048057555875e-01
3.643409609794617254e-01
2.124721854925155917e-01
3.242334723472595215e-01
3.558970093727111816e-01
3.167150318622589111e-01
3.524717688560485840e-01
4.224195480346680243e-01
2.851223051548004150e-01
3.670404851436614990e-01
4.388536810874938965e-01
3.681825101375579834e-01
2.538543045520782471e-01
3.259563744068145752e-01
2.597574293613433838e-01
3.793863952159881592e-01
3.588893115520476740e-01
4.869588017463684082e-01
5.787492990493774414e-01
5.143480896949768066e-01
4.457089006900786798e-01
5.749356150627136230e-01
4.485947489738463800e-01
5.648246407508850098e-01
6.191254258155822754e-01
5.269448757171630859e-01
6.662221550941467285e-01
5.659465193748474121e-01
5.417806506156921387e-01
6.213690638542175293e-01
4.989799857139586847e-01
5.040465593338012695e-01
5.085552334785461426e-01
3.866908550262451172e-01
3.170023560523986816e-01
2.884255945682525635e-01
3.564839661121368408e-01
4.210879504680633545e-01
4.771235883235930841e-01
4.988227188587189276e-01
4.092712700366973877e-01
3.934735953807830811e-01
3.690739572048187256e-01
3.758874833583831787e-01
2.759853303432465155e-01
2.542098760604858398e-01
2.922354042530060370e-01
3.100654482841492254e-01
3.077999353408812921e-01
2.910796701908112127e-01
3.416559696197510321e-01
2.303608208894729614e-01
2.709939181804656982e-01
1.604869514703750610e-01
1.337665617465972900e-01
3.010538406670093189e-02
8.829637616872787476e-02
1.459248811006546021e-01
4.956964775919913552e-02
1.078989207744598389e-01
-1.398136955685913563e-03
-1.221030727028846741e-01
-1.097178012132644792e-01
-1.034091487526893616e-01
-2.233909219503402710e-01
-1.593630611896514893e-01
-7.280907034873962402e-02
-1.908408999443054477e-01
-1.529576927423477173e-01
-2.045388668775558472e-01
-1.052718386054039001e-01
-2.241781949996947965e-01
-3.342291116714476984e-01
-2.297827303409576416e-01
-2.205105572938919067e-01
-2.154491394758224487e-01
-2.707794606685638428e-01
-2.925798296928405762e-01
-1.961289346218109131e-01
-6.979318708181381226e-02
-1.760064251720905304e-02
-5.634508281946182251e-02
8.619421720504760742e-02
3.477925807237625122e-02
-5.292613431811333397e-02
-1.392692700028419495e-02
1.793872751295566559e-02
-8.758104592561723190e-02
-2.317538298666476856e-02
-1.638832390308380127e-01
-2.745955884456634521e-01
-1.485136896371841431e-01
-9.180907905101776123e-02
-1.013958454132079939e-01
-4.641344025731086731e-02
-8.914042264223098755e-02
-7.366148382425306840e-02
-2.264495939016342441e-01
-1.451276689767837524e-01
-1.308074295520782471e-01
-2.447157055139541626e-01
-1.075795143842697282e-01
-1.013399213552474976e-01
-1.310195922851562500e-01
8.247780613601207733e-03
-2.447897195816040039e-02
6.220951303839683533e-02
1.067439019680023193e-01
5.983826518058777549e-02
1.629680022597313274e-02
-1.323466841131448746e-02
-4.398772493004798889e-02
-7.239580899477005005e-02
7.033117860555648804e-02
1.168838795274495905e-02
7.305683940649032593e-02
2.145693302154541016e-01
7.202814519405364990e-02
1.597191840410232544e-01
1.732493937015533447e-01
-6.464954465627670288e-02
-4.028654843568801880e-02
-2.803868800401687969e-02
1.995493512367829680e-04
3.144385525956749916e-03
7.920940965414047241e-02
1.732022315263748169e-01
1.730091273784637451e-01
2.052384912967681885e-01
1.058470383286475996e-01
6.751465052366258102e-02
1.602643132209777832e-01
2.021964639425277432e-01
2.482589483261108398e-01
2.168791592121124545e-01
3.935205936431884766e-01
3.638480901718140204e-01
2.806349694728851318e-01
2.918207347393035889e-01
1.647756546735763550e-01
2.168441750109196056e-02
-2.511058235540986061e-03
-9.471756219863892989e-02
9.688226133584976196e-02
2.153221666812896729e-01
1.800844818353652954e-01
2.156500816345214844e-01
2.848317027091979980e-01
2.332470268011092862e-01
2.490265853703022003e-02
-1.150781437754631042e-01
-2.867996692657471258e-01
-2.716031968593596857e-01
-2.718544304370880127e-01
-2.191569507122040072e-01
-3.503533080220222473e-02
6.626992952078580856e-03
6.944842636585235596e-02
1.047116518020630022e-01
-5.890443548560143905e-02
-7.653907686471939087e-02
-2.420601248741149902e-01
-2.698187530040740967e-01
-3.451081216335297186e-01
-7.407215237617492676e-02
-5.560554191470146179e-02
7.313259690999984741e-02
9.507358819246292114e-02
3.997051715850830078e-02
1.458906661719083786e-02
-4.135484620928763649e-02
-1.570731960237026215e-02
4.308708012104033730e-02
-6.084844470024108887e-02
4.122226312756537697e-02
9.637603536248207092e-03
1.356980800628662109e-01
2.340795546770096103e-01
2.507629394531250000e-01
1.900794208049774447e-01
2.197679281234740656e-01
1.725883483886718750e-01
1.001919619739055634e-02
-7.165778428316116333e-02
-5.237047001719474792e-02
-1.493886858224868774e-01
-1.262734979391098022e-01
-1.384863853454589844e-01
-1.555018872022628784e-01
-1.918222308158874512e-01
-4.296376407146453857e-01
-3.941428363323212225e-01
-3.399696350097656250e-01
-2.493952959775924960e-01
-2.140842527151108066e-01
-1.893009692430495938e-01
-6.173379719257354736e-03
1.083473414182662964e-01
-4.609471186995506287e-02
7.476425915956497192e-02
4.549065977334976196e-02
9.462580829858779907e-02
1.287770867347717285e-01
-3.437960147857666016e-02
-5.419007688760756752e-02
-1.424547731876373291e-01
-2.223878502845763883e-01
-2.164734154939651489e-01
-3.258526558056473298e-03
-1.274012625217437467e-01
6.697354465723037720e-02
6.389261037111282349e-02
6.565985828638078170e-02
9.973950684070587158e-02
2.989741265773773193e-01
1.965408772230148593e-01
2.822898328304290771e-01
3.374722301959991455e-01
2.247070819139480868e-01
2.230171561241149902e-01
2.694685757160186768e-01
9.441068023443222046e-02
1.226723790168762207e-01
-5.905088409781455994e-02
-7.096955925226212936e-02
7.381874136626720428e-03
-1.416930705308914185e-01
-4.728629067540168762e-02
4.800649359822273254e-02
-1.339614838361740112e-01
1.547367721796035767e-01
1.501244455575942993e-01
5.525280162692070007e-02
5.886464193463324807e-02
-4.539040476083756187e-02
-2.196216434240340631e-01
-3.068121075630187988e-01
-4.878800511360169012e-01
-4.205043017864226740e-01
-4.181772172451018732e-01
-4.957178533077239990e-01
-2.369126826524734497e-01
-1.227284073829650740e-01
-1.947869062423706055e-01
-1.686517894268035889e-01
-1.875155121088027954e-01
-2.627151608467102051e-01
-3.251196742057800293e-01
-1.121840998530388017e-01
-1.159015670418739319e-01
1.307539343833923340e-01
3.459008634090424139e-01
2.490230500698089600e-01
4.808237850666046143e-01
3.895874619483947754e-01
3.832094669342041016e-01
1.604543179273605347e-01
1.101481840014457564e-01
-1.494714319705963135e-01
-2.687927782535552979e-01
-2.291601151227951050e-01
-2.679845094680786133e-01
2.463011629879474293e-02
-2.952376194298267365e-02
3.035961985588073730e-01
4.334360361099243164e-01
2.146362662315368652e-01
2.155532129108905792e-02
-2.389764636754989624e-01
-4.651692211627960205e-01
-5.596125125885009766e-01
-5.899282693862915039e-01
-3.794239163398743231e-01
1.248586624860763550e-01
2.730326950550079346e-01
8.685438632965087891e-01
1.125218868255615234e+00
1.103688359260559082e+00
1.108533382415771706e+00
7.822495102882385254e-01
3.733230829238892157e-01
1.095605939626693587e-01
6.525434553623200851e-02
2.524347603321075439e-01
3.183760046958923340e-01
5.108472704887390137e-01
5.776882767677307129e-01
5.255565047264099121e-01
4.665552973747252863e-01
3.108898401260375977e-01
3.847910761833190918e-01
3.340616822242736816e-01
8.697435855865478516e-01
1.408828973770141602e+00
1.453454017639160156e+00
1.815034985542297141e+00
1.841373920440673606e+00
1.411996126174926758e+00
7.445511817932128906e-01
3.307690024375915527e-01
-2.791671156883239746e-01
-7.129820585250854492e-01
-7.995606064796447754e-01
-4.936570227146149237e-01
1.089003775268793106e-02
2.658879458904266357e-01
9.123785495758055530e-01
1.472422957420349121e+00
1.287149667739868164e+00
1.224096059799194336e+00
1.040335655212402344e+00
5.541747212409973145e-01
-1.670749187469482422e-01
-4.010800421237945557e-01
-8.566161394119262695e-01
-1.168990135192870872e+00
-1.103877663612365501e+00
-7.288327813148498535e-01
-4.158032834529877264e-01
-2.491307407617568970e-01
9.483992308378219604e-02
4.770852327346801758e-01
4.619299769401549738e-01
3.502154350280761719e-01
2.285597473382949829e-02
-6.638613939285278320e-01
-1.160966873168945090e+00
-1.336473822593688965e+00
-1.348131775856018066e+00
-9.053384065628051758e-01
-8.048897981643676758e-01
-2.297747582197189053e-01
3.352886810898781517e-02
1.071744635701179643e-01
3.513669967651367188e-01
3.215583860874176025e-01
2.376121878623962402e-01
-7.915250957012177901e-02
-2.039381712675094604e-01
-1.127347201108932495e-01
6.514044478535652161e-03
1.556674391031265259e-01
3.559769093990325928e-01
4.119070768356323242e-01
4.094101488590241034e-01
4.064845144748687744e-01
3.065146505832672119e-01
2.838522791862487793e-01
4.649130105972290039e-01
5.907365083694458008e-01
4.900960922241210938e-01
5.452735424041748047e-01
4.901588261127471924e-01
5.460324287414550781e-01
7.119659185409545898e-01
6.411626338958740234e-01
6.992714405059814453e-01
7.236220836639404297e-01
6.685131192207336426e-01
8.153986334800720215e-01
1.134735584259033203e+00
1.207716822624206321e+00
1.651611328125000000e+00
1.602455258369445801e+00
1.557939529418945090e+00
1.306760549545288086e+00
9.676915407180786133e-01
8.667150139808654785e-01
8.267303109169006348e-01
9.048102498054504395e-01
1.181311249732971191e+00
1.559902787208557129e+00
1.702727437019347922e+00
1.919536352157592773e+00
2.136064529418945312e+00
2.060139417648315430e+00
1.913329720497131570e+00
1.452675938606262207e+00
1.164553999900818093e+00
7.707233428955078125e-01
5.245980620384216309e-01
5.679941773414611816e-01
7.381762862205505371e-01
7.574706077575683594e-01
9.861388206481933594e-01
1.155224204063415527e+00
1.166914224624633789e+00
8.977417945861816406e-01
7.331324815750122070e-01
4.089561104774475098e-01
3.882310390472412109e-01
4.191729128360747736e-01
4.082871675491333008e-01
3.247702121734619141e-01
7.779770344495771928e-02
5.151113495230674744e-02
-2.102949917316436768e-01
-4.515638053417205811e-01
-6.949709057807922363e-01
-1.002537488937377930e+00
-1.227588176727294922e+00
-1.326645016670227051e+00
-1.092926263809204102e+00
-9.912820458412170410e-01
-5.043053627014160156e-01
-4.488809704780578613e-01
-2.285155951976776123e-01
-2.168409526348114014e-01
-6.006735563278198242e-01
-6.681407690048217773e-01
-6.390330195426940918e-01
-6.231142878532409668e-01
-5.907001495361328125e-01
-5.716059803962707520e-01
-5.621550679206848145e-01
-6.514153480529785156e-01
-7.004299759864807129e-01
-1.009011745452880859e+00
-1.273776650428771973e+00
-1.553441762924194336e+00
-1.741084098815918191e+00
-1.817676067352294922e+00
-1.945291996002197266e+00
-1.995560050010680708e+00
-1.902865409851074441e+00
-1.861068129539489524e+00
-1.510418891906738503e+00
-1.262473702430725098e+00
-1.158993363380431907e+00
-8.327794671058654785e-01
-6.941273212432861328e-01
-7.666056156158447266e-01
-6.959431767463684082e-01
-7.687897682189941406e-01
-8.739535808563232422e-01
-1.052288770675659180e+00
-1.039219021797180176e+00
-1.034618258476257102e+00
-6.622313261032104492e-01
-4.021743237972260077e-01
2.938661575317382812e-01
9.953179359436036266e-01
1.459322571754455566e+00
1.709992766380310059e+00
1.674939990043639915e+00
1.408351778984069824e+00
8.288916349411010742e-01
2.776910662651062012e-01
1.502850949764251431e-01
4.238244518637657166e-02
3.308062851428985596e-01
4.778134226799011230e-01
8.558818697929382324e-01
9.291982054710388184e-01
1.162809491157531516e+00
1.096860647201537864e+00
9.720624089241027832e-01
8.037982583045959473e-01
8.882845640182495117e-01
7.551698684692382812e-01
7.350918650627136230e-01
6.160935759544372559e-01
5.523579716682434082e-01
4.323746562004089355e-01
3.515866398811340332e-01
3.630515635013579767e-01
5.537838339805603027e-01
6.188548207283020020e-01
6.202466487884521484e-01
5.800483822822570801e-01
4.778572022914887030e-01
4.139731526374816895e-01
4.144224822521209717e-01
4.070195257663726807e-01
3.752737939357757568e-01
1.965970546007156372e-01
8.131699264049530029e-02
4.218450561165809631e-02
-1.824396662414073944e-02
3.718322142958641052e-02
-2.067111432552337646e-02
-1.239087879657745500e-01
-2.564026713371276855e-01
-3.121778368949890137e-01
-3.787495195865631104e-01
-4.591897428035736084e-01
-4.196403920650482178e-01
-4.436022639274597168e-01
-4.126557409763336182e-01
-3.829771280288695734e-01
-5.156081914901733398e-01
-6.197957396507263184e-01
-6.183214783668518066e-01
-6.079927086830139160e-01
-6.753684878349304199e-01
-8.715143203735351562e-01
-1.120149493217468484e+00
-1.205764651298522949e+00
-1.100431442260742188e+00
-9.491682648658752441e-01
-6.716146469116210938e-01
-6.837167739868164062e-01
-7.536601424217224121e-01
-9.777513146400451660e-01
-1.099464654922485352e+00
-1.299842476844787598e+00
-1.472336769104004128e+00
-1.477603197097778320e+00
-1.445402264595031516e+00
-1.364290595054626465e+00
-1.228161931037902832e+00
-1.154498696327209695e+00
-1.136219382286071777e+00
-1.248641848564147949e+00
-1.093095421791076882e+00
-9.797655940055848278e-01
-6.568673253059387207e-01
-4.594956636428833008e-01
-4.245818555355072021e-01
-5.744046568870544434e-01
-6.460107564926147461e-01
-6.263973712921142578e-01
-6.731302142143249512e-01
-6.084104776382446289e-01
-8.086773753166198730e-01
-9.053929448127747692e-01
-9.266565442085266113e-01
-1.020166993141174316e+00
-1.058116197586059570e+00
-1.216160178184509277e+00
-1.075902581214904785e+00
-1.115792155265807883e+00
-1.253769040107727051e+00
-1.245592355728149414e+00
-9.955852627754212536e-01
-9.982196092605591931e-01
-9.186291098594665527e-01
-1.021617650985717773e+00
-1.022331476211548074e+00
-9.828956723213195801e-01
-1.087493419647216797e+00
-8.988025784492492676e-01
-8.417958617210388184e-01
-9.641848802566528320e-01
-1.045853614807129128e+00
-1.101515412330627441e+00
-1.149974942207336426e+00
-1.318825006484985352e+00
-1.455694675445556641e+00
-1.388499736785888894e+00
-1.161387324333190918e+00
-1.003304243087768555e+00
-9.887517690658568226e-01
-6.559242606163024902e-01
-5.058504343032836914e-01
-6.429827213287353516e-01
-8.538072109222412109e-01
-1.105847358703613281e+00
-1.420004487037658691e+00
-1.473345518112182617e+00
-1.587834000587463379e+00
-1.519879460334777832e+00
-1.157342195510864480e+00
-1.137280702590942383e+00
-8.285521268844604492e-01
-7.231848239898681641e-01
-1.002298116683959961e+00
-1.146519541740417703e+00
-1.311621189117431641e+00
-1.414932250976562500e+00
-1.396704912185668945e+00
-1.527890563011169434e+00
-1.253949284553527832e+00
-1.267130613327026367e+00
-1.146469473838806152e+00
-8.884167671203613281e-01
-7.246716618537902832e-01
-6.410108208656311035e-01
-6.925362348556518555e-01
-8.218007683753967285e-01
-9.237585067749024548e-01
-1.005154132843017578e+00
-1.079225778579712136e+00
-1.071385383605957031e+00
-1.083133101463318093e+00
-1.110838055610656738e+00
-9.645233154296876110e-01
-8.467315435409545898e-01
-8.335576653480529785e-01
-7.313117980957031250e-01
-7.687333226203918457e-01
-6.126418709754943848e-01
-5.533232688903808594e-01
-7.032831907272338867e-01
-7.622798681259155273e-01
-8.138689994812011719e-01
-9.302132129669190563e-01
-8.838665485382080078e-01
-9.148039221763611950e-01
-9.178988337516783558e-01
-6.966823935508728027e-01
-6.457356810569763184e-01
-6.293509006500244141e-01
-5.973386168479919434e-01
-6.539288759231567383e-01
-6.002460718154907227e-01
-6.488937139511108398e-01
-4.454941749572753906e-01
-3.299820125102996826e-01
-3.484996259212493896e-01
-2.895455360412597656e-01
-1.772496104240417480e-01
-2.313691973686218539e-01
-1.820677518844604492e-01
-2.542240917682648260e-01
-4.045246243476868231e-01
-3.167364299297332764e-01
-2.005662918090820590e-01
-6.691103428602218628e-02
-2.879272103309631348e-01
-1.330366432666778564e-01
-1.585939675569534579e-01
-1.705002486705780029e-01
-9.638196229934692383e-02
-8.947865664958953857e-02
-1.554916612803936005e-02
6.178263202309608459e-02
-1.968497782945633282e-02
1.068601682782173296e-01
1.233059316873550554e-01
4.831490293145179749e-02
3.473071753978728554e-02
-3.465158492326736450e-02
-9.281007573008535558e-03
-1.146420612931251526e-01
-4.374329373240471580e-02
-3.214216604828834534e-02
-6.213661283254622546e-03
-1.910771727561950684e-01
-1.409786790609359464e-01
-4.086052253842353821e-02
-9.125746786594392257e-02
-5.311400070786476135e-02
-7.857194542884828048e-02
-2.586305886507034302e-02
-6.329379230737686157e-02
-5.401560291647911072e-02
8.001095056533812089e-02
-4.906633496284484863e-02
4.523707181215286255e-02
-3.397284075617790222e-02
-1.346485912799835205e-01
-1.992177367210387906e-01
-1.487601846456527432e-01
-6.366166472434997559e-02
-1.850774586200714111e-01
3.129363805055618286e-02
-1.078978255391120772e-01
1.201709453016519547e-02
1.214802041649818559e-01
1.210221946239471436e-01
1.120509803295135637e-01
9.607750922441483932e-02
7.395274937152862549e-02
1.434831172227859497e-01
1.328415423631668091e-01
2.206465303897857388e-01
1.505179405212402621e-01
2.493410110473633090e-01
1.860755234956741333e-01
2.675726115703582764e-01
2.771643400192260742e-01
2.984015047550200861e-01
2.272384613752365112e-01
3.151471614837646484e-01
4.005567133426666260e-01
4.029942452907562256e-01
3.986271917819976807e-01
3.837462663650513250e-01
5.240094661712646484e-01
4.848099350929260254e-01
5.885636210441589355e-01
4.984135031700134277e-01
2.426533401012420932e-01
3.097425699234008789e-01
3.803074061870574951e-01
3.020281493663787842e-01
2.558195292949676514e-01
3.805292546749114990e-01
1.082876771688461304e-01
2.563972175121307373e-01
3.967970311641693115e-01
2.281438410282135010e-01
2.905859649181365967e-01
4.126181006431580145e-01
2.876107692718505859e-01
3.171010911464691162e-01
2.615685164928436279e-01
2.140415310859679898e-01
3.304807245731353760e-01
2.117990553379058838e-01
3.457395434379577637e-01
4.163352251052855890e-01
4.047084748744965155e-01
3.870866298675537109e-01
4.272048175334929310e-01
2.135401070117950439e-01
3.168511986732482910e-01
4.202014505863189697e-01
2.047288119792938510e-01
3.030688166618347168e-01
1.857647746801376620e-01
2.467404156923294067e-01
2.261956036090851108e-01
3.519880175590515137e-01
2.511693835258483887e-01
3.646515905857086182e-01
2.472943514585494995e-01
3.318233191967010498e-01
3.484388887882233221e-01
3.899838626384735107e-01
2.873717546463013250e-01
3.134471774101256769e-01
2.263560295104980469e-01
2.822063565254211426e-01
3.590698242187500000e-01
2.042191475629806519e-01
2.396997958421706876e-01
1.325082927942276001e-01
1.813903898000716886e-01
3.086976520717143666e-02
5.436052009463310242e-02
1.601291447877883911e-01
2.025313526391983032e-01
9.758862107992172241e-02
1.306470930576324463e-01
7.659944146871568160e-02
1.568226516246795654e-02
-3.704050555825233459e-02
8.113823086023330688e-02
-1.379103166982531548e-03
1.591730713844299316e-01
4.073131456971168518e-02
1.464705765247344971e-01
3.019406795501708984e-01
2.847208678722381592e-01
2.584134638309478760e-01
1.817349493503570557e-01
1.685103774070739469e-01
3.447293536737560792e-03
9.540265798568725586e-02
1.529800295829772949e-01
2.459078729152679443e-01
2.743260562419891357e-01
2.939753532409667969e-01
2.894922792911528986e-01
2.666225433349608820e-01
3.398681282997131348e-01
2.707711458206176758e-01
2.064888775348663608e-01
2.925273776054382324e-01
2.730100452899932861e-01
2.569914460182189941e-01
1.477574259042740146e-01
2.388992458581924438e-01
1.104388535022735596e-01
2.144085764884948730e-01
2.989090383052825928e-01
6.604000180959702926e-02
1.438929438591003418e-01
1.210833340883255005e-01
1.159429475665092468e-01
1.357482839375734329e-02
7.179129123687744141e-02
-1.212663017213344574e-02
7.751235365867614746e-02
1.202859170734882355e-02
3.706657141447066567e-02
5.498756840825081565e-02
-2.094430103898048401e-02
-1.128938570618629456e-01
-5.918926373124122620e-02
-7.999454438686370850e-02
-8.499572426080703735e-02
-6.161938980221749046e-02
6.439647078514099121e-02
2.656065858900547028e-02
-2.508815936744213104e-02
3.513045608997344971e-02
-1.669507324695587158e-01
-1.175672933459282060e-01
-2.302335500717163086e-01
-1.523747146129608154e-01
-2.326670140027999878e-01
-9.871039539575576782e-02
-1.178517565131187439e-01
-1.392676681280136108e-01
-1.514401137828826904e-01
-1.231985464692115784e-01
-1.021756902337074419e-01
-7.175281643867492676e-02
-2.692365348339080811e-01
-1.282152831554412842e-01
-8.393710851669312911e-02
-1.953837424516677579e-01
-1.943836808204650879e-01
-2.016350626945495883e-01
-4.563797637820243835e-02
-3.800131008028984070e-02
-4.871667362749577436e-03
3.108250163495540619e-02
6.141237542033196189e-02
7.857309281826019287e-02
8.143349736928939819e-02
1.085801050066947937e-01
6.110456958413124084e-02
1.090160086750984192e-01
-5.407879129052161303e-03
-2.662366442382336010e-02
5.630460008978843689e-02
2.260250151157378873e-01
9.914975613355636597e-02
2.658756673336029053e-01
3.200189173221588135e-01
1.833969205617904663e-01
1.593991369009017944e-01
1.584770977497100830e-01
2.327652275562286377e-01
2.356126159429550448e-01
3.844243660569190979e-02
1.333775818347930908e-01
2.153188586235046387e-01
1.176641881465912039e-02
1.214783638715744019e-01
8.702045679092407227e-02
5.861982330679893494e-02
1.815047264099121094e-01
2.857178449630736750e-01
1.163897514343261441e-01
1.592385023832321167e-01
2.548798024654388428e-01
3.383014723658561707e-02
3.882153332233428955e-02
-9.684319794178007645e-02
-1.291126161813735962e-01
-2.061897814273834506e-01
-1.065895110368728638e-01
-6.432200223207473755e-02
-1.603776812553405762e-01
-3.213964775204657814e-02
2.021932043135166168e-03
-1.265280842781066895e-01
-1.204179525375366211e-01
-5.477959290146828392e-02
-4.676987417042254534e-03
-1.116338297724723816e-01
-7.179918885231018066e-02
-3.227472007274628241e-01
-2.573338449001312256e-01
-1.800610125064850131e-01
-3.629071712493897039e-01
-2.895807027816772461e-01
-1.435251533985137939e-01
-2.224309891462326050e-01
-1.581124812364578247e-01
-5.548542365431785583e-02
-1.316666752099990845e-01
-9.063764661550521851e-02
-2.128991484642028809e-01
-3.145887255668640137e-01
-3.233532011508941650e-01
-3.016878366470336914e-01
-3.170174360275269110e-01
-1.544600576162338534e-01
-2.119766622781753262e-01
-2.120012938976288119e-01
-1.578929871320724487e-01
-3.400478661060333252e-01
-2.234354019165039062e-01
-1.065527573227882385e-01
-2.819660902023315430e-01
-1.435477137565612793e-01
-7.998985797166824341e-02
-1.628577560186386108e-01
-9.869800508022306962e-02
-4.402847215533256531e-02
-7.259654253721237183e-02
-3.988566622138024070e-02
-8.220335096120834351e-02
1.263413764536380768e-02
-1.777302026748657227e-01
-1.189752817153930803e-01
-4.719020426273345947e-02
1.020253449678421021e-01
2.798330970108509064e-02
9.261696785688400269e-02
-1.436581835150718689e-02
-7.008137553930282593e-02
-5.234887450933456421e-02
-9.976538270711900191e-02
2.967686951160431255e-02
9.799689054489135742e-02
3.190098702907561562e-02
4.964584484696388245e-02
1.350099593400955200e-01
5.762889608740807273e-02
4.411292076110839844e-02
1.638495475053787231e-01
1.250588148832321167e-01
9.716632217168807983e-02
2.159420251846313199e-01
1.756464093923568726e-01
2.198207527399063110e-01
1.815530508756637573e-01
2.192155569791793546e-01
2.812375128269196112e-01
1.191431060433387756e-01
1.973617672920227051e-01
1.009634211659431596e-01
3.175664693117141724e-02
1.431692391633987427e-01
1.734056919813156128e-01
1.190092638134956499e-01
2.056241184473037442e-01
1.888263374567032138e-01
1.500782668590545377e-01
1.024365127086639404e-01
5.295668542385101318e-02
-1.561428904533386230e-01
-1.031891927123069763e-01
-4.130277037620543740e-02
-1.930000334978103915e-01
-6.681726872920989990e-02
-1.065136566758155684e-01
-1.391042470932006836e-01
-9.774930775165557861e-02
-1.480763852596282959e-01
-1.237604469060897688e-01
-2.727098017930984497e-02
-1.801424920558929443e-01
-1.448225080966949463e-01
-4.497889801859856346e-02
-1.226485371589660506e-01
-3.367567434906959534e-02
-1.913310587406158447e-02
-2.074716240167617451e-02
-1.102562770247459412e-01
-2.142428457736968994e-01
-1.702334433794021606e-01
-1.886941790580749234e-01
-3.521487414836883545e-01
-2.458980232477188110e-01
-1.064091771841049194e-01
-2.537346482276916504e-01
-1.006311178207397600e-01
-1.313444823026657104e-01
-1.754543632268905362e-01
-2.302567362785339633e-01
-1.437777578830718994e-01
-1.918314248323440829e-01
-7.705064862966537476e-02
-1.204757392406463484e-01
-2.355716079473495483e-01
-1.160010993480682512e-01
-1.371666043996810913e-01
-1.397969871759414673e-01
3.370102960616350174e-03
-3.416760265827178955e-02
-8.043550699949264526e-02
-1.372423171997070590e-01
-5.545145645737648010e-02
-1.947118043899536133e-01
-7.344350963830947876e-02
-9.996729344129562378e-02
-5.895699560642241044e-02
-8.022685535252094269e-03
-3.497438132762908936e-02
-6.283201277256011963e-02
-3.077663667500018727e-02
-1.240980625152587891e-02
-1.063441298902034760e-02
-1.355156674981117249e-02
-1.884591579437255859e-02
-8.662755787372589111e-02
-2.264607846736907959e-01
-1.428008526563644409e-01
-5.330780893564223549e-02
-9.027842432260511918e-02
-3.879893571138381958e-02
7.926766760647296906e-03
-4.571739956736565330e-02
-1.165534332394600053e-01
-1.136727929115295549e-01
-4.044036939740180969e-02
-3.332923352718353271e-02
-6.326144933700562911e-02
-1.246179938316345215e-01
-3.683666139841079712e-02
-8.785429596900939941e-02
-1.387951076030731201e-01
-4.021540284156798623e-02
-4.065516963601111672e-02
-4.635204374790191650e-02
-2.039802819490432739e-01
-2.138127386569976807e-01
-1.439300328493118564e-01
-3.528433442115784247e-01
-2.352018803358078003e-01
-1.005806699395179610e-01
-9.943777322769163651e-02
-1.720210909843444824e-01
-1.058313325047492981e-01
-2.065109610557555875e-01
-7.587113976478578048e-02
-3.051338531076908112e-02
-7.780599594116210938e-02
-5.471790209412574768e-02
3.701465949416160583e-02
-1.754963845014571866e-01
-7.103634625673294067e-02
-1.910937875509262085e-01
-1.458264589309692383e-01
-1.711725890636444092e-01
-3.971986472606658936e-02
-5.375071242451667786e-02
8.083082735538482666e-03
4.992083087563514709e-02
6.835056119598447192e-04
-7.405239343643187089e-02
-9.202972054481506348e-02
-1.089607030153274397e-01
-1.124907955527305603e-01
-1.777360141277313232e-01
-1.583182066679000854e-01
-2.805488407611846924e-01
-1.862053871154784879e-01
-8.610079996287822723e-03
5.478339269757270813e-03
8.263605087995529175e-02
2.352883666753768921e-02
8.809088170528411865e-02
-1.197279766201972961e-01
-1.008706837892532349e-01
-2.388231009244919101e-01
-1.898664683103561124e-01
-1.964584738016128540e-01
-2.441062182188034058e-01
-2.457145452499389371e-01
-2.545968592166901190e-01
-8.171226829290390015e-02
-1.320288330316543579e-02
-1.459504663944244385e-01
-5.269175022840499878e-02
-3.768976777791977362e-03
-6.453335285186767578e-02
-6.243752315640450218e-02
2.111379988491535187e-02
1.959456130862236023e-02
3.740178048610686562e-02
-2.459303941577672958e-03
-1.167720928788185258e-01
-9.550233371555805206e-04
-2.061705589294433594e-01
-8.132649958133697510e-02
-3.770394250750541687e-02
-5.900104343891143799e-02
1.064751576632261276e-02
8.905205875635147095e-02
-7.372637093067169189e-02
6.449896097183227539e-02
1.750257015228271484e-01
1.195215806365013261e-01
6.424042582511901855e-02
1.647135019302368164e-01
9.442061930894853072e-02
2.142629772424698223e-02
3.090498410165309906e-02
4.467067867517471313e-02
1.380780190229415894e-01
7.448455691337585449e-02
8.992420136928556962e-02
9.999377280473707719e-02
1.038284227252006392e-01
1.022201031446456770e-01
1.589168310165405273e-01
-1.022868305444717407e-01
-5.377727001905441284e-02
-4.360489547252655029e-03
-8.686063438653945923e-02
-6.874891929328442487e-03
7.297823578119277954e-02
-7.158322259783745679e-03
5.757080018520355225e-02
-4.745485261082648537e-02
-2.348169237375259399e-01
-1.988352537155151367e-01
-3.106390535831451416e-01
-2.533076405525207520e-01
-1.862956136465072632e-01
-3.110487759113311768e-01
-2.355069369077682495e-01
-8.772776275873184204e-02
-2.443096339702606479e-01
-1.875147074460983554e-01
-9.701757878065107865e-02
-2.383098751306533536e-01
-1.636574864387512207e-01
-1.683388501405715942e-01
-1.627701371908187866e-01
-1.474636197090148926e-01
-2.707588970661163330e-01
-1.763553470373153409e-01
-1.592478007078170776e-01
-1.402559727430343628e-01
-1.999574154615402499e-01
-1.878910213708877563e-01
-2.536711692810058594e-01
-1.776757985353469849e-01
-1.914674937725067139e-01
-1.922986805438995361e-01
-1.980018615722655972e-01
-2.676082849502563477e-01
-2.561736106872558594e-01
-2.979706823825836182e-01
-3.915266394615172785e-01
-2.674254477024078369e-01
-1.496141701936721802e-01
-2.475459128618240634e-01
-1.855998486280441284e-01
-2.869985699653624933e-01
-3.043401241302489679e-01
-1.760489195585250854e-01
-6.196156516671181419e-02
-1.728492975234985629e-01
-1.161013469099998474e-01
-6.543267518281938033e-02
-3.261269256472588279e-02
-9.959311038255692916e-02
-1.077476441860198975e-01
-5.609527975320816040e-02
-8.743332326412200928e-02
-1.763810366392135620e-01
-1.694229841232299805e-01
-8.769162744283676147e-02
-2.321816980838775912e-01
-1.216005161404609541e-01
-1.059874072670936584e-01
-3.159494698047637939e-01
-1.983826458454132080e-01
-1.736176013946533203e-01
-1.439021527767181396e-01
-1.880330443382263184e-01
-1.489813327789306363e-01
-1.914166212081908625e-01
-1.559140086174011230e-01
-2.737233340740203857e-01
-2.358078956604003906e-01
-1.942526102066039762e-01
-2.065861076116561890e-01
-1.239323094487190247e-01
-1.151580736041069031e-01
-2.544038891792296808e-01
-7.823058962821960449e-02
5.751967430114746094e-02
1.219787634909152985e-02
1.116297021508216719e-01
-1.219143494963645935e-01
-1.209264770150184493e-01
-5.482472106814385154e-02
-2.126345634460448664e-01
-1.798328608274459839e-01
-4.540614411234856346e-02
-1.224993541836738448e-01
-1.260819751769304449e-02
1.906817965209484100e-02
-4.125810042023658752e-02
4.280876368284225464e-02
1.634483635425567627e-01
1.259098760783672333e-02
9.111001342535020309e-02
-1.573669910430908203e-01
-5.550397560000420311e-02
-1.543831452727317810e-02
-1.926613040268420826e-02
-9.478726424276828766e-03
-1.312784757465124130e-02
-1.936314254999160767e-02
1.198661178350448470e-01
8.309744298458099365e-02
1.406931430101394653e-01
1.010503321886062622e-01
1.884658783674239835e-01
9.977726638317108154e-02
1.623420119285583496e-01
6.541407108306884766e-02
5.608513578772544861e-02
-2.883086726069450725e-02
-8.799415081739425659e-02
-1.154493764042854448e-01
2.970975451171398163e-02
1.170005090534687042e-02
7.869689166545867920e-02
1.408896148204803467e-01
4.234516248106957176e-02
1.315863728523254395e-01
2.079816162586211881e-01
-2.021398395299911499e-02
-8.679687231779098511e-02
-1.675865845754742622e-03
1.107105426490306854e-02
3.535392135381697915e-02
-1.289242506027221506e-02
9.806271642446517944e-02
5.478828400373458862e-02
1.465025544166564941e-01
-2.087779529392719616e-02
-4.880841821432113647e-02
-8.120635896921157837e-02
-5.572773888707160950e-02
-1.004765480756759644e-01
-1.097792536020278931e-01
-1.014705896377563615e-01
-1.002712771296501298e-01
-2.420886754989624023e-01
-1.719752550125122070e-01
-3.342942893505096436e-01
-2.558290064334868830e-01
-3.089563548564910889e-01
-2.057169377803802490e-01
-3.011111319065093994e-01
-1.319582015275955200e-01
-1.963323503732681274e-01
-5.173885449767113426e-02
-1.645644009113311768e-01
-1.456341743469238559e-01
-2.105026990175247192e-01
-1.204502880573272705e-01
-1.057904288172722002e-01
-7.133973389863967896e-02
-1.104758903384208818e-01
-8.706458657979965210e-02
-8.787439018487930298e-02
-1.018828377127647400e-01
-1.928232014179229459e-01
-1.329443603754043579e-01
-2.095434963703155518e-01
-1.301519274711608887e-01
-2.181620001792907992e-01
-2.239647209644317627e-01
-2.196405082941055575e-01
-2.751648426055908203e-01
-3.091378509998320978e-01
-1.910396665334701261e-01
-2.173735797405242920e-01
-9.532053023576736450e-02
-2.298652529716491977e-01
-2.146406620740890503e-01
-2.789110541343688965e-01
-2.537243962287902832e-01
-2.930934727191925049e-01
-1.643167585134506226e-01
-1.875167936086654663e-01
-2.042579650878906528e-01
-5.900746956467628479e-02
-2.784509770572185169e-02
-8.927147835493087769e-02
-9.657916426658630371e-02
-6.544176489114761353e-02
-3.541640639305114746e-01
-2.682067453861237127e-01
-3.511253297328948975e-01
-2.576794624328612726e-01
-1.271998137235641479e-01
-2.776287794113159180e-01
-1.616850942373275757e-01
-7.571277022361755371e-02
-1.661344058811664581e-02
-1.348404288291931152e-01
-1.290439069271087369e-01
-1.412263214588165283e-01
-2.165301144123077115e-01
-1.131235733628273010e-01
-5.570990219712257385e-02
2.225348912179470062e-02
-5.529204756021500328e-02
-6.747429817914962769e-02
-1.061514094471931596e-01
-8.586146682500839233e-02
-1.423696428537368774e-01
-4.058983549475669861e-02
-7.643027231097220507e-03
-4.630916193127632141e-02
9.303586930036543412e-02
1.442716922610998154e-02
8.294227719306945801e-02
1.165486052632331709e-01
4.586080461740493774e-02
4.186655953526496887e-02
-4.585134610533713601e-02
-4.691280052065848610e-02
-3.292245045304298401e-02
-7.067677378654479980e-02
-8.607517182826995850e-02
-1.344071514904499054e-02
-8.062835782766342163e-02
9.810803085565567017e-02
1.833054274320602417e-01
9.471098333597183228e-02
6.370072811841964722e-02
1.584902554750442505e-01
-8.726939558982849121e-02
-2.055207965895533562e-03
1.073883473873138428e-02
4.517347738146781921e-02
1.053689122200012207e-01
2.623054757714271545e-02
1.915532201528548639e-01
3.333579003810882568e-01
6.238915398716927269e-02
1.544292867183685303e-01
5.158473551273345947e-02
1.006674319505691667e-01
-6.521526724100112915e-02
-2.713730372488498688e-02
1.024732217192649703e-01
5.770243238657712936e-03
7.963038980960845947e-02
1.407053917646408081e-01
1.143083423376083513e-01
1.332879662513732910e-01
1.094741225242614746e-01
1.976456260308623314e-03
-2.237380668520927429e-02
3.648566082119941711e-02
2.941807918250560760e-02
-4.320649057626723549e-02
-3.244929015636444092e-02
4.855342581868171692e-02
4.850693419575691223e-02
-9.075386822223663330e-02
-1.614061146974563599e-01
-1.623845547437667847e-01
-1.642535179853439331e-01
-3.014180064201354980e-01
-1.936713755130768100e-01
-7.504785805940628052e-02
-1.627860218286514560e-01
-1.981285028159618378e-02
3.764957562088966370e-02
1.179760228842496872e-02
3.685678914189338684e-02
2.472681179642677307e-02
-1.963997073471545826e-02
-1.402301993221044367e-02
-9.093050658702850342e-02
-1.546475142240524570e-01
-1.262122988700866699e-01
-3.040161728858947754e-01
-3.794406652450561523e-01
-2.983041703701019287e-01
-3.564605116844177246e-01
-3.199268877506256104e-01
-2.691326141357421875e-01
-3.550538718700408936e-01
-2.084437757730484009e-01
-2.900103628635406494e-01
-2.254571914672852118e-01
-1.073827669024467607e-01
-1.511823236942291260e-01
-4.981385916471481323e-02
-1.053448468446731567e-01
-1.570735871791839600e-01
-6.647144258022306962e-02
8.895398117601869756e-03
-2.127144485712051392e-01
-1.336656361818313599e-01
-6.537386775016784668e-02
-2.136601060628890991e-01
-1.998428106307983398e-01
-1.085491925477981567e-01
-2.349920570850372592e-01
-3.445231020450592041e-01
-2.252167761325835904e-01
-2.501224875450134277e-01
-1.106413081288337569e-01
-2.567868828773498535e-01
-8.580636978149414062e-02
-7.796241343021392822e-02
-7.630176842212677002e-02
-9.746048599481584029e-02
-1.537293195724487305e-01
-1.389836072921752930e-01
-1.823436319828033170e-01
-5.415524914860724709e-02
-4.897606372833251953e-02
6.031627580523490906e-02
9.239313751459123092e-02
4.032506048679351807e-02
5.050966143608093262e-02
3.225162625312805176e-02
1.373059600591659546e-01
8.657502382993698120e-02
1.251757889986038208e-01
1.692558825016021451e-01
1.400067210197448730e-01
1.121036633849143982e-01
1.473299860954284668e-01
1.661796867847442627e-01
1.740977168083190918e-01
1.076741218566894392e-01
1.183167994022369524e-01
1.277968138456344604e-01
-9.865519590675829106e-03
8.880420029163360596e-02
1.052262112498283386e-01
5.163202434778213501e-02
1.588408499956130981e-01
1.165780201554298540e-01
7.913729548454284668e-02
1.787519305944442749e-01
1.059306934475898743e-01
1.788687705993652621e-01
6.585973314940928545e-03
6.119029968976975181e-02
4.369281604886054993e-02
4.852781444787978432e-02
6.726124137640000777e-02
9.493139386177064376e-02
4.242562502622605064e-02
5.951377749443053505e-02
-2.404416725039481770e-02
2.488970570266246796e-02
-9.380724281072616577e-02
-5.560785159468651512e-02
-1.702556461095809937e-01
-1.077842190861701965e-01
-1.943916082382201871e-01
-1.120059043169021606e-01
-1.855973005294800082e-01
-2.538501620292664129e-01
-1.702912002801895142e-01
-9.470396488904953003e-02
-1.722748577594757080e-01
-1.645151078701019287e-01
-2.359724789857864380e-01
-3.020530045032501221e-01
-2.809948325157164972e-01
-2.559208869934082031e-01
-2.318017184734344482e-01
-3.497411310672760010e-01
-2.220729589462280551e-01
-2.506521940231323242e-01
-1.929649114608764648e-01
-2.017891705036163608e-01
-1.310411393642425537e-01
-1.518898606300354004e-01
-1.845632195472717285e-01
-2.305772155523299893e-01
-2.089033871889114380e-01
-2.506864666938781738e-01
-1.889270246028899869e-01
-1.844052225351333618e-01
-9.320239722728727860e-02
-8.399540185928344727e-02
-8.347767591476440430e-02
-9.639857709407806396e-02
-1.211111322045326233e-01
-1.475096195936203003e-01
-9.147287160158155961e-02
4.542444273829460144e-02
-1.068169698119163652e-01
4.272064194083213806e-02
-1.243794485926627974e-01
-6.910151243209838867e-02
4.404456168413161538e-02
5.398636218160390854e-03
1.232857778668403487e-01
9.088677167892456055e-02
5.926778167486191490e-02
2.741243503987789154e-02
1.343497186899185181e-01
1.476220600306987762e-02
4.661734402179718018e-02
1.417431533336639404e-01
8.987758308649063110e-02
1.135025843977928300e-01
5.478418990969657898e-02
6.583425402641296387e-02
6.934300810098648071e-02
-7.783786859363317490e-04
7.240358740091323853e-02
7.326254248619079590e-02
7.822448015213012695e-02
8.314459584653377533e-03
6.607721745967864990e-02
-3.704420849680900574e-02
-7.302783429622650146e-02
-1.090615391731262207e-01
-6.870550662279129028e-02
-9.365004301071166992e-02
-9.286184608936309814e-02
-1.481128185987472534e-01
-5.112006887793540955e-02
-1.745636910200119019e-01
-7.933223247528076172e-02
-6.910213828086853027e-02
-1.336778253316879272e-01
-1.972955316305160522e-01
-1.164507716894149780e-01
-1.935889273881911954e-01
-1.151543185114860535e-01
-1.083079725503921648e-01
-1.809272915124892842e-02
-1.530743688344955444e-01
-2.258151620626449585e-01
-2.341741919517517090e-01
-3.139577209949492853e-01
-2.227750867605209351e-01
-2.511066496372222900e-01
-1.188974454998969893e-01
-1.853982955217361173e-01
-9.562391787767410278e-02
2.257748134434223175e-02
-1.791960299015045166e-01
-8.138120174407958984e-02
-1.493500024080276489e-01
-2.041384726762771884e-01
-1.551243066787719449e-01
-1.044309884309768816e-01
-1.963670253753662109e-01
-4.278198629617691040e-02
-1.811638474464416504e-01
-1.302111148834228516e-02
5.869280546903610229e-02
-2.471907064318656921e-02
3.552518412470817566e-02
-5.078673711977897990e-04
1.005824580788612366e-01
4.083661362528800964e-02
3.781637642532586618e-03
1.244648918509483199e-01
8.585494756698607011e-02
1.946871429681777954e-01
6.140182912349700928e-02
1.449518352746963501e-01
5.390776693820954063e-02
-3.712143748998641968e-02
-4.976266622543334961e-02
1.681670919060706745e-02
2.057505026459693909e-02
1.233462169766425948e-01
6.021055742166936398e-04
2.356099709868431091e-02
3.432834520936011574e-02
3.658363595604896545e-02
-5.182063952088356018e-02
-1.322100460529327393e-01
-6.298520416021347046e-02
-1.517491340637207031e-01
-7.028430700302124023e-02
-1.200191974639892439e-01
-6.610853224992752075e-02
-1.562943756580352783e-01
-8.090534247457981110e-03
1.335231214761734009e-01
9.083113074302671952e-02
9.217558801174163818e-02
2.179381102323532104e-01
9.090507775545120239e-02
1.047311872243881226e-01
-1.243871003389358521e-01
-1.156440600752830505e-01
-1.021618917584419250e-01
-6.948984414339066940e-02
-1.746780425310134888e-01
-2.549379467964172363e-01
-2.528649270534515381e-01
-1.728794723749160767e-01
-1.748825311660766602e-01
-1.809134632349014560e-01
-1.331473439931869507e-01
-1.853510886430740634e-01
-2.505021393299102783e-01
-2.450452148914336881e-01
-2.394721806049346924e-01
-3.774911165237426758e-01
-4.970407485961914062e-01
-5.975338816642761230e-01
-6.003553271293640137e-01
-5.045517086982727051e-01
-6.070395708084106445e-01
-5.274425745010375977e-01
-3.676943480968474787e-01
-5.069072246551513672e-01
-3.423644602298737127e-01
-2.853806316852569580e-01
-3.952514231204986572e-01
-3.023027181625366211e-01
-4.561490416526793878e-01
-4.530315399169921875e-01
-3.689881265163421631e-01
-3.441539108753204346e-01
-3.680006861686706543e-01
-3.790788650512694757e-01
-3.893657028675078791e-01
-2.512130439281464178e-01
-1.236112788319587569e-01
-3.054647445678710938e-01
-3.616438508033751886e-01
-3.456352651119232178e-01
-3.223498761653900146e-01
-3.343420922756195068e-01
-2.503416538238524836e-01
-2.525716722011566162e-01
-2.425589710474014560e-01
-1.022249981760978699e-01
-2.034893929958343506e-01
-7.866073399782180786e-02
-2.519780993461608887e-01
-2.158505171537399570e-01
-1.292896419763565063e-01
-2.560111284255980890e-01
-2.177166491746902466e-01
-1.043511331081390381e-01
-1.914380192756652832e-01
-5.235290527343750000e-02
4.675014934036880732e-04
-2.322572916746139526e-01
-1.747233718633651456e-01
-7.143849879503250122e-02
-1.869647651910781583e-01
-1.292084604501724243e-01
-1.185341645032167261e-02
-4.673685133457183838e-02
-9.075844287872313065e-02
-4.485739767551422119e-02
-1.368203610181808472e-01
-1.424770206212997437e-01
-7.239820808172225952e-02
-1.226259674876928503e-02
1.072261035442352434e-01
8.193115703761577606e-03
6.391143798828125000e-02
1.121460571885108948e-01
8.367802947759626908e-02
2.003296166658401212e-01
2.800084948539733887e-01
-7.424496114253997803e-02
2.386173978447914124e-02
-3.921118006110191345e-02
5.991491675376892784e-02
3.667826950550078652e-02
1.725830882787704468e-01
1.453459113836288452e-01
2.628068625926971436e-01
1.370174884796142578e-01
7.339428365230560303e-02
1.973005682229996005e-01
1.552105993032455444e-01
1.720661818981170654e-01
-1.065247505903244019e-01
-1.982970237731933594e-01
-1.987811028957366943e-01
-1.765860915184020996e-01
-1.239525973796844482e-01
4.343736171722412109e-02
7.698368281126022339e-02
5.023996904492378235e-02
1.257446706295013428e-01
2.081267386674880981e-01
9.966019541025163131e-02
9.796378761529922485e-02
-1.253206864930689335e-03
-8.341465145349502563e-02
-1.404459029436111450e-01
-7.917109131813049316e-02
-1.346997767686843872e-01
-1.536179631948471069e-01
-1.985243521630764008e-02
7.993242889642715454e-02
-2.885117661207914352e-03
-2.209015376865864147e-02
6.235309876501560211e-03
-8.225436508655548096e-02
-9.060930460691452026e-02
-8.869393169879911942e-02
-5.465093851089477539e-01
-4.696967601776123047e-01
-4.551447927951812744e-01
-5.624302029609680176e-01
-3.761906325817108154e-01
-2.528058588504791260e-01
-1.222131550312042236e-01
-9.659349173307420211e-02
-1.979458704590797077e-02
-6.580871995538472262e-03
-4.811856895685195923e-02
-3.687818050384521484e-01
-3.567464649677277166e-01
-4.084645211696624756e-01
-3.206640779972076416e-01
-2.757872045040130615e-01
-2.613765895366669256e-01
-2.176028937101364136e-01
-1.110099256038665771e-01
-4.405072331428527832e-02
-1.979541033506393086e-02
-1.913253962993621549e-01
-4.499150514602661133e-01
-3.827920556068420965e-01
-3.000164330005645752e-01
-3.179940879344939630e-01
-1.878615319728851596e-01
-2.336528711020946156e-02
-9.857287630438804626e-03
1.301099807024002075e-01
2.808380126953125000e-01
-9.497258067131042480e-02
-3.632550686597824097e-02
-1.740743778645992626e-02
-2.875365018844604492e-01
-1.996687501668930054e-01
-6.993941217660903931e-02
1.072965264320373674e-01
1.624307781457901001e-01
3.650322854518889271e-01
2.881782650947570801e-01
