-3.575528860092163086e+00
-3.763818502426147905e+00
-3.543395519256591797e+00
-3.540702581405640093e+00
-2.974694252014160156e+00
-3.724310874938964844e+00
-3.406666994094848633e+00
-3.610101938247680664e+00
-3.333214998245239702e+00
-3.229900121688842773e+00
-3.153874874114990234e+00
-3.386669874191283736e+00
-3.442259311676025391e+00
-3.149200201034546343e+00
-3.760548830032348633e+00
-3.442267894744873047e+00
-3.605638742446899414e+00
-3.410137891769408736e+00
-3.034036159515381303e+00
-2.820866823196411133e+00
-2.879769563674926758e+00
-3.328016042709350586e+00
-3.245476961135864258e+00
-3.268045425415038618e+00
-2.732911109924316406e+00
-2.467742443084716797e+00
-2.105578899383544922e+00
-1.821348190307616743e+00
-2.498282670974731445e+00
-2.247084140777587891e+00
-2.346518516540527788e+00
-2.458892107009888139e+00
-2.719851970672607422e+00
-2.643630743026733398e+00
-1.975433230400085227e+00
-1.998000621795654297e+00
-1.770884037017822488e+00
-1.811927318572998047e+00
-1.697141289710998313e+00
-1.428613424301147683e+00
-1.129453063011169434e+00
-7.251776456832885742e-01
-1.364200234413146973e+00
-9.869936704635620117e-01
1.165558695793152078e+00
3.359541669487953186e-02
-2.334848195314407626e-01
-4.580171108245850164e-01
-5.464183092117310681e-01
-1.779203265905380249e-01
-3.151957392692565918e-01
-7.005521655082702637e-01
-1.641399785876274109e-02
-6.484012603759765625e-01
-5.967709422111511230e-01
-3.906693756580352783e-01
-2.498748451471329013e-01
-7.654785364866258102e-02
-4.481162130832672119e-01
-3.131981492042540949e-01
3.743338882923126221e-01
-1.094675995409488678e-02
-6.129191517829895020e-01
-6.908875107765197754e-01
-4.068208336830139160e-01
-4.427317380905151922e-01
8.946406841278076172e-02
-3.687815368175506592e-01
2.119388245046138763e-02
9.422991275787353516e-01
2.814337611198424738e-01
4.028473631478846073e-04
-9.803781509399414062e-01
-7.459183335304259144e-01
-5.758090019226074219e-01
-8.015915751457214355e-02
-1.628891825675964633e-01
1.245370879769325256e-01
1.109417676925659318e-01
2.901984006166458130e-02
-4.828906357288361151e-01
-2.599195390939712524e-02
-3.560526072978972834e-01
-2.394338399171828946e-01
-4.651953876018524170e-01
-9.187254309654235840e-01
-6.466644406318664551e-01
-7.784504294395446777e-01
-7.864089310169219971e-02
2.682855725288391113e-01
4.364296197891234796e-01
2.921416461467742920e-01
1.310312747955322543e-01
-3.862884044647216797e-01
-4.642072618007659912e-01
-5.307379364967346191e-01
-5.998857021331787109e-01
-5.510930418968200684e-01
3.082232177257537842e-01
2.301305681467056552e-01
4.527710676193236750e-01
-2.291117906570434570e-01
-5.434108972549438477e-01
-4.991619288921356201e-01
-5.923086404800415039e-01
-1.153781637549400468e-01
3.985138237476348877e-01
4.489057958126068115e-01
5.396123528480529785e-01
-2.232386916875839233e-01
-4.800931811332703192e-01
-4.569228291511536200e-01
-1.059460639953613281e+00
-1.028456091880798340e+00
-1.066849470138549805e+00
-1.578933000564575195e+00
-1.741484642028808594e+00
-1.901620626449584961e+00
-1.733912944793701172e+00
-1.535078763961791992e+00
-1.860601782798766868e+00
-1.793706178665161133e+00
-1.576881766319274902e+00
-6.046041250228881836e-01
-4.764103889465332031e-02
-4.454292356967926025e-01
4.340259730815888006e-01
-5.629033446311950684e-01
-8.727323412895202637e-01
-1.046091079711914062e+00
-1.595708966255188210e+00
-1.038369536399841309e+00
-8.712593913078308105e-01
-3.107895255088806152e-01
-9.399231672286988415e-01
-1.081760525703430176e+00
-1.005962133407592773e+00
-1.355112791061401367e+00
-2.399390697479248047e+00
-2.432178020477294922e+00
-3.834628582000732866e+00
-3.324588775634765625e+00
-3.685679435729980913e+00
-3.802055597305298296e+00
-3.850524187088012695e+00
-3.243601322174072266e+00
-1.961587309837341309e+00
-8.730329275131225586e-01
1.135082468390464783e-01
-3.292537480592728355e-02
-4.298203885555266779e-01
-5.300298333168029785e-01
-3.291929662227630615e-01
-1.270078420639038086e-01
8.967649191617965698e-02
-6.045615673065185547e-01
-2.351590871810913086e+00
-2.072796583175659180e+00
-1.883852958679199219e+00
-1.935627579689025657e+00
-1.888953804969788042e+00
-2.148412466049194336e+00
-2.555371284484863725e+00
-3.045907735824584961e+00
-2.749044895172119141e+00
-2.316165447235107422e+00
-2.030621051788330078e+00
-1.773412823677063210e+00
-2.120337724685668945e+00
-2.050073623657226562e+00
-1.038146138191223145e+00
-8.966465592384338379e-01
2.843997478485107422e-01
1.382076263427734375e+00
1.986562371253967507e+00
1.916027784347534402e+00
1.993397235870361106e+00
1.087182521820068359e+00
4.299186468124389648e-01
9.464515447616576038e-01
8.275974988937377930e-01
9.680910110473631702e-01
1.428378582000732422e+00
1.621198296546936035e+00
2.141759634017944336e+00
3.277930021286010742e+00
4.771801948547363281e+00
5.886791229248047763e+00
6.527029037475585938e+00
7.151097774505615234e+00
7.059707164764403409e+00
6.494290351867675781e+00
6.409277439117432529e+00
6.266494750976562500e+00
6.015027523040772373e+00
6.163592815399169922e+00
7.046213626861572266e+00
6.771488189697266513e+00
7.541875362396240234e+00
8.323878288269042969e+00
8.559346199035644531e+00
8.962986946105957031e+00
8.414848327636718750e+00
7.354150772094727451e+00
7.380153656005858487e+00
6.146078586578369141e+00
5.061798095703125000e+00
2.937174558639526367e+00
1.145275473594665527e+00
-1.405774354934692383e+00
-2.613014459609985352e+00
-3.716575384140015093e+00
-4.874845504760742188e+00
-6.284079074859619141e+00
-7.529932498931884766e+00
-9.111552238464355469e+00
-9.949766159057617188e+00
-1.100903606414794922e+01
-1.225762748718261541e+01
-1.345560836791992188e+01
-1.314542388916015447e+01
-1.511636447906493963e+01
-1.597222805023193537e+01
-1.767666625976562500e+01
-1.819872283935546875e+01
-1.735675430297851562e+01
-1.569195747375488459e+01
-1.389932823181152521e+01
-1.285493278503417969e+01
-1.112858676910400391e+01
-9.826574325561523438e+00
-8.034991264343263495e+00
-6.908136367797852451e+00
-5.606458663940429688e+00
-5.491080760955810547e+00
-4.831307888031005859e+00
-5.121125221252441406e+00
-4.999751091003417969e+00
-4.370280265808105469e+00
-3.610368728637695312e+00
-3.249408006668091264e+00
-9.824979901313781738e-01
-1.185551047325134499e+00
-1.822734475135803223e+00
-7.226521968841552734e-01
-1.384900927543639915e+00
-1.123318791389465110e+00
-6.572022438049316406e-01
-1.358814984560012817e-01
9.164716303348539872e-02
1.122562289237975852e+00
2.710418224334716797e+00
4.110826015472412109e+00
5.284633159637451172e+00
6.211434841156005859e+00
6.536281585693358487e+00
6.245528221130371094e+00
6.083089828491210938e+00
5.772769451141357422e+00
5.974195957183837891e+00
5.765150070190429688e+00
6.014609336853027344e+00
6.164271831512451172e+00
6.781821250915527344e+00
5.162169933319091797e+00
4.307082176208496094e+00
4.281798362731933594e+00
3.824162006378173828e+00
4.169131755828856534e+00
3.763636589050292969e+00
3.273791790008544922e+00
2.502143621444701704e+00
2.350843191146850586e+00
1.354308962821960449e+00
1.347407579421997070e+00
1.679395914077758789e+00
1.764402031898498313e+00
1.712229371070861816e+00
2.293052673339844194e+00
3.249639987945556641e+00
3.033922910690308061e+00
2.298028230667114258e+00
3.210551023483276367e+00
3.289773702621459961e+00
3.260955572128296343e+00
3.776452541351318359e+00
4.434788703918457031e+00
3.349952220916748047e+00
3.152552843093872070e+00
3.124133110046386719e+00
2.808608055114746094e+00
2.060038566589355469e+00
1.406976103782653809e+00
3.976680636405944824e-01
-4.280503988265991211e-01
-1.876780539751052856e-01
-5.596817731857299805e-01
-6.297907829284667969e-01
1.087050661444664001e-01
-7.055885791778564453e-01
-1.334987521171569824e+00
-1.276847004890442117e+00
-1.358837842941284180e+00
-1.907958745956420898e+00
-2.028890371322631836e+00
-2.932886362075805664e+00
-3.043118238449096680e+00
-3.178475618362426758e+00
-3.349384069442748579e+00
-5.016645908355712891e+00
-5.829249382019042969e+00
-6.685945034027099609e+00
-7.350184440612792969e+00
-7.358548164367675781e+00
-6.879504680633544922e+00
-6.406359195709228516e+00
-5.842564582824707031e+00
-5.395555019378662109e+00
-5.723504066467285156e+00
-5.579003334045410156e+00
-4.229170322418212891e+00
-3.882433891296386275e+00
-3.218533039093017578e+00
-2.247268199920654297e+00
-8.824630975723266602e-01
-1.130688041448593278e-01
8.341069817543029785e-01
1.975427985191344771e+00
1.984853148460387962e+00
2.790743827819824219e+00
3.396189928054809570e+00
3.178288936614990234e+00
3.854124546051025391e+00
4.102856636047363281e+00
4.367732048034667969e+00
5.590832233428955078e+00
5.846657752990722656e+00
7.137907028198242188e+00
7.216967105865478516e+00
6.688072681427002841e+00
5.934244155883789062e+00
5.703957557678222656e+00
5.794075965881347656e+00
5.932087898254394531e+00
6.877477645874022549e+00
7.518817901611327237e+00
7.793021678924559659e+00
8.380849838256835938e+00
9.672429084777832031e+00
9.999543190002439630e+00
1.011940383911132812e+01
1.092359733581542969e+01
9.913029670715332031e+00
9.992507934570312500e+00
9.846603393554687500e+00
1.121598529815673828e+01
1.062542629241943359e+01
1.082234382629394354e+01
8.219420433044433594e+00
6.931549072265625000e+00
5.815818309783936435e+00
4.342912673950194424e+00
3.267089366912841797e+00
2.298221588134765625e+00
-5.060122013092041016e-01
-2.976721525192260742e+00
-6.048341274261474609e+00
-7.159471035003662109e+00
-8.112486839294433594e+00
-9.798874855041503906e+00
-9.766879081726074219e+00
-1.184592247009277344e+01
-1.420374011993408203e+01
-1.439361763000488459e+01
-1.353041648864746094e+01
-1.371531391143798828e+01
-1.430672931671142578e+01
-1.121734142303466797e+01
-1.090812397003173828e+01
-1.039672660827636719e+01
-9.088644027709960938e+00
-8.015060424804687500e+00
-7.828385829925537109e+00
-1.012932872772216797e+01
-1.168556213378906250e+01
-1.327748870849609553e+01
-1.445994758605957031e+01
-1.432527160644531250e+01
-1.446319580078125000e+01
-1.429309463500976562e+01
-1.721066856384277344e+01
-1.936145401000976562e+01
-2.067859458923339844e+01
-2.140528106689453125e+01
-2.099969482421875000e+01
-1.927755546569823863e+01
-1.653355789184570668e+01
-1.486626338958740234e+01
-1.410909938812256037e+01
-1.392941284179687500e+01
-1.330088615417480469e+01
-1.132005500793457031e+01
-1.032740592956542969e+01
-8.779616355895996094e+00
-7.259809494018554688e+00
-5.498988151550292969e+00
-4.304368019104003906e+00
-2.696455240249634233e+00
-1.143748044967651367e+00
-4.036813080310821533e-01
9.029941260814668136e-02
-1.239778041839599609e+00
-1.425455689430236816e+00
-3.900081634521484819e+00
-4.982860088348388672e+00
-6.070081233978272373e+00
-7.009279251098632812e+00
-8.224117279052732599e+00
-8.529145240783691406e+00
-1.037019824981689631e+01
-1.057419776916503906e+01
-9.176601409912109375e+00
-8.154585838317871094e+00
-2.668605804443359819e+00
1.802877187728881614e+00
5.117207050323486328e+00
7.383753776550292969e+00
8.703370094299316406e+00
9.962482452392578125e+00
9.807484626770019531e+00
9.485257148742675781e+00
9.389153480529783380e+00
9.755334854125976562e+00
9.002470970153808594e+00
8.360509872436521661e+00
9.059091567993164062e+00
8.162314414978027344e+00
6.750139236450195312e+00
4.884491443634033203e+00
3.267634391784667969e+00
2.201923847198486328e+00
1.137092471122741699e+00
5.963382124900817871e-01
1.221308946609497070e+00
1.348363041877746582e+00
1.759679794311523438e+00
2.262040376663208008e+00
2.402196168899536133e+00
3.312269210815429688e+00
3.759436130523681641e+00
3.146617650985717773e+00
2.944159984588623047e+00
2.079322099685668945e+00
8.129746913909912109e-01
5.874429345130920410e-01
8.086587786674499512e-01
9.992348551750184216e-01
6.833697557449340820e-01
1.957709193229675515e+00
3.243364810943603516e+00
5.263452529907226562e+00
6.506069660186767578e+00
9.352698326110839844e+00
1.043754959106445312e+01
9.793926239013671875e+00
9.474153518676757812e+00
9.025696754455566406e+00
9.221351623535156250e+00
7.946797370910643643e+00
8.236278533935548651e+00
9.019357681274414062e+00
8.262586593627929688e+00
6.559735774993896484e+00
5.087985038757324219e+00
2.575654506683349609e+00
-3.062943816184997559e-01
-2.802992105484009233e+00
-4.222177982330321377e+00
-4.806458473205566406e+00
-5.053020954132080078e+00
-5.420569896697998047e+00
-4.749082088470458984e+00
-5.294911861419677734e+00
-4.480192661285400391e+00
-4.511036396026611328e+00
-4.467500209808349609e+00
-6.048498630523682529e+00
-7.380951881408691406e+00
-8.222151756286621094e+00
-7.710713386535644531e+00
-5.663078308105468750e+00
-5.022951602935791016e+00
-6.641788959503173828e+00
-9.351150512695312500e+00
-1.251250457763672053e+01
-1.494278812408447266e+01
-1.764695358276367188e+01
-1.933695602416992188e+01
-2.125970840454101562e+01
-2.412313842773437145e+01
-2.395573234558105113e+01
-2.159905052185058594e+01
-1.930908203125000000e+01
-1.814638519287109375e+01
-1.479733276367187500e+01
-1.079878807067871271e+01
-7.020767688751221591e+00
-2.888964414596557617e+00
1.998975276947021207e-01
2.151580572128295898e+00
2.731709480285644531e+00
4.539842128753662109e+00
7.936511039733887607e+00
8.488574028015138495e+00
8.166872024536132812e+00
8.466513633728027344e+00
7.981772899627684659e+00
6.125250816345214844e+00
6.649013042449951172e+00
7.743356227874755859e+00
7.211075782775878906e+00
7.407661914825438565e+00
8.259943962097167969e+00
7.815904140472412109e+00
8.405893325805664062e+00
8.533082008361816406e+00
8.788496971130371094e+00
1.130247879028320490e+01
1.347172260284423828e+01
1.475247859954833984e+01
1.630262756347656250e+01
1.660923385620117188e+01
1.387897396087646484e+01
1.180736827850341797e+01
1.150343132019042969e+01
1.194603633880615234e+01
1.378437423706054688e+01
1.426481628417968750e+01
1.384351444244384766e+01
1.241323852539062500e+01
1.077756023406982422e+01
9.420073509216306817e+00
9.286100387573242188e+00
7.622556209564208984e+00
7.197679519653320312e+00
7.506369113922119141e+00
6.325160026550292969e+00
3.879091262817383257e+00
5.620996952056884766e-01
-2.709756135940552202e+00
-5.441177845001221591e+00
-6.268051624298096591e+00
-5.395773887634277344e+00
-4.182875633239746094e+00
-5.088283061981201172e+00
-5.581929683685302734e+00
-6.187255859375000000e+00
-6.710008144378662109e+00
-7.168477535247802734e+00
-5.534235000610351562e+00
-4.889131546020507812e+00
-4.608766555786132812e+00
-4.212242126464843750e+00
-3.646967887878417969e+00
-4.468679904937744141e+00
-7.725270271301268643e+00
-8.422945022583007812e+00
-8.821445465087890625e+00
-7.634909152984619141e+00
-6.296919822692871094e+00
-5.642237663269042969e+00
-5.797762393951416016e+00
-5.523018360137940341e+00
-4.076273918151856357e+00
-4.276820182800292969e+00
-3.974509477615356889e+00
-2.938117504119873047e+00
-1.740756034851074219e+00
-9.281333684921263538e-01
1.435299634933471680e+00
3.469077348709106445e+00
5.200199127197266513e+00
6.306294918060302734e+00
5.934499263763427734e+00
6.258272647857666016e+00
4.652699470520020419e+00
2.733726263046264648e+00
1.714085817337035911e+00
-1.041196584701537864e+00
-1.630139827728271706e+00
-3.227567195892333984e+00
-3.021681308746337891e+00
-4.118827342987060547e+00
-4.137975215911865234e+00
-4.083252429962158203e+00
-3.712229490280151811e+00
-1.552365541458130105e+00
2.155171036720275879e-01
2.281509399414062500e+00
4.073539257049560547e+00
5.485250949859619141e+00
7.559423923492432529e+00
7.183785438537597656e+00
7.143569469451903409e+00
6.195853233337402344e+00
5.646334648132324219e+00
5.881570816040039062e+00
7.049030780792236328e+00
7.350884914398192471e+00
8.153307914733888495e+00
8.590083122253417969e+00
9.299917221069335938e+00
9.464623451232910156e+00
1.101737689971923828e+01
1.122355937957763672e+01
9.895647048950195312e+00
8.648093223571777344e+00
6.763429641723632812e+00
5.187457561492919922e+00
4.788191318511962891e+00
3.636859416961669922e+00
1.566397428512573242e+00
-1.940516948699951172e+00
-5.226249694824218750e+00
-8.003774642944335938e+00
-9.517588615417480469e+00
-1.197975063323974432e+01
-1.448191642761230469e+01
-1.649998092651367188e+01
-1.945140075683593395e+01
-2.055898094177246094e+01
-2.085856056213378906e+01
-1.965372276306152344e+01
-1.877784538269042969e+01
-1.739074897766113281e+01
-1.719103813171386719e+01
-1.523087215423583984e+01
-1.201308917999267578e+01
-9.377814292907716620e+00
-7.470351696014403409e+00
-5.008810043334960938e+00
-2.515202283859252930e+00
4.059348106384276789e-01
3.245905876159667969e+00
3.965304136276245117e+00
4.750412464141846591e+00
4.981942653656005859e+00
7.256200313568115234e+00
7.969641685485839844e+00
7.966676712036132812e+00
8.226550102233888495e+00
9.153700828552246094e+00
9.781596183776855469e+00
1.266018581390380682e+01
1.219126510620117188e+01
9.927878379821775567e+00
8.224097251892089844e+00
6.892613410949707031e+00
6.405148029327392578e+00
7.399054050445557529e+00
1.105764961242675781e+01
1.329579925537109553e+01
1.788581466674804688e+01
2.064570617675780895e+01
2.186056518554687500e+01
2.173356819152832031e+01
2.042537117004394531e+01
1.931418609619140625e+01
1.860633659362792969e+01
1.788549613952636719e+01
1.867085456848144531e+01
1.808437538146972656e+01
1.567475986480712713e+01
1.593586921691894531e+01
1.542387008666992188e+01
1.512697887420654475e+01
1.238965606689453303e+01
8.107868194580076349e+00
4.668481826782226562e+00
3.853413462638854980e-01
-1.906986117362975852e+00
-5.588736534118652344e+00
-9.751718521118164062e+00
-1.226971626281738459e+01
-1.375278282165527344e+01
-1.342997837066650568e+01
-1.199631404876708984e+01
-1.198472976684570490e+01
-1.203866386413574219e+01
-1.151609611511230469e+01
-9.545356750488279474e+00
-9.225899696350097656e+00
-8.062061309814451349e+00
-6.923001766204833984e+00
-6.245914459228516513e+00
-4.387921810150146484e+00
-3.439224243164062500e+00
-2.292626142501831055e+00
-2.102624416351318359e+00
-3.376214206218719482e-01
3.634356707334518433e-02
1.125646591186523438e+00
2.694465875625610352e+00
3.766315221786498579e+00
4.290752887725830078e+00
3.020263433456421343e+00
2.827033519744873047e+00
2.744911193847655806e+00
1.938523173332214355e+00
1.883422613143920898e+00
2.261119127273560014e+00
3.291467189788818359e+00
7.224855422973632812e+00
7.927223205566406250e+00
9.700019836425779474e+00
9.123056411743164062e+00
7.041819095611572266e+00
3.318067550659180132e+00
-4.962561279535293579e-02
-3.227791309356689009e+00
-4.419857978820800781e+00
-3.103318691253662109e+00
-2.103216648101806197e+00
-1.747469544410705566e+00
-3.426501512527466264e+00
-3.804584980010985440e+00
-4.775053024291992188e+00
-5.905815124511718750e+00
-4.904680252075195312e+00
-3.652962684631348100e+00
-3.335297584533691406e+00
-3.248678207397461382e+00
-2.659625768661499023e+00
-4.302878856658936435e+00
-5.437355041503906250e+00
-6.839081287384032315e+00
-7.558744907379150391e+00
-4.700359821319580078e+00
-5.583088874816895419e+00
-4.968633174896240234e+00
-3.460193634033203125e+00
-8.226291537284851074e-01
2.316895723342895508e+00
5.060517787933349609e+00
5.693662643432617188e+00
4.778279781341552734e+00
5.973286151885986328e+00
8.018414497375486505e+00
9.109434127807617188e+00
9.452072143554687500e+00
8.384961128234861505e+00
8.392762184143066406e+00
8.621547698974611151e+00
7.523711681365967685e+00
5.627611160278320312e+00
3.240251064300537109e+00
1.745498538017273171e+00
2.211796045303344727e-01
-2.226166278123855868e-01
5.809957981109619141e-01
1.062493562698364480e+00
7.139982283115386963e-02
-1.298339128494262695e+00
-7.645201086997985840e-01
6.716784238815307617e-01
6.065643429756164551e-01
-4.425050616264343262e-01
-8.518497347831726074e-01
-2.034707307815552202e+00
-3.178926944732666016e+00
-4.595603466033936435e+00
-4.382371425628662109e+00
-5.263832092285156250e+00
-5.636320114135742188e+00
-6.024299621582031250e+00
-6.204394817352294922e+00
-5.178754329681396484e+00
-5.436516761779785156e+00
-6.312039852142333984e+00
-6.456139564514160156e+00
-6.422648906707763672e+00
-7.536005496978759766e+00
-8.624449729919433594e+00
-9.460733413696287286e+00
-1.037522697448730469e+01
-1.000621318817138672e+01
-8.655309677124021661e+00
-8.524662971496582031e+00
-7.735014915466308594e+00
-7.675420761108397549e+00
-6.026444911956787109e+00
-5.690480232238769531e+00
-5.732461929321289062e+00
-5.100810527801513672e+00
-4.689633846282958984e+00
-2.962541818618774414e+00
1.377678513526916504e-01
2.494512319564819780e+00
3.949255943298339844e+00
3.680290460586548296e+00
3.984924793243408203e+00
2.330999612808227539e+00
1.822774767875671609e+00
9.846755266189576306e-01
1.395810365676880105e+00
2.488629341125488281e+00
4.262712955474853516e+00
5.792641162872314453e+00
7.239149093627929688e+00
7.192576408386231357e+00
6.225556850433349609e+00
6.383171558380127841e+00
7.734901428222656250e+00
7.544096469879150391e+00
6.667525768280028409e+00
6.572604656219482422e+00
6.859045028686522549e+00
6.925896167755127841e+00
6.760852813720702237e+00
6.410523891448974609e+00
6.646844387054442471e+00
5.753659248352050781e+00
3.662521600723266602e+00
1.586493253707885520e+00
-1.993333101272583008e+00
-4.348886013031006748e+00
-5.956452369689941406e+00
-6.480565547943115234e+00
-5.927484989166259766e+00
-5.817448616027832031e+00
-5.591215610504150391e+00
-6.174191951751708984e+00
-6.132606029510497159e+00
-6.690338134765625000e+00
-6.627151489257812500e+00
-6.862780094146728516e+00
-7.687221050262451172e+00
-8.762186050415039062e+00
-9.946523666381835938e+00
-1.107159423828125000e+01
-1.276230430603027344e+01
-1.313722038269042969e+01
-1.327380561828613281e+01
-1.307308578491210938e+01
-1.200380325317382812e+01
-1.206887340545654475e+01
-1.306934928894042969e+01
-1.182391834259033203e+01
-9.903747558593750000e+00
-9.122857093811036933e+00
-7.491423606872558594e+00
-6.623045921325683594e+00
-5.797997474670410156e+00
-5.255053520202636719e+00
-5.277229309082031250e+00
-4.616675376892089844e+00
-4.812505722045898438e+00
-3.267362594604491743e+00
-1.819642901420593262e+00
-2.199526876211166382e-01
2.488543987274169922e+00
4.196806907653808594e+00
6.101267337799072266e+00
6.879115581512451172e+00
6.916593074798583984e+00
7.002861499786377841e+00
5.999014377593994141e+00
5.560505867004394531e+00
5.720832824707031250e+00
5.248401165008544922e+00
5.119837760925292969e+00
4.416752338409423828e+00
3.240508794784546343e+00
2.290693998336791992e+00
2.749938964843750000e+00
2.969057321548461914e+00
3.419475793838501421e+00
3.846654653549193448e+00
4.006741523742676669e+00
5.260472297668457031e+00
6.049515247344971591e+00
6.950607776641846591e+00
7.747003078460692471e+00
8.284583091735839844e+00
9.112195014953613281e+00
1.038196372985839844e+01
9.962645530700683594e+00
9.327081680297851562e+00
7.880292415618895596e+00
7.702868938446044922e+00
8.108475685119628906e+00
8.318912506103517401e+00
8.343105316162111151e+00
7.460123538970947266e+00
6.101310253143311435e+00
5.908888339996337891e+00
5.807031154632567471e+00
4.632380962371826172e+00
3.457185983657836914e+00
2.512826442718505859e+00
2.933981657028198242e+00
2.432942628860473633e+00
2.775881052017211914e+00
3.237425565719604492e+00
4.902913570404052734e+00
3.638923645019531250e+00
2.983309268951416016e+00
3.003917694091796875e+00
2.171413421630859819e+00
1.416199684143066406e+00
1.026576995849609375e+00
1.884015798568725586e+00
1.104795575141906738e+00
6.155541539192199707e-01
4.132330715656281073e-01
-1.036606431007385254e+00
-2.196636438369750977e+00
-2.581775426864624023e+00
-2.591126203536987749e+00
-2.703814268112182617e+00
-3.565640449523926225e+00
-4.086847305297852451e+00
-4.078218460083008701e+00
-3.223690032958984375e+00
-2.786065101623535156e+00
-3.568344831466674805e+00
-3.456336021423339844e+00
-3.389761924743652344e+00
-3.854512691497802290e+00
-3.951450347900391069e+00
-3.548976659774780273e+00
-2.959663152694701704e+00
-3.107492923736572266e+00
-3.529403686523437056e+00
-3.728700876235961914e+00
-4.204216957092285156e+00
-5.976260662078857422e+00
-5.670796871185302734e+00
-6.567058563232422763e+00
-7.491706848144531250e+00
-7.706769466400145596e+00
-7.005468845367432529e+00
-6.088833332061767578e+00
-5.940461158752441406e+00
-5.704076766967772549e+00
-5.551960945129394531e+00
-6.436466217041016513e+00
-6.813327312469482422e+00
-7.539886474609375000e+00
-7.341678142547607422e+00
-8.009970664978027344e+00
-7.366429805755615234e+00
-6.396470546722412109e+00
-5.772187232971191406e+00
-5.544035434722900391e+00
-4.726319313049316406e+00
-4.506564617156981534e+00
-3.429362535476685014e+00
-2.647399663925170898e+00
-2.602377891540527788e+00
-1.576377391815185547e+00
-1.556541919708251953e+00
-1.368104696273803711e+00
-6.047703623771667480e-01
1.626696586608886719e-01
1.289601087570190430e+00
1.345580935478210449e+00
4.312542676925659180e-01
6.284145116806030273e-01
2.735885381698608398e-01
2.350863218307495117e-01
1.917681992053985596e-01
-2.608655989170074463e-01
-1.196182221174239974e-01
-1.030618309974670410e+00
-5.960077047348022461e-01
-4.889412820339202881e-01
-1.109009146690368874e+00
-5.619605183601379395e-01
-3.181579411029816229e-01
9.038203209638595581e-02
-5.457831621170043945e-01
-1.015238881111145020e+00
-1.793257713317870872e+00
-2.365177392959594727e+00
-2.471258401870727539e+00
-2.556306362152100053e+00
-2.384191989898681641e+00
-2.604093790054321289e+00
-2.734564781188964844e+00
-2.346073627471923828e+00
-1.614535808563232422e+00
-7.649668455123901367e-01
-1.064149379730224609e+00
-1.951394319534301536e+00
-1.123175621032714844e+00
-6.715326905250549316e-01
-2.977749407291412354e-01
-4.411873221397399902e-01
-7.482196688652038574e-01
-8.739405870437622070e-01
-8.788527250289916992e-01
-1.224377870559692383e+00
-1.379471182823181152e+00
-2.532485246658325195e+00
-2.788003683090209961e+00
-3.384156227111816406e+00
-3.754192352294921875e+00
-3.987472772598266602e+00
-4.856217384338378906e+00
-4.777793884277343750e+00
-5.302031517028808594e+00
-4.736872196197509766e+00
-5.001748561859130859e+00
-4.444127082824707031e+00
-4.070670127868651456e+00
-4.070308685302733487e+00
-3.463838815689086914e+00
-3.484194040298461914e+00
-4.053439617156981534e+00
-4.050249576568604404e+00
-4.320424079895020419e+00
-4.345265388488769531e+00
-3.865157604217528853e+00
-3.425048351287841797e+00
-2.912991762161254883e+00
-2.756589412689208984e+00
-2.115392208099364790e+00
-1.829439520835876465e+00
-1.379188060760498047e+00
-1.291331768035888894e+00
-2.331228017807006836e+00
-1.402168869972229004e+00
-1.033273100852966309e+00
-5.173952579498291016e-01
-1.056258201599120872e+00
-1.166033267974853516e+00
-5.624070167541503906e-01
-3.154847919940948486e-01
-7.138683199882507324e-01
-6.218296289443969727e-02
-1.009891703724861284e-01
-2.194769680500030518e-01
2.410713434219360629e-01
2.071586698293685913e-01
7.442125082015991211e-01
1.883880853652954102e+00
2.198093891143799272e+00
2.606817245483398438e+00
2.229861497879028320e+00
2.496901035308837891e+00
2.604401350021362305e+00
2.285554647445678711e+00
1.807801723480224831e+00
1.916676759719848855e+00
1.804990530014038086e+00
1.868975639343261497e+00
1.753266215324402078e+00
1.689174771308899148e+00
1.081558227539062500e+00
1.022794604301452637e+00
8.243194222450256348e-01
1.636641025543213113e+00
1.441403150558471680e+00
1.804311633110046387e+00
2.379981279373168945e+00
2.310796499252319780e+00
2.878133058547973633e+00
2.930678844451904297e+00
2.600767612457275391e+00
2.224010705947875977e+00
2.634243726730346680e+00
3.427316188812256303e+00
4.421681880950927734e+00
5.896916866302490234e+00
6.569596767425537109e+00
7.368882656097412109e+00
7.127899169921875000e+00
7.535530567169188565e+00
7.383380889892577237e+00
6.932558059692382812e+00
6.316466808319092685e+00
6.855357170104980469e+00
6.161641120910644531e+00
6.758022308349608487e+00
6.836304664611816406e+00
7.540098667144775391e+00
8.175024032592771661e+00
8.004208564758299005e+00
8.137392997741700995e+00
8.024554252624513495e+00
6.614681720733642578e+00
4.336528778076171875e+00
4.143071174621582031e+00
4.625858306884766513e+00
5.294751167297363281e+00
6.064601898193358487e+00
5.377852439880371094e+00
3.783467531204224077e+00
2.736565828323364258e+00
1.908036112785339578e+00
1.572989821434020996e+00
1.132661581039428711e+00
3.650921583175659180e-01
-2.298801243305206576e-01
-1.234719395637512207e+00
-1.755158543586730957e+00
-1.945150613784790039e+00
-3.092996120452881303e+00
-3.525763750076293945e+00
-3.564460992813110352e+00
-1.697670340538024902e+00
-1.600206971168518066e+00
-1.840314388275146484e+00
-3.011288404464721680e+00
-3.725676059722900835e+00
-2.871866941452026367e+00
-2.318548560142517090e-01
1.050403833389282227e+00
6.961140036582946777e-01
-1.650401353836059570e+00
-4.280255436897277832e-01
-1.158669471740722878e+00
-7.954658865928649902e-01
-1.970101952552795632e+00
-2.257164955139160156e+00
-2.153087377548217773e+00
-1.074570178985595703e+00
-1.529182195663451926e+00
-1.292201131582259854e-01
7.755525112152099609e-01
2.071792602539062500e+00
1.990522623062133567e+00
8.074485659599304199e-01
2.333334922790527788e+00
1.562006473541259766e+00
-3.904029726982117254e-01
-8.749369978904724121e-01
-4.689763486385345459e-02
-2.114473342895508257e+00
-2.994439363479614258e+00
-1.972716569900512695e+00
-1.738314747810363770e+00
-2.314716339111328125e+00
-2.140920877456665039e+00
-2.272199153900146484e+00
-1.648704767227172852e+00
-3.145848751068115234e+00
-4.414036750793457031e+00
-3.269500732421875000e+00
-4.735002994537353516e+00
-4.275861263275146484e+00
-5.894624710083007812e+00
-5.651904582977294922e+00
-4.843248367309570312e+00
-3.774620294570923296e+00
-2.778385877609252930e+00
-2.798859834671020508e+00
-3.858500719070434570e+00
-4.767510414123535156e+00
-5.483507156372070312e+00
-3.927031278610229492e+00
-4.663569927215576172e+00
-4.416461944580078125e+00
-6.176698207855224609e+00
-6.113507270812987393e+00
-5.278134822845458984e+00
-3.979146242141724077e+00
-3.299411296844482422e+00
-3.700080871582031250e+00
-3.334908246994018555e+00
-3.741872549057006836e+00
-2.868745565414428711e+00
-1.781874418258666992e+00
-2.159961462020874023e+00
-2.540320396423339844e+00
-2.301687479019165039e+00
-2.727847814559936523e+00
-3.119506120681762695e+00
-1.862266182899475098e+00
1.240065619349479537e-01
1.102075576782226562e+00
1.299119114875793679e+00
2.548388957977294922e+00
1.101467490196228027e+00
2.346424579620361328e+00
3.579452991485596147e+00
2.401616334915161133e+00
3.040383815765381303e+00
4.880377292633056641e+00
8.758310317993164062e+00
9.128034591674804688e+00
7.779459953308105469e+00
7.022828578948974609e+00
7.079514503479003906e+00
5.011379241943358487e+00
5.642262458801269531e+00
9.302390098571775567e+00
1.112337398529052734e+01
1.095274066925048828e+01
1.280402469635009766e+01
1.102176189422607422e+01
9.357727050781250000e+00
8.009266853332519531e+00
5.937960624694824219e+00
6.989733695983887607e+00
1.009650135040283203e+01
9.999519348144533026e+00
1.012648010253906250e+01
8.973372459411621094e+00
6.373063564300537109e+00
7.690220832824707031e+00
9.828486442565917969e+00
1.071260452270507812e+01
1.060550975799560369e+01
9.619216918945312500e+00
1.202757930755615234e+01
1.413834571838378729e+01
1.279050636291503906e+01
1.062847805023193359e+01
8.575236320495605469e+00
8.353169441223144531e+00
1.111879348754882812e+01
1.193327617645263494e+01
1.044510936737060369e+01
1.137610912322998047e+01
1.075305557250976562e+01
9.961312294006347656e+00
1.041703987121582031e+01
1.068001937866210938e+01
1.125467395782470703e+01
1.088112545013427557e+01
8.369484901428222656e+00
8.239315032958982599e+00
7.837625503540039062e+00
4.960385799407958984e+00
4.800762176513671875e+00
7.147465705871582031e+00
6.369504451751708984e+00
6.834640979766846591e+00
8.464671134948730469e+00
6.191063880920410156e+00
3.977460145950316939e+00
1.495446085929870605e+00
1.510219931602478027e+00
1.981374144554138406e+00
-1.229629442095756531e-01
8.431736230850219727e-01
2.493937253952026367e+00
2.582104682922363725e+00
3.914644122123718262e-01
2.128491401672363725e+00
8.033114075660705566e-01
-9.364035129547120251e-01
-4.748567938804625910e-01
-2.116512775421142578e+00
-1.023475885391235352e+00
-2.285834550857543945e+00
-3.446626186370849609e+00
-4.583574771881104404e+00
-6.341249465942382812e+00
-7.678947925567627841e+00
-7.464309215545653409e+00
-9.018789291381835938e+00
-8.033470153808593750e+00
-7.325808525085449219e+00
-8.683880805969236505e+00
-7.518981456756592685e+00
-5.449008941650391513e+00
-7.240488052368164062e+00
-7.411740303039550781e+00
-5.543743133544921875e+00
-2.939659118652344194e+00
-3.789909124374389648e+00
-2.620134592056274414e+00
-3.147297620773315430e+00
-4.057646751403808594e+00
-1.683134675025939941e+00
-1.583587050437927246e+00
-1.962029218673706055e+00
-1.617385029792785645e+00
1.016326904296875000e+00
4.905785560607910156e+00
5.241013526916503906e+00
5.959929466247558594e+00
5.278865337371826172e+00
3.926066637039185014e+00
5.516740322113037109e+00
7.176976680755615234e+00
6.923139572143554688e+00
7.345890045166016513e+00
6.339345932006835938e+00
6.095961093902587891e+00
5.964124679565429688e+00
7.334025859832763672e+00
7.488174915313721591e+00
8.579694747924804688e+00
7.224732398986816406e+00
6.036475181579589844e+00
3.174095630645751953e+00
1.590430855751037598e+00
2.725692987442016602e+00
1.276536464691162109e+00
8.739119172096252441e-01
8.424280285835266113e-01
1.885166049003600852e+00
1.068506360054015891e+00
2.754253745079040527e-01
1.498377203941345215e+00
2.542843103408813032e+00
-8.210242986679077148e-01
-3.133249998092651811e+00
-4.779267787933349609e+00
-4.516921997070312500e+00
-2.695084095001220703e+00
-1.419555902481079102e+00
-7.599515318870544434e-01
-1.190449595451354980e+00
-2.059120178222655806e+00
-2.182087898254394531e+00
-2.602983236312865767e+00
-3.667781591415404829e+00
-5.635752201080322266e+00
-4.708479881286621094e+00
-3.202340364456176758e+00
-1.757393479347229004e+00
-1.275610446929931641e+00
-8.053541779518127441e-01
1.990994453430176003e+00
2.105150222778320312e+00
2.454392671585083008e+00
2.225205183029174805e+00
1.452987074851989524e+00
-2.578631043434143066e-01
-2.178573757410049161e-01
2.045051097869873047e+00
2.385217666625977007e+00
2.404742479324340820e+00
2.456722974777221680e+00
1.740461349487304910e+00
4.815420210361481268e-01
-1.144798159599304199e+00
-1.166214942932129128e+00
-6.163486838340759277e-01
-1.558775901794433594e+00
8.337787389755249023e-01
9.160641431808471680e-01
1.877181291580199973e+00
4.042465090751647949e-01
-1.004659309983253618e-01
1.288083553314208984e+00
2.002355098724364790e+00
1.659364581108093262e+00
1.252299904823303223e+00
-1.504464745521545410e+00
-1.438302516937256081e+00
7.239326834678649902e-02
4.529255628585815985e-01
7.820751070976257324e-01
2.167165279388428178e+00
2.598464250564575195e+00
3.339375495910644531e+00
2.180548667907715288e+00
1.808528542518615945e+00
2.088144063949584961e+00
1.502139925956725852e+00
1.246050834655761497e+00
2.204226732254028320e+00
1.673684477806091309e+00
-6.701638698577880859e-01
1.530860513448715210e-01
-1.769591689109802246e+00
-1.006819680333137651e-01
-1.399278044700622559e+00
-3.103585839271544855e-01
-1.043068289756775124e+00
-1.986120343208312988e-01
4.958346486091613770e-01
4.877480119466781616e-02
7.162463665008544922e-01
3.439720869064331055e+00
3.351984739303588867e+00
4.930283069610596591e+00
3.614924430847167969e+00
3.016699552536010742e+00
3.704054832458496094e+00
4.245342254638671875e+00
5.037739753723144531e+00
3.392936706542968750e+00
2.436184883117675781e+00
3.657443284988403320e+00
3.997649431228637695e+00
5.278763294219971591e+00
3.484238147735596147e+00
2.300240993499755859e+00
2.159019708633423296e+00
2.349604845046997070e+00
3.094985008239746094e+00
1.166455864906311035e+00
7.613039612770080566e-01
1.358407735824584961e+00
1.910265445709228294e+00
3.842049464583396912e-02
-2.053373903036117554e-01
-4.023829698562622070e-01
-1.208022832870483398e+00
-1.269627928733825684e+00
-3.407034873962402344e+00
-3.896135330200195312e+00
-4.434095382690429688e+00
-3.890813350677489790e+00
-4.673726081848144531e+00
-4.487586498260498047e+00
-5.158878326416016513e+00
-6.498883724212647373e+00
-6.559394836425781250e+00
-5.885643482208252841e+00
-4.619708538055419922e+00
-5.970232009887695312e+00
-5.443627357482910156e+00
-5.854257106781005859e+00
-5.409872055053710938e+00
-6.816108226776122159e+00
-8.411629676818847656e+00
-8.061103820800781250e+00
-7.709847450256347656e+00
-7.852357387542724609e+00
-8.564161300659179688e+00
-8.464948654174804688e+00
-7.392324447631835938e+00
-7.704807281494141513e+00
-6.841485977172852451e+00
-7.698096275329589844e+00
-7.557268142700195312e+00
-7.398743629455566406e+00
-7.338777542114257812e+00
-6.847876071929932529e+00
-5.871871948242188388e+00
-5.253278255462647373e+00
-4.110290527343750000e+00
-5.025659084320068359e+00
-4.252520561218261719e+00
-4.336394309997558594e+00
-3.905461311340332031e+00
-3.044332027435302734e+00
-3.030111551284790039e+00
-2.656596899032592773e+00
-2.732841730117798296e+00
-2.660686254501342773e+00
-2.585638523101806197e+00
-2.388652086257934570e+00
-2.143036603927612305e+00
-2.067165851593017578e+00
-2.058149814605713335e+00
-1.740583777427673118e+00
-1.013492941856384499e+00
-1.185673713684082031e+00
5.420385394245386124e-03
-1.421646960079669952e-02
5.807346701622009277e-01
3.849159479141234796e-01
4.506627097725868225e-02
-6.305696964263916016e-01
-1.181888580322265625e+00
-1.345343828201293945e+00
-1.585230827331543191e+00
-3.795374631881713867e-01
-2.011239230632781982e-01
8.184084892272949219e-01
7.967290282249450684e-01
9.365590214729307972e-01
7.976223230361938477e-01
1.140458106994629128e+00
1.155774354934692383e+00
1.134372234344482422e+00
9.223127961158752441e-01
1.118444204330444336e+00
1.340824484825134499e+00
7.693970203399658203e-01
4.958691596984862726e-01
9.683414101600648083e-01
-1.900213062763214111e-01
6.266328692436218262e-01
4.132574498653411865e-01
7.946701049804687500e-01
6.191896200180053711e-01
9.018332958221435547e-01
1.240927219390869141e+00
4.583894610404968262e-01
6.593509316444396973e-01
1.785909414291381836e+00
1.483695983886718750e+00
1.037965536117553711e+00
2.100201129913330078e+00
2.457546472549438477e+00
3.944859981536864790e+00
3.744821071624756303e+00
3.208287000656127930e+00
2.737498044967651811e+00
2.238185405731201172e+00
2.424854516983031782e+00
1.337614655494689941e+00
4.784004688262940008e-01
-2.317316830158233365e-01
-1.825227737426757590e+00
-2.591868162155151811e+00
-2.521466732025146484e+00
-2.705221176147460938e+00
-2.345948696136474609e+00
-2.415230751037597656e+00
-2.002887487411499023e+00
-1.895140647888184038e+00
-1.868465304374694824e+00
-1.520333647727966309e+00
-1.545187711715698242e+00
-1.783772349357604980e+00
-2.132049560546875000e+00
-2.528948783874512163e+00
-1.996748685836791992e+00
-2.007473945617676225e+00
-1.565959572792053223e+00
-5.882194042205810547e-01
-6.114132404327392578e-01
-7.612431049346923828e-01
-3.013054132461547852e-01
9.005132317543029785e-01
5.804135203361511230e-01
9.118452668190002441e-02
2.152533531188964844e-01
6.133076548576354980e-01
1.010536909103393555e+00
1.337320923805236816e+00
1.641250491142273171e+00
1.242441415786743164e+00
1.716760158538818359e+00
1.100232720375061035e+00
1.161585330963134766e+00
1.491275787353515625e+00
1.358523130416869895e+00
9.980505704879759632e-01
8.162356019020080566e-01
1.938678920269012451e-01
8.186223357915876908e-02
-4.993697628378868103e-02
-3.528096973896026611e-01
2.241629362106323242e-01
5.200775265693664551e-01
3.758121728897094727e-01
-2.228243499994277954e-01
-3.342036306858062744e-01
-2.250441908836364746e-01
-3.379777371883392334e-01
-6.048817634582520641e-01
-1.340103268623352051e+00
-6.033785939216613770e-01
-4.905704855918884277e-01
-6.265881657600402832e-01
-3.774342536926269531e-01
-2.394532114267348966e-01
-1.316572189331054910e+00
-1.106652498245239258e+00
-1.133121371269225852e+00
-9.469892978668211780e-01
-9.996643066406250000e-01
-1.491315960884094238e-01
-3.915734589099884033e-01
-3.337080180644989014e-01
3.874185979366303045e-01
6.645117402076721191e-01
1.303681850433349609e+00
1.143450260162353516e+00
1.320149898529052734e+00
2.221817016601562500e+00
2.232362031936645064e+00
1.819041132926940918e+00
1.995229005813598411e+00
1.883916854858398438e+00
2.227507114410400391e+00
1.040739059448242188e+00
9.798786044120787464e-01
8.974635601043701172e-01
1.432615518569946289e+00
1.950515270233154297e+00
1.888587117195129172e+00
1.938950300216674805e+00
1.662403702735900879e+00
1.541811585426330566e+00
1.898456573486327903e+00
2.235176086425780806e+00
2.197489976882934570e+00
2.493958950042724609e+00
3.183302402496337891e+00
3.241776227951049805e+00
3.417318105697631836e+00
3.835888385772705078e+00
3.812700986862183061e+00
3.666500806808472124e+00
2.869164705276489258e+00
2.372496128082275391e+00
2.179780483245849609e+00
1.970902085304260476e+00
2.069944381713866743e+00
1.790029168128967285e+00
2.222599744796752930e+00
1.911878705024719238e+00
1.551268219947814941e+00
1.533234477043152078e+00
2.236699581146239790e+00
6.816766262054443359e-01
2.242161750793457031e+00
3.071988582611083984e+00
2.959853172302246094e+00
2.017271757125854492e+00
1.732506752014160156e+00
1.738803744316100852e+00
1.956500172615051492e+00
2.040320158004760742e+00
2.187262296676636186e+00
1.507567286491394043e+00
2.253072500228881836e+00
1.630447030067443848e+00
9.586289525032043457e-01
6.959744095802307129e-01
8.279212713241577148e-01
1.611413478851318359e+00
1.945452809333801270e+00
1.957120060920715554e+00
1.838283181190490723e+00
1.669811248779296875e+00
1.470205664634704590e+00
1.397630810737610085e+00
1.318427205085754395e+00
1.542132377624511497e+00
1.301736950874328613e+00
1.792848855257034579e-01
1.029020920395851274e-01
9.507447481155396896e-02
2.936904132366180420e-01
-8.147720247507095337e-03
5.977182984352111816e-01
5.428731068968772888e-02
-3.307086229324341514e-02
-4.944757223129273016e-01
6.206323504447937012e-01
-2.532881200313568115e-01
-1.957041472196578979e-01
-1.023842692375183244e-01
-3.606206551194190979e-02
9.925678968429564319e-01
5.110360383987426758e-01
6.062190532684326172e-01
2.424550056457519531e-01
-2.757492363452911377e-01
-1.724209934473037442e-01
3.903565406799316961e-01
2.781093418598175049e-01
-3.467830419540405273e-01
-6.503931432962417603e-02
-6.962845325469970703e-01
-2.623385488986968994e-01
1.406064391136169434e+00
1.034386038780212402e+00
7.146236300468444824e-01
-2.165101170539855957e-01
-3.783244639635086060e-02
6.700987815856933594e-01
3.425776958465576172e-02
5.464296936988830566e-01
-3.847337365150452215e-01
-1.602791398763656616e-01
-8.686489462852478027e-01
-1.375572323799133301e+00
-5.630722045898437500e-01
4.354808330535889227e-01
-7.769309878349304199e-01
-9.942153692245484509e-01
-1.220610618591308594e+00
-1.360001683235168457e+00
-1.592432260513305664e+00
-1.034884810447692871e+00
-2.095397233963012695e+00
-2.413120985031127930e+00
-1.495529770851135254e+00
-1.462779402732849121e+00
-1.282929301261902078e+00
-1.598465561866760476e+00
-1.855832099914550781e+00
-2.123271465301513672e+00
-1.699035167694091797e+00
-1.757338881492614746e+00
-3.486786842346191406e+00
-3.161743402481078657e+00
-2.858024835586548296e+00
-2.260029077529907227e+00
-1.950636267662048340e+00
-1.246606111526489258e+00
-1.281893610954284890e+00
-2.217189073562622070e+00
-1.962804198265075906e+00
-2.289666891098022461e+00
-1.929297208786010742e+00
-1.529896497726440430e+00
-1.394055366516113281e+00
-1.546670198440551758e+00
-1.637716174125671387e+00
-2.165836334228516069e+00
-1.918284177780151589e+00
-2.168409109115600586e+00
-1.980373501777649148e+00
-1.224704623222350852e+00
-1.694808363914489524e+00
-1.385150790214538574e+00
-1.001885652542114480e+00
-1.442398786544799805e+00
-1.002853393554687500e+00
-2.605068385601044256e-01
-2.784170806407928467e-01
-7.340651750564575195e-01
-8.842515349388122559e-01
-6.812575459480285645e-01
-6.663009524345397949e-01
-3.425346612930297852e-01
-1.159770250320434570e+00
-1.012800693511963113e+00
-1.891171216964721680e+00
-2.308022022247314453e+00
-1.689143776893615501e+00
-1.732612729072570801e+00
-1.469002842903137207e+00
-1.468885540962219238e+00
-1.186401128768920898e+00
-1.597338557243347168e+00
-2.051966190338134766e+00
-2.327197551727294922e+00
-2.639321088790893555e+00
-2.470231771469115767e+00
-2.438870191574096680e+00
-2.129151582717895508e+00
-3.079234838485717773e+00
-3.936012029647826704e+00
-4.187873363494873047e+00
-3.582267999649048296e+00
-3.361087083816528320e+00
-2.936612606048583984e+00
-2.941448211669921875e+00
-2.786884307861328125e+00
-2.870550155639648438e+00
-2.567157268524169922e+00
-1.418914914131164551e+00
-3.938918352127075195e+00
-4.091858863830566406e+00
-4.097260475158691406e+00
-3.113464593887328657e+00
-2.997045755386352539e+00
-1.204329371452331543e+00
-2.544672489166260321e-01
4.173652231693267822e-01
9.777589440345764160e-01
-7.856485843658447266e-01
-2.147663354873656782e+00
-1.883051872253418191e+00
-1.779829144477844238e+00
-1.597546696662902832e+00
-3.251227855682373047e+00
-2.429643630981445312e+00
-1.996395945549011230e+00
-1.978858590126037598e+00
-1.958814740180968794e+00
-1.998317956924438477e+00
-1.704311251640319824e+00
-2.765212774276733398e+00
-2.783796787261962891e+00
-2.266003131866455078e+00
-2.309934377670288086e+00
-2.161592960357666016e+00
-9.672313928604125977e-01
-1.181111782789230485e-01
-6.884676218032836914e-02
-3.721294552087783813e-02
8.710079789161682129e-01
-4.502233266830443781e-01
6.072775125503540039e-01
-3.086055517196655273e-01
4.793841540813446045e-01
8.992927670478820801e-01
1.804151535034179910e+00
2.875798225402832031e+00
3.781507730484008789e+00
4.554766654968261719e+00
4.133625030517578125e+00
3.255802631378173828e+00
1.998282551765441895e+00
1.878855466842651589e+00
1.809704184532165305e+00
3.355319261550903764e+00
3.996077775955200195e+00
2.451943397521972656e+00
1.503712654113769531e+00
1.456587195396423118e+00
2.731629610061645064e+00
2.934078931808472124e+00
3.471446275711060014e+00
2.592092514038085938e+00
1.690333366394043191e+00
1.320171833038330078e+00
4.740546047687529962e-01
1.052247762680053711e+00
7.693229317665100098e-01
3.337658047676086426e-01
1.144549369812011497e+00
8.215537667274475098e-02
-7.933263778686523438e-01
-1.368655562400818093e+00
-1.953759789466858132e+00
-2.850768089294433594e+00
-4.830990314483643466e+00
-4.347845554351806641e+00
-4.656424522399902344e+00
-4.759500026702880859e+00
-2.851027727127075195e+00
-2.578590869903564453e+00
-1.072602748870849609e+00
-2.667022943496704102e+00
-1.661560773849487305e+00
-7.708666324615478516e-01
-4.598752409219741821e-02
5.717890858650207520e-01
8.273898363113403320e-01
1.428635597229004128e+00
6.458864212036132812e-01
9.231358021497726440e-02
3.320388793945312500e-01
-2.585903108119965155e-01
-3.632841706275939941e-01
-1.234211325645446777e+00
-1.914052248001098411e+00
-2.131252765655517578e+00
-2.202812194824218750e+00
-2.113722324371338335e+00
-1.721683025360107422e+00
-1.658885598182678223e+00
-1.355140089988708496e+00
-1.801698803901672363e+00
-2.083996295928955078e+00
-2.859374284744262695e+00
-2.960647344589233398e+00
-3.412603616714477095e+00
-4.561853885650634766e+00
-4.819306373596191406e+00
-5.515292167663574219e+00
-4.755993366241455078e+00
-5.280475616455078125e+00
-5.525407314300537109e+00
-4.357784271240233487e+00
-4.108095169067383701e+00
-4.890367507934570312e+00
-5.035027027130126953e+00
-5.205355644226074219e+00
-4.613376140594481534e+00
-5.622263431549072266e+00
-6.052545070648192471e+00
-6.832591533660888672e+00
-7.347995281219482422e+00
-8.892985343933105469e+00
-8.462284088134767401e+00
-7.499481201171875000e+00
-6.272160053253173828e+00
-4.952569961547851562e+00
-4.922790527343750000e+00
-4.141151905059815341e+00
-4.131176948547363281e+00
-3.458808183670043945e+00
-2.420078039169311523e+00
-1.395965456962585449e+00
-1.202618598937988503e+00
-4.495870769023895264e-01
-1.089420318603515625e+00
-2.412637770175933560e-01
5.301182270050048828e-01
6.728984713554382324e-01
-1.002317309379577637e+00
-3.254870176315308172e-01
-2.914595305919647217e-01
7.436430454254150391e-02
5.281311869621276855e-01
7.557086944580078125e-01
1.365979552268981934e+00
6.845319867134094238e-01
5.238355398178100586e-01
4.918073713779450018e-01
1.041375324130058427e-01
5.223356485366821289e-01
3.175269663333892822e-01
6.907465457916259766e-01
4.879569411277770996e-01
1.293593168258666992e+00
6.654594540596008301e-01
1.213526129722595215e-01
2.633381187915802002e-01
2.564013302326202393e-01
-5.757226943969726562e-01
1.331499516963958740e-01
-5.389457941055297852e-01
-1.468652248382568359e+00
-1.609983325004577637e+00
-7.892491817474365234e-01
-9.053429961204527698e-01
-6.866955757141113281e-01
-8.806586861610412598e-01
-1.462660670280456321e+00
-9.475350379943847656e-01
-1.956898570060729980e+00
-2.567435503005981001e+00
-2.029409646987915039e+00
-2.190862178802490234e+00
-1.137539148330688477e+00
-1.107925891876220703e+00
-6.111409664154052734e-01
-1.652806401252746582e+00
-2.375574350357056108e+00
-3.704100608825684038e+00
-4.916983604431152344e+00
-3.707882165908813477e+00
-3.551081418991088867e+00
-3.132668495178222656e+00
-2.836413860321044922e+00
-3.523892402648926225e+00
-3.094288349151611772e+00
-2.412563085556030273e+00
-2.212352752685546875e+00
-3.347781419754028320e+00
-2.083805084228516069e+00
-2.860932350158691406e+00
-1.616553187370300293e+00
-9.964816570281982422e-01
-8.491441607475280762e-01
-1.407976508140563965e+00
-7.338365912437438965e-01
-6.414239406585693359e-01
-2.528471648693085272e-01
7.777766585350036621e-01
6.714959442615509033e-02
9.339507669210433960e-02
-2.292052060365676880e-01
-1.900408864021301270e-01
-2.477650493383407870e-01
-5.912613272666931152e-01
-3.341324329376221258e-01
-6.658216714859008789e-01
-4.048224687576293945e-01
-4.465534389019013006e-01
-7.228147387504577637e-01
-8.478584885597229004e-01
-1.360743045806884766e+00
-1.182218909263610840e+00
-6.488976478576660156e-01
-1.253659725189208984e+00
-2.207092523574829102e+00
-3.319319963455200195e+00
-3.409463167190552202e+00
-3.868274688720703125e+00
-2.926628112792968750e+00
-2.420324325561523438e+00
-2.101923942565918413e+00
-2.786075115203857422e+00
-3.519411087036133257e+00
-4.245547771453856534e+00
-3.445728778839111772e+00
-4.096726417541503906e+00
-3.674859762191772905e+00
-3.384826660156250000e+00
-2.865602016448974609e+00
-2.460527896881103516e+00
-1.923843622207641602e+00
-2.729434490203857422e+00
-1.960786223411560059e+00
-2.002453088760375977e+00
-1.318188071250915527e+00
-6.697269082069396973e-01
-1.228975951671600481e-01
-1.470223784446716309e+00
-4.553970396518707275e-01
1.027032360434532304e-01
1.116495132446289062e+00
2.312766075134277344e+00
2.333942413330078125e+00
1.087723970413208008e+00
2.190383911132812500e+00
1.525364398956298828e+00
1.738614082336425781e+00
1.678012847900390625e+00
2.791752099990844727e+00
2.431976318359375000e+00
3.195309877395629883e+00
3.218174219131469727e+00
2.865684986114501953e+00
3.687610864639281782e+00
4.271323680877685547e+00
5.622934341430664062e+00
5.768877983093262607e+00
5.414742469787597656e+00
6.318372726440429688e+00
6.704168319702147549e+00
6.976012706756592685e+00
5.904998302459717685e+00
5.478007316589356357e+00
5.337779521942138672e+00
5.531813144683837891e+00
4.242864608764647549e+00
2.910633325576782227e+00
3.958427906036376953e+00
4.687500476837158203e+00
4.898464679718018466e+00
4.693227767944335938e+00
4.147437095642089844e+00
3.479124307632446289e+00
9.815395474433900036e-01
1.710709929466247559e-01
5.727325081825256348e-01
-7.390893697738647461e-01
-8.834306150674819946e-02
-7.088802456855773926e-01
-1.668776273727416992e+00
-1.262144893407821378e-01
-1.357969284057617188e+00
-2.852693557739258257e+00
-1.837160468101501243e+00
-4.649115562438964844e+00
-5.099675178527832031e+00
-5.509815692901611328e+00
-5.574210643768311435e+00
-7.266250610351561612e+00
-8.407205581665039062e+00
-9.345946311950683594e+00
-1.057895278930664062e+01
-9.011863708496093750e+00
-7.555255889892577237e+00
-9.017916679382324219e+00
-1.164754295349121271e+01
-1.441270446777343750e+01
-1.315278720855712713e+01
-1.191626834869384766e+01
-1.419063854217529297e+01
-1.318211936950683594e+01
-1.329239082336425781e+01
-1.222480297088623047e+01
-1.112864494323730469e+01
-1.223150825500488459e+01
-1.302144432067871271e+01
-1.366098403930664062e+01
-1.519819450378417969e+01
-1.432311344146728516e+01
-1.410926342010498047e+01
-1.357414436340332031e+01
-1.289163970947265447e+01
-1.339346218109130682e+01
-1.317675304412841797e+01
-1.312683010101318537e+01
-1.398820781707763494e+01
-1.506723976135253906e+01
-1.489938354492187500e+01
-1.510829353332519531e+01
-1.596326541900634766e+01
-1.528890514373779297e+01
-1.291962623596191406e+01
-1.389509391784667969e+01
-1.396033096313476562e+01
-1.523576068878173828e+01
-1.570680522918701172e+01
-1.475616073608398438e+01
-1.347873973846435547e+01
-1.486549663543701172e+01
-1.591496372222900568e+01
-1.651640701293945312e+01
-1.794957542419433594e+01
-1.858893966674804688e+01
-1.884673500061035156e+01
-1.888981628417968750e+01
-1.605530548095702770e+01
-1.803816032409667969e+01
-1.673817443847656250e+01
-1.687530136108398438e+01
-1.744403076171875000e+01
-1.634987831115722656e+01
-1.688875389099121094e+01
-1.719553947448730469e+01
-1.772177314758300781e+01
-1.864317131042480469e+01
-1.814881134033203125e+01
-1.676647758483886719e+01
-1.665071487426757812e+01
-1.722052383422851562e+01
-1.707686424255371094e+01
-1.556580543518066406e+01
-1.603499984741210938e+01
-1.507410240173339844e+01
-1.155855274200439453e+01
-7.040475845336914062e+00
-5.568957805633544922e+00
-5.067246913909912109e+00
-1.735932111740112305e+00
-2.216984748840332031e+00
-1.064796209335327148e+00
2.945377588272094727e+00
6.308275699615479404e+00
5.668239593505858487e+00
9.249618530273437500e+00
9.510110855102539062e+00
7.778750419616699219e+00
8.236897468566894531e+00
1.289517879486083984e+01
1.238116550445556463e+01
1.191212081909179510e+01
1.573769760131835938e+01
1.801585388183593395e+01
1.602487754821777344e+01
1.586645030975341797e+01
1.808315658569335938e+01
1.817341995239257457e+01
1.712788391113281250e+01
1.821585464477539062e+01
1.862557220458984375e+01
1.906184387207031250e+01
1.859672927856445312e+01
2.213224792480468750e+01
2.149887657165527344e+01
1.917504692077636719e+01
2.047516822814941406e+01
1.777819061279296875e+01
1.596709632873535156e+01
1.361391639709472656e+01
1.208504199981689453e+01
1.482825565338134766e+01
1.627577972412109730e+01
1.634656715393066406e+01
1.554236793518066406e+01
1.288706684112548828e+01
1.216640758514404475e+01
1.066394233703613281e+01
1.063413143157958984e+01
1.070294666290283203e+01
1.017185974121093750e+01
9.454960823059082031e+00
1.021222019195556641e+01
1.056124687194824219e+01
1.186111545562743963e+01
9.897489547729492188e+00
5.616902828216552734e+00
4.583699226379394531e+00
6.062425136566162109e+00
6.934283733367919922e+00
8.529444694519042969e+00
1.040783309936523438e+01
8.054038047790527344e+00
9.174439430236816406e+00
6.199487686157227451e+00
3.296697616577148438e+00
6.218821525573730469e+00
6.949210643768311435e+00
3.978616714477538618e+00
3.045093059539794922e+00
3.713837146759033203e+00
1.927409529685973899e+00
1.004171371459960938e+00
2.994424581527709961e+00
3.516542434692383257e+00
1.282356262207031250e+00
-7.571683526039123535e-01
-3.388573884963989258e+00
-4.282606601715087891e+00
-5.178072929382324219e+00
-3.810315370559692827e+00
-2.562546491622924805e+00
-4.216473579406738281e+00
-2.663215160369873047e+00
-4.478097707033156655e-02
-9.934452176094056286e-01
-3.607745647430419922e+00
-3.434678554534912109e+00
-3.482197046279907227e+00
-5.874965667724608487e+00
-5.812930583953857422e+00
-6.634044170379638672e+00
-6.055814266204833984e+00
-3.031351804733276367e+00
-2.402352094650268999e+00
-3.420304775238037109e+00
-3.093021392822265625e+00
-1.057820439338684082e+00
-1.067300885915756226e-01
-1.382091522216796875e+00
-2.200711727142333984e+00
-3.898524045944213867e+00
-6.406931877136231357e+00
-3.957084178924560991e+00
-4.475015163421630859e+00
-4.197885036468506748e+00
-4.851393699645996094e+00
-8.298516273498535156e+00
-7.076501846313477451e+00
-5.841190338134766513e+00
-1.677164316177368164e+00
-3.132171630859375000e+00
-4.222907066345214844e+00
-6.159044265747070312e+00
-5.827148437500000000e+00
-5.452410697937011719e+00
-8.022809028625486505e+00
-7.262707233428955078e+00
-7.323380470275878906e+00
-4.243949413299560547e+00
-2.261655092239379883e+00
-3.058827161788940430e+00
-4.916014194488525391e+00
-7.557982921600342685e+00
-8.970271110534667969e+00
-9.199503898620603692e+00
-7.867663860321044922e+00
-6.871619224548339844e+00
-6.352532863616942471e+00
-6.188731193542480469e+00
-6.997733592987060547e+00
-6.467966556549072266e+00
-8.856420516967773438e+00
-9.875912666320800781e+00
-1.059355068206787287e+01
-1.082859230041503906e+01
-1.054442310333251953e+01
-1.175170230865478516e+01
-1.283499431610107422e+01
-1.301185035705566406e+01
-1.284418392181396484e+01
-1.459173393249511541e+01
-1.300486564636230469e+01
-1.351003646850585938e+01
-1.202842044830322443e+01
-9.757187843322753906e+00
-9.283290863037109375e+00
-6.846339225769042969e+00
-6.185162544250487393e+00
-8.328231811523437500e+00
-7.732336521148682529e+00
-7.900360107421875000e+00
-8.030063629150388849e+00
-8.301983833312986505e+00
-8.359425544738769531e+00
-7.549282550811767578e+00
-6.765991687774657315e+00
-6.141072750091552734e+00
-6.171279430389403409e+00
-6.742831230163574219e+00
-7.911254882812500000e+00
-7.455061912536621094e+00
-6.283374786376952237e+00
-4.235091686248778409e+00
-4.885085105895996094e+00
-6.651302814483642578e+00
-7.836535930633544922e+00
-8.071125030517576349e+00
-1.065646743774414062e+01
-1.132899093627929510e+01
-1.138017177581787287e+01
-8.275742530822753906e+00
-7.386118412017822266e+00
-6.609429359436035156e+00
-5.836800575256347656e+00
-6.491917133331298828e+00
-6.807419776916503906e+00
-6.092794418334960938e+00
-6.512738704681396484e+00
-7.527912139892577237e+00
-7.085631847381592685e+00
-5.315289974212647373e+00
-4.802224159240722656e+00
-7.322275161743164062e+00
-7.113320827484130859e+00
-6.578328609466552734e+00
-6.916820526123047763e+00
-7.522928237915039062e+00
-7.583764076232910156e+00
-8.256993293762207031e+00
-9.047602653503417969e+00
-8.437557220458982599e+00
-6.741925716400146484e+00
-6.834897041320800781e+00
-7.095250129699707031e+00
-6.171522617340087891e+00
-5.246765136718750000e+00
-4.837853431701660156e+00
-4.742712020874023438e+00
-5.081903934478759766e+00
-5.375152587890625000e+00
-6.152533531188964844e+00
-6.257619857788085938e+00
-6.043827056884766513e+00
-6.291307449340820312e+00
-5.973788261413574219e+00
-7.267612934112548828e+00
-8.413585662841798651e+00
-7.584088802337646484e+00
-6.123258113861083984e+00
-6.106791496276856357e+00
-5.032285213470458984e+00
-4.848708629608153409e+00
-3.170530080795288086e+00
-2.123832941055298296e+00
-4.947935342788695734e-01
-2.853241920471191406e+00
-3.115061283111572266e+00
-1.940281391143798828e+00
-9.521574974060059704e-01
-4.207285046577453613e-01
-3.482957780361175537e-01
-4.599811434745789129e-01
-2.048295587301254550e-01
6.560949981212615967e-02
2.806996367871761322e-02
1.016450047492980957e+00
1.126324415206909180e+00
1.444930911064148171e+00
2.103889465332031250e+00
2.152902126312255859e+00
2.320861577987670898e+00
3.065769433975220171e+00
3.634967565536498579e+00
4.565880298614501953e+00
5.047088623046875000e+00
5.472353935241699219e+00
5.316066741943358487e+00
4.846684932708740234e+00
4.484755039215087891e+00
4.800354957580566406e+00
4.922986984252929688e+00
4.433090686798096591e+00
5.220638751983643466e+00
5.138667106628417969e+00
5.663537979125977451e+00
5.892440795898437500e+00
6.036172866821289062e+00
6.426171302795410156e+00
5.405583858489990234e+00
5.919744968414307529e+00
5.351844310760498047e+00
5.405251026153564453e+00
4.963063716888427734e+00
4.802673339843750000e+00
4.711493968963623047e+00
5.304935455322266513e+00
5.174405097961425781e+00
5.912751197814941406e+00
5.560651302337647373e+00
6.022330284118652344e+00
5.035604476928710938e+00
4.742670536041259766e+00
4.241384506225586826e+00
3.831639528274536133e+00
4.507970333099365234e+00
3.893836259841918945e+00
3.956473827362060991e+00
4.447935581207275391e+00
3.769344568252563921e+00
3.134530782699584961e+00
2.199574708938598189e+00
1.646437048912048340e+00
1.464867949485778809e+00
1.355984568595886230e+00
1.071149349212646484e+00
8.429380059242248535e-01
6.156570911407470703e-01
1.257801771163940430e+00
5.822448730468750000e-01
1.072442889213562012e+00
2.949710786342620850e-01
-2.968247830867767334e-01
1.200420707464218001e-01
-1.127613186836242898e+00
-4.501439332962036133e-01
-3.326433002948760986e-01
-4.677263796329497736e-01
-3.086427152156829834e-01
-3.962448835372924805e-01
-2.969350814819335938e-01
-1.048884153366088867e+00
-1.273863077163696289e+00
-2.837974786758423296e+00
-1.628769159317016602e+00
-1.813129544258117676e+00
-1.392341256141662598e+00
-1.672341465950012207e+00
-1.704058885574340820e+00
-1.628664016723632812e+00
-1.367846488952636719e+00
-2.195461273193359819e+00
-2.137981176376342773e+00
-2.464368343353271484e+00
-2.709418773651123047e+00
-2.361806631088256836e+00
-3.282371520996093750e+00
-2.520908117294311523e+00
-2.461262941360473633e+00
-2.126130342483520508e+00
-1.670296788215637207e+00
-1.976854443550109641e+00
-8.549983501434326172e-01
-1.488358378410339355e+00
-1.305441260337829590e+00
-1.100519776344299094e+00
-1.468346118927001953e+00
-1.088162064552307129e+00
1.350872516632080078e-01
-1.680396199226379395e-01
-1.443253308534622192e-01
6.354760527610778809e-01
-2.038101479411124836e-02
1.181790113449096902e+00
3.974097669124603271e-01
1.648067235946655273e-01
-4.939908981323242188e-01
6.047292947769165039e-01
4.022776782512664795e-01
4.089925289154052734e-01
6.588523387908935547e-01
8.859522640705108643e-02
2.182020246982574463e-01
-8.779297024011611938e-02
7.038695812225341797e-01
-1.116744205355644226e-01
7.161264419555664062e-01
4.134149253368377686e-01
7.085415124893188477e-01
8.062595129013061523e-01
1.091795325279235840e+00
8.446659445762634277e-01
-2.654800117015838623e-01
7.245846986770629883e-01
8.718137145042419434e-01
1.139525532722473145e+00
5.850676894187927246e-01
9.736365079879759632e-01
6.216102242469787598e-01
-3.742386698722839911e-01
3.367420434951782227e-01
-2.536314427852630615e-01
-6.155964136123657227e-01
-5.713075399398803711e-01
-7.543440908193586869e-02
-9.082499742507935681e-01
-1.739991545677185059e+00
-1.593768358230590820e+00
-1.215921901166439056e-02
-1.511172413825988770e+00
-2.307428121566772461e+00
-1.554663777351379395e+00
-1.535352826118469238e+00
-7.046095728874206543e-01
-3.364522457122802734e-01
-8.434256315231323242e-01
-1.273515820503234863e+00
-1.881947159767150879e+00
-1.092270016670227051e+00
-1.622340559959411621e+00
-1.698076844215393066e+00
-2.172437191009521040e+00
-2.770688772201538086e+00
-2.775525331497192383e+00
-2.287659883499145064e+00
-3.530656337738037109e+00
-2.774739742279052734e+00
-3.558530092239379883e+00
-3.981792688369751421e+00
-3.563024282455444336e+00
-3.684223175048828125e+00
-3.170772552490234375e+00
-3.052638769149780273e+00
-3.037174940109252930e+00
-2.328391313552856445e+00
-2.819589614868163618e+00
-2.454392194747924805e+00
-3.324277639389038086e+00
-4.317738056182861328e+00
-4.338915348052978516e+00
-3.981989622116088867e+00
-4.211784839630126953e+00
-4.699932098388671875e+00
-4.626555919647216797e+00
-4.666873455047606534e+00
-4.747853279113769531e+00
-3.918124675750732866e+00
-3.542525529861450195e+00
-3.735308647155761719e+00
-4.227685451507568359e+00
-4.357046127319336826e+00
-4.031668663024901456e+00
-3.230250597000122070e+00
-2.910230875015258789e+00
-2.963934183120727539e+00
-4.176223278045653409e+00
-3.943568944931030273e+00
-4.775792121887207031e+00
-4.238430023193358487e+00
-3.892974853515625000e+00
-3.913238286972046343e+00
-3.558527469635009766e+00
-4.001152515411376953e+00
-3.385179519653320312e+00
-3.530656337738037109e+00
-4.092702865600586826e+00
-3.778797626495360884e+00
-4.136960983276366299e+00
-3.234120368957519531e+00
-3.608669996261596680e+00
-4.171381473541259766e+00
-4.365484714508056641e+00
-4.239177703857421875e+00
-4.173776149749756748e+00
-3.999615430831908736e+00
-4.260363578796386719e+00
-3.841097831726073775e+00
-2.805003643035888672e+00
-1.905310153961181641e+00
-2.203048944473266602e+00
-2.925015687942504883e+00
-2.716910600662231445e+00
-2.750398635864258257e+00
-2.394443511962890181e+00
-2.250208139419556108e+00
-1.920275568962096724e+00
-2.176908254623413086e+00
-2.364000558853149414e+00
-2.158279418945312500e+00
-1.320330262184143066e+00
-1.086582183837890625e+00
-7.569198608398437500e-01
-2.124368190765380859e+00
-1.552970051765441895e+00
-1.921811461448669212e+00
-1.248897075653076172e+00
-1.411345362663269043e+00
-1.062391638755798340e+00
-9.948316812515259899e-01
-1.318506479263305664e+00
-1.238307237625122070e+00
-1.282728552818298340e+00
-1.651294946670532227e+00
-2.005864143371581587e+00
-1.793968200683593750e+00
-1.938632249832153098e+00
-2.271980285644531250e+00
-2.877628803253173828e+00
-2.590769052505493164e+00
-2.291350126266479492e+00
-2.510977029800415039e+00
-2.853897094726562500e+00
-2.844414234161376953e+00
-2.894315719604491743e+00
-2.901569128036498579e+00
-2.995845079421997070e+00
-3.532275438308716264e+00
-2.933936834335326704e+00
-2.652319431304932085e+00
-2.488923072814941406e+00
-2.144754886627197266e+00
-1.610093474388122559e+00
-1.042461156845092773e+00
-1.213060140609741211e+00
-2.096183061599731445e+00
-1.899189949035644309e+00
-1.989011287689208984e+00
-1.797058701515197754e+00
-2.020523309707641602e+00
-1.618537068367004395e+00
-1.276411890983581543e+00
-1.549975514411926492e+00
-1.453978419303894043e+00
-9.276749491691588245e-01
-8.773461580276489258e-01
7.661137729883193970e-02
4.349155724048615057e-01
3.475541770458220880e-01
-3.291219174861907959e-01
-6.457539796829223633e-01
-2.117814570665359497e-01
-2.750626299530268149e-03
6.026083827018737793e-01
8.241815567016601562e-01
1.150330007076263567e-01
-1.221103519201278687e-01
-5.984311103820800781e-01
-2.410706281661987582e-01
-6.871982663869857788e-02
-7.120734453201293945e-02
-5.658216476440429688e-01
-1.442843198776245117e+00
-9.712623357772828259e-01
-4.825142621994018000e-01
5.329272150993347168e-01
2.108095735311507901e-01
-1.895327866077423096e-01
-2.512257695198059082e-01
-6.704910397529602051e-01
-1.010280966758728027e+00
-5.446354150772094727e-01
-4.744351506233214777e-01
1.053799018263816695e-01
-3.927479386329650879e-01
2.187359333038330078e-01
3.359938561916351318e-01
-6.056298688054084778e-02
-8.637481927871704102e-01
-1.308680415153503418e+00
-2.081904888153075728e+00
-2.640643835067749023e+00
-2.906563758850097656e+00
-2.562835216522216797e+00
-1.995207905769347922e+00
-2.332339525222778320e+00
-2.402267932891845703e+00
-3.062896966934203657e+00
-2.854731798171997070e+00
-3.142309427261352539e+00
-2.548230648040771484e+00
-2.370370149612426758e+00
-2.512700080871582031e+00
-2.430172920227050781e+00
-3.665587186813354492e+00
-3.223774671554564986e+00
-2.780273199081420898e+00
-2.658869504928588867e+00
-3.002926349639892578e+00
-3.176310062408447710e+00
-2.919828891754150391e+00
-3.028134584426879883e+00
-2.895769357681274414e+00
-2.318520069122314453e+00
-2.601182699203490767e+00
-1.954981446266174316e+00
-2.351747989654541016e+00
-2.364016294479370117e+00
-1.475362300872802734e+00
-2.117753028869629350e+00
-3.605925798416137695e+00
-3.819189310073852983e+00
-4.401806354522705078e+00
-4.333213329315185547e+00
-4.287585735321044922e+00
-3.426721572875977007e+00
-3.381136655807495117e+00
-2.361681938171386719e+00
-2.298964500427246094e+00
-2.845818758010864258e+00
-2.384809017181396484e+00
-2.555981874465942383e+00
-3.349398612976073775e+00
-3.670841455459594282e+00
-3.134479522705078125e+00
-2.204744577407836914e+00
-2.857971668243408203e+00
-1.862312197685241699e+00
-2.544601678848266602e+00
-2.800179481506348100e+00
-2.168756723403930664e+00
-1.660885453224181907e+00
-1.545250892639160156e+00
-1.543695807456970215e+00
-1.556659579277038574e+00
-7.930810451507568359e-01
-1.029076695442199707e+00
-4.213865101337432861e-01
-4.805617630481720526e-01
-1.164486050605774148e+00
-4.494128227233887274e-01
-7.620093226432800293e-01
-1.832293748855590820e+00
-1.196380257606506348e+00
-1.329519391059875710e+00
-1.836521983146667703e+00
-2.228617906570434570e+00
-1.683391809463500977e+00
-1.591678261756896973e+00
-1.887231469154358132e+00
-1.650886774063110352e+00
-2.305305242538451704e+00
-2.090652942657470703e+00
-2.653156042098999023e+00
-2.711679458618164062e+00
-1.751063704490661621e+00
-1.308203697204589844e+00
-3.436551332473754883e+00
-3.950677871704101562e+00
-3.886911869049071822e+00
-3.516655921936035156e+00
-3.069639205932616743e+00
-2.639059066772460938e+00
-2.397202968597412109e+00
-1.929905176162719949e+00
-1.633065938949584961e+00
-1.474874734878540039e+00
-2.034252643585205078e+00
-1.716110467910766602e+00
-7.559906840324401855e-01
-5.798943042755126953e-01
-1.505612581968307495e-01
8.222966790199279785e-01
8.198323845863342285e-01
2.021131038665771484e+00
8.869907855987548828e-01
1.849751472473144531e-01
8.487221598625183105e-02
3.356693387031555176e-01
5.613256096839904785e-01
5.844675302505493164e-01
4.529143273830413818e-01
3.160209655761718750e-01
4.168080985546112061e-01
1.132028818130493164e+00
9.579194784164427601e-01
1.205346822738647683e+00
1.003682971000671387e+00
9.706203341484069824e-01
7.442997694015502930e-01
8.070470094680786133e-01
4.362929165363311768e-01
-2.861378788948059082e-01
-7.477236986160278320e-01
-3.771169185638427734e-01
-4.202653467655181885e-01
1.885640323162078857e-01
-3.072934746742248535e-01
-3.800674378871917725e-01
-7.156271934509277344e-01
-1.576699137687683105e+00
-8.936985731124877930e-01
-1.181174159049987793e+00
-1.940513014793395996e+00
-1.618970036506652832e+00
-3.181034326553344727e+00
-3.554100513458251953e+00
-3.343083620071411133e+00
-2.474155902862548828e+00
-2.918415069580078125e+00
-3.381369352340698242e+00
-3.376276731491088867e+00
-3.692810058593750000e+00
-4.056324958801269531e+00
-4.098295211791991299e+00
-3.486189365386962891e+00
-2.245578289031982422e+00
-2.470170021057128906e+00
-2.043006420135498047e+00
-3.455631494522094727e+00
-3.720977306365966797e+00
-3.494192361831665039e+00
-3.088052034378052202e+00
-2.226137399673461914e+00
-2.321759462356567383e+00
-2.780174016952514204e+00
-2.046320438385009766e+00
-2.045904636383056641e+00
-1.538685202598571777e+00
-1.704529881477355957e+00
-1.977641105651855691e+00
-1.791508555412292480e+00
-2.213078498840332031e+00
-1.987803578376770020e+00
-3.030237913131713867e+00
-3.032491445541381836e+00
-2.975884199142456055e+00
-3.580986261367798296e+00
-2.857127666473388672e+00
-2.201933860778808594e+00
-2.857757091522216797e+00
-1.788794398307800293e+00
-2.112638950347900391e+00
-3.045452594757080078e+00
-3.113403320312500000e+00
-3.378144979476928711e+00
-3.527018547058105025e+00
-4.130949020385741299e+00
-4.093498229980468750e+00
-3.759916305541991743e+00
-3.452185630798339844e+00
-2.734143018722534180e+00
-2.263603448867798296e+00
-2.806752204895019531e+00
-2.247818470001220703e+00
-1.664302945137024148e+00
-1.571100950241088867e+00
-1.672834038734436035e+00
-1.149954319000243919e+00
-1.055145263671875000e+00
-4.426155686378479004e-01
-9.250270128250122070e-01
-1.043404340744018555e+00
-9.643294215202331543e-01
-9.618315100669859730e-01
-2.551857829093933105e-01
4.172303378582000732e-01
5.577056407928466797e-01
1.617228031158447266e+00
1.053714394569396973e+00
7.799830436706542969e-01
-3.075787127017974854e-01
4.523326829075813293e-02
3.075669407844543457e-01
2.857520878314971924e-01
5.234803557395935059e-01
2.307365536689758578e-01
1.635749697685241699e+00
1.632027983665466309e+00
7.885623574256896973e-01
7.944765686988830566e-01
2.310078740119934082e-01
4.103690385818481445e-01
1.018425464630127175e+00
1.227011322975158691e+00
1.626482009887695090e+00
1.812019228935241699e+00
2.916575193405151811e+00
2.514790534973144531e+00
1.273217678070068359e+00
1.917529344558716042e+00
2.679597139358520508e+00
1.973740816116333008e+00
1.173680782318115234e+00
1.239355683326721191e+00
8.386021256446838379e-01
1.153383255004882812e+00
1.348129034042358398e+00
1.662617206573486328e+00
1.084544420242309570e+00
1.148450136184692383e+00
3.241674602031707764e-01
6.914616227149963379e-01
5.708936452865600586e-01
3.524746596813201904e-01
4.680293500423431952e-01
8.478468656539916992e-01
2.288886457681655884e-01
-4.959472417831420898e-01
-1.780107021331787109e-01
9.447260200977324052e-02
-3.568503260612487793e-01
-3.208026885986328125e-01
-7.710880637168884277e-01
-5.161744356155395508e-01
-6.612459421157836914e-01
-1.787210345268249512e+00
-2.084761619567870650e+00
-1.989629268646240012e+00
-2.049909591674804688e+00
-2.613750934600830078e+00
-2.174792766571044922e+00
-2.225903272628784180e+00
-1.987541317939758301e+00
-1.714348554611206055e+00
-1.565799236297607422e+00
-1.720607161521911621e+00
-1.667240262031555176e+00
-2.179827213287353072e+00
-2.117231369018554688e+00
-1.959503889083862305e+00
-2.538419961929321289e+00
-1.662125706672668457e+00
-1.286151885986327903e+00
-3.296295404434204102e-01
-4.422083795070648193e-01
-1.261393427848815918e-01
-6.146761178970336914e-01
8.679161071777343750e-01
4.528010189533234198e-01
3.430790305137634277e-01
-9.814053028821943803e-02
9.090132266283036666e-02
2.259284406900405884e-01
-1.445493102073669434e-01
3.922750055789948065e-01
9.355996847152709961e-01
3.029151558876037598e-01
1.582223623991012573e-01
3.675323724746704102e-01
5.074235796928405762e-01
4.590620398521422785e-01
6.909856200218200684e-01
4.141273498535156250e-01
7.277050614356994629e-01
8.224040269851684570e-01
9.244124293327331543e-01
1.256602406501769742e-01
5.570546984672546387e-01
4.547479748725891113e-01
-7.848354578018188477e-01
-4.880243241786956787e-01
-8.690646886825561523e-01
-8.435555696487426758e-01
-3.608007431030273438e-01
-8.489625453948974609e-01
-9.325437545776368298e-01
-4.896664321422576904e-01
-3.074572980403900146e-01
-1.955649256706237515e-01
2.629497349262236994e-01
-1.721265614032745361e-01
-3.302150070667266846e-01
-3.512481153011322021e-01
-4.586198925971984863e-01
-6.366763114929199219e-01
3.842413425445556641e-02
-6.183270812034606934e-01
-5.702647194266318581e-02
1.997012048959732056e-01
-8.157337307929992676e-01
7.034735381603240967e-02
4.310157895088195801e-01
4.629988372325897217e-01
-2.521264553070068359e-01
-2.324558496475220004e-01
-3.092013001441956122e-01
-2.260649949312210083e-01
-4.728375375270844061e-01
-3.729910254478455145e-01
-1.971362680196762085e-01
-6.600636243820190430e-01
-1.096770167350769043e+00
-1.943002492189407626e-01
3.961587250232697088e-01
1.424248516559600830e-01
-3.838805854320526123e-01
-6.110148429870605469e-01
-4.063393473625183105e-01
-2.992311865091323853e-02
-2.153161168098449429e-01
-2.157900482416152954e-01
-9.020562469959260421e-02
5.092926621437072754e-01
3.203208744525908869e-01
3.638973832130432129e-01
-1.243474334478378435e-01
6.305328011512756348e-02
7.758166790008544922e-01
9.004981517791748047e-01
2.477273643016814908e-01
-3.486133515834808350e-01
-1.681080460548400879e-01
8.332952857017517090e-02
-7.182680368423461914e-01
-7.460271716117858887e-01
-5.024478435516357422e-01
-3.563600182533264160e-01
-4.007991552352905273e-01
-4.492931813001633384e-02
-3.816364407539368231e-01
4.023856222629547119e-01
5.246198773384094238e-01
3.714721202850341797e-01
4.294250011444091797e-01
7.338336855173110962e-02
6.706788390874862671e-02
2.454398721456527988e-01
4.738917201757431030e-02
-1.625411361455917636e-01
-4.179528951644897461e-01
-4.030401110649108887e-01
-3.780560195446014404e-01
6.570277810096740723e-01
2.680457197129726410e-02
1.229284778237342696e-01
2.363284379243850986e-01
1.211297735571861267e-01
9.375244975090027966e-01
1.058920621871948242e+00
1.174042701721191406e+00
1.627266526222229004e+00
9.535424709320068359e-01
6.465702056884765625e-01
1.522121310234069824e+00
1.141442656517028809e+00
7.272394299507141113e-01
9.115446209907531738e-01
8.403836488723754883e-01
6.941689848899841309e-01
1.086480975151062012e+00
7.537234425544738770e-01
7.607355117797851562e-01
8.419845104217529297e-01
9.934812188148499645e-01
1.658351778984069824e+00
1.313807487487792969e+00
1.720383763313293679e+00
1.599452137947082297e+00
1.030688405036926492e+00
5.542407035827636719e-01
3.948258459568024237e-01
6.498017907142639160e-01
7.749119997024536133e-01
4.903906583786010742e-01
2.400225698947906494e-01
6.860440969467163086e-02
-5.210671573877335289e-02
-1.876775324344635010e-01
-1.005357384681701660e+00
-1.293244719505310059e+00
