3.179120540618896484e+00
3.145350933074951172e+00
3.102095603942871094e+00
3.063157796859741211e+00
3.037484645843506303e+00
3.002310276031493697e+00
2.962273120880126953e+00
2.924233675003052202e+00
2.893865823745727539e+00
2.862065792083739790e+00
2.831978321075439453e+00
2.804079771041870117e+00
2.771591901779174805e+00
2.733507394790649414e+00
2.694209814071655718e+00
2.670145273208618164e+00
2.637899637222290039e+00
2.593775272369384766e+00
2.553323268890380859e+00
2.532743692398071733e+00
2.531617164611816406e+00
2.489633798599243164e+00
2.456519603729248047e+00
2.396304845809936523e+00
2.273670196533203125e+00
2.253098964691162109e+00
2.239652156829833984e+00
2.231580495834350586e+00
2.236458778381348100e+00
2.208493709564208984e+00
2.186173677444458008e+00
2.185267210006714311e+00
2.149733304977416992e+00
2.128725767135620117e+00
2.103865623474120650e+00
2.073402643203735796e+00
2.091707229614258257e+00
2.091099262237549272e+00
2.050466299057006836e+00
1.996145129203796387e+00
1.934851408004760742e+00
2.063416004180908203e+00
2.039798974990844727e+00
1.760439634323119895e+00
1.767452120780944824e+00
1.782307505607604980e+00
1.814767718315124290e+00
1.834641456604004128e+00
1.856878995895385520e+00
1.865667581558227539e+00
1.840732097625732422e+00
1.850035429000854492e+00
1.848752856254577637e+00
1.840011000633239968e+00
1.828710436820984109e+00
1.826575636863708496e+00
1.821359515190124290e+00
1.816021084785461204e+00
1.824935913085937278e+00
1.814098954200744851e+00
1.816523075103759988e+00
1.821031808853149192e+00
1.822978854179382324e+00
1.806781530380249023e+00
1.808947801589965598e+00
1.786137938499450906e+00
1.792351841926574707e+00
1.791402697563171387e+00
1.773835420608520508e+00
1.766497135162353516e+00
1.768758773803710938e+00
1.776122808456420898e+00
1.774808764457702637e+00
1.761681199073791504e+00
1.763219594955444336e+00
1.755985856056213379e+00
1.755654931068420410e+00
1.746879339218139648e+00
1.748411655426025391e+00
1.746760368347168191e+00
1.743387103080749512e+00
1.738221764564514160e+00
1.740176677703857422e+00
1.731046676635742188e+00
1.728692889213561790e+00
1.732009530067443848e+00
1.724655270576476829e+00
1.696132659912109375e+00
1.695489406585693359e+00
1.697928428649902344e+00
1.692966103553771973e+00
1.689311981201172097e+00
1.698505401611327903e+00
1.696644544601440430e+00
1.684884786605834961e+00
1.683133721351623535e+00
1.679538726806640625e+00
1.676372408866882324e+00
1.674667000770568848e+00
1.669214963912964089e+00
1.658110857009887695e+00
1.648991107940673828e+00
1.631600260734558105e+00
1.637283921241760476e+00
1.626626849174499512e+00
1.625707507133484109e+00
1.630663871765136719e+00
1.626870870590209961e+00
1.637380242347717285e+00
1.606915593147277832e+00
1.614537954330444336e+00
1.620333790779113770e+00
1.611531496047973633e+00
1.607524156570434570e+00
1.590341687202453613e+00
1.565722227096557617e+00
1.553964376449584961e+00
1.546692609786987305e+00
1.515778899192810059e+00
1.493137598037719505e+00
1.490893602371215820e+00
1.481951713562011497e+00
1.473069071769714355e+00
1.461358070373535156e+00
1.453780889511108398e+00
1.447692275047302246e+00
1.446048617362975852e+00
1.443785071372985840e+00
1.437639355659484863e+00
1.429892182350158691e+00
1.436530709266662598e+00
1.427188396453857422e+00
1.389979362487792969e+00
1.386875271797180176e+00
1.378653526306152344e+00
1.370116472244262695e+00
1.351995229721069114e+00
1.350314617156982422e+00
1.348684549331665039e+00
1.323915243148803711e+00
1.310727477073669434e+00
1.250788688659667969e+00
1.225643515586853027e+00
1.198006987571716309e+00
1.156405687332153098e+00
1.119758009910583496e+00
1.078384637832641602e+00
1.062338709831237793e+00
1.051979899406432883e+00
1.023401498794555664e+00
1.030386686325073242e+00
1.045487284660339355e+00
1.033932685852050781e+00
1.024692296981811523e+00
1.031201958656310813e+00
1.032074809074402078e+00
1.015012264251709206e+00
1.026368141174316406e+00
9.937841296195983887e-01
9.656375646591187634e-01
9.641941785812377930e-01
9.519755840301513672e-01
9.269981384277343750e-01
8.912051916122436523e-01
8.447585701942443848e-01
8.156263828277587891e-01
7.790827155113220215e-01
7.640469074249267578e-01
7.527650594711303711e-01
7.025213837623596191e-01
6.776579022407531738e-01
6.412539482116699219e-01
6.315057277679443359e-01
6.348754763603210449e-01
6.515152454376220703e-01
6.611632108688354492e-01
6.885977387428283691e-01
7.153865694999694824e-01
7.355456948280334473e-01
7.463510036468505859e-01
7.673618793487548828e-01
7.736849188804626465e-01
7.850875854492187500e-01
8.239213824272155762e-01
8.332107067108154297e-01
8.642838597297668457e-01
8.753518462181091309e-01
9.449574947357177734e-01
1.006967663764953613e+00
1.074583768844604492e+00
1.133636474609375000e+00
1.196864724159240723e+00
1.273844242095947266e+00
1.352726817131042480e+00
1.405311822891235352e+00
1.483901619911193848e+00
1.539184689521789551e+00
1.616845011711120605e+00
1.649018406867980957e+00
1.716280937194824219e+00
1.828962326049804910e+00
1.926469683647155984e+00
2.058873176574706587e+00
2.142620563507080078e+00
2.213872432708739790e+00
2.304151535034180132e+00
2.384591579437255859e+00
2.418535947799682617e+00
2.459002256393432617e+00
2.474806070327759233e+00
2.491685867309570312e+00
2.458403825759888139e+00
2.431846141815185103e+00
2.356479406356811523e+00
2.295401096343994141e+00
2.195620059967041016e+00
2.095778465270995650e+00
1.978636384010314941e+00
1.828933119773864746e+00
1.712774157524108887e+00
1.569276809692382812e+00
1.429708719253540039e+00
1.296374320983886719e+00
1.122428059577942117e+00
9.517028331756591797e-01
7.699354290962219238e-01
6.137151122093200684e-01
4.901093244552611750e-01
3.554925620555877686e-01
2.368533909320831576e-01
1.017131730914116045e-01
-7.466554641723632812e-03
-5.888561904430388710e-02
-1.283524036407470703e-01
-1.710393428802490234e-01
-2.305622249841689786e-01
-2.603443562984466553e-01
-3.104612827301024836e-01
-3.642075359821320135e-01
-4.007415771484375000e-01
-4.514924883842468262e-01
-4.921164810657501221e-01
-4.772209823131560724e-01
-5.003101825714111328e-01
-4.932257533073424738e-01
-5.237148404121398926e-01
-5.206738114356994629e-01
-5.168450474739074707e-01
-5.283966660499572754e-01
-5.240503549575805664e-01
-5.456424951553344727e-01
-5.253182649612426758e-01
-5.247625112533569336e-01
-4.807191491127014160e-01
-4.142006039619445801e-01
-3.607064187526702881e-01
-2.760040462017059326e-01
-1.829662472009658813e-01
-1.041007712483406067e-01
-5.146834254264831543e-02
4.734422545880079269e-03
7.154352217912673950e-02
1.314642578363418579e-01
1.973554044961929321e-01
2.549904882907867432e-01
2.856644690036773682e-01
3.431954085826873779e-01
3.789185583591461182e-01
4.153092503547669012e-01
4.666318893432617188e-01
4.839204847812653143e-01
5.103102922439575195e-01
5.191259384155273438e-01
5.451897382736206055e-01
5.445871949195861816e-01
5.355169177055358887e-01
5.913202166557312012e-01
5.865364670753479004e-01
6.069851517677307129e-01
6.111187934875488281e-01
6.681491136550903320e-01
7.180715203285217285e-01
7.209701538085937500e-01
7.635030746459960938e-01
7.506902217864990234e-01
7.422317862510681152e-01
8.148016333580017090e-01
8.601675629615783691e-01
8.516246676445007324e-01
9.218925833702088513e-01
9.633240699768066406e-01
9.718614816665648304e-01
9.239442944526672363e-01
9.580084681510924183e-01
9.690381288528442383e-01
9.968525171279908337e-01
9.693383574485779919e-01
9.428132176399232067e-01
9.506661295890808105e-01
9.373897314071656384e-01
8.983022570610046387e-01
8.763622045516967773e-01
8.747382760047912598e-01
8.460346460342407227e-01
7.993679046630859375e-01
7.724812626838684082e-01
7.206553816795349121e-01
7.490900754928588867e-01
7.628727555274963379e-01
7.534983754158020020e-01
6.792640686035156250e-01
6.561947464942932129e-01
5.152212977409362793e-01
5.598021745681762695e-01
4.995940029621124268e-01
4.113204479217528742e-01
3.075392842292785645e-01
3.116701543331146240e-01
2.454587966203689575e-01
1.627598851919174194e-01
1.477487832307815552e-01
6.478726863861083984e-02
2.738146483898163189e-02
-8.553644642233848572e-03
-5.270043760538101196e-02
-2.138729952275753021e-02
-3.251504898071289062e-02
-1.125987991690635681e-02
4.499454423785209656e-02
1.170231029391288757e-01
2.317168265581130981e-01
3.011170327663421631e-01
3.109568059444427490e-01
3.865565061569213867e-01
4.115974903106689453e-01
4.551614820957183838e-01
4.788827896118164062e-01
5.188480019569396973e-01
5.621433854103088379e-01
6.398952007293701172e-01
7.407292127609252930e-01
7.927086949348449707e-01
8.937115073204040527e-01
9.264238476753235974e-01
9.813243746757508434e-01
1.056411981582641602e+00
1.164988160133361816e+00
1.251559019088745117e+00
1.291044950485229492e+00
1.377557396888732910e+00
1.473612546920776367e+00
1.578528523445129395e+00
1.703547239303588867e+00
1.803669929504394309e+00
1.901678085327148438e+00
1.976038455963134766e+00
2.083617925643920898e+00
2.281692981719970703e+00
2.425421714782714844e+00
2.537395000457764116e+00
2.623678684234619141e+00
2.685028553009033203e+00
2.779309511184692383e+00
2.800997018814086914e+00
2.833878278732299805e+00
2.845119714736938477e+00
2.773987531661987749e+00
2.789290189743041992e+00
2.681216239929199219e+00
2.579825878143310547e+00
2.506572484970092773e+00
2.418694972991943803e+00
2.364058017730712891e+00
2.222775697708129883e+00
2.081387042999268022e+00
1.937529206275939941e+00
1.744061589241027832e+00
1.612698793411254883e+00
1.506965637207031250e+00
1.380860805511474609e+00
1.280069947242736816e+00
1.164257645606994629e+00
1.139341354370117188e+00
1.050730228424072488e+00
1.022823691368103027e+00
1.019350767135619895e+00
8.856772780418395996e-01
7.196295857429504395e-01
5.551502108573913574e-01
4.241452515125274658e-01
3.046074509620666504e-01
1.711851656436920166e-01
1.356298662722110748e-02
-2.182983905076980868e-01
-3.854705691337585449e-01
-5.443012714385986328e-01
-7.109026908874511719e-01
-8.616492748260498047e-01
-9.509755969047546387e-01
-1.071948766708374023e+00
-1.189543008804321289e+00
-1.312749862670898438e+00
-1.472712516784668191e+00
-1.581991791725158691e+00
-1.673895716667175293e+00
-1.780024170875549094e+00
-1.844095230102539062e+00
-1.873904347419738770e+00
-1.884032487869262695e+00
-1.889664411544800027e+00
-1.952939867973328081e+00
-1.937692999839782715e+00
-1.873460412025452104e+00
-1.875121235847472700e+00
-1.915263533592223899e+00
-1.911004662513733132e+00
-1.924358487129211648e+00
-2.053813219070434570e+00
-2.131495714187621626e+00
-2.253839015960693359e+00
-2.352803230285644531e+00
-2.444184541702270508e+00
-2.609519243240356445e+00
-2.685958623886108398e+00
-2.690551280975341797e+00
-2.668378114700317383e+00
-2.620579481124877930e+00
-2.517567396163940430e+00
-2.454370737075805664e+00
-2.276717185974121094e+00
-2.163345813751220703e+00
-2.078470706939697266e+00
-2.000074625015259233e+00
-1.862799525260925293e+00
-1.714323878288269043e+00
-1.683151245117187500e+00
-1.583406567573547363e+00
-1.581138968467712402e+00
-1.497917771339416504e+00
-1.475566267967223899e+00
-1.531766295433044434e+00
-1.411507606506347656e+00
-1.437354445457458496e+00
-1.429216623306274414e+00
-1.425120711326599121e+00
-1.487844824790954590e+00
-1.433041691780090332e+00
-1.381773352622985840e+00
-1.382114410400390625e+00
-1.310293436050415039e+00
-1.290781497955322488e+00
-1.240745902061462402e+00
-1.223669052124023438e+00
-1.227380275726318359e+00
-1.257701516151428223e+00
-1.312679529190063699e+00
-1.245595812797546387e+00
-1.280659914016723633e+00
-1.262361764907836914e+00
-1.303869962692260742e+00
-1.300639510154723899e+00
-1.246505975723266602e+00
-1.151462316513061523e+00
-1.044177055358886719e+00
-9.920607209205628552e-01
-9.160655736923217773e-01
-8.318187594413757324e-01
-7.288420200347900391e-01
-6.154103875160217285e-01
-5.892581939697265625e-01
-5.124804973602294922e-01
-4.269483387470244806e-01
-3.826550245285034180e-01
-2.175741493701934814e-01
-1.381407231092453003e-01
-2.266654931008815765e-02
9.468435496091844039e-02
7.360856235027311845e-02
3.342373669147492149e-02
-6.398822367191314697e-02
-1.509278714656829834e-01
-2.636941969394683838e-01
-3.548151254653931219e-01
-4.143347442150115967e-01
-4.604349732398986816e-01
-5.030529499053955078e-01
-5.041977167129516602e-01
-5.305551290512084961e-01
-5.180429220199584961e-01
-6.201574206352233887e-01
-6.784520745277404785e-01
-6.586556434631347656e-01
-7.350062131881713867e-01
-8.140213489532470703e-01
-9.676979184150695801e-01
-1.078876852989196777e+00
-1.198446989059448242e+00
-1.374982118606567383e+00
-1.567588567733764648e+00
-1.801283001899719238e+00
-2.009086847305298296e+00
-2.227420091629028320e+00
-2.449131011962890181e+00
-2.659552335739136186e+00
-2.852228403091430664e+00
-2.976337194442748579e+00
-3.105036973953247070e+00
-3.171086072921752930e+00
-3.216553449630737305e+00
-3.219892263412476030e+00
-3.198902368545531782e+00
-3.283242940902709961e+00
-3.207724332809447798e+00
-3.076709032058716264e+00
-3.086928606033325195e+00
-2.934491872787476030e+00
-2.796362161636352539e+00
-2.737165927886962891e+00
-2.677665948867798296e+00
-2.695134162902832031e+00
-2.590991497039794922e+00
-2.508756637573241743e+00
-2.449113845825195757e+00
-2.397801160812377930e+00
-2.366670846939086914e+00
-2.336743831634521040e+00
-2.374618530273437056e+00
-2.241992950439453125e+00
-2.112021923065185103e+00
-1.997362375259399636e+00
-1.859132766723632812e+00
-1.593793034553527832e+00
-1.413008451461791992e+00
-1.246240377426147683e+00
-1.120634675025939941e+00
-1.029156088829040305e+00
-8.640262484550476074e-01
-7.207878828048706055e-01
-5.677200555801391602e-01
-4.845792651176453192e-01
-3.228196799755096436e-01
-2.311533391475676935e-01
-7.547326385974884033e-02
1.029822509735822851e-02
1.937006600201129913e-02
4.183511808514595032e-02
1.745366863906383861e-02
6.443320959806442261e-02
8.452768623828887939e-02
4.290824756026268005e-02
1.406490616500377655e-02
-4.394848272204398415e-02
-1.264282315969467163e-01
-1.814114302396774570e-01
-1.961853355169296542e-01
-2.880974113941193182e-01
-4.585804641246796209e-01
-4.721927344799041748e-01
-5.884792804718017578e-01
-6.398846507072448730e-01
-7.458505630493164062e-01
-7.871959209442138672e-01
-8.409177064895629883e-01
-9.288033246994019665e-01
-9.195282459259032093e-01
-1.009843587875366211e+00
-1.105944752693176492e+00
-1.168713927268981934e+00
-1.326134443283081055e+00
-1.378814220428466797e+00
-1.520023584365844727e+00
-1.585414409637451172e+00
-1.672621250152588113e+00
-1.827524781227112038e+00
-1.783185601234436035e+00
-1.941009640693664773e+00
-2.089818954467772993e+00
-2.155011415481567383e+00
-2.295638322830200195e+00
-2.309157371520996094e+00
-2.338590145111083984e+00
-2.283142805099487749e+00
-2.157296180725097656e+00
-2.170063734054564986e+00
-1.997723937034606934e+00
-1.910434722900390403e+00
-1.938481688499450906e+00
-1.821699976921081099e+00
-1.931650400161743164e+00
-1.853632092475891113e+00
-1.913047671318054421e+00
-1.993384838104248047e+00
-2.014369487762450728e+00
-2.081332921981811523e+00
-2.080957174301147461e+00
-2.250326156616210938e+00
-2.294785499572753906e+00
-2.360804080963134766e+00
-2.433417320251464844e+00
-2.365819454193115234e+00
-2.412783622741699219e+00
-2.343749523162841797e+00
-2.307599306106567383e+00
-2.247578859329224077e+00
-2.180985212326050249e+00
-2.105995416641235796e+00
-1.998635172843933105e+00
-1.871103525161743164e+00
-1.802408099174499512e+00
-1.736858010292053223e+00
-1.669757008552551270e+00
-1.616701841354369895e+00
-1.548827171325683594e+00
-1.484615206718444824e+00
-1.384474396705627441e+00
-1.281831741333007812e+00
-1.189786553382873535e+00
-1.164432644844055176e+00
-1.145494103431701660e+00
-1.078111290931701660e+00
-1.116891622543334961e+00
-1.058012366294860840e+00
-1.071142077445984109e+00
-1.058245182037353516e+00
-1.132662892341613770e+00
-1.215510249137878418e+00
-1.234304666519165039e+00
-1.307201385498046875e+00
-1.393752217292785645e+00
-1.605789184570312500e+00
-1.913001418113708496e+00
-2.131222963333129883e+00
-2.390223741531372070e+00
-2.558104753494262695e+00
-2.607342720031738281e+00
-2.801782846450805664e+00
-2.858788013458251953e+00
-3.015247583389282227e+00
-3.090040922164916992e+00
-3.162941455841064453e+00
-3.231612920761108398e+00
-3.270766735076904297e+00
-3.253224134445190430e+00
-3.229060411453247070e+00
-3.223447084426879883e+00
-3.158785343170166016e+00
-3.140025854110717773e+00
-3.136133193969726562e+00
-2.969841241836548296e+00
-2.935633659362792969e+00
-2.877069234848022461e+00
-2.725221395492553711e+00
-2.646611690521239790e+00
-2.466285228729248047e+00
-2.246970176696777344e+00
-2.364888429641724077e+00
-2.249727249145508257e+00
-2.209111452102661133e+00
-2.039169311523437056e+00
-2.050768852233886719e+00
-1.927372932434081809e+00
-1.873668313026428001e+00
-1.693889617919922097e+00
-1.474533081054687500e+00
-1.380401015281677246e+00
-1.136372447013854980e+00
-9.990273714065551758e-01
-7.704928517341613770e-01
-5.764797329902648926e-01
-4.179087877273560125e-01
-1.154871135950088501e-01
1.929443031549453458e-01
3.828913569450377308e-01
4.607355594635010321e-01
5.998342633247375488e-01
8.763507604598999023e-01
1.184653997421264648e+00
1.334349632263183594e+00
1.484501004219055176e+00
1.539799094200134499e+00
1.635036706924438477e+00
1.648417234420776367e+00
1.619315743446350098e+00
1.613608598709106445e+00
1.466582179069519043e+00
1.336218118667602317e+00
1.220848679542541504e+00
1.130917906761169434e+00
1.005816578865051270e+00
7.413849830627441406e-01
6.639326810836791992e-01
5.328940153121948242e-01
4.718722403049468994e-01
5.105612874031066895e-01
4.517661333084105890e-01
4.978185296058654785e-01
4.080115556716918945e-01
3.860913813114166260e-01
3.123353719711304266e-01
3.782833814620972235e-01
4.279096722602844238e-01
3.687324225902556818e-01
4.041951894760131836e-01
4.272759556770325262e-01
4.512873291969298761e-01
5.189560651779174805e-01
5.354949831962585449e-01
6.272559165954589844e-01
7.115596532821655273e-01
7.534499168395996094e-01
8.409029841423034668e-01
7.895533442497253418e-01
8.004892468452453613e-01
8.215427398681640625e-01
8.642050027847290039e-01
1.058581948280334473e+00
1.088320374488830566e+00
1.186146974563598633e+00
1.121021866798400879e+00
1.111341357231139915e+00
1.096205592155456321e+00
1.051779627799987793e+00
1.048904776573181152e+00
1.048138380050659180e+00
1.065991520881652832e+00
1.045329332351684570e+00
1.021526455879211426e+00
1.027257680892944336e+00
8.949202299118041992e-01
8.681430816650390625e-01
8.239947557449340820e-01
8.046190142631530762e-01
8.361918330192565918e-01
7.746893763542175293e-01
7.842400074005126953e-01
6.964494585990905762e-01
5.353595614433288574e-01
5.680907964706420898e-01
5.170062780380249023e-01
5.518930554389953613e-01
5.115384459495544434e-01
4.986536800861359198e-01
4.873368442058563232e-01
4.939298629760742188e-01
6.880466938018798828e-01
7.997875213623046875e-01
8.599691390991210938e-01
9.051567912101745605e-01
8.935657739639282227e-01
1.046018600463867188e+00
1.012032985687256081e+00
1.065666079521179199e+00
1.151579618453979492e+00
1.281985282897949219e+00
1.373338580131530762e+00
1.453104376792907493e+00
1.457956194877624290e+00
1.604241609573364480e+00
1.563729405403137207e+00
1.591927051544189675e+00
1.539239168167114480e+00
1.534897804260254128e+00
1.461580753326416016e+00
1.417618870735168457e+00
1.525192499160766602e+00
1.658921003341674805e+00
1.710781812667846902e+00
1.779005646705627441e+00
1.830186486244201660e+00
1.821386337280273215e+00
1.672862172126770020e+00
1.666163206100464089e+00
1.636479377746581809e+00
1.580889463424682617e+00
1.605744957923889160e+00
1.374358654022216797e+00
1.397151470184326172e+00
1.302371382713318093e+00
1.137699365615844727e+00
1.123398780822754128e+00
9.646123051643371582e-01
8.971689939498901367e-01
8.622668981552124023e-01
8.198608756065368652e-01
7.057572007179259144e-01
4.794719517230988104e-01
4.834919869899749756e-01
3.844144046306610107e-01
3.404923677444458008e-01
2.922764122486114502e-01
2.206831127405166626e-01
2.292512804269790372e-01
1.439935117959976196e-01
1.017352119088172774e-01
8.889461308717727661e-02
-3.875728324055671692e-02
-3.668634220957756042e-02
-1.791783720254898071e-01
-1.100277006626129289e-01
-1.099607720971107622e-01
-9.153577685356140137e-02
-5.735778436064720154e-02
-1.625365763902664185e-01
-2.538875937461853027e-01
-2.544676363468169611e-01
-2.589737474918364923e-01
-2.059692740440368652e-01
-1.711992323398590088e-01
-1.422574073076248169e-01
-1.961542069911956787e-01
-2.963889539241790771e-01
-2.044067233800888062e-01
-1.304118484258651456e-01
3.908257558941841125e-02
1.364028751850128174e-01
2.173996567726135531e-01
3.453517556190490723e-01
4.084097146987915039e-01
5.340234041213989258e-01
4.952071905136108954e-01
5.990275740623474121e-01
7.629480361938476562e-01
9.404084682464599609e-01
1.037963509559631126e+00
1.031884431838989258e+00
1.027853846549987793e+00
1.012502670288085938e+00
8.314913511276245117e-01
7.994449734687805176e-01
5.522291660308837891e-01
5.326635837554931641e-01
4.128228425979614258e-01
3.928226530551910400e-01
3.137856721878051758e-01
2.978927493095397949e-01
2.021518051624298096e-01
1.357598751783370972e-01
8.600654453039169312e-02
5.709286034107207558e-02
1.487199403345584696e-02
-4.686976224184036255e-02
-1.722389608621597290e-01
-2.564096152782439630e-01
-3.605833053588867188e-01
-5.061305761337279163e-01
-5.663980841636657715e-01
-7.450325489044190563e-01
-1.013108015060424805e+00
-1.025122046470642090e+00
-1.262243390083312988e+00
-1.339481472969055176e+00
-1.428540229797363281e+00
-1.567840099334716797e+00
-1.481753110885619895e+00
-1.575828671455383301e+00
-1.575568675994873047e+00
-1.760487318038940430e+00
-1.818845987319946289e+00
-1.840391755104064941e+00
-1.840390086174011230e+00
-1.847140908241271973e+00
-1.831440806388854980e+00
-1.744361758232116699e+00
-1.676586747169494629e+00
-1.553999662399291992e+00
-1.480473518371581809e+00
-1.438393950462341309e+00
-1.366905331611633301e+00
-1.347547173500061035e+00
-1.277756333351135254e+00
-1.171592473983764648e+00
-1.180701017379760742e+00
-1.084663152694701926e+00
-1.037995815277099609e+00
-1.004574298858642578e+00
-9.586243629455566406e-01
-9.797461628913880505e-01
-9.897632002830504261e-01
-8.848982453346252441e-01
-8.798439502716064453e-01
-8.276626467704772949e-01
-7.374771237373352051e-01
-6.286368370056152344e-01
-4.574972987174987793e-01
-3.441028296947479248e-01
-1.108036562800407410e-01
-3.279961273074150085e-02
1.111262440681457658e-01
1.978954821825027466e-01
3.408027291297913153e-01
3.664643168449401855e-01
3.880524039268493652e-01
5.146147608757019043e-01
6.468380093574523926e-01
7.767137289047241211e-01
9.323920607566832386e-01
9.813451170921325684e-01
1.082844495773315430e+00
1.191074967384338379e+00
1.231394648551940918e+00
1.361793756484985352e+00
1.349683284759521706e+00
1.579336166381835938e+00
1.468432068824768066e+00
1.537642359733581543e+00
1.684352636337280495e+00
1.704226732254028320e+00
1.866129636764526367e+00
1.816790461540222390e+00
1.912052392959594727e+00
1.867247939109802468e+00
1.813339948654174805e+00
1.880099534988403542e+00
1.835459589958190918e+00
1.883129835128783958e+00
1.898915052413940430e+00
1.881629705429076704e+00
1.983126759529113547e+00
2.071007490158081055e+00
2.137116432189941406e+00
2.225882291793823242e+00
2.226351499557495117e+00
2.207561492919921875e+00
2.124161720275879350e+00
2.078783750534057617e+00
2.122638702392578125e+00
2.076151847839355469e+00
2.146273374557495117e+00
2.100478887557983398e+00
2.006805419921875000e+00
1.966705441474914329e+00
1.958388686180114746e+00
1.938231945037841575e+00
1.950424075126648171e+00
1.916306972503661887e+00
1.873948097229004128e+00
1.802844524383544922e+00
1.747937560081481934e+00
1.683454155921936035e+00
1.616766333580016868e+00
1.489679813385009766e+00
1.411052942276000977e+00
1.342187047004699707e+00
1.259157657623291016e+00
1.227663397789001687e+00
1.252759575843811035e+00
1.153295516967773438e+00
1.118834614753723145e+00
1.044078946113586426e+00
1.024292469024658203e+00
9.245292544364928089e-01
8.475307822227478027e-01
7.527070045471191406e-01
7.036404013633728027e-01
6.527413129806518555e-01
5.757950544357299805e-01
4.440663456916809082e-01
3.273143470287322998e-01
2.596178352832794189e-01
1.542747616767883301e-01
1.600400358438491821e-01
1.329159736633300781e-01
5.640789493918418884e-02
1.752270944416522980e-02
-5.017216131091117859e-02
-2.775911614298820149e-02
1.980586536228656769e-02
2.565298601984977375e-02
4.623598977923393250e-02
3.158318623900412819e-02
-1.011153589934110641e-02
-8.503224700689315796e-03
-1.336621213704347610e-02
6.527072982862592828e-04
-5.485194921493530273e-02
-6.722596287727355957e-02
-5.951024591922760010e-02
-1.827740669250488559e-01
-1.895436942577362061e-01
-3.004899024963378906e-01
-3.324085175991058350e-01
-3.106870651245117188e-01
-3.160618245601654053e-01
-2.986794412136077881e-01
-3.975826501846313477e-01
-3.882842361927033026e-01
-4.473542571067810059e-01
-4.569151997566223145e-01
-4.358732402324677069e-01
-5.031446218490600586e-01
-6.318377852439879261e-01
-6.777424812316894531e-01
-6.772215962409973145e-01
-6.421869993209838867e-01
-8.037621974945068359e-01
-8.834811449050903320e-01
-9.013424515724182129e-01
-9.017068147659301758e-01
-8.936589956283569336e-01
-9.208743572235108532e-01
-9.217230081558227539e-01
-9.383884072303771973e-01
-9.101659059524536133e-01
-8.689056038856506348e-01
-8.825769424438476562e-01
-8.642722964286804199e-01
-9.119445085525511585e-01
-9.763832688331604004e-01
-1.005748510360717773e+00
-1.092625260353088379e+00
-1.128264307975769043e+00
-1.201470375061035156e+00
-1.262647747993469238e+00
-1.293642282485961914e+00
-1.404802322387695090e+00
-1.440622568130493164e+00
-1.598024249076843262e+00
-1.716284990310668945e+00
-1.747047901153564453e+00
-1.886099696159362793e+00
-1.929072856903075950e+00
-1.995132923126220703e+00
-2.057294130325317383e+00
-2.083904504776000977e+00
-2.141629934310913086e+00
-2.138784885406494141e+00
-2.221710443496704102e+00
-2.231638908386230469e+00
-2.397038936614990234e+00
-2.472188472747802734e+00
-2.443194389343261719e+00
-2.639669418334960938e+00
-2.633465051651000977e+00
-2.648970842361450195e+00
-2.655704736709594727e+00
-2.598333120346069336e+00
-2.709526300430298296e+00
-2.674045085906982422e+00
-2.643150806427001953e+00
-2.663905858993530273e+00
-2.638863325119018555e+00
-2.621961116790771484e+00
-2.584122180938720703e+00
-2.573965311050415039e+00
-2.543972015380859819e+00
-2.521167993545531782e+00
-2.585331439971923828e+00
-2.627446413040161133e+00
-2.619460821151733398e+00
-2.564808607101440430e+00
-2.562935352325439453e+00
-2.589661598205566406e+00
-2.520615100860596147e+00
-2.488402366638184038e+00
-2.447605371475220171e+00
-2.369100809097290039e+00
-2.352249383926392046e+00
-2.288985013961791992e+00
-2.307778120040893555e+00
-2.313762664794921875e+00
-2.304326534271239790e+00
-2.352802991867064986e+00
-2.330557107925415039e+00
-2.357598066329956055e+00
-2.403688907623291016e+00
-2.381965160369873047e+00
-2.433630466461181641e+00
-2.418449640274048296e+00
-2.400816440582275391e+00
-2.340356349945068359e+00
-2.326240301132201704e+00
-2.289702415466308594e+00
-2.260330915451049805e+00
-2.297951936721801758e+00
-2.269117832183837891e+00
-2.222270727157592773e+00
-2.193401336669921875e+00
-2.129652500152588335e+00
-2.060822725296020508e+00
-1.981225132942199929e+00
-1.909978032112121582e+00
-1.828783869743347168e+00
-1.754539489746093750e+00
-1.750698924064636230e+00
-1.661419272422790305e+00
-1.636222958564758301e+00
-1.556624054908752441e+00
-1.457799196243285911e+00
-1.410743355751037598e+00
-1.292350053787231445e+00
-1.212729096412658691e+00
-1.112218141555785911e+00
-1.039629101753234863e+00
-1.025496482849120872e+00
-1.024416089057922363e+00
-1.055348396301269531e+00
-1.028590321540832297e+00
-9.303017258644104004e-01
-9.241310358047484241e-01
-9.329463839530943714e-01
-9.513319730758668102e-01
-9.378114938735961914e-01
-9.467781186103819691e-01
-9.597395062446594238e-01
-9.789964556694031872e-01
-1.033995032310485840e+00
-1.017418026924133301e+00
-1.045349717140197754e+00
-1.069089412689209206e+00
-1.132193922996520996e+00
-1.192320108413696289e+00
-1.224065184593200906e+00
-1.256471037864685059e+00
-1.232690095901489258e+00
-1.246593236923217773e+00
-1.369869828224181907e+00
-1.447015762329101562e+00
-1.515766620635986328e+00
-1.472825646400451660e+00
-1.477856755256652832e+00
-1.511549830436706321e+00
-1.506057024002075195e+00
-1.526375532150268555e+00
-1.494768023490905762e+00
-1.457863330841064453e+00
-1.526188969612121582e+00
-1.573826074600219505e+00
-1.637734055519104004e+00
-1.632705211639404297e+00
-1.574740767478942871e+00
-1.569337368011474609e+00
-1.567528247833251953e+00
-1.585597276687621848e+00
-1.574189066886902078e+00
-1.535781979560851829e+00
-1.528560876846313699e+00
-1.575083971023559570e+00
-1.616649985313415527e+00
-1.625157356262206809e+00
-1.598852634429931641e+00
-1.648086905479431152e+00
-1.650318980216979980e+00
-1.618689417839050293e+00
-1.633805394172668457e+00
-1.669939875602722168e+00
-1.703377008438110352e+00
-1.725136280059814453e+00
-1.781611919403076172e+00
-1.808340668678283913e+00
-1.851116061210632324e+00
-1.837901830673217551e+00
-1.848266124725341575e+00
-1.902893185615539995e+00
-1.947468042373656782e+00
-1.949775338172912820e+00
-1.962194800376891868e+00
-1.986277222633361594e+00
-1.994552612304687500e+00
-1.945887684822082297e+00
-1.953782081604004128e+00
-1.986354827880859597e+00
-1.939845561981200728e+00
-1.995087027549744096e+00
-1.916894197463989258e+00
-1.925851941108704057e+00
-1.893760800361633301e+00
-1.953431844711303933e+00
-2.004865646362304688e+00
-2.022394895553589311e+00
-2.072040796279907227e+00
-2.065005779266357422e+00
-2.041456460952759233e+00
-2.037097692489624023e+00
-2.045072078704833984e+00
-2.062145948410034180e+00
-2.034176349639892578e+00
-1.997644782066344771e+00
-2.003051042556762695e+00
-2.005199432373046875e+00
-2.060015678405761719e+00
-2.101667881011963335e+00
-2.101289510726928711e+00
-2.073126554489136186e+00
-2.045490741729736328e+00
-2.027828931808472124e+00
-1.969634294509887917e+00
-1.924667358398437278e+00
-1.864738821983337180e+00
-1.883672118186950906e+00
-1.948589086532592773e+00
-1.876744627952575906e+00
-1.818539261817931907e+00
-1.700937986373901367e+00
-1.586643576622009277e+00
-1.627918243408203125e+00
-1.515238404273986816e+00
-1.506947755813598633e+00
-1.348744034767150879e+00
-1.264173626899719238e+00
-1.227010130882263184e+00
-1.068870782852172852e+00
-9.932455420494079590e-01
-8.501908183097839355e-01
-6.673007607460021973e-01
-5.927698612213134766e-01
-4.885663390159606934e-01
-4.052224159240722656e-01
-2.683011591434478760e-01
-1.835252046585083008e-01
-9.952916204929351807e-02
-4.313033446669577858e-02
2.987288869917392384e-02
1.684133708477020541e-01
2.367787063121795932e-01
3.466997146606444757e-01
5.169830918312072754e-01
6.060366034507751465e-01
7.395283579826354980e-01
9.018630385398863636e-01
1.027942895889282227e+00
1.120478749275207520e+00
1.193672060966491699e+00
1.273813724517822488e+00
1.378586769104004128e+00
1.518938422203063965e+00
1.637775897979736328e+00
1.706227421760559082e+00
1.817056894302367942e+00
1.954899072647094727e+00
2.116658687591552734e+00
2.243952512741088867e+00
2.346042871475220171e+00
2.455913782119750977e+00
2.529618024826049805e+00
2.564978122711181641e+00
2.664762496948241743e+00
2.682422637939453125e+00
2.761470317840576172e+00
2.829771041870116743e+00
2.877581357955932617e+00
3.013329505920410156e+00
3.089443683624268022e+00
3.172801971435546875e+00
3.212239742279052734e+00
3.236288070678711382e+00
3.235577344894408736e+00
3.252063989639282227e+00
3.267316579818725586e+00
3.285393714904785156e+00
3.341316699981689009e+00
3.354930877685546875e+00
3.584617137908935547e+00
3.677533626556396928e+00
3.672088861465453657e+00
3.724456787109375000e+00
3.704944610595703125e+00
3.695395469665527344e+00
3.785266399383544922e+00
3.783670663833618164e+00
3.851155519485473633e+00
3.767753362655640093e+00
3.759231328964233398e+00
3.711375713348388672e+00
3.632473230361938477e+00
3.599740028381348100e+00
3.513399362564086914e+00
3.416318893432616743e+00
3.357061386108398438e+00
3.274964809417724609e+00
3.221212387084961382e+00
3.165286779403686523e+00
3.115945577621459961e+00
3.082018613815308061e+00
3.028697490692138672e+00
3.032020807266235796e+00
2.968470096588134766e+00
2.957401275634765625e+00
2.952337265014648438e+00
2.946497917175292969e+00
2.955399274826049805e+00
2.929265737533569336e+00
2.937931060791016069e+00
2.972446680068969727e+00
2.994380950927734375e+00
3.065617084503173828e+00
3.114706277847290039e+00
3.204300880432128906e+00
3.252182006835937056e+00
3.278162002563477007e+00
3.393068790435791016e+00
3.444023847579956055e+00
3.505918264389038086e+00
3.560089588165283203e+00
3.641037940979003906e+00
3.696225881576538086e+00
3.681847095489501953e+00
3.777709960937500000e+00
3.842436790466308594e+00
3.910928010940552202e+00
3.969625473022461382e+00
3.998795509338378906e+00
4.037695884704589844e+00
4.036007404327393466e+00
4.029299736022948331e+00
4.066511154174805576e+00
4.016903877258301669e+00
4.015999794006348544e+00
3.966591596603393555e+00
3.993846654891968218e+00
4.006693363189696377e+00
3.999927282333373579e+00
4.021682262420653409e+00
3.983506202697753906e+00
3.949516534805298296e+00
3.877647161483764648e+00
3.830776214599609819e+00
3.778503179550171343e+00
3.729707479476928711e+00
3.773132085800171343e+00
3.751721620559692827e+00
3.766954898834228960e+00
3.720062017440796343e+00
3.663403749465942383e+00
3.595641851425171343e+00
3.527863264083862305e+00
3.484744787216186523e+00
3.456926107406616211e+00
3.381106853485107422e+00
3.396388530731201172e+00
3.401771783828735796e+00
3.443011283874512163e+00
3.485810279846191406e+00
3.480825901031493697e+00
3.522303819656372070e+00
3.508849143981933594e+00
3.497977495193481001e+00
3.557943582534790039e+00
3.578729391098022461e+00
3.587545156478881836e+00
3.585726976394653320e+00
3.620670318603516069e+00
3.609932422637939897e+00
3.574962854385376421e+00
3.584563732147216797e+00
3.575754642486572266e+00
3.615513801574707031e+00
3.641150712966918945e+00
3.667048931121826172e+00
3.663347482681273526e+00
3.663580417633056641e+00
3.663543701171875000e+00
3.707342386245727983e+00
3.666789770126343218e+00
3.711902856826782227e+00
3.722279071807860884e+00
3.721793889999389648e+00
3.706897497177123579e+00
3.713801622390747070e+00
3.708008289337158203e+00
3.563761234283447710e+00
3.630811929702758789e+00
3.706529617309569424e+00
3.727012395858764648e+00
3.774883508682251421e+00
3.797830343246459961e+00
3.852673053741455078e+00
3.867755413055419922e+00
3.922881841659546343e+00
3.943138360977173296e+00
3.954659700393676758e+00
3.934664249420166016e+00
3.873961448669433594e+00
3.970045089721680132e+00
3.866864919662476030e+00
3.754450559616088867e+00
3.746119976043701172e+00
3.739867210388184038e+00
3.773508071899413618e+00
3.747649431228637695e+00
3.690151691436768022e+00
3.694327354431151900e+00
3.597898483276366743e+00
3.629040718078612837e+00
3.635208845138549805e+00
3.658453226089477539e+00
3.660823345184326172e+00
3.552065134048461914e+00
3.606585502624512163e+00
3.475863695144653320e+00
3.499205112457275391e+00
3.488567590713501421e+00
3.361339569091796875e+00
3.435588598251342773e+00
3.520129442214966264e+00
3.553067684173583984e+00
3.566420793533325195e+00
3.493348360061645064e+00
3.564284324645996094e+00
3.542357921600341797e+00
3.567746639251708984e+00
3.610297441482543945e+00
3.617529630661010298e+00
3.656743526458739790e+00
3.500585079193115234e+00
3.470091819763184038e+00
3.518176317214966264e+00
3.498718500137328657e+00
3.496592521667480469e+00
3.394964456558227539e+00
3.375796794891357422e+00
3.332359313964844194e+00
3.230362176895141602e+00
3.198980093002319780e+00
3.155976772308349609e+00
3.105174779891968218e+00
3.046377658843993697e+00
2.970563650131225586e+00
2.937226057052612305e+00
2.902291774749756303e+00
2.866672515869140625e+00
2.695994138717651811e+00
2.570715188980102539e+00
2.528419256210326704e+00
2.312758207321166992e+00
2.216830730438232422e+00
2.064368486404418945e+00
1.961740970611572488e+00
1.795454978942870872e+00
1.619485497474670410e+00
1.520133852958679199e+00
1.488391757011413574e+00
1.430179476737975852e+00
1.306674003601074219e+00
1.193017840385437012e+00
1.136429309844970703e+00
1.024646401405334473e+00
9.393689036369323730e-01
7.535062432289123535e-01
6.071115732192993164e-01
5.845521688461303711e-01
5.183006525039672852e-01
4.822928011417388916e-01
3.811980783939361572e-01
2.345118075609206876e-01
2.220671474933624545e-01
1.203587427735328813e-01
5.523112043738365173e-02
-1.083030402660370012e-01
-2.001038044691085538e-01
-1.639027744531631470e-01
-2.840685546398162842e-01
-2.927149236202239990e-01
-3.262132704257965088e-01
-3.670578002929688055e-01
-3.753609657287597656e-01
-4.722343981266021729e-01
-4.550675153732299805e-01
-5.242466330528259277e-01
-5.928985476493835449e-01
-6.112053394317626953e-01
-6.460968255996704102e-01
-6.159051060676574707e-01
-6.127028465270996094e-01
-5.765013694763183594e-01
-5.858315229415893555e-01
-7.084804773330688477e-01
-7.117437124252319336e-01
-8.279653787612915039e-01
-8.720209002494812012e-01
-9.254312515258787952e-01
-9.625216126441955566e-01
-9.253368973731995739e-01
-1.017524600028991699e+00
-9.798716902732848011e-01
-1.038359642028808594e+00
-1.068570256233215110e+00
-1.114692330360412598e+00
-1.157573819160461426e+00
-1.127684235572814941e+00
-1.199392914772033691e+00
-1.242222070693969505e+00
-1.296101927757263184e+00
-1.386093854904174805e+00
-1.376069188117980957e+00
-1.393417954444885254e+00
-1.418084383010864480e+00
-1.384045720100402832e+00
-1.397462725639343262e+00
-1.400091528892517090e+00
-1.510537385940551758e+00
-1.501889467239380105e+00
-1.496910810470581055e+00
-1.694717288017273171e+00
-1.702866315841674805e+00
-1.868862152099609153e+00
-1.841781735420226829e+00
-1.824641585350036843e+00
-1.869943261146545188e+00
-1.888772845268249290e+00
-1.898598670959472878e+00
-1.943630099296569602e+00
-1.905959963798523171e+00
-1.910176753997802734e+00
-1.862480640411376953e+00
-1.934159398078918457e+00
-1.938395857810973899e+00
-2.004193544387817383e+00
-2.034486055374145064e+00
-2.120695590972900391e+00
-2.236427545547485352e+00
-2.253230094909667969e+00
-2.344401359558105025e+00
-2.365870952606201172e+00
-2.427670001983642578e+00
-2.467792272567749023e+00
-2.476803779602050781e+00
-2.488306522369384766e+00
-2.546563386917114258e+00
-2.548795938491821289e+00
-2.643103599548339844e+00
-2.718033313751220703e+00
-2.742804765701293945e+00
-2.709245920181274414e+00
-2.722184658050537109e+00
-2.823321819305419922e+00
-2.742326974868774414e+00
-2.663804054260253906e+00
-2.665535926818848100e+00
-2.665005207061768022e+00
-2.701386928558349609e+00
-2.695563793182373047e+00
-2.734667301177978516e+00
-2.734465122222900391e+00
-2.700811862945556641e+00
-2.717147588729858398e+00
-2.679198741912841797e+00
-2.774223089218140093e+00
-2.685502290725708008e+00
-2.636330366134643999e+00
-2.684760808944701704e+00
-2.607497215270996094e+00
-2.648221731185913086e+00
-2.574914455413818359e+00
-2.592374086380004883e+00
-2.601917266845703125e+00
-2.574772596359252930e+00
-2.678678274154663086e+00
-2.574678897857666016e+00
-2.629864454269409180e+00
-2.636358261108398438e+00
-2.633474826812744141e+00
-2.619510650634765625e+00
-2.560091972351074219e+00
-2.497581481933593750e+00
-2.511122226715087891e+00
-2.476931571960449219e+00
-2.483718395233154297e+00
-2.423174381256103516e+00
-2.306170463562012163e+00
-2.263643741607666016e+00
-2.252961635589600053e+00
-2.277774333953857422e+00
-2.215606212615966797e+00
-2.187510251998901367e+00
-2.097666263580322266e+00
-2.050436019897460938e+00
-2.140422821044921875e+00
-2.056271553039551225e+00
-2.157242298126220703e+00
-2.088533163070678711e+00
-2.120851516723633257e+00
-2.218935966491699219e+00
-2.149694442749023438e+00
-2.145513534545898438e+00
-2.112741470336914062e+00
-2.045209646224976030e+00
-2.051629781723022461e+00
-1.986440896987915039e+00
-1.941937923431396484e+00
-1.902937769889831543e+00
-1.849076151847839578e+00
-1.831411361694335938e+00
-1.797469019889831543e+00
-1.739914655685424805e+00
-1.664301037788391113e+00
-1.619695544242858887e+00
-1.558378934860229492e+00
-1.529624938964843750e+00
-1.503296852111816406e+00
-1.439948678016662598e+00
-1.457130551338195801e+00
-1.438519716262817383e+00
-1.451275825500488503e+00
-1.421532511711120605e+00
-1.355714678764343262e+00
-1.280572056770324707e+00
-1.218446612358093262e+00
-1.090921759605407493e+00
-9.854730963706970215e-01
-9.475338459014891468e-01
-8.988873362541198730e-01
-8.844146728515625000e-01
-8.272967338562011719e-01
-8.025038838386535645e-01
-7.423939704895020641e-01
-7.295954823493957520e-01
-7.212886214256286621e-01
-6.262429356575012207e-01
-7.901138663291931152e-01
-7.156519889831542969e-01
-6.924313306808471680e-01
-4.357935786247252863e-01
-4.332188963890076239e-01
-4.203943014144897461e-01
-3.982348442077637274e-01
-3.626737892627716064e-01
-3.276533186435699463e-01
-2.641163170337677002e-01
-2.417522668838500977e-01
-1.687676757574081421e-01
-9.879877418279647827e-02
-6.623440980911254883e-02
-5.414466187357903221e-02
-3.988140821456908486e-02
-3.763671219348908165e-02
4.031088901683688164e-04
1.445641275495290930e-02
3.187079355120658875e-02
7.521688193082809448e-02
1.164803951978683472e-01
1.255739033222198486e-01
1.705376803874969482e-01
1.763905435800552368e-01
2.195428609848022461e-01
2.487373352050780972e-01
2.850564122200012207e-01
3.164848685264587402e-01
3.140872418880462646e-01
3.137539923191070557e-01
3.102355897426605225e-01
3.050388395786284845e-01
3.485478460788726807e-01
3.467226624488830566e-01
3.851900696754456122e-01
4.043198227882385254e-01
4.026972353458405096e-01
3.951069414615631104e-01
3.782395124435424805e-01
3.897580504417418878e-01
4.071834683418273926e-01
3.822463154792785645e-01
4.014477729797362726e-01
4.096124470233917236e-01
4.166315495967864990e-01
4.201558530330657959e-01
4.175665676593781073e-01
3.939450383186339777e-01
4.320499300956726074e-01
4.376049041748046875e-01
2.527976930141448975e-01
2.364397346973418912e-01
3.176256716251372736e-01
3.626079857349395752e-01
2.945416569709777832e-01
2.703538537025452215e-01
3.016773164272308350e-01
2.917377054691315252e-01
2.933799028396606445e-01
2.625641822814940851e-01
2.527802586555480957e-01
2.738232612609863281e-01
3.003772199153900146e-01
2.428374141454696933e-01
2.444426864385605136e-01
3.451380133628845215e-01
3.461449146270751953e-01
3.308838605880736750e-01
3.230690658092498779e-01
3.000423610210419256e-01
4.790230095386505127e-01
5.442686080932617188e-01
4.535906016826630194e-01
4.584388136863709051e-01
5.459452867507934570e-01
4.969985187053679865e-01
4.441783130168914795e-01
4.341037869453429621e-01
3.670869469642639160e-01
3.138166964054108221e-01
3.401870131492614746e-01
3.053764700889587402e-01
3.111197054386138916e-01
1.430557817220687866e-01
1.136767566204071045e-01
8.976643532514572144e-02
2.330668643116950989e-02
-9.420380927622318268e-03
-6.523519009351730347e-02
-5.169345065951347351e-02
-1.404033899307250977e-01
-1.098008006811141968e-01
-1.886735558509826660e-01
-1.820373684167861938e-01
-1.843720376491546631e-01
-1.984383314847946445e-01
-2.759199440479278564e-01
-2.596741914749144953e-01
-2.934600412845612127e-01
-3.328641951084136963e-01
-3.940705358982086182e-01
-3.997868597507476807e-01
-4.296017587184906006e-01
-4.303584396839141846e-01
-4.445085823535919189e-01
-4.895628094673156738e-01
-5.272752642631530762e-01
-5.506791472434997559e-01
-5.667346715927124023e-01
-5.647266507148742676e-01
-5.470907688140869141e-01
-5.853149294853210449e-01
-5.131809711456298828e-01
-4.941290915012360174e-01
-4.506018459796906073e-01
-4.845816195011138916e-01
-5.830451846122741699e-01
-5.680502057075500488e-01
-6.103608012199401855e-01
-6.339694261550903320e-01
-6.709191799163818359e-01
-6.117547750473022461e-01
-6.537407040596008301e-01
-5.673714876174926758e-01
-4.274899363517761230e-01
-4.936839640140532892e-01
-4.323413968086242676e-01
-4.437753856182097278e-01
-4.188942313194274902e-01
-2.003997564315795898e-01
-2.387573570013046542e-01
-2.695941627025604248e-01
-2.931283414363861084e-01
-3.432921469211578369e-01
-3.593832552433013916e-01
-3.540391325950622559e-01
-2.861081063747406006e-01
-3.530941903591156006e-01
-4.089995622634888250e-01
-1.287394464015960693e-01
-1.237268671393394470e-01
-9.764868766069412231e-02
-1.189911365509033203e-01
-1.379825174808502197e-01
-2.392522543668746948e-01
-2.909246087074279785e-01
-3.152246773242950439e-01
-3.916366696357727051e-01
-2.637976109981536865e-01
-1.004257649183273315e-01
-1.498352587223052979e-01
-5.408659577369689941e-02
-9.188951551914216476e-02
5.355620756745337746e-02
-2.586809732019901276e-02
-3.523994609713554382e-02
-7.038850337266921997e-02
-3.120927326381206166e-02
2.377798780798912048e-03
-3.148420900106430054e-02
-1.206735987216234207e-02
-3.203213587403297424e-02
-7.187009602785110474e-02
-4.136535152792930603e-02
-1.073112934827804565e-01
-1.736073493957519531e-01
-1.986109316349029263e-01
-2.336016595363616943e-01
-1.668377965688705444e-01
-1.867216676473617554e-01
-1.221684366464614729e-01
-8.615624159574508667e-02
-9.619510173797607422e-02
-9.782478213310243087e-02
-1.283735185861587524e-01
-1.002130061388015608e-01
-8.687718212604522705e-02
-1.168079823255538940e-01
-1.093900129199028015e-01
-9.173503518104551835e-02
3.911589458584785461e-02
8.580605685710906982e-02
5.998263880610466003e-02
1.257660835981369019e-01
2.898265793919563640e-02
7.843989878892898560e-02
7.844801992177961869e-02
6.731133908033370972e-02
9.547667205333709717e-02
-1.086544245481491089e-03
4.905314370989800193e-02
-2.956941537559032440e-02
-2.655953727662563671e-02
5.699373781681060791e-03
-1.379721518605947668e-02
1.743647456169128418e-02
1.123766228556632996e-02
2.690144442021846771e-02
1.274887323379516602e-01
1.063891053199768066e-01
2.532235682010650635e-01
2.777253091335297186e-01
3.349611759185791016e-01
3.469946086406707764e-01
4.626575112342833918e-01
4.765670299530028742e-01
4.849175214767456055e-01
5.811366438865661621e-01
5.469489097595214844e-01
4.692816138267517090e-01
4.962185621261597235e-01
3.830161988735198975e-01
4.641024768352509100e-01
4.312348067760468084e-01
3.172568678855895996e-01
2.886164188385010321e-01
2.726952731609344482e-01
3.973633944988250732e-01
4.877412319183350164e-01
5.564724206924438477e-01
5.892463922500610352e-01
5.895138382911682129e-01
7.105877995491027832e-01
7.655661702156066895e-01
7.642819881439208984e-01
8.861341476440429688e-01
8.855036497116088867e-01
8.606945276260375977e-01
8.442739248275756836e-01
8.060919046401977539e-01
8.537461161613464355e-01
7.987622618675231934e-01
8.248672485351562500e-01
7.744347453117370605e-01
8.126819729804992676e-01
8.382315039634704590e-01
8.175593614578247070e-01
8.661853075027465820e-01
8.028675913810729980e-01
7.720408439636229359e-01
7.513822913169860840e-01
7.700389027595520020e-01
7.607358098030090332e-01
6.066553592681884766e-01
5.421246886253356934e-01
7.062863707542419434e-01
6.100112199783325195e-01
6.362805366516113281e-01
5.328327417373657227e-01
6.359565258026123047e-01
6.738564968109130859e-01
6.479156613349914551e-01
7.925599217414855957e-01
8.892224431037902832e-01
8.862310647964477539e-01
8.148476481437683105e-01
7.277174592018127441e-01
6.305419206619262695e-01
5.404284000396728516e-01
4.826543927192687988e-01
4.016627669334412176e-01
3.139000236988068182e-01
2.709969282150269110e-01
1.611590832471847534e-01
2.050805538892745972e-01
1.536206603050231934e-01
2.022636085748672485e-01
1.499459296464920044e-01
1.115760728716850420e-01
2.084601372480392456e-01
3.287360966205596924e-01
3.153542280197144110e-01
3.020457029342651367e-01
2.791703343391418457e-01
2.770698964595795233e-01
2.685535252094268799e-01
2.539423406124114990e-01
2.702837884426116943e-01
2.954947650432587225e-01
2.694341540336608887e-01
3.338280022144317627e-01
3.683529794216156006e-01
3.599466681480408270e-01
4.489793777465819757e-01
4.331916570663452148e-01
4.318484067916870117e-01
5.232142806053161621e-01
5.837850570678710938e-01
6.038319468498229980e-01
6.134650111198425293e-01
7.264056801795959473e-01
7.648736238479614258e-01
7.153890132904052734e-01
8.901751637458801270e-01
9.175756573677064099e-01
8.571840524673461914e-01
8.836130499839782715e-01
9.246104359626770020e-01
9.373685121536255993e-01
1.013763308525085449e+00
9.573290944099426270e-01
1.069734454154968484e+00
1.112670183181762695e+00
1.039715528488159180e+00
1.048263192176818848e+00
9.980490803718568005e-01
9.790626168251037598e-01
8.524830341339111328e-01
9.943013191223144531e-01
1.050941944122314453e+00
1.133245229721069114e+00
1.221782684326172097e+00
1.141011118888854980e+00
1.039455056190490723e+00
1.052388072013854980e+00
9.963790774345397949e-01
1.023068666458130105e+00
9.774865508079527698e-01
9.571477770805359997e-01
9.596912860870360218e-01
9.660907387733459473e-01
9.111601114273072399e-01
8.916002511978149414e-01
8.368227481842041016e-01
8.338019847869873047e-01
7.908198833465576172e-01
7.816216945648193359e-01
7.325337529182434082e-01
7.457496523857116699e-01
6.989647746086120605e-01
6.729524731636047363e-01
6.526950597763061523e-01
7.026502490043640137e-01
7.586269974708557129e-01
7.386451959609985352e-01
7.509791254997253418e-01
8.029581904411315918e-01
7.675636410713195801e-01
7.907648682594299316e-01
7.797252535820007324e-01
8.120489120483398438e-01
8.625333309173583984e-01
8.975013494491577148e-01
9.443575739860535778e-01
9.274732470512390137e-01
9.183387160301208496e-01
9.755410552024840198e-01
1.120550155639648438e+00
1.181352972984313965e+00
1.160807132720947266e+00
1.178609848022460938e+00
1.087846994400024414e+00
1.033555746078491211e+00
9.822323918342590332e-01
1.007674694061279297e+00
9.978279471397399902e-01
1.073865413665771706e+00
1.019768595695495605e+00
1.031379461288451926e+00
1.003093242645263672e+00
9.106047153472900391e-01
7.936171293258666992e-01
7.480211257934570312e-01
7.924075722694396973e-01
7.198529243469238281e-01
7.411239147186279297e-01
7.106834053993225098e-01
6.781646609306335449e-01
6.583282351493835449e-01
6.270227432250976562e-01
6.398424506187438965e-01
5.535781383514404297e-01
5.138491988182067871e-01
3.689028620719909668e-01
2.683430910110473633e-01
3.153223395347595215e-01
3.111789822578430176e-01
2.561431229114532471e-01
2.518577873706817627e-01
1.995853185653686523e-01
1.911797672510147095e-01
1.440149825066328049e-02
1.188557073473930498e-01
7.563157379627227783e-02
1.027971208095550398e-01
8.979315310716629028e-02
5.093514174222946167e-02
9.270143508911132812e-02
-4.515267442911863327e-03
5.233555659651756287e-02
5.792804434895514748e-02
-6.585727632045745850e-02
-4.437334090471268394e-02
-1.126359328627586504e-01
1.714161224663257599e-02
5.137215927243233421e-02
2.844531834125518799e-02
1.202914714813232561e-01
1.571597903966903409e-01
2.904383838176727295e-01
2.110898345708847046e-01
1.434182971715927124e-01
2.463245391845703125e-01
1.400987654924392700e-01
1.833458393812180121e-01
2.148277610540389737e-01
2.068593353033065518e-01
2.122032195329666138e-01
1.714569330215454102e-01
2.562602758407592773e-01
1.901561319828033170e-01
1.487685889005661011e-01
1.351108103990554810e-01
3.357429429888725281e-02
1.461108624935149869e-01
3.719186782836914062e-02
-1.329018175601959229e-01
-7.541202008724212646e-02
-2.066659629344939908e-01
-1.932274997234344482e-01
-1.629345566034317017e-01
-2.278403639793395996e-01
-1.288520991802215576e-01
-1.578054875135421753e-01
-5.836629122495651245e-02
-1.667387485504150391e-01
-3.057529330253601074e-01
-2.532687187194824219e-01
-2.899599373340607245e-01
-2.593899667263031006e-01
-2.020470947027206421e-01
-3.088201582431793213e-01
-2.877929806709289551e-01
-5.568949580192565918e-01
-6.142902970314025879e-01
-7.036833763122558594e-01
-8.571622371673583984e-01
-8.679459691047668457e-01
-1.032651185989380105e+00
-1.015660047531127930e+00
-1.123188376426696777e+00
-1.188341975212097168e+00
-1.206381082534790039e+00
-1.192402839660644309e+00
-1.257817983627319114e+00
-1.489763975143432617e+00
-1.633371829986572488e+00
-1.600890755653381126e+00
-1.733613371849060059e+00
-1.716051459312438965e+00
-1.867202639579773171e+00
-2.066897630691528320e+00
-2.071298837661743164e+00
-2.240581989288330078e+00
-2.445991516113280806e+00
-2.631657123565673828e+00
-2.812731981277465820e+00
-2.822060108184814453e+00
-3.009378194808959961e+00
-3.065093517303466797e+00
-3.067055463790893555e+00
-3.166161775588989258e+00
-3.220582962036133257e+00
-3.484855651855468750e+00
-3.554894447326660156e+00
-3.718307018280028853e+00
-3.814049243927001953e+00
-3.789552688598633257e+00
-3.959738016128540039e+00
-3.981184244155883789e+00
-4.124763011932373047e+00
-4.186193466186522549e+00
-4.360308647155761719e+00
-4.454691886901856357e+00
-4.540628433227539062e+00
-4.716013908386231357e+00
-4.831656932830810547e+00
-4.870502948760986328e+00
-5.107033729553222656e+00
-5.144714832305908203e+00
-5.353384971618652344e+00
-5.492359161376953125e+00
-5.656769752502441406e+00
-5.873919963836669922e+00
-5.829651355743407315e+00
-6.008389949798583984e+00
-6.143640518188477451e+00
-6.278638839721679688e+00
-6.412258625030517578e+00
-6.410011291503906250e+00
-6.469281196594237393e+00
-6.444080829620361328e+00
-6.424913883209228516e+00
-6.424724578857422763e+00
-6.298788547515869141e+00
-6.293803691864013672e+00
-6.181518077850342685e+00
-6.122336864471436435e+00
-5.978032588958740234e+00
-5.866995334625244141e+00
-5.788311004638672763e+00
-5.559710502624511719e+00
-5.431921005249023438e+00
-5.269742965698242188e+00
-5.091293811798096591e+00
-4.861262798309326172e+00
-4.528093814849853516e+00
-4.375991344451903409e+00
-4.126369476318358487e+00
-4.046184539794921875e+00
-3.778888940811156782e+00
-3.504481554031372070e+00
-3.325110673904418945e+00
-3.085480690002441406e+00
-2.891370534896850586e+00
-2.669361829757690430e+00
-2.368406534194946289e+00
-2.116373538970947710e+00
-1.845226526260375977e+00
-1.654485225677490234e+00
-1.444615006446838379e+00
-1.185454368591308594e+00
-1.029272079467773438e+00
-7.788379192352294922e-01
-6.713380217552185059e-01
-4.620955586433410089e-01
-3.603896200656890869e-01
-2.006547302007675171e-01
-2.678564004600048065e-02
4.028423503041267395e-02
1.727632582187652588e-01
3.801431953907012939e-01
5.282804965972899280e-01
7.198326587677001953e-01
8.081399798393249512e-01
9.659063816070555530e-01
1.087335228919982910e+00
1.303615808486938477e+00
1.410297393798827903e+00
1.468462467193603516e+00
1.535118579864501953e+00
1.616065263748168945e+00
1.680611371994018555e+00
1.790862321853637695e+00
1.894674777984619141e+00
2.061030149459839311e+00
2.195001125335693359e+00
2.272998571395874023e+00
2.425714492797852007e+00
2.438290834426879883e+00
2.515010833740234375e+00
2.528205871582031250e+00
2.577532529830932617e+00
2.671618461608886719e+00
2.629164695739746094e+00
2.685200691223144531e+00
2.686289787292480469e+00
2.764221906661987749e+00
2.771845579147338867e+00
2.743426322937012163e+00
2.768655300140380859e+00
2.786701917648315430e+00
2.790621757507324219e+00
2.750926256179809570e+00
2.676383018493652344e+00
2.697166919708251953e+00
2.597648620605468750e+00
2.575086593627929688e+00
2.560864210128784180e+00
2.529866456985473633e+00
2.605970621109009233e+00
2.606551647186279741e+00
2.602168798446655718e+00
2.546624183654785156e+00
2.474919795989990234e+00
2.503920793533325195e+00
2.488984823226928711e+00
2.480031490325928178e+00
2.500102043151855469e+00
2.435747146606445312e+00
2.478882551193237305e+00
2.454757690429687500e+00
2.448313713073730469e+00
2.460466384887695757e+00
2.313264131546020508e+00
2.325150251388549805e+00
2.265187501907348633e+00
2.285323858261108398e+00
2.243683099746704102e+00
2.207102775573730469e+00
2.144857883453369141e+00
2.061098575592041016e+00
2.049890995025634766e+00
2.009156703948974609e+00
1.983948469161987527e+00
1.959631323814391868e+00
1.872592926025390403e+00
1.890212297439575195e+00
1.834582924842834473e+00
1.800292849540710449e+00
1.782686233520507812e+00
1.729464530944824219e+00
1.742493271827697754e+00
1.732624411582946777e+00
1.740996003150939941e+00
1.693498969078063965e+00
1.673385739326476829e+00
1.647233486175536887e+00
1.630764961242675781e+00
1.585089564323425293e+00
1.531255125999450906e+00
1.511780023574829102e+00
1.500550270080566406e+00
1.389714360237121582e+00
1.422500014305114746e+00
1.388127088546752930e+00
1.295511364936828613e+00
1.220873594284057617e+00
1.116332888603210449e+00
9.592801928520203747e-01
8.266268372535705566e-01
6.712017655372620739e-01
5.892825126647949219e-01
4.938386976718903143e-01
4.047562479972839911e-01
2.638297379016876221e-01
1.418007165193557462e-01
3.992733731865882874e-02
-6.215225160121917725e-02
-1.291937977075576782e-01
-2.061243653297424594e-01
-2.581630647182465155e-01
-2.505309581756591797e-01
-3.040612637996673584e-01
-3.340661227703094482e-01
-3.915074169635773260e-01
-4.489581286907196045e-01
-4.815740287303925116e-01
-5.591132640838623047e-01
-6.141876578330993652e-01
-6.467328071594238281e-01
-7.256611585617065430e-01
-7.142779827117919922e-01
-7.805664539337158203e-01
-8.202704787254333496e-01
-8.513572216033935547e-01
-8.478717207908629261e-01
-8.628850579261779785e-01
-9.164949059486388050e-01
-9.314422607421876110e-01
-1.002048134803771973e+00
-1.071017742156982422e+00
-1.125948429107666016e+00
-1.215710520744323508e+00
-1.243118882179260476e+00
-1.341537594795227051e+00
-1.362542033195495605e+00
-1.437439322471618874e+00
-1.478327155113220215e+00
-1.501362323760986328e+00
-1.541761279106139915e+00
-1.570907473564148171e+00
-1.685366749763488770e+00
-1.651500701904296875e+00
-1.625266194343566895e+00
-1.740341663360595703e+00
-1.724041938781738503e+00
-1.839590072631835938e+00
-1.884875178337096724e+00
-1.946211695671081099e+00
-2.052700281143188477e+00
-2.086833953857421875e+00
-2.193653821945190430e+00
-2.274822235107421875e+00
-2.353314638137817383e+00
-2.473537445068359819e+00
-2.534234285354614258e+00
-2.591351747512817383e+00
-2.615597724914550781e+00
-2.680477857589721680e+00
-2.759059906005859819e+00
-2.818811655044556108e+00
-2.851588010787963867e+00
-2.849634647369384766e+00
-2.911267280578613281e+00
-2.928929090499877930e+00
-2.969573259353637695e+00
-2.971116781234741211e+00
-3.025325536727905273e+00
-3.072625875473022461e+00
-3.103488922119140625e+00
-3.078039407730102539e+00
-3.153657197952270508e+00
-3.154742717742919922e+00
-3.255179405212402344e+00
-3.267977714538573775e+00
-3.243168115615844727e+00
-3.226194143295288086e+00
-3.129966497421264648e+00
-3.178980350494384766e+00
-3.159062623977661133e+00
-3.134235143661498579e+00
-3.220499515533447710e+00
-3.183650493621826172e+00
-3.218560695648193359e+00
-3.132293939590453657e+00
-3.109483242034912109e+00
-3.102844238281250000e+00
-2.940547466278076172e+00
-2.969799041748046875e+00
-2.950840234756469727e+00
-2.960096120834350586e+00
-2.926808357238769087e+00
-2.890364408493041992e+00
-2.857522249221801758e+00
-2.852072954177856445e+00
-2.747077703475951704e+00
-2.701020002365112305e+00
-2.604952573776245117e+00
-2.518431425094604492e+00
-2.464244127273560014e+00
-2.377183437347412109e+00
-2.350599527359009233e+00
-2.260362625122070312e+00
-2.271258592605590820e+00
-2.190274953842163086e+00
-2.093963384628295898e+00
-1.928676247596740723e+00
-1.910831332206725852e+00
-1.916205406188964844e+00
-1.873194813728332297e+00
-1.783668160438537598e+00
-1.756357192993164062e+00
-1.627800703048706055e+00
-1.569929838180541992e+00
-1.490360140800475852e+00
-1.464660286903381126e+00
-1.351339459419250488e+00
-1.288381814956665039e+00
-1.259827733039855957e+00
-1.153613567352294922e+00
-1.124614000320434570e+00
-1.013855695724487305e+00
-8.989069461822509766e-01
-8.952520489692687988e-01
-7.953568696975708008e-01
-7.792419791221618652e-01
-7.296774387359619141e-01
-6.609895825386047363e-01
-6.716368198394775391e-01
-5.998710393905639648e-01
-5.411117076873779297e-01
-4.649944007396697998e-01
-3.507871031761168878e-01
-3.372304737567901611e-01
-2.576840221881866455e-01
-2.404946237802504938e-01
-1.606864333152770996e-01
-1.425277739763259888e-01
-2.010603249073028842e-01
-1.620648056268692017e-01
-2.005067467689514438e-01
-1.540148556232452393e-01
-9.480714052915573120e-02
-1.139815747737884521e-01
-7.924926280975343185e-02
-6.200449541211127541e-02
-9.588329121470451355e-03
-3.061624942347407341e-03
-1.817300729453564037e-02
1.695748791098594666e-02
-2.112228050827980042e-02
1.622860319912433624e-02
5.824156105518341064e-02
8.993218839168548584e-02
1.098731458187103271e-01
7.446176558732986450e-02
9.347749501466752486e-02
4.767277091741561890e-02
6.592065840959548950e-02
3.013339266180991780e-02
8.037908934056758881e-03
9.404315799474716187e-02
7.337303459644317627e-02
8.835643529891967773e-02
8.874123543500900269e-02
1.372883319854736606e-01
1.398698538541793823e-01
8.713035285472869873e-02
7.487676292657852173e-02
5.404344573616982200e-02
6.141733750700951316e-02
1.121559441089629988e-01
1.124140918254852434e-01
1.499320715665817261e-01
1.934650093317032138e-01
1.099930033087730408e-01
1.885347813367843905e-01
1.503200829029083252e-01
1.268589794635772705e-01
1.141503974795341492e-01
8.300898224115373092e-02
9.345533698797225952e-02
1.082502529025077681e-01
1.152344122529029707e-01
1.244815886020660539e-01
1.849977076053619385e-01
2.467913478612900058e-01
2.210831791162490845e-01
2.549484074115753174e-01
2.668196260929108221e-01
2.977608442306518555e-01
3.050719797611237127e-01
2.848443984985352118e-01
2.955765724182128906e-01
3.069788515567779541e-01
3.529195785522460938e-01
3.622532486915588934e-01
3.438509106636047363e-01
3.554165065288544256e-01
3.648081421852111816e-01
3.892330229282379150e-01
4.045488238334655762e-01
4.293754696846007746e-01
4.883483648300170898e-01
4.834853708744049072e-01
4.737175107002257746e-01
5.256054401397705078e-01
5.165945887565612793e-01
5.634373426437377930e-01
5.590298175811767578e-01
6.040709018707275391e-01
5.545445084571838379e-01
5.970085263252258301e-01
6.335271596908569336e-01
6.231142282485961914e-01
6.740370392799377441e-01
7.015069127082824707e-01
7.062332034111022949e-01
7.045153975486755371e-01
7.880229353904724121e-01
8.164918422698974609e-01
7.507533431053161621e-01
7.733650207519531250e-01
8.202869892120361328e-01
7.557811737060546875e-01
7.854760289192199707e-01
7.490714192390441895e-01
8.066927194595336914e-01
8.239633440971374512e-01
7.802014350891113281e-01
7.957356572151184082e-01
7.795936465263366699e-01
8.482468128204345703e-01
8.554283976554870605e-01
7.801900506019592285e-01
8.240680098533629261e-01
7.293835282325744629e-01
7.222731709480285645e-01
8.138647079467773438e-01
6.449542045593261719e-01
6.401216983795166016e-01
5.191747546195983887e-01
4.837850034236907959e-01
5.524457693099975586e-01
4.556585848331450861e-01
4.710965752601624090e-01
3.841228187084197998e-01
4.310613572597504217e-01
5.280246734619140625e-01
4.901017546653748114e-01
4.829471111297607977e-01
4.746474921703338068e-01
5.206674933433532715e-01
4.759308695793151855e-01
4.971285164356232245e-01
5.313515067100524902e-01
4.256894290447235107e-01
4.398587048053741455e-01
3.668249845504760742e-01
3.602626323699951172e-01
3.431865274906158447e-01
2.692667543888092041e-01
2.538732290267944336e-01
1.007499545812606812e-01
1.697549670934677124e-01
2.282537817955017090e-01
1.065210849046707292e-01
1.657731980085372925e-01
8.124589920043945312e-02
8.591296523809432983e-02
9.485800564289093018e-02
1.201816126704216003e-01
1.355345249176025391e-01
-9.142895042896272140e-02
-3.766199573874473572e-02
-1.945935375988483776e-02
-6.245626136660576561e-02
-7.322137057781219482e-02
-1.430996656417846680e-01
-9.451983124017716842e-02
-5.073188245296478271e-02
-6.527866423130035400e-02
-6.304282695055007935e-03
-1.065435111522674561e-01
-6.860279291868209839e-02
-1.184353902935981750e-01
-1.690808683633804599e-01
-1.852566450834274570e-01
-2.966170012950897217e-01
-2.996083796024322510e-01
-3.279595077037811279e-01
-3.808646500110626221e-01
-3.225189149379730225e-01
-3.472489118576049805e-01
-3.358879089355468750e-01
-4.550258517265320379e-01
-3.967637121677399237e-01
-3.529579639434814453e-01
-4.054111242294312079e-01
-4.378831982612609863e-01
-4.702901542186737061e-01
-4.816245734691620428e-01
-4.080910682678223211e-01
-4.656797647476195734e-01
-4.382818043231964111e-01
-4.511161446571350098e-01
-4.073040187358856201e-01
-4.700219929218292236e-01
-4.941864013671875000e-01
-4.794181585311890204e-01
-5.062636137008666992e-01
-5.368216633796691895e-01
-4.862646162509918213e-01
-5.261038541793823242e-01
-4.712763130664825995e-01
-5.663520693778991699e-01
-5.400269031524658203e-01
-5.505468249320983887e-01
-5.206622481346129261e-01
-4.633017480373383123e-01
-4.145415425300598145e-01
-3.548094630241394043e-01
-2.702344954013824463e-01
-3.388723134994506836e-01
-2.519702911376953125e-01
-3.189370930194854736e-01
-2.693055272102355957e-01
-2.943402230739592951e-01
-3.093001544475555420e-01
-2.944601774215698242e-01
-3.106172680854796808e-01
-2.720889151096343994e-01
-3.529828190803527832e-01
-2.989747524261474609e-01
-2.502844929695128839e-01
-2.554234564304351807e-01
-2.419546395540236872e-01
-2.971276640892028809e-01
-2.674522995948791504e-01
-2.312593907117843905e-01
-3.009437918663024902e-01
-2.463884204626083374e-01
-2.911736071109771729e-01
-3.470226526260375977e-01
-2.926006317138671875e-01
-3.353141248226165771e-01
-3.537389338016510010e-01
-3.815999925136566162e-01
-3.555359244346619207e-01
-3.166254758834838867e-01
-3.216409087181091309e-01
-2.969551682472229004e-01
-3.127680718898773193e-01
-2.950630187988281250e-01
-1.637156456708908081e-01
-1.718834787607192993e-01
-1.082379966974258423e-01
-1.763608008623123169e-01
-1.648452132940292636e-01
-1.625377833843231201e-01
-7.230685651302337646e-02
-7.897035218775272369e-03
-7.582446187734603882e-02
-5.452359095215796730e-02
-7.152619957923889160e-02
-2.085492014884948730e-02
4.623162746429443359e-02
1.660140603780746113e-02
7.630321383476257324e-02
6.141484156250953674e-02
5.052536353468894958e-02
2.414258569478988647e-02
-4.030808061361312866e-02
-1.913996227085590363e-02
-9.128250926733015580e-02
-9.662362933158875899e-02
-5.720712617039681175e-02
-7.744344323873519897e-02
1.476171705871820276e-02
1.159028708934784109e-02
7.383605092763900757e-02
1.061059460043907304e-01
8.613587170839309692e-02
4.471797868609428406e-02
2.579805254936218609e-02
-3.789809718728065491e-02
4.194641020148992538e-03
1.902291364967823029e-02
4.805600270628928444e-02
-8.026340603828430176e-02
-9.208238869905473190e-02
-6.700321286916732788e-02
-1.149913370609283447e-01
-1.036269869655370712e-02
-3.837503492832183838e-02
-1.017564460635185242e-01
-1.245125830173492432e-01
-1.368166655302047452e-01
-1.016512513160705566e-01
-8.137872070074081421e-02
-6.652128696441650391e-02
-1.599651128053665161e-01
-1.599835455417633057e-01
-1.927379369735717496e-01
-2.759336531162261963e-01
-2.603928148746490479e-01
-3.527219295501708984e-01
-3.480290770530701239e-01
-2.602562606334686279e-01
-2.819482088088989258e-01
-2.369715273380279541e-01
-3.079789876937866211e-01
-3.047159016132354736e-01
-3.097221255302429199e-01
-3.988387286663055975e-01
-3.722260892391204834e-01
-4.643525779247283936e-01
-4.765156507492065985e-01
-4.651722908020020086e-01
-5.252481698989868164e-01
-4.382281601428985596e-01
-4.015655815601348877e-01
-3.385249674320220947e-01
-3.641572296619414728e-01
-4.555743932723999023e-01
-3.764871954917908270e-01
-4.343983829021453857e-01
-3.460766077041625977e-01
-2.696388959884644110e-01
-3.725262880325316828e-01
-3.881575167179108221e-01
-3.764493167400360107e-01
-3.260248005390167236e-01
-3.059807121753693182e-01
-4.115737974643707275e-01
-4.059840738773345947e-01
-4.409829676151276190e-01
-4.235225617885589600e-01
-3.113874197006225586e-01
-3.638235032558441162e-01
-2.705798745155334473e-01
-2.793261110782623291e-01
-2.824991047382354736e-01
-3.066284656524658203e-01
-2.699497640132904053e-01
-2.146212905645370483e-01
-2.435632795095444003e-01
-1.596678793430328369e-01
-2.011630237102508545e-01
-1.817068755626678467e-01
-1.259689182043075562e-01
-1.869668066501617154e-01
-1.208209320902824541e-01
-1.712449342012405396e-01
-2.523580789566039484e-01
-2.011757344007492065e-01
-1.192461028695106506e-01
4.118036478757857409e-03
-7.806040346622467041e-02
-8.768463134765625000e-02
-1.158009916543960433e-01
-1.470884531736373901e-01
-1.723551452159881592e-01
-2.091456055641174594e-01
-2.870067358016967773e-01
-2.545186281204224188e-01
-2.467577457427978516e-01
-2.700974345207214355e-01
-3.043226599693298340e-01
-3.214362263679504395e-01
-3.494743108749389648e-01
-3.912624716758728027e-01
-3.985564410686492920e-01
-5.016527771949768066e-01
-4.050002992153167725e-01
-3.056682050228118896e-01
-2.781776785850524902e-01
-2.955548167228698730e-01
-3.163900673389434814e-01
-3.494435548782349188e-01
-3.555254042148590088e-01
-3.420958518981933594e-01
-3.228054344654083252e-01
-3.231123983860015869e-01
-2.315902262926101407e-01
-3.059383034706115723e-01
-3.299426436424255371e-01
-3.128359615802764893e-01
-3.315038681030272882e-01
-2.592588663101196289e-01
-2.632935345172882080e-01
-1.808973848819732666e-01
-8.618483692407608032e-02
-9.274908900260923905e-02
-6.899182498455047607e-02
-7.414039969444274902e-02
-1.326266974210739136e-01
-9.911788254976272583e-02
-1.126019060611724715e-01
-1.107307672500610352e-01
-1.127660423517227312e-01
-9.487278014421464400e-02
-7.949218153953552246e-02
-2.061638236045837055e-02
2.748296409845351826e-02
1.986871100962162018e-02
3.592814132571220398e-02
-1.940005086362361908e-02
-2.424601092934608459e-02
-1.948741078376770020e-02
-7.816571742296218872e-02
-9.745722264051435990e-02
-1.184926927089691301e-01
-2.896557748317718159e-02
-6.092909350991249084e-02
-2.108418941497802734e-01
-1.438415050506591797e-01
-2.138598710298538486e-01
-1.709077954292297363e-01
-1.373044550418853760e-01
-1.666252911090850830e-01
-2.013281583786010742e-01
-2.436113506555556973e-01
-2.452345192432404120e-01
-2.709713280200958252e-01
-2.976613342761992853e-01
-3.316228687763214111e-01
-3.651043772697448730e-01
-3.529065847396850586e-01
-3.133156299591064453e-01
-3.169572353363037109e-01
-2.556451559066772461e-01
-2.983403205871582031e-01
-2.966937720775604248e-01
-2.369164377450942993e-01
-2.305818945169449130e-01
-2.303899526596069058e-01
-2.524701654911041260e-01
-2.356013357639313022e-01
-2.810572683811187744e-01
-3.246961832046508789e-01
-2.661528885364532471e-01
-2.972582578659057617e-01
-2.545055747032164972e-01
-2.240439802408218384e-01
-2.196866124868392944e-01
-1.781902164220810214e-01
-2.373156547546386996e-01
-2.124273329973220825e-01
-2.203807383775711060e-01
-2.298953235149383545e-01
-2.277927398681640903e-01
-2.355929613113403598e-01
-2.582010924816132147e-01
-3.322393894195557196e-01
-3.014418780803680420e-01
-2.950381040573120117e-01
-3.331840336322784424e-01
-3.392788469791412354e-01
-3.725414872169495184e-01
-3.594974279403686523e-01
-3.340707123279571533e-01
-3.266891837120056152e-01
-2.893228828907012939e-01
-3.204775154590607245e-01
-3.648995459079742432e-01
-3.395741879940032959e-01
-3.850660920143127997e-01
-3.185002803802489679e-01
-3.322072327136992853e-01
-2.930961251258850098e-01
-2.233337610960006714e-01
-2.438021153211593628e-01
-1.675871908664703369e-01
-1.834418028593063632e-01
-1.441214382648468018e-01
-1.525115817785263062e-01
-1.754042655229568481e-01
-9.471342712640762329e-02
-7.976028323173522949e-02
-1.729128882288932800e-02
5.380032584071160057e-02
6.262326240539550781e-02
7.688318938016891479e-02
7.932672649621963501e-02
1.238615512847900529e-01
9.870253503322599931e-02
1.550938487052917480e-01
1.948955804109573364e-01
1.962374895811080933e-01
1.822048723697662631e-01
2.359534054994583130e-01
2.667807340621948242e-01
3.631398081779479980e-01
3.710741400718688965e-01
3.922164440155028742e-01
3.457447886466979980e-01
3.188553452491760254e-01
3.435354828834533691e-01
4.031269550323486328e-01
4.972386956214904785e-01
4.959240555763245184e-01
5.516021847724914551e-01
5.954937338829039417e-01
5.874166488647460938e-01
6.437684297561645508e-01
6.357426643371582031e-01
6.747028827667236328e-01
6.857320070266723633e-01
6.632046699523925781e-01
6.794098019599914551e-01
6.804588437080383301e-01
6.867694258689879261e-01
6.826295256614685059e-01
6.940641999244689941e-01
7.693068385124206543e-01
7.311379909515380859e-01
7.871564626693725586e-01
7.733393311500549316e-01
7.631782889366149902e-01
7.815816402435302734e-01
7.768078446388244629e-01
7.113242149353027344e-01
7.123669385910034180e-01
6.903579831123352051e-01
7.207927107810974121e-01
6.772196888923645020e-01
7.118876576423645020e-01
6.843794584274291992e-01
7.101611495018005371e-01
7.306857109069824219e-01
6.382475495338439941e-01
5.786542296409606934e-01
5.110366940498352051e-01
5.029186606407165527e-01
4.861103594303131104e-01
4.440459907054901123e-01
3.948652446269989014e-01
3.880870938301086426e-01
4.123194217681884766e-01
4.609766602516173761e-01
4.432500898838043213e-01
4.671796262264252264e-01
4.833831191062927246e-01
4.832337796688079834e-01
4.828133583068848211e-01
4.657571315765380859e-01
5.437331795692443848e-01
5.288872718811035156e-01
5.178686976432800293e-01
5.009649991989135742e-01
4.541795849800109863e-01
5.227027535438537598e-01
5.037001371383666992e-01
5.286492109298706055e-01
5.180969834327697754e-01
5.271298885345458984e-01
5.527909994125366211e-01
5.895823240280151367e-01
6.557214856147766113e-01
6.373205780982971191e-01
6.217565536499023438e-01
6.480473875999450684e-01
6.223611831665039062e-01
6.506075263023376465e-01
6.503714323043823242e-01
6.071285605430603027e-01
5.903577804565429688e-01
5.508747696876525879e-01
5.701565742492675781e-01
5.691345930099487305e-01
6.185368895530700684e-01
6.520120501518249512e-01
6.650323867797851562e-01
6.582119464874267578e-01
6.406870484352111816e-01
6.577174663543701172e-01
6.376549005508422852e-01
6.205954551696777344e-01
6.515371799468994141e-01
5.880780816078186035e-01
5.971047282218933105e-01
6.162483096122741699e-01
6.109521389007568359e-01
6.402943730354309082e-01
6.267105937004089355e-01
6.535151600837707520e-01
6.697935461997985840e-01
6.627839207649230957e-01
6.957396864891052246e-01
6.725521087646484375e-01
6.891986727714538574e-01
6.283695697784423828e-01
6.619915962219238281e-01
6.911906599998474121e-01
6.938681602478027344e-01
6.973549723625183105e-01
6.977453827857971191e-01
6.664172410964965820e-01
7.161501646041870117e-01
7.241029143333435059e-01
7.125814557075500488e-01
7.096297144889831543e-01
7.238618135452270508e-01
7.522602081298828125e-01
7.651605010032653809e-01
7.973873019218444824e-01
7.930517196655273438e-01
8.117520809173583984e-01
8.442488908767700195e-01
8.479664921760559082e-01
8.858953714370727539e-01
9.015058279037475586e-01
9.279911518096923828e-01
9.509567022323608398e-01
9.445015788078308105e-01
9.595991373062133789e-01
9.325202107429504395e-01
9.405264854431152344e-01
9.397669434547424316e-01
9.279029369354248047e-01
9.235470890998840332e-01
9.234945774078368030e-01
9.435278177261352539e-01
9.484983086585999645e-01
1.000510931015014648e+00
1.022301197052002175e+00
1.007896423339843750e+00
9.854987859725952148e-01
9.844533801078796387e-01
1.002754211425781250e+00
1.061956644058227539e+00
1.041060566902160645e+00
1.055204033851623535e+00
1.059783339500427246e+00
1.064268231391906738e+00
1.088352203369140625e+00
1.060370087623596191e+00
1.047970533370971680e+00
1.032536387443542480e+00
1.000738739967346191e+00
1.047838091850280762e+00
1.048170328140258789e+00
1.063263297080993652e+00
1.078597307205200195e+00
1.119815468788146973e+00
1.137564420700073242e+00
1.142916083335876465e+00
1.177929878234863281e+00
1.166716814041137695e+00
1.187388658523559570e+00
1.219234704971313699e+00
1.235776185989380105e+00
1.274723291397094727e+00
1.233264446258544922e+00
1.257613062858581543e+00
1.272004365921020508e+00
1.280073523521423118e+00
1.327877759933471680e+00
1.335061430931091309e+00
1.349831819534301758e+00
1.326572418212890625e+00
1.315102458000182883e+00
1.316244244575500488e+00
1.315263748168945090e+00
1.332189083099365234e+00
1.346127271652221680e+00
1.364662647247314453e+00
1.408791542053222878e+00
1.406803965568542480e+00
1.433211803436279297e+00
