1.340873360600000064e+00
1.200388789200000028e+00
1.411676526100000162e+00
1.412931323100000025e+00
1.349494457200000053e+00
1.313708186099999953e+00
8.240965009000000840e-01
1.103919982900000152e+00
1.008755803100000126e+00
1.725326776499999992e+00
1.652593612700000048e+00
1.461150407799999940e+00
1.240573883099999941e+00
1.020532250400000063e+00
6.090838312999999893e-01
4.089055954999999964e-01
1.339877546000000086e-01
-3.269942480000000151e-02
-7.810980080000000381e-02
-1.326717733999999982e-01
-9.718302640000001102e-02
-8.617162699999998676e-02
-6.076980828999999362e-01
2.072627394999999872e-01
2.307869344999999850e-01
3.133117557000000275e-01
1.516257374999999963e-01
1.629619747000000118e-01
-8.112799524999999567e-01
-9.978121518999999440e-01
-1.411574244499999908e+00
-1.277187585799999914e+00
-9.825564623000000442e-01
-6.492323875000000077e-01
-3.229567408999999834e-01
1.018382981000000020e-01
6.011899113999999988e-01
7.160376309999999522e-01
9.813150764000000414e-01
1.047656416899999998e+00
9.979097843000001022e-01
8.567349315000000187e-01
7.611836790999999547e-01
7.006273270000000775e-01
6.472335458000000319e-01
6.137092113000000015e-01
7.345817088999999633e-01
8.985653519999999839e-01
1.051392674399999949e+00
1.137115836099999999e+00
1.129456400900000101e+00
1.092861533200000013e+00
9.233436583999999892e-01
8.697713017000000546e-01
7.167233825000000058e-01
4.321870207999999880e-01
6.464340686999999752e-01
1.493449926399999850e+00
1.315453767800000007e+00
1.098062992100000024e+00
9.210404754000001137e-01
6.282636522999999196e-01
3.290406465999999863e-01
1.103076530000000020e-02
-3.666244745000000194e-01
-5.600085854999999890e-01
-7.191551923999999207e-01
-7.155505419000000034e-01
-6.971855164000000382e-01
-7.640970945000000736e-01
-7.210479379000001021e-01
-7.642622590000001104e-01
-7.557290195999999405e-01
-8.146647810999999573e-01
-8.063380718000000558e-01
-8.041430712000000591e-01
-9.342195392000000043e-01
-9.562263489000000227e-01
-9.265046715999999405e-01
-8.495376706000000722e-01
-8.140237926999999152e-01
-6.865775584999999070e-01
-5.763026475999999398e-01
-4.859597086999999926e-01
-5.131774545000000742e-01
-5.783668755999999966e-01
-6.574836372999999234e-01
-6.433593035000000349e-01
-5.900413989999999664e-01
-4.646310210000000329e-01
-4.379957020000000423e-01
-3.082660735000000152e-01
-3.548175395000000565e-01
-2.415750771999999880e-01
-1.759597510000000253e-01
-2.013243437000000191e-01
-2.031883298999999921e-01
-1.225602925000000010e-01
-1.783506869999999800e-01
-5.083498360000000132e-02
4.358572899999999667e-03
1.304519026999999831e-01
1.941776424999999973e-01
2.368054240999999949e-01
3.238093853000000300e-01
2.972553968000000157e-01
3.454420864999999674e-01
3.682575524000000211e-01
2.745486497999999886e-01
1.827250569999999963e-01
-1.274632364999999934e-01
-2.417132853999999775e-01
-4.381929039999999942e-01
-5.615255833000000196e-01
-6.093404889000000324e-01
-6.821267604999999845e-01
-6.505535245000000355e-01
-5.667929053000000383e-01
-4.760979414000000021e-01
-4.864574670999999850e-01
-5.046674012999999848e-01
-5.484114289000000531e-01
-7.011095881000000141e-01
-8.716461657999999835e-01
-9.400180578000000287e-01
-9.808211923000000887e-01
-9.747271537999999680e-01
-8.931073545999999030e-01
-8.078259826000000476e-01
-8.175821899999999864e-01
-8.123356699999999542e-01
-8.959269523999999763e-01
-1.057873010600000052e+00
-1.179792761800000145e+00
-1.382417678799999994e+00
-1.505548119499999782e+00
-1.537243127800000053e+00
-1.560718536399999801e+00
-1.491265893000000009e+00
-1.387569546699999767e+00
-1.238384008399999958e+00
-1.103517890000000001e+00
-1.095848917999999950e+00
-1.097172617900000091e+00
-1.095313072199999960e+00
-1.158991217600000123e+00
-1.195530414599999869e+00
-1.212139725699999948e+00
-1.254259228700000062e+00
-1.271329760600000025e+00
-1.148415565499999902e+00
-1.341263651800000067e+00
-1.203463554400000080e+00
-1.064646124800000093e+00
-9.934580326000000960e-01
-9.293205142000000585e-01
-7.812381387000000288e-01
-9.166800379999999748e-01
-8.591943383000000267e-01
-7.749343513999999988e-01
-1.012262702000000125e+00
-1.067164778700000038e+00
-9.375481009000000698e-01
-9.701450467000000133e-01
-7.744259834000000176e-01
-7.641862034999999942e-01
-4.499195813999999904e-01
-2.711917757999999790e-01
-3.565109967999999796e-01
-1.962690948999999963e-01
-2.117441744000000126e-01
-2.275685966000000060e-01
-3.741110264999999990e-01
-4.724515079999999645e-01
-5.679844022000000159e-01
-5.838625431000000754e-01
-6.532040834000000240e-01
-6.846282481999999003e-01
-7.664309143999999963e-01
-7.481394409999999606e-01
-6.503726840000000342e-01
-7.905934452999999751e-01
-6.987332106000000431e-01
-6.422264575999999670e-01
-7.915229796999999623e-01
-5.712541937999999764e-01
-4.702994227000000249e-01
-5.065737962999999899e-01
-5.949149132000000062e-01
-6.425356865000000361e-01
-7.307928204999999400e-01
-8.982380033000000319e-01
-8.374645709999999355e-01
-6.151694059000000214e-01
-7.268677949999999832e-01
-4.573243557999999709e-01
-3.804671465999999724e-01
-4.206570982999999764e-01
-2.905561923999999685e-01
-4.423739015999999524e-01
-4.476237296999999726e-01
-3.783646225999999779e-01
-5.209047197999999712e-01
-4.699805378999999950e-01
-3.209819198000000151e-01
-3.957616090999999670e-01
-2.183160335000000063e-01
-2.693104148000000087e-01
-1.853809803999999783e-01
-2.925494611000000189e-01
-2.059359997999999914e-01
-4.037589729000000127e-01
-4.176039100000000226e-01
-3.573007584000000292e-01
-1.457087844999999937e-01
-3.101029097999999928e-01
-2.659171522000000065e-01
-6.714248659999999536e-02
7.331353429999999671e-02
-7.890337710000000504e-02
5.532670769999999821e-02
1.060607806000000014e-01
1.720016896999999878e-01
1.166235656000000065e-01
3.326093553999999730e-01
2.801253200000000110e-01
3.634301722000000123e-01
6.304780840999999469e-01
6.309445500000000484e-01
7.952363490999999618e-01
8.481041789000000053e-01
7.406412959000000518e-01
7.663424611000000386e-01
6.373938322000000101e-01
6.745524405999999695e-01
6.408028006999999526e-01
6.058317422999999202e-01
6.352452039999999522e-01
6.726192236000000380e-01
4.989822804999999861e-01
5.985592008000000241e-01
6.408615112000000114e-01
6.148638724999999638e-01
7.077362537000000398e-01
7.114234567000000675e-01
6.191607714000000318e-01
4.958772063000000396e-01
3.077829480000000006e-01
5.959456410000000398e-02
-1.153256446000000129e-01
-1.459977925000000010e-01
-5.415450780000000131e-02
1.187109499999999956e-01
2.500822544000000369e-01
1.959577650000000060e-01
2.210343480000000194e-01
1.531167030000000207e-01
6.926857399999999942e-03
-7.740843999999999980e-04
-8.669666949999998984e-02
-1.572614461000000075e-01
-2.098690569000000172e-01
-2.049808948999999880e-01
-2.538503407999999628e-01
-2.278064042000000067e-01
-2.253114878999999959e-01
-2.782748342000000430e-01
-4.387681782000000252e-01
-4.921172260999999715e-01
-4.792381227000000465e-01
-3.772366345000000565e-01
-4.290412365999999866e-01
-2.956500649000000092e-01
-2.010977119000000035e-01
-1.821355819999999903e-01
-1.855112164999999924e-01
-3.290003836000000015e-01
-4.929959178000000164e-01
-7.277775406999998919e-01
-8.923607469000000014e-01
-8.469011187999999635e-01
-7.679525614000000111e-01
-7.513559461000000050e-01
-7.441605926000000037e-01
-7.255014181000000173e-01
-7.263130545999999521e-01
-8.211164473999998936e-01
-8.473592401000000773e-01
-9.145662189000000053e-01
-8.627833723999999149e-01
-1.072685003299999940e+00
-9.474232793000000319e-01
-9.055510162999999002e-01
-8.942040801000000760e-01
-1.006064176600000026e+00
-1.045516729400000067e+00
-9.925405979000000434e-01
-8.911219239000000014e-01
-8.357497454000000214e-01
-8.214675784000000647e-01
-9.560222626000000057e-01
-1.006692647900000015e+00
-1.215067982699999938e+00
-1.188259601599999993e+00
-1.262099623699999951e+00
-1.314581036599999919e+00
-1.143199324599999844e+00
-9.773173331999999158e-01
-9.523023962999999092e-01
-8.387228847000000043e-01
-7.806136012000000068e-01
-7.443948387999999028e-01
-7.411898970999999392e-01
-7.572346329999999348e-01
-9.673870801999999713e-01
-8.685146570000000787e-01
-7.952066659999998954e-01
-6.581564546000000515e-01
-4.600453377000000565e-01
-1.922260225000000100e-01
-1.838641316000000081e-01
-1.832515746000000223e-01
-2.977032958999999979e-01
-3.841523229999999622e-01
-4.516966045000000429e-01
-3.901693522999999941e-01
-3.762105404999999680e-01
-2.613989710999999883e-01
-4.660400750000000258e-02
1.499546468000000077e-01
1.461583226999999818e-01
1.606560796000000013e-01
1.815350055999999934e-01
1.935346871999999996e-01
-3.123418240000000110e-02
2.079547940000000053e-02
-5.181039119999999998e-02
-7.368892400000000287e-03
-1.570916179999999954e-02
2.167182564999999839e-01
9.136788550000000952e-02
2.303961664000000187e-01
2.795109748999999866e-01
4.966829418999999524e-01
4.979682564999999839e-01
3.833924234000000153e-01
3.876086771000000208e-01
4.359849989000000314e-01
3.085258603000000099e-01
2.856245041000000096e-01
4.048446714999999752e-01
2.818512321000000154e-01
5.509259700999999954e-01
5.481119751999999901e-01
7.051253318999999298e-01
7.400578259999999187e-01
8.852016329999999877e-01
7.558947802000000049e-01
9.086199998999999750e-01
8.956512212999999667e-01
8.109375833999999950e-01
9.174367189000000034e-01
9.943678974999999864e-01
9.961906074999999916e-01
8.943403362999999828e-01
6.864959001999999533e-01
6.159178614999999413e-01
6.331210135999999489e-01
7.776305079000001008e-01
8.731796740999999695e-01
9.506382942000000114e-01
1.047516465199999969e+00
1.074617028199999824e+00
9.948453902999999654e-01
7.336964606999999416e-01
5.890514850999999386e-01
5.709742904000000285e-01
4.674731195000000339e-01
5.762836337000000198e-01
5.749042034000000356e-01
5.801417232000000146e-01
6.911864280999999721e-01
8.092722893000000584e-01
8.514832258000000209e-01
7.723592519999999961e-01
5.140746832000000488e-01
3.256551920999999905e-01
1.855872123999999790e-01
1.522842050000000058e-01
1.855672746999999789e-01
1.975581944000000256e-01
3.408537507000000133e-01
4.843562245000000432e-01
4.096190631000000137e-01
3.711305260999999689e-01
9.037390349999999128e-02
-2.164632976000000208e-01
-5.447757243999999943e-01
-7.027781605999999792e-01
-9.719102383000000067e-01
-1.342644333800000034e+00
-1.286775469800000016e+00
-1.327603936200000057e+00
-1.339648246800000164e+00
-1.474910616899999916e+00
-1.546730399099999875e+00
-1.684029340699999988e+00
-1.668072581299999912e+00
-1.778612613700000011e+00
-1.763766646399999916e+00
-1.800393819799999795e+00
-1.801261425000000083e+00
-1.682836890200000157e+00
-1.622793555299999912e+00
-1.443576931999999813e+00
-1.336266517600000148e+00
-1.379941105800000178e+00
-1.313189983400000038e+00
-1.184226036100000101e+00
-1.235509991599999857e+00
-1.044162750199999934e+00
-7.140378356000000037e-01
-7.190830112000000662e-01
-4.918313920000000339e-01
-3.483956158000000025e-01
-3.665305674000000069e-01
-4.490498006000000486e-01
-3.868233263000000477e-01
-4.305308759000000540e-01
-5.058184265999999818e-01
-3.502399325000000174e-01
-4.286891221999999946e-01
-2.973483801000000315e-01
6.279692049999999193e-02
1.676542609999999989e-01
2.925117016000000070e-01
3.084548115999999895e-01
3.687662184000000121e-01
3.283606470000000055e-01
4.124744534000000518e-01
3.933431506000000244e-01
4.597870707999999751e-01
4.188193679000000169e-01
4.879763424000000405e-01
6.881244182999999293e-01
7.292177080999999728e-01
6.723464130999999844e-01
6.620961428000000648e-01
5.146951674999999948e-01
3.303439021000000309e-01
2.636342049000000021e-01
2.028517871999999944e-01
1.954753250000000053e-01
2.205862403000000138e-01
1.300455630000000029e-01
1.250196843999999974e-01
2.817032299999999712e-02
4.851166900000000032e-02
2.988964914999999722e-01
3.253951669000000324e-01
2.547453939999999584e-01
3.389873803000000296e-01
1.026798933999999996e-01
1.070254742999999925e-01
3.539824860000000128e-02
-8.274709429999999033e-02
2.199250460000000060e-02
1.471983491999999949e-01
1.202825457000000070e-01
2.715883850999999960e-01
3.117095530000000281e-01
2.126009314999999789e-01
2.678739130000000190e-01
1.271702796000000191e-01
-4.655691240000000425e-02
-2.746554017000000236e-01
-4.560700059000000195e-01
-5.123328567000000611e-01
-3.864346445000000352e-01
-3.666431307999999945e-01
-7.324272800000000000e-03
4.580586553000000061e-01
5.833875536999999500e-01
9.160322546999999371e-01
1.224074125300000038e+00
1.163822293299999977e+00
1.241043209999999952e+00
1.253580450999999929e+00
1.139015674599999972e+00
9.539648890000000936e-01
7.722893952999999589e-01
8.380930423999999324e-01
7.383095026000000560e-01
7.500815987999999157e-01
6.490047574000000763e-01
7.334221601000000534e-01
7.489215731999999681e-01
6.709174514000000311e-01
4.282654524000000240e-01
2.238745689000000150e-01
-6.181979100000000241e-03
-2.615542412000000372e-01
-3.654818236999999859e-01
-6.146448254999999916e-01
-7.251622676999999184e-01
-1.010790824899999940e+00
-1.094851136199999964e+00
-1.238465309099999967e+00
-1.109213352200000058e+00
-1.073677539800000025e+00
-1.064308285699999912e+00
-8.656951784999999955e-01
-8.031699060999999418e-01
-7.967181206000000238e-01
-9.515355825000000323e-01
-1.038309931799999974e+00
-1.145489692700000006e+00
-1.269537210500000013e+00
-1.381325483300000156e+00
-1.558419585200000013e+00
-1.380043149000000025e+00
-1.234847784000000059e+00
-1.206609368299999874e+00
-1.162845969199999940e+00
-1.048909664199999980e+00
-8.704021573000000345e-01
-7.239191531999998874e-01
-7.156533002999999615e-01
-1.073281049700000045e+00
-1.176229834599999968e+00
-1.341608643499999864e+00
-1.374849796299999927e+00
-1.407338619199999918e+00
-1.186601519599999932e+00
-1.121833682099999896e+00
-7.456492781999999320e-01
-8.140490054999999225e-01
-6.817320584999999600e-01
-5.353583693999999227e-01
-6.806907058000000177e-01
-7.631069421999999713e-01
-8.326649666000000005e-01
-1.033235073099999957e+00
-1.011341929399999895e+00
-1.098158001899999903e+00
-9.480382204000000756e-01
-1.005108118100000114e+00
-9.443951845000000400e-01
-6.488514543000000190e-01
-3.524362743000000187e-01
-5.366984606000000380e-01
-2.212537676000000120e-01
-7.395254820000000950e-02
-7.943664490000000578e-02
1.686074882999999691e-01
3.398735821000000157e-01
3.205758035000000339e-01
3.887364864000000253e-01
3.846910595999999960e-01
3.317268192999999754e-01
3.659424781999999765e-01
1.987104564999999934e-01
1.457904428000000030e-01
1.065312997000000123e-01
2.154676467000000151e-01
3.162235617999999970e-01
5.428251624000000053e-01
6.574826836999999591e-01
5.613678693999999414e-01
3.534398972999999722e-01
-1.550667881999999997e-01
-1.587934047000000015e-01
-5.416809320000000039e-01
-6.816841959999999645e-01
-7.433517575000000432e-01
-5.174507499000000621e-01
-5.017186403000000183e-01
-2.219985240000000096e-02
5.146952867999999848e-01
5.125851034999999722e-01
8.451274632999999925e-01
8.495666981000000728e-01
5.963702202000000785e-01
2.292174250000000024e-01
-3.991335260000000024e-02
-2.557713687000000014e-01
-3.159955144000000105e-01
-2.061337828999999788e-01
-6.000532210000000116e-02
2.860032021999999730e-01
4.071918428000000367e-01
4.769160747999999783e-01
8.104333877999999602e-01
6.470469831999999810e-01
5.193269253000000196e-01
4.351131617999999812e-01
3.559155165999999815e-01
3.031978606999999881e-01
2.993983327999999999e-01
4.434574842000000294e-01
4.907830656000000125e-01
6.731147765999999644e-01
6.718672514000000318e-01
9.377018809000000621e-01
1.192364335099999950e+00
1.218752384200000094e+00
1.221967697099999972e+00
1.145783185999999843e+00
1.203824162499999906e+00
1.217559933700000041e+00
1.215839862800000004e+00
9.848346709999999948e-01
8.477570415000000859e-01
6.968883872000000146e-01
6.389050484000000640e-01
7.227780818999999246e-01
9.384341240000000361e-01
1.166708230999999873e+00
1.449107527700000064e+00
1.265634298299999960e+00
1.348781466499999970e+00
1.088165640800000000e+00
9.595882893000000635e-01
6.886495947999999867e-01
6.963123083000000157e-01
6.655395627000000314e-01
7.343177198999999433e-01
8.619692921999999591e-01
7.842116952000000030e-01
6.735844612000000398e-01
4.396558702000000207e-01
2.621604799999999735e-01
8.254244179999999098e-02
3.529697000000000368e-04
-1.140661538000000141e-01
-1.825836003000000096e-01
-1.983621715999999979e-01
-4.027704149999999927e-02
-1.768714637000000089e-01
-1.516960263000000086e-01
-2.814944983000000067e-01
-2.974979280999999753e-01
-3.788996637000000001e-01
-5.169413090000000155e-01
-6.578361987999999938e-01
-6.613342761999999597e-01
-7.544509768000000616e-01
-7.768501043000001216e-01
-8.902222513999999975e-01
-9.955269098000000261e-01
-1.261970043199999836e+00
-1.353902816800000020e+00
-1.398831486699999793e+00
-1.387950301200000069e+00
-1.434523701699999876e+00
-1.238122940100000013e+00
-1.203959465000000062e+00
-1.230121612500000072e+00
-1.110607385600000052e+00
-1.288203120199999940e+00
-1.172287583399999944e+00
-1.289891719799999947e+00
-1.321173548700000033e+00
-1.389122366899999905e+00
-1.477741003000000219e+00
-1.608526825900000068e+00
-1.661861538899999768e+00
-1.388111949000000012e+00
-1.437969207799999927e+00
-1.073483467099999977e+00
-1.047019481700000032e+00
-7.987788915999999295e-01
-5.164509415999999353e-01
-8.131873607999999809e-01
-1.033615112300000138e+00
-1.245766758900000104e+00
-1.348712563499999906e+00
-1.411231517800000113e+00
-1.364989876699999938e+00
-1.126623392099999954e+00
-1.007687687900000073e+00
-8.354175091000000108e-01
-4.973691702000000436e-01
-4.760338961999999730e-01
-5.278191566000000057e-01
-4.709677696000000302e-01
-4.897284210000000249e-01
-6.161826253000000087e-01
-5.783855915000000181e-01
-4.980560839000000017e-01
-5.512995123999999691e-01
-3.876441120999999934e-01
-3.799537940000000114e-02
1.336513608999999880e-01
6.220843792000000372e-01
9.723297954000000853e-01
1.072846412699999918e+00
1.322838902500000025e+00
1.550349116300000052e+00
1.493261933300000122e+00
1.601090311999999960e+00
1.506371021299999891e+00
1.510419249499999950e+00
1.609183669099999880e+00
1.350545525600000074e+00
1.237992763499999871e+00
1.085941076299999919e+00
8.417887092000000404e-01
7.171215415000000704e-01
6.150627135999999773e-01
5.807425379999999748e-01
5.891780853000000429e-01
8.855745195999998876e-01
7.912411690000000775e-01
1.139741659200000035e+00
1.314571619000000080e+00
1.352571368200000013e+00
1.592761039700000048e+00
1.736474275600000006e+00
1.633278846699999898e+00
1.545029401800000146e+00
1.274309158299999911e+00
9.288056493000000913e-01
6.757155060999999741e-01
4.817239939999999887e-01
4.097542464999999745e-01
4.742325543999999504e-01
5.799523591999999894e-01
7.466791271999999591e-01
6.333719492000000617e-01
4.017305075999999531e-01
-2.882265669999999752e-02
-2.669134139999999600e-01
-4.622566699999999806e-01
-6.985699534000000543e-01
-7.615224123000000622e-01
-6.821548939000000589e-01
-4.879756271999999839e-01
-3.696846365999999495e-01
-4.563244878999999643e-01
-3.416951299000000053e-01
-2.471486180999999949e-01
-1.543359011000000058e-01
-2.561590671999999791e-01
-2.436106651999999928e-01
-4.328738749000000108e-01
-4.921224117000000398e-01
-6.146843432999999912e-01
-6.389546393999999685e-01
-4.846587777000000430e-01
-4.843980073999999969e-01
-3.305603862000000004e-01
-1.634145825999999968e-01
-6.975995000000000112e-02
2.355811740000000182e-02
3.199950609999999834e-02
-4.767187400000000123e-03
-2.653335332999999796e-01
-2.914149165000000097e-01
-3.370696902000000494e-01
-3.125801086000000173e-01
-4.231962860000000326e-01
-3.046144544999999648e-01
-3.362337053000000187e-01
-3.494970499999999758e-01
-4.200527667999999770e-01
-3.591603040999999386e-01
-4.557963610000000387e-01
-3.390299082000000075e-01
-3.299263119999999994e-01
-3.065494299000000034e-01
-2.571968436000000024e-01
-2.530553638999999966e-01
-3.309306502000000094e-01
-1.795316785999999942e-01
-2.365884482999999761e-01
-3.183867036999999955e-01
-4.265203177999999928e-01
-3.742436468999999488e-01
-2.563852668000000112e-01
-1.612119972999999928e-01
-2.810351550999999892e-01
-3.457010090000000035e-01
-3.546633422000000091e-01
-1.846135705999999987e-01
8.523876970000000830e-02
1.723484992999999854e-01
2.562488317000000126e-01
3.098534942000000236e-01
3.736413717000000023e-01
1.408870071000000168e-01
5.212727559999999483e-02
-7.408957180000000364e-02
-2.054925412000000173e-01
-2.815480530000000203e-01
-2.436082363000000028e-01
-3.799939752000000559e-01
-4.603643714999999803e-01
-5.572818518000000054e-01
-6.505122781000000076e-01
-7.071166634999999090e-01
-7.879487276000000096e-01
-8.805214762999999945e-01
-1.008799433700000137e+00
-1.091655850400000016e+00
-1.216891884800000101e+00
-1.252260684999999985e+00
-1.242558479299999963e+00
-1.096679568299999907e+00
-9.103078245999999263e-01
-9.191873670000000329e-01
-6.351065040000000161e-01
-7.102973460999999489e-01
-5.594034790999999895e-01
-3.963048160000000042e-01
-4.345378279999999593e-01
-4.434540271999999894e-01
-4.447139502000000411e-01
-6.622341871000000380e-01
-9.497917295000000149e-01
-1.269020199800000137e+00
-1.359665393799999844e+00
-1.382023334499999923e+00
-1.422809481599999870e+00
-1.449741125099999861e+00
-1.323175787900000122e+00
-1.126990914300000091e+00
-9.704210758000000325e-01
-1.134390830999999933e+00
-9.012445806999999087e-01
-1.010829210300000058e+00
-9.575138092000000656e-01
-9.801587462000000972e-01
-1.019752979299999973e+00
-9.302881359999999322e-01
-9.836425780999999979e-01
-1.081551909399999900e+00
-1.070559143999999963e+00
-1.140671253199999846e+00
-1.238682627700000038e+00
-1.026252746599999988e+00
-9.668831229000001137e-01
-8.273524641999999707e-01
-8.424960375000000168e-01
-6.084739565999999211e-01
-5.908707975999999418e-01
-6.254235505999999889e-01
-5.772395729999999503e-01
-3.294378519000000227e-01
-4.549834728000000106e-01
-1.501314639999999923e-01
-1.905003935000000037e-01
-1.669617146000000052e-01
-1.041589081000000028e-01
2.471611279999999869e-02
-1.499584167999999940e-01
3.398496659999999947e-02
5.557974429999999744e-02
1.179031207999999969e-01
4.015658049999999701e-02
1.401514113000000006e-01
5.854538830000000083e-02
1.420972496000000029e-01
-3.009594600000000189e-02
-1.473985164999999931e-01
2.323431520000000111e-02
-2.441886364999999726e-01
5.667275190000000545e-02
9.537859259999999229e-02
1.500759124999999916e-01
3.130499721000000179e-01
4.125841557999999631e-01
3.154539168000000116e-01
3.045404851000000357e-01
5.299001932000000359e-01
4.316080511000000008e-01
5.137574672999999370e-01
4.696163535000000278e-01
4.550963342000000078e-01
3.805552125000000174e-01
4.166744649000000411e-01
2.235432862999999770e-01
3.023817837000000175e-01
1.299726814000000119e-01
1.764607280000000111e-01
3.677357732999999573e-01
2.120680362000000041e-01
3.452960253000000312e-01
5.282342434000000253e-01
4.666566550999999841e-01
6.237905621999999539e-01
8.050119876999999313e-01
6.236734389999999406e-01
8.673726915999999676e-01
6.085429192000000320e-01
5.992443561999999391e-01
7.738081217000000178e-01
7.880240679000000137e-01
9.374727606999999630e-01
1.088977456100000074e+00
9.046463370000000781e-01
1.053911328299999894e+00
9.672461748000000803e-01
1.012356758099999920e+00
9.343119859999999832e-01
9.646365046999999526e-01
8.602865934000000214e-01
9.102499484999999613e-01
9.419437646999999636e-01
9.024567007999999557e-01
9.603483676999999830e-01
1.004577636700000109e+00
8.235902190000000678e-01
8.239195943000000577e-01
8.541890383000000364e-01
7.433911562000000695e-01
9.372844099999999568e-01
8.926013708000000157e-01
9.438738226999999759e-01
1.062750577900000160e+00
8.783562779000000376e-01
9.721381068000001235e-01
8.872212768000000693e-01
8.366130590000000478e-01
7.608948349999999916e-01
6.176772118000000145e-01
4.612009227000000156e-01
5.288367270999999592e-01
5.357928276000000212e-01
6.095986961999999565e-01
3.990076779999999768e-01
4.023827611999999943e-01
3.952672779999999442e-01
3.384139538000000003e-01
2.869888543999999930e-01
2.730539441000000012e-01
2.765242457000000043e-01
2.166275829000000042e-01
2.882775067999999719e-01
1.746587901999999970e-01
5.363839860000000487e-02
-7.877818500000000057e-02
-6.369444729999999832e-02
-1.834959238999999964e-01
-2.390616536000000070e-01
-3.985990882000000068e-01
-3.165834248000000128e-01
-1.987026035999999996e-01
-2.819432020000000039e-01
-1.644006222000000128e-01
-6.651767340000000472e-02
-1.309660524000000048e-01
-7.843535389999999052e-02
-1.236526966000000005e-01
-1.689754276999999860e-01
-2.536905407999999751e-01
-4.591906667000000275e-01
-5.017658471999999481e-01
-5.340901017000000417e-01
-4.010770321000000083e-01
-3.130414187999999709e-01
-2.047390789000000100e-01
-1.059032603999999905e-01
-8.846054970000000184e-02
-2.874626218999999927e-01
-1.466180532999999953e-01
-1.754846721999999970e-01
-2.525105773999999914e-01
-2.705197930000000084e-01
-2.714987098999999682e-01
-9.567837419999999926e-02
-2.414356767999999986e-01
-1.798746585999999870e-01
-6.828036160000000576e-02
-1.956383700000000059e-02
1.670326591000000083e-01
8.682472599999999444e-03
1.431077421000000183e-01
1.712072492000000223e-01
5.317912250000000202e-02
2.667595744000000324e-01
2.737375200000000119e-01
2.351595610000000169e-01
2.188695519999999950e-01
1.679869442999999962e-01
-4.599731790000000098e-02
-9.252756089999999989e-02
-2.977467140000000095e-02
9.802519529999999259e-02
2.989166080999999808e-01
1.524296700999999976e-01
1.917878389000000072e-01
3.316802978999999763e-01
3.452340661999999671e-01
3.033538460999999908e-01
3.329966664000000298e-01
2.756444216000000225e-01
1.515359730000000182e-01
3.877285500000000190e-02
8.482668550000001251e-02
1.036932021000000065e-01
-6.634555759999999358e-02
1.202447563000000053e-01
1.427034140000000006e-01
9.053011399999999834e-03
2.552658130000000011e-02
7.122404870000000054e-02
3.139301538000000003e-01
3.271097839000000063e-01
2.539658248000000174e-01
6.320157650000000904e-02
-7.480974499999999694e-02
-1.080676168000000020e-01
-3.298521637999999867e-01
-3.389630020000000132e-01
-4.187475145000000287e-01
-6.372860074000000763e-01
-5.713445543999999821e-01
-8.582122326000000134e-01
-5.654947162000000249e-01
-4.181911349000000389e-01
-3.167065381999999985e-01
-1.487248838000000128e-01
-1.430396884999999840e-01
-9.331582489999999674e-02
-7.297398150000000694e-02
-1.453819573000000032e-01
-1.888459623000000032e-01
-4.244412184000000421e-01
-5.503841042999999544e-01
-6.992304325000000542e-01
-8.482964039000000511e-01
-5.216138363000000222e-01
-3.105174898999999988e-01
-4.057032167999999883e-01
-2.480429708999999927e-01
1.862021982999999825e-01
-3.576586770000000221e-02
-8.225370939999999964e-02
-2.626819313000000045e-01
-4.758547246000000008e-01
-5.833961368000000203e-01
-7.106845379000000795e-01
-6.475231647000000423e-01
-1.438989192000000028e-01
-1.183812991000000037e-01
5.916178230000000704e-02
1.785677373000000012e-01
4.005320965999999427e-01
4.808790088000000074e-01
4.472256004999999868e-01
2.994953989999999955e-01
1.951202005000000073e-01
1.666972636999999868e-01
1.575841605999999950e-01
4.418728054000000127e-01
7.383038401999999500e-01
1.343337416600000056e+00
1.612565517400000203e+00
1.572344303099999951e+00
1.507917761800000145e+00
1.384087800999999951e+00
1.355230569799999785e+00
1.404400110200000107e+00
1.575342893600000238e+00
1.717773437500000000e+00
1.717584490800000196e+00
1.806488275500000018e+00
1.877454519300000069e+00
1.893059015299999981e+00
1.930730700500000063e+00
1.825091600399999958e+00
1.798622488999999991e+00
1.720395326600000052e+00
1.774194955800000084e+00
1.648008227299999851e+00
1.390220880500000034e+00
1.294621110000000019e+00
1.291603088400000043e+00
1.317149639099999936e+00
1.460756063499999868e+00
1.726250767700000077e+00
1.697078704799999782e+00
2.017206668899999666e+00
2.132476806600000163e+00
2.131857871999999876e+00
1.893396258400000143e+00
1.337522983599999993e+00
8.859184979999999987e-01
2.606033385000000036e-01
3.656503557999999932e-01
4.097309113000000003e-01
5.389874578000000138e-01
6.807819604999999497e-01
9.992603659999999000e-01
1.091722249999999894e+00
1.081621050799999928e+00
1.123648285900000099e+00
9.750089048999999175e-01
8.131412268000001164e-01
6.522553562999999777e-01
4.372844993999999708e-01
2.650569379000000114e-01
1.164110153999999842e-01
2.417873029999999951e-02
1.135339679999999851e-02
1.036471874000000071e-01
1.932609378999999850e-01
1.437109410999999892e-01
2.921899855000000268e-01
2.310970128000000012e-01
2.055453509000000067e-01
2.371559440999999879e-01
1.428550332999999894e-01
-6.000000610000000290e-02
-1.992385536000000068e-01
-2.955018580000000061e-01
-2.317066789000000182e-01
-1.537619828999999827e-01
-1.996648460999999874e-01
1.784570519999999910e-02
2.491270751000000117e-01
1.737173348999999922e-01
1.317318677999999854e-01
2.847543657000000117e-01
5.760252475999999566e-01
5.675268172999999861e-01
5.414578318999999640e-01
4.809785782999999593e-01
3.776303232000000065e-01
3.526842296000000099e-01
5.827757715999999366e-01
6.499409079999999284e-01
7.371365427999999609e-01
7.338426708999999937e-01
9.985126853000000358e-01
1.008308410599999982e+00
1.181414604199999996e+00
1.067557334900000043e+00
8.891711830999999844e-01
6.966078280999999928e-01
5.388804078000000164e-01
6.908946036999999984e-01
1.013374924699999902e+00
1.217296957999999929e+00
1.497670292899999867e+00
1.723614573499999914e+00
1.680430769900000065e+00
1.453450679799999978e+00
1.018462181100000086e+00
7.183915376999999713e-01
3.577642440999999618e-01
3.154534099999999758e-02
7.661040130000000559e-02
2.433830499999999897e-01
6.523041724999999458e-01
1.107377052299999942e+00
1.801386952400000130e+00
2.005456924399999785e+00
1.890010356899999966e+00
1.337918043099999954e+00
7.951858043999999737e-01
4.850578010000000106e-01
1.692841053000000151e-01
-7.469360530000000720e-02
-1.012282967999999922e-01
-2.133326600000000003e-02
1.268206159999999902e-02
6.098898870000000333e-02
2.146572769000000269e-01
1.456662565000000076e-01
1.488540322000000138e-01
9.943865240000000771e-02
-3.145861399999999933e-03
-7.805942740000000601e-02
-3.585937022999999835e-01
-5.469636320999999857e-01
-6.930001378000000267e-01
-7.852000593999999278e-01
-1.019714236300000021e+00
-1.155679464300000125e+00
-1.159702897099999852e+00
-1.086219787600000153e+00
-6.723382473000000248e-01
-5.957245827000000604e-01
-3.070467412000000285e-01
-2.305640130999999926e-01
-5.503396392000000636e-01
-6.871478557999999293e-01
-7.237685323000000448e-01
-6.889082789000000595e-01
-7.429128884999999238e-01
-7.006325721999999701e-01
-4.898889363000000219e-01
-4.571258128000000309e-01
-2.600182294999999755e-01
-7.523240889999999181e-02
4.320661724000000037e-01
5.119344592000000249e-01
6.876531838999999646e-01
6.986494064000000614e-01
5.093232393000000080e-01
1.271821260000000064e-01
-1.024070158999999952e-01
-9.324069320000000216e-02
-1.625830870000000150e-02
2.354119720000000249e-02
1.648897826999999872e-01
4.027885795000000213e-01
6.142864227000000010e-01
9.220417737999999641e-01
1.228174090400000029e+00
1.157308220900000073e+00
1.115707635899999994e+00
8.804358244000000111e-01
7.439379095999999469e-01
6.880241631999999274e-01
8.044837712999999280e-01
9.273470043999999524e-01
1.015966772999999934e+00
8.248800039000000472e-01
7.507813573000000629e-01
6.215363740999999553e-01
6.321236490999999624e-01
6.651547550999999947e-01
8.382398486000000037e-01
8.798286318999999356e-01
9.028157592000000120e-01
7.890298367000000423e-01
6.748842596999999888e-01
5.100625157000000520e-01
1.868004947999999943e-01
4.215831309999999721e-02
-3.803880509999999632e-02
-1.859854310999999871e-01
-2.592467666000000115e-01
-1.878937632000000080e-01
1.153512300000000129e-02
1.342691927999999923e-01
2.787711620000000168e-01
2.500055432000000133e-01
2.201702296999999975e-01
3.801910580000000123e-02
-1.551580428999999872e-01
-3.635092974000000421e-01
-5.318212508999999866e-01
-5.303306580000000103e-01
-5.796411632999999286e-01
-7.044104934000000595e-01
-6.841124295999999605e-01
-5.927313565999999811e-01
-5.828215479999999671e-01
-6.728922129000001195e-01
-6.424582600999999560e-01
-6.641204953000000577e-01
-7.279444932999999951e-01
-8.763289451999999313e-01
-1.038054704699999942e+00
-1.086471557600000137e+00
-1.029118895499999908e+00
-1.041659235999999877e+00
-1.075730562199999962e+00
-1.080351829500000083e+00
-1.069346189500000044e+00
-9.318251609999999019e-01
-1.067305326500000096e+00
-1.263003349300000133e+00
-1.438181877100000117e+00
-1.646544694899999994e+00
-1.633697629000000040e+00
-1.473677873600000243e+00
-1.267886281000000004e+00
-1.305335879300000057e+00
-1.305808901800000088e+00
-1.269291281699999940e+00
-1.200170159300000039e+00
-1.312073826800000065e+00
-1.491329312299999987e+00
-1.433538198499999972e+00
-1.596435904499999836e+00
-1.642014265099999815e+00
-1.729884982100000190e+00
-1.599746584900000101e+00
-1.493709444999999914e+00
-1.405126929300000160e+00
-1.333485960999999831e+00
-1.242890715599999973e+00
-1.169147491499999969e+00
-1.483330249799999834e+00
-1.537325263000000053e+00
-1.462891459499999991e+00
-1.513569116600000042e+00
-1.465262532199999912e+00
-1.320694327400000034e+00
-1.407261371599999977e+00
-1.264657855000000053e+00
-1.199037074999999897e+00
-1.178206563000000040e+00
-1.160555958700000057e+00
-1.261844992600000159e+00
-1.208592057199999958e+00
-1.151702284800000031e+00
-1.195684671400000010e+00
-9.261072277999999880e-01
-8.437879085999999695e-01
-7.957666515999999302e-01
-7.997238040000000936e-01
-8.372081518000000777e-01
-9.063177109000000176e-01
-9.592087865000000768e-01
-8.478484750000000458e-01
-8.959755301000000838e-01
-7.609629034999999542e-01
-7.699713706999998797e-01
-8.520835637999999435e-01
-9.262884259000000453e-01
-7.851974964000000279e-01
-7.747938037000000611e-01
-7.425892352999999835e-01
-7.764900922999999899e-01
-5.617650150999999870e-01
-3.152553438999999846e-01
-3.619418739999999968e-01
-2.348771989000000004e-01
-2.605406641999999939e-01
-4.658713340999999786e-01
-5.679149627999999783e-01
-6.625420451000000321e-01
-5.687590241000000102e-01
-5.027894974000000072e-01
-4.251870810999999750e-01
-3.370026945999999857e-01
-3.268546164000000198e-01
-4.682164192000000114e-01
-4.220488369000000017e-01
-4.115183353000000377e-01
-4.641738534000000582e-01
-4.593122602000000443e-01
-4.702664018000000112e-01
-3.482899964000000237e-01
-3.033708632000000072e-01
-2.899226545999999960e-01
-5.846691727999999699e-01
-5.276128650000000420e-01
-5.660138726000000231e-01
-5.623225570000000006e-01
-6.023935080000000220e-01
-5.134124159999999826e-01
-5.530673861999999552e-01
-5.397809148000000112e-01
-5.104351639999999968e-01
-5.075250268000000009e-01
-4.550683200000000261e-01
-4.809614717999999844e-01
-4.744023978999999946e-01
-5.941088796000000283e-01
-6.084479689999999774e-01
-6.005926728000000603e-01
-6.462192534999999793e-01
-6.394271850999999618e-01
-6.312441825999999256e-01
-5.239893197999999641e-01
-5.116183758000000248e-01
-5.972487329999999206e-01
-5.878748297999999428e-01
-6.909570098000000771e-01
-7.063791155999999960e-01
-8.043818473999999608e-01
-9.652462005999999928e-01
-8.842112422000000249e-01
-7.675684093999999291e-01
-6.520971060000000374e-01
-6.683694720000000755e-01
-5.984424949000000105e-01
-5.449973344999999858e-01
-6.162470579000000059e-01
-6.220055818999999930e-01
-5.718468427999999770e-01
-6.250107288000000816e-01
-7.415213584999998941e-01
-7.265286445999998843e-01
-6.314390302000000288e-01
-6.760890484000000589e-01
-6.163135171000000412e-01
-7.234714031000000212e-01
-6.778045296999999358e-01
-6.893252730000000161e-01
-6.296153664999999400e-01
-5.635735989000000279e-01
-5.760170221000000534e-01
-4.893050193999999853e-01
-5.261951685000000323e-01
-3.932781218999999995e-01
-6.773449182999999874e-01
-6.134084463000000209e-01
-5.999626517000000714e-01
-5.150576829999999884e-01
-3.511413038000000264e-01
-1.773801296999999999e-01
-3.517927527000000443e-01
-1.924116014999999735e-01
-9.830076249999999960e-02
-8.237977330000000042e-02
-7.114938650000000864e-02
-4.642667250000000190e-02
-3.926179190000000235e-02
-4.398935660000000136e-02
7.312213630000000131e-02
5.234285820000000172e-02
2.108044474999999918e-01
8.342602849999999903e-02
5.074691030000000325e-02
8.764485269999999772e-02
9.432940930000000002e-02
2.468143403999999985e-01
2.320213764999999873e-01
2.962660490999999841e-01
2.180918156999999968e-01
3.513880670000000261e-01
2.525563239999999987e-01
2.820082307000000288e-01
3.401989638999999843e-01
2.030586748999999858e-01
3.278133869000000034e-01
3.962955772999999793e-01
2.964370846999999642e-01
2.699247598999999775e-01
4.138962924000000321e-01
4.043542742999999828e-01
4.802229999999999555e-01
4.503317474999999903e-01
4.449522196999999846e-01
3.887941538999999946e-01
2.482843846000000188e-01
2.872092426000000254e-01
2.791948020000000197e-01
1.774207503000000130e-01
2.569251358999999901e-01
2.850550115000000106e-01
1.565760523000000182e-01
1.979559660000000110e-01
1.552856863000000032e-01
1.772047877000000049e-01
2.061057537999999856e-01
2.962075769999999997e-01
3.013368546999999897e-01
3.087066709999999881e-01
2.022819667999999904e-01
1.697240621000000171e-01
2.567288280000000200e-01
2.324219792999999978e-01
2.714041470999999928e-01
2.213039546999999996e-01
7.442191199999999979e-03
2.911415700000000162e-02
4.139086229999999755e-02
-1.499772668000000087e-01
-2.006678282999999896e-01
-8.228538190000000974e-02
-1.322603821999999985e-01
-1.628320664000000029e-01
-1.799486876000000179e-01
-1.160899997000000017e-01
-9.471261500000000000e-02
-1.286102682000000164e-01
-2.493098973999999801e-01
-1.981905401000000067e-01
-2.362802476000000207e-01
-2.729783653999999782e-01
-1.112012863000000074e-01
-6.324215980000000292e-02
1.626817139999999981e-02
-2.969260599999999813e-03
-1.125870422000000010e-01
3.788385999999999924e-03
7.970455290000000304e-02
-4.717498599999999861e-03
1.634176223999999900e-01
2.012983262999999967e-01
1.862547844999999924e-01
3.268282412999999886e-01
2.673851848000000087e-01
2.832913398999999943e-01
3.614911735000000403e-01
2.576172053999999934e-01
3.840280174999999852e-01
4.155402482000000175e-01
2.826727927000000085e-01
3.206466137999999799e-01
3.666291535000000268e-01
3.135815859000000150e-01
3.477547467000000059e-01
3.628320395999999892e-01
2.107824235999999907e-01
2.344207466000000073e-01
3.394972384000000121e-01
4.190732836999999655e-01
2.475036085000000274e-01
3.027651310000000207e-01
2.129545807999999874e-01
2.947089969999999726e-01
2.065927237000000083e-01
9.633747489999999747e-02
7.388649139999999005e-02
4.895674059999999272e-02
1.114631146000000100e-01
3.423165160000000290e-02
-1.084638570000000073e-02
3.292621299999999585e-02
9.303697939999999722e-02
7.456563410000000003e-02
1.173608228999999947e-01
7.635127749999999491e-02
7.717679439999999835e-02
6.017314269999999438e-02
1.142189800999999921e-01
-2.846986799999999974e-03
7.325197760000000391e-02
3.278513900000000134e-03
-1.682639569000000113e-01
-6.244456019999999885e-02
4.011618349999999944e-02
-2.138983640000000075e-02
-1.527209281999999946e-01
-6.171046200000000065e-02
-1.203008517999999971e-01
-4.664323300000000269e-03
-1.256780475000000008e-01
-2.204162924999999995e-01
-7.341645659999999907e-02
-2.068445270000000141e-02
-4.927248879999999998e-02
1.101455840000000082e-02
-2.077057770000000081e-02
-5.385598169999999962e-02
4.984278230000000615e-02
-1.541601959999999889e-02
2.288980220000000343e-02
-3.250651060000000342e-02
-7.308232039999999763e-02
2.165535459999999926e-02
3.414331000000000310e-02
-3.057722189999999979e-02
-1.663661151999999976e-01
-5.115504559999999729e-02
-2.582187019999999944e-02
4.577425799999999823e-03
-1.257142871999999967e-01
-1.493973135999999979e-01
-8.142442260000000431e-02
-2.935008890000000148e-02
-1.734250599999999885e-03
-4.615184660000000438e-02
-9.264877439999999464e-02
-6.537530569999999708e-02
-1.180310547000000126e-01
-1.059766188000000053e-01
-7.475492360000000891e-02
-2.127675116000000144e-01
6.510098000000000620e-03
-2.786747919999999976e-02
-5.418912500000000292e-03
-2.682061310000000143e-02
2.922375309999999948e-02
2.364663970000000295e-02
7.689150999999999972e-03
6.113000000000000595e-05
1.551607250000000028e-02
5.458560960000000128e-02
2.295861989000000103e-01
2.484086901000000236e-01
2.483372837000000222e-01
2.327529043000000075e-01
2.002107650000000127e-01
1.610064805000000210e-01
1.952010542000000293e-01
3.220251203000000229e-01
2.344036996000000150e-01
2.266910820999999965e-01
3.558589220000000219e-01
3.040995598000000300e-01
1.860227882999999915e-01
2.359035164000000129e-01
3.644419311999999578e-01
2.660446167000000139e-01
3.287726045000000097e-01
3.760672807999999590e-01
4.038372338000000283e-01
2.871457040000000016e-01
3.031234442999999890e-01
3.269041180999999741e-01
3.949533700999999786e-01
3.096388876000000234e-01
2.987782955000000129e-01
2.897661626000000434e-01
2.129456550000000115e-01
2.948257327000000094e-01
2.273423076000000154e-01
2.220378517999999912e-01
1.503385156000000000e-01
1.977694779999999986e-01
2.138454019999999900e-01
2.103733271000000071e-01
2.882032096000000099e-01
1.699568032999999867e-01
1.310412734999999995e-01
9.339642519999999393e-02
1.320333927999999823e-01
8.568942550000001324e-02
-3.148898110000000056e-02
-5.378526079999999820e-02
2.134003859999999975e-02
3.293344379999999655e-02
4.777889329999999990e-02
8.183555699999999281e-03
7.452208550000000153e-02
5.142990499999999798e-02
-8.415912840000000505e-02
-1.499325632999999880e-01
-1.397933066000000002e-01
-1.814370601999999999e-01
-2.630224227999999886e-01
-2.541251778999999988e-01
-1.203132942000000039e-01
-1.684045046999999851e-01
-1.473257691000000036e-01
-1.040125786999999968e-01
-5.950982120000000014e-02
-2.053606062999999982e-01
-2.940771281999999820e-01
-2.716052532000000075e-01
-2.568151653000000367e-01
-2.880571782999999941e-01
-2.806476653000000154e-01
-2.818903624999999913e-01
-3.082516193000000015e-01
-3.030312656999999965e-01
-2.252121568000000074e-01
-2.530176342000000078e-01
-1.099552660999999903e-01
-8.494970949999999799e-02
-2.390742451000000268e-01
-1.533537507000000133e-01
-1.681189835000000132e-01
-1.999484152000000070e-01
-3.191820085000000029e-01
-3.734872340999999540e-01
-3.635735511999999559e-01
-2.595299779999999945e-01
-2.069033235000000137e-01
-9.651494029999999058e-02
-1.258939409999999988e-02
-5.965415019999999874e-02
-1.892462671000000041e-01
-1.765280067999999980e-01
-1.529150605000000052e-01
-2.067676037999999772e-01
-1.947548537999999885e-01
-1.134113222000000115e-01
-9.595409039999999723e-02
-6.290903690000000659e-02
1.069765389000000011e-01
-5.197791009999999656e-02
-7.701884209999999842e-02
-1.492021828999999800e-01
-1.059900448000000023e-01
-9.244708719999999991e-02
-1.024550399999999859e-03
6.226704499999999309e-03
1.330461353000000069e-01
1.512291580000000024e-01
4.639480639999999517e-02
-3.552622899999999945e-03
7.106094059999999712e-02
-2.567959200000000108e-02
-3.906538340000000054e-02
5.897520480000000703e-02
7.399061319999999942e-02
4.138423129999999756e-02
7.246226070000000297e-02
1.928464621000000045e-01
2.056593746000000000e-01
7.944428180000000228e-02
1.024563760000000018e-01
8.627399060000000286e-02
3.315021099999999887e-02
5.815773829999999756e-02
9.606677289999998592e-02
1.744738221000000089e-01
2.342540473000000179e-01
4.308768730000000352e-02
2.583831180000000297e-02
1.015562266000000075e-01
3.197292239999999924e-02
1.207661256000000100e-01
1.099661365000000057e-01
5.556731300000000012e-02
3.419267759999999878e-02
5.407312510000000100e-02
-7.612275400000000081e-03
-9.034303900000000345e-03
1.036109959999999969e-02
1.053138500000000075e-03
7.472435380000000404e-02
7.833155240000000408e-02
2.970236350000000219e-02
4.839612540000000351e-02
-2.583163600000000157e-02
-8.696148199999999967e-03
-2.366836930000000214e-02
-9.353611619999999127e-02
3.406805549999999960e-02
1.561495512999999946e-01
4.895782099999999859e-02
8.031606669999999393e-02
9.323915839999999400e-02
-1.452491529999999989e-02
5.338947469999999473e-02
2.539899569999999954e-02
2.688442359999999864e-02
1.086643486999999964e-01
-9.676288000000000554e-04
-6.800986829999999816e-02
-4.032314940000000097e-02
2.267242410000000138e-02
2.069968919999999948e-02
-7.771382600000000494e-03
-5.059690030000000421e-02
-2.240141630000000161e-01
-1.617000251999999860e-01
-2.550633549999999916e-01
-1.695452182999999946e-01
-2.157859802000000049e-01
-2.422153503000000208e-01
-9.494862710000000205e-02
-1.028298214000000071e-01
-1.098533868999999885e-01
-5.812133099999999830e-02
-1.343456840000000103e-02
-1.064362003999999862e-01
-9.912911800000000218e-02
-1.329924464000000195e-01
-1.521015614000000016e-01
-2.586633265000000126e-01
-2.642095387000000239e-01
-2.448971122999999972e-01
-2.247400730999999929e-01
-1.104391739000000067e-01
-1.507148593999999842e-01
-1.430834978999999951e-01
-2.252980173000000141e-01
-3.312755822999999822e-01
-2.829555571000000325e-01
-4.203045665999999847e-01
-3.036670982999999935e-01
-3.281420171000000163e-01
-3.054084778000000222e-01
-2.530941367000000275e-01
-5.831318349999999734e-02
-2.983556985999999966e-01
-1.434041261999999817e-01
-8.186455069999999667e-02
-3.966030479999999719e-02
-1.693271548000000182e-01
-9.873054920000000345e-02
-2.603558004000000037e-01
-1.611541212000000001e-01
-2.706567943000000032e-01
-1.840830296000000033e-01
-7.717201860000000302e-02
-1.140727475000000019e-01
9.490447100000000413e-03
7.412946969999999192e-02
-7.381840800000000202e-02
-8.175549660000000496e-02
5.212748049999999661e-02
2.649522399999999778e-03
5.757120250000000161e-02
-7.755661760000000238e-02
5.297118049999999939e-02
-1.120928003999999978e-01
-2.953823279999999787e-02
4.172002899999999875e-02
1.591254025999999933e-01
7.064407000000000412e-04
7.429430630000000146e-02
-2.027755789999999975e-02
3.199717769999999711e-02
6.655792889999999351e-02
2.855418809999999905e-02
8.343157400000000487e-03
1.551018059000000004e-01
6.792847809999999487e-02
1.403407305000000105e-01
4.427661000000000097e-02
3.475001450000000242e-02
1.893436462000000209e-01
3.216969371000000244e-01
1.415035278000000007e-01
1.214954406000000042e-01
2.460360228999999843e-01
1.386671959999999926e-01
1.771446614999999947e-01
1.383037417999999907e-01
1.562886833999999892e-01
2.461558728999999890e-01
1.551956831999999897e-01
2.222715913999999959e-01
3.556748331000000318e-01
2.371770591000000039e-01
3.482913375000000200e-01
3.390927016999999988e-01
3.065157830999999944e-01
2.468340844000000145e-01
8.508934830000000615e-02
9.035265449999999032e-02
-1.264832764999999914e-01
-4.935224349999999677e-02
-8.203390990000000715e-02
5.702772740000000562e-02
3.944754600000000000e-02
1.797173619000000111e-01
6.676342339999999376e-02
7.880932840000000328e-02
1.166467890000000007e-01
-3.601003440000000166e-02
-1.059229000999999948e-01
-1.575246899999999950e-01
-1.788264512999999944e-01
-1.592309177000000020e-01
-1.100482567999999939e-01
-3.829521689999999812e-02
-1.191048994999999860e-01
-1.354400515999999999e-01
-9.514939789999998787e-02
-1.532329320999999966e-01
-6.086886669999999611e-02
-1.285484433000000093e-01
-1.616104319999999914e-02
-2.076331376999999978e-01
-7.596510650000000420e-02
-1.875036210000000092e-01
-6.516530360000000188e-02
-1.715773791000000104e-01
-6.364995989999999715e-02
-1.194572002000000022e-01
-9.867807480000000131e-02
-1.250909567000000056e-01
-1.569401324000000153e-01
-1.131881922000000096e-01
1.373011060000000130e-02
6.065803389999999823e-02
-1.327188611000000018e-01
-9.799238289999999407e-02
-2.227500079999999993e-02
-1.167379990000000090e-01
-2.517877519999999966e-02
-1.198474600000000098e-02
-6.355430930000000034e-02
4.691610490000000522e-02
1.377017199999999997e-01
-9.220134470000000693e-02
-9.603361039999999682e-02
-6.078609079999999776e-02
-2.308327705000000063e-01
-1.342706233000000027e-01
-1.850535273999999730e-01
-2.011774480000000087e-01
-1.258635669999999818e-01
-4.970048739999999993e-02
9.269286689999998996e-02
-1.142617315000000050e-01
-9.627693300000000204e-03
-2.046701870000000242e-02
-1.438693553000000014e-01
-1.486967653000000056e-01
-2.204133719000000158e-01
-1.981380730999999784e-01
-1.674851625999999871e-01
-3.343366460000000290e-02
-1.973861455999999792e-01
-7.670395080000000365e-02
1.986924929999999909e-02
-1.018977090999999974e-01
-6.670309599999998951e-02
-8.572792259999999220e-02
-2.285047621000000084e-01
-1.212232038000000123e-01
-3.007197749999999947e-02
-1.529990286000000033e-01
-3.178170699999999932e-02
-6.883496790000000198e-02
-2.389708310000000224e-01
-2.999718486999999878e-01
-2.135935872999999985e-01
-1.907924860999999916e-01
-1.416947692999999953e-01
-1.536576748000000048e-01
-7.036709789999999465e-02
-1.253010183999999916e-01
-7.953497019999999917e-02
-1.166022196000000150e-01
-1.367931813000000107e-01
-2.683172523999999837e-01
-2.164941728000000232e-01
-2.018951178000000235e-01
-1.651555896000000134e-01
-1.053512096000000092e-01
-1.085331813000000034e-01
-2.652063370000000142e-01
-1.320492177999999794e-01
-1.679549179999999947e-02
-1.821782291000000054e-01
-1.004802734000000003e-01
-7.133866849999999371e-02
-6.874617189999999989e-02
-2.157037149999999764e-02
4.857732730000000748e-02
-4.727922379999999897e-02
-1.631603390000000153e-01
-1.698267757999999683e-01
-2.758570014999999764e-01
-1.968011409000000045e-01
-3.028638959000000130e-01
-1.261062473000000017e-01
-8.472283929999999130e-02
-1.732888519999999932e-01
1.135163659999999936e-02
-1.048930064000000023e-01
-1.102485507999999975e-01
-1.968310590000000096e-02
1.084635129999999940e-02
-2.272686064000000172e-01
-2.035177498999999890e-01
-9.707716849999999120e-02
-4.625171420000000200e-02
-1.183390616999999978e-01
5.696591730000000187e-02
1.123642400000000041e-01
-5.075022209999999895e-02
3.624579309999999971e-02
-7.084753359999999833e-02
-1.690418273000000027e-01
-2.445591837000000157e-01
-1.287838369999999844e-01
-1.106109023000000080e-01
-3.439930079999999751e-02
1.077556163000000095e-01
1.138739884000000008e-01
1.778235882999999740e-01
2.797063810000000039e-02
3.993520000000000403e-03
-1.236353666000000046e-01
-1.822776644999999918e-01
-7.802990079999999606e-02
-1.770256460000000087e-01
2.177146079999999970e-02
1.466749460000000005e-01
4.649288950000000226e-02
2.400886267000000296e-01
-6.922627800000000046e-03
4.712840169999999579e-02
-1.477501909999999995e-02
-6.425634769999999385e-02
2.237612569999999912e-02
1.224358006999999998e-01
8.552945409999999915e-02
2.756041884000000053e-01
4.314810038000000403e-01
1.616292297999999961e-01
1.542555540999999975e-01
1.260155588000000104e-01
2.815501950000000309e-02
-4.015059769999999861e-02
1.599955261000000073e-01
2.168978900000000098e-01
2.721263170000000065e-01
1.082393900000000048e-01
1.679040938999999955e-01
1.814656108999999906e-01
3.541437910000000411e-02
7.049685719999999878e-02
8.936601130000000615e-02
1.152732967999999941e-01
-7.002834980000000042e-02
9.982346000000000275e-02
9.372111410000000253e-02
1.886816173999999735e-01
2.932598292999999967e-01
2.782836853999999804e-01
2.219808996000000034e-01
1.485849917000000020e-01
5.049758030000000425e-02
8.500810710000000769e-02
1.393706798999999885e-01
1.301124691999999972e-01
4.154275729999999667e-02
5.384576320000000055e-02
1.961952099999999914e-03
1.207773983000000051e-01
-2.193444817999999907e-01
-7.520596679999999590e-02
5.174558610000000447e-02
3.966985270000000091e-02
1.107609197000000018e-01
2.349317371999999904e-01
2.108849399999999930e-02
1.032015532000000041e-01
8.398622270000000167e-02
-8.169866349999999056e-02
-1.261958182000000039e-01
-2.391649220000000367e-02
-7.611265030000000098e-02
-7.304804769999999337e-02
7.735799250000000016e-02
9.242187439999999254e-02
4.374189299999999697e-02
1.592686623000000024e-01
1.091529428999999940e-01
1.213083416000000081e-01
2.305401490000000275e-02
-8.045461999999999753e-03
-9.534336630000000978e-02
-7.158157230000000704e-02
-8.529207699999999392e-03
1.596781908999999888e-01
9.363482150000000670e-02
1.287121623999999964e-01
1.874204426999999951e-01
4.681453110000000084e-02
1.130678281000000035e-01
1.247901279999999967e-02
7.678780699999999959e-02
8.425321399999999641e-03
2.091685870000000239e-02
1.234484314999999971e-01
-1.527787649999999900e-02
9.107111390000000029e-02
-3.813352810000000120e-02
-1.449082419999999857e-02
-7.701045269999999554e-02
6.352754300000000923e-03
8.815462890000000384e-02
-4.878427829999999743e-02
-1.606553050000000121e-02
-7.400912789999999908e-02
-1.229528411999999959e-01
-7.816772909999999963e-02
8.971203100000000111e-03
5.108598199999999853e-03
-4.561451450000000157e-02
-1.018449849999999990e-02
-5.262523889999999593e-02
-2.568124789999999893e-02
-9.927297899999999731e-03
-1.870457530000000090e-01
-7.320444289999999965e-02
-3.792178629999999606e-02
-8.211840690000000997e-02
-1.190049573999999999e-01
4.736971999999999884e-03
-2.577584240000000207e-02
2.429629490000000114e-02
-6.730937210000000059e-02
-7.290605460000000593e-02
-4.234341400000000109e-03
-1.071569919999999926e-01
2.504915740000000085e-02
5.776461959999999729e-02
-4.300108180000000030e-02
1.071377843999999913e-01
8.361898360000000197e-02
-1.349754260000000060e-02
2.308162669999999986e-02
-7.990884780000000187e-02
4.110307989999999884e-02
1.653139740000000024e-01
-1.250539250000000033e-02
1.302898824000000011e-01
2.518691123000000309e-01
-6.179117099999999196e-03
1.296526491999999975e-01
1.664966791999999973e-01
2.016765326000000136e-01
1.699586510999999966e-01
2.095209955999999818e-01
2.078168392000000197e-01
1.793449967999999894e-01
2.085511832999999704e-01
8.594596390000000530e-02
4.354743660000000294e-02
1.754102299999999934e-02
-1.105637379999999809e-02
-1.514415293999999967e-01
-3.094957580000000028e-02
2.062063849999999990e-02
6.816315650000000226e-02
-1.208131015000000058e-01
6.591240899999999819e-03
1.032283008000000057e-01
-3.791251410000000266e-02
1.851482320000000237e-02
7.100587340000000247e-02
4.989432919999999688e-02
2.614535950000000317e-02
5.345643679999999981e-02
-2.123454660000000105e-01
-1.250965148000000027e-01
-5.048329380000000227e-02
-1.511916517999999932e-01
-7.359277459999999382e-02
-1.088631700000000082e-03
-8.509853480000000026e-02
-1.696779578999999816e-01
-1.852493882000000036e-01
-2.550382315999999983e-01
-2.434870749999999973e-01
-3.676638304999999551e-01
-2.888159155999999728e-01
-2.513712942999999922e-01
-3.530474900999999721e-01
-2.115340829000000034e-01
-2.499068975000000026e-01
-1.263240277999999883e-01
-2.689703405000000158e-01
-2.435722648999999740e-01
-3.161759078999999972e-01
-2.303051948999999821e-01
-2.198769449999999903e-01
-1.930298209000000098e-01
-1.015274822999999993e-01
-8.860695359999999632e-02
-3.360178470999999889e-01
-2.671724260000000184e-01
-4.317795634000000105e-01
-4.068565070999999866e-01
-2.764066457999999615e-01
-2.670043409000000256e-01
-2.291994988999999927e-01
-2.098882346999999815e-01
3.757138180000000466e-02
-1.639429778000000004e-01
-2.032570689999999847e-01
-2.036798596000000128e-01
-1.523695439000000151e-01
-1.791478842000000238e-01
-2.556973994000000250e-01
-2.270642370000000021e-01
-2.583837807000000097e-01
-2.760964929999999984e-01
-1.249895096000000067e-01
-1.228363439000000057e-01
-1.525963992000000102e-01
-1.953318417000000085e-01
-2.511911689999999919e-01
-1.777617484000000025e-01
-1.921871603000000206e-01
-3.201955854999999906e-01
-1.862271726000000183e-01
-1.093935221000000152e-01
-8.987667409999999801e-02
7.389985770000000176e-02
1.840151547999999970e-01
-2.111912221000000200e-01
-2.315755785000000178e-01
-2.477061898000000040e-01
-3.325178920999999899e-01
-2.019569128999999796e-01
-1.807918400000000092e-01
-1.267023384999999835e-01
-3.423829750000000061e-02
1.921163647999999946e-01
1.185441539000000044e-01
-1.106733919999999989e-02
3.898657860000000197e-02
6.980764120000000628e-02
5.411891269999999365e-02
-6.251132599999999727e-03
-1.955844649999999990e-02
1.321845502000000006e-01
1.107743903999999918e-01
2.451713830000000205e-01
2.722248435000000355e-01
1.769355535999999895e-01
2.092653960000000202e-01
1.404639632000000138e-01
-2.349179982999999861e-01
-1.780498623999999808e-01
-2.584841847000000081e-01
-1.542487442000000097e-01
-1.608629376000000055e-01
-5.641817299999999508e-02
2.869005100000000027e-03
1.327597648000000130e-01
5.147803199999999996e-02
-6.248588110000000140e-02
-5.500973019999999547e-02
-1.258683801000000102e-01
-1.036053002000000001e-01
1.733610590000000257e-02
2.845042390000000060e-02
2.017886192000000189e-01
2.051427662000000207e-01
3.320486545999999928e-01
3.398699461999999949e-01
1.485985367999999862e-01
1.129927860000000048e-02
1.839605159999999767e-02
-6.575077769999999877e-02
-1.859253090000000108e-02
8.759941159999999616e-02
6.167238950000000081e-02
1.259740591000000076e-01
8.608484269999999716e-02
1.755812465999999905e-01
3.614760560000000039e-02
2.026671359999999977e-02
1.032879100000000036e-03
-5.525865030000000344e-02
-1.047889590000000010e-01
-8.306143800000000479e-03
-7.471839339999999940e-02
-3.485819399000000263e-01
-3.797900677000000114e-01
-4.137040674999999945e-01
-4.268251956000000402e-01
-3.059817851000000144e-01
-3.925242125999999776e-01
-2.572494148999999730e-01
-1.298642903999999987e-01
-6.373223660000000568e-02
-1.689235269999999900e-01
-8.925335109999998906e-02
-2.844053208999999804e-01
-3.249428569999999739e-01
-3.721835613000000209e-01
-3.073158860000000381e-01
-2.778277098999999972e-01
-1.860906332999999746e-01
-2.389231026000000202e-01
-1.458501071000000149e-01
-9.399324659999999665e-02
-8.999519800000001235e-02
-4.114076870000000358e-02
1.768313159999999884e-02
-3.570469839999999839e-02
-1.288292109999999990e-01
-2.838692367000000272e-01
-5.955586432999999680e-01
-5.409479140999999824e-01
-7.256457209999999103e-01
-5.624274015000000349e-01
-4.577287734000000108e-01
-4.524261653000000161e-01
-2.345227748000000001e-01
-1.716252714000000013e-01
-1.672452389999999900e-01
5.000097700000000027e-03
-5.456465480000000784e-02
-2.191072999999999771e-01
-1.416780203999999932e-01
-1.042378917000000016e-01
-3.429450089999999673e-02
-1.201110149999999946e-02
-5.637288840000000134e-02
-1.630404591999999875e-01
-2.640531399999999917e-02
-2.484444826999999967e-01
-1.688797623000000137e-01
-2.464255244000000122e-01
-3.199746608999999853e-01
-3.329896927000000062e-01
-1.395344138000000067e-01
-7.436741889999999577e-02
1.510367989999999994e-01
2.065721452000000014e-01
-7.737037539999999658e-02
-1.246062144999999927e-01
-6.564571710000000060e-02
-1.359454729999999903e-02
6.872690469999999385e-02
-3.993510079999999796e-02
1.290467659999999968e-02
1.701345146000000086e-01
5.091492830000000219e-02
7.747787980000001018e-02
1.611360161999999818e-01
-1.425798385999999807e-01
-3.562594210000000206e-02
-8.922090799999999114e-03
-1.263577490999999997e-01
1.733078060000000156e-02
8.676293300000000389e-03
1.552185789999999989e-02
1.714983582000000062e-01
2.288341373000000178e-01
2.590394019999999742e-01
1.793287139999999794e-02
1.510219460000000041e-02
1.524205789999999970e-02
1.042009368999999991e-01
6.325561550000000088e-02
8.056906610000000302e-02
1.716305166000000049e-01
9.234599019999999159e-02
1.601413935000000066e-01
2.009420692999999980e-01
-8.180736750000000557e-02
-3.885152940000000110e-02
-1.483621894999999913e-01
-2.365006505999999731e-01
-2.833499908000000067e-01
-1.531229913000000109e-01
-2.983957827000000007e-01
-1.702390462000000215e-01
2.800772899999999857e-02
-1.085175199999999923e-02
-1.282911747999999907e-01
1.684103350000000152e-02
-1.878639460000000039e-01
-5.046584080000000166e-02
-1.111529468999999937e-01
1.516921909999999901e-02
1.473065615000000161e-01
1.344526409999999839e-01
2.506169676999999707e-01
3.959014415999999592e-01
1.689680367999999988e-01
2.252290248999999911e-01
1.155375689000000122e-01
-2.612771199999999912e-03
-3.007595200000000128e-03
8.164565099999999964e-03
3.726664560000000209e-02
1.034381688000000077e-01
9.140284359999999164e-02
8.966593439999999415e-02
-7.285975660000000576e-02
-9.116224939999999222e-02
3.871351110000000040e-02
2.070523050000000129e-02
9.965193270000000103e-02
1.300539730000000067e-02
1.159351021000000065e-01
9.791533650000000533e-02
2.447781712000000054e-01
-8.924935900000000033e-03
1.326710880000000203e-01
1.212565525999999977e-01
8.862406019999999329e-02
2.252596319000000069e-01
1.952811181999999923e-01
2.169286012999999957e-01
1.806027591000000099e-01
1.830924451000000286e-01
2.439840882999999849e-01
1.534923762000000025e-01
6.949680299999999589e-02
-3.812816500000000292e-03
1.900895309999999991e-02
5.241403360000000677e-02
9.122218940000000054e-02
1.455485821000000179e-01
2.684901357000000210e-01
7.434374089999999657e-02
1.703519225000000026e-01
-1.706242859000000056e-01
-1.032625213000000070e-01
-1.310294271000000121e-01
-1.884644109999999984e-02
7.000353189999999892e-02
7.051722709999999616e-02
7.571474459999999462e-02
1.266858727000000073e-01
2.126158625000000024e-01
1.541238128999999901e-01
8.681784570000000700e-02
-9.875427189999999578e-02
-2.563660145000000168e-01
-3.797065020000000568e-01
-2.878720760000000323e-01
-3.027669488999999992e-01
-2.251086384000000051e-01
6.583899999999999475e-02
6.740218400000000387e-02
2.487608194000000272e-01
2.445762753000000067e-01
1.706762980000000110e-02
-1.471166310000000116e-02
-2.751671519999999982e-02
-1.468265206000000100e-01
-1.772096379999999957e-02
-8.654735980000000106e-02
1.196925810000000132e-02
2.675485313000000032e-01
1.948568224999999987e-01
3.685763776000000047e-01
1.525234728999999845e-01
2.383547723000000174e-01
1.997622996999999789e-01
