5.459817126393318176e-02
-2.795978635549545288e-02
5.433641374111176231e-02
2.622601017355919231e-02
4.316647723317146301e-02
-1.252528578042984009e-01
-7.965134829282760620e-02
-6.560663133859634399e-02
5.103553086519241333e-02
-1.379662007093429565e-02
-1.163147464394569536e-01
-1.189107308164239147e-03
-4.079410433769226074e-02
6.566463410854339600e-02
5.562853440642356873e-02
-3.766645910218357606e-03
-6.803268194198607011e-02
-1.167638897895812988e-01
-2.147531658411026001e-01
-9.528991580009460449e-02
-1.651157289743423462e-01
-1.426064819097518921e-01
-1.982519775629043926e-02
-1.058976128697395186e-01
-5.400164052844048240e-02
9.699214249849319458e-03
6.974885612726212936e-02
7.193281501531600952e-02
1.540088932961225683e-02
-9.557024389505386353e-02
-2.132446616888046542e-01
9.102965146303176880e-02
1.907527595758438110e-01
6.314465403556823730e-02
-6.885513663291931152e-02
-7.436922937631607056e-02
-2.368517518043518066e-01
-2.008701562881469449e-01
-1.430666148662567139e-01
6.963085616007447243e-04
9.847888350486756759e-02
1.178071647882461548e-01
3.190840780735016563e-02
-1.640330106019973755e-01
-5.074189603328704834e-02
-1.864691376686095914e-01
-1.334204524755477905e-01
3.663498535752296448e-02
-1.230861246585845947e-02
-5.955403670668602684e-02
-1.479496061801910400e-01
-7.983100414276123047e-02
-7.911045104265213013e-02
-1.496980637311935425e-01
-1.156874671578407288e-01
-9.112670272588729858e-02
4.159539565443992615e-02
-5.904929339885712364e-02
-9.191104769706726074e-02
-1.251888424158096591e-01
-1.425792574882507324e-01
-1.575937122106552124e-01
-4.849248379468917847e-02
-6.424948573112487793e-02
-4.635746590793132782e-03
-6.391929090023040771e-02
6.001686677336692810e-02
6.992819719016551971e-03
7.300783693790435791e-02
4.143160209059715271e-02
3.303322196006774902e-02
1.078773662447929382e-02
1.120619010180234909e-02
5.388483405113220215e-04
-2.522919792681932449e-03
-1.248487159609794478e-01
-6.683910638093946976e-02
-1.611586660146713257e-02
-1.043180748820304732e-01
6.496093422174453735e-02
8.463302999734878540e-02
2.904694154858588825e-02
-5.071243504062294960e-04
-2.309301495552062988e-02
-8.025753311812877655e-03
-1.757886819541454315e-02
-8.297294378280639648e-02
-1.722864108160138130e-03
7.401513308286666870e-02
1.560302171856164932e-02
7.790576666593551636e-03
-4.567528888583183289e-02
1.349851582199335098e-02
-7.140307128429412842e-02
-3.763998299837111733e-02
-5.547510460019111633e-03
-2.414034493267535816e-02
-3.199218958616256714e-02
-7.630482316017150879e-02
4.673680290579795837e-03
-1.321080606430769140e-02
4.113810509443283081e-02
3.130127675831317902e-03
-3.522647602949291468e-04
1.071509942412376404e-01
3.829559311270713806e-02
8.966489881277084351e-02
9.810952097177504105e-02
2.012950628995895386e-01
1.275681108236312866e-01
8.875063061714172363e-02
3.074381966143846512e-03
1.193893887102604086e-02
2.387884259223937988e-02
1.437314450740814209e-01
8.162687718868255615e-02
-2.922497689723968159e-02
3.769605234265328148e-02
-1.311945496127009609e-03
1.922850869596004486e-02
-1.658961363136768341e-02
-1.555874794721603394e-01
-3.917044028639794090e-02
-1.137179732322692732e-01
4.735992103815078735e-02
-1.762769743800163269e-02
-3.023658506572246205e-02
-5.332369823008775711e-03
-1.063333451747894426e-01
-1.253817528486251831e-01
-1.308277342468499964e-02
1.853668130934238434e-02
-1.112423744052648371e-02
-4.110977519303560257e-03
-7.166200876235961914e-02
-1.104846894741058350e-01
6.881768349558115005e-03
1.741133164614439011e-04
1.113617699593305588e-02
1.562016271054744720e-02
8.268924430012702942e-03
1.000509876757860184e-02
-4.039911553263663552e-02
9.674947708845140285e-03
-7.810626178979873657e-02
-3.083916753530502666e-02
6.134896539151668549e-04
-5.049521103501319885e-02
-1.335913389921188632e-01
-1.638967096805572510e-01
-2.415729500353336334e-02
-1.034469380974769592e-01
-8.744817972183227539e-02
-7.225491851568222046e-02
-1.929883360862731934e-01
9.469536691904067993e-02
-6.850164383649826050e-02
-9.979850053787232833e-02
-2.606120891869068146e-02
1.200452898046933115e-04
-8.978921175003053146e-02
7.911686785519123077e-03
-1.361248176544904882e-02
-4.583035409450531006e-02
-3.103915043175220490e-02
-3.784864675253629684e-03
6.627790629863739014e-03
2.350835353136062622e-01
1.403809934854507446e-01
-2.210172452032566071e-02
-1.723713986575603832e-02
7.419487927109003067e-03
1.725235953927040100e-02
-7.013850659132003784e-02
-4.378979653120041587e-02
9.608720988035202026e-02
-1.641279458999633789e-02
-7.323121186345815659e-03
-2.758826129138469696e-02
1.214832719415426428e-02
-4.514100961387157440e-03
-2.473313361406326728e-03
2.931336127221584320e-02
-5.485007073730229464e-03
-1.279418729245662863e-02
3.910719603300095298e-02
-5.081626027822495201e-02
-4.863757640123366616e-02
-1.006188057363033121e-02
-1.728741079568863262e-02
-4.337874427437781594e-02
-3.978942334651947021e-02
2.016671188175678600e-02
1.416161842644214630e-02
-2.220377698540688255e-02
-5.745736416429281235e-03
9.596136212348937988e-02
1.516638696193695068e-01
2.065421640872955600e-01
1.062116026878356934e-01
6.771619617938995361e-02
-1.261765044182538986e-02
3.626865893602371216e-02
3.112036176025867462e-02
8.389648981392383575e-03
-1.001375317573547363e-01
-3.915759921073913574e-02
1.436983607709407806e-02
-2.167876251041888844e-02
3.854309208691120148e-03
1.741765998303890228e-02
8.911198377609252930e-02
6.178430467844010093e-02
8.323061466217041016e-02
6.182184070348740318e-02
-1.565020158886909832e-02
-9.367717057466506958e-02
7.061054348014295101e-04
-4.905971884727478027e-02
-3.348913043737412193e-02
4.062870144844055176e-02
-2.596575953066349030e-02
-9.472060203552246094e-02
-3.562014922499656677e-02
2.441758115310221910e-04
-2.484372444450855602e-02
8.609140291810035706e-03
-5.721306800842285156e-02
1.385097503662109375e-01
1.800873726606369019e-01
1.066227909177541559e-02
6.834775209426879883e-02
-2.043420225381851196e-01
-1.121082305908203264e-01
-3.785587847232817910e-02
-1.201691403985023499e-01
1.893323808908462524e-01
1.031302586197853227e-01
-9.975462220609188080e-03
-1.796206235885619840e-01
-1.475171148777008057e-01
-1.688927784562110901e-02
-3.069490194320678711e-02
-2.324848622083663940e-01
-2.512076199054718018e-01
-5.531795322895050049e-02
-2.764179557561874390e-02
-1.205753758549690247e-01
-7.501777261495590210e-02
-2.462286353111267090e-01
-9.621328115463256836e-02
-1.240274310111999512e-02
7.657127082347869873e-02
8.339117467403411865e-02
1.448981836438179016e-02
-4.014069214463233948e-02
-1.789799034595489502e-01
-3.559365868568420410e-01
-2.582628652453422546e-02
1.977918446063995361e-01
2.611567638814448963e-02
5.216487869620323181e-02
7.501838263124226656e-03
-1.543745547533035278e-01
-8.748536556959152222e-02
1.334682758897542953e-02
6.082771718502044678e-02
3.024964034557342529e-01
1.293306052684783936e-01
-9.435755759477616744e-02
-9.856726229190826416e-02
-9.088595956563949585e-02
-1.476410478353500366e-01
-9.687519073486328125e-02
-2.999301441013813019e-02
-1.649311929941177368e-02
-1.271615326404571533e-01
-1.432052701711654663e-01
-1.147762238979339461e-01
-7.593574374914169312e-02
-3.212303668260573647e-02
5.970957875251770020e-02
3.042551688849926342e-02
-3.000492928549647765e-03
2.949546836316584847e-02
8.419828861951828003e-02
3.914348781108856201e-02
-4.944110661745072105e-02
1.637210487388074398e-03
5.165520682930945656e-02
5.973403155803679726e-02
-5.391906574368476868e-02
-4.715995490550994873e-02
-8.501031249761581421e-02
1.888655591756104989e-03
-3.549393266439438300e-03
-4.686676710844039917e-02
5.081381276249885559e-02
4.241021722555160522e-02
-4.829491302371025085e-02
-1.357808522880077362e-02
-4.533420503139496543e-02
-4.607938602566719055e-02
-5.205881223082542419e-02
-3.733795136213303306e-02
2.038955315947532654e-02
1.339068561792373380e-01
-6.281625479459762573e-02
-9.376768022775650024e-02
-7.882755249738691850e-02
-7.183948159217833085e-02
-6.377757340669631958e-02
2.018471062183380127e-02
-3.798835352063179016e-02
2.716739661991595875e-02
1.200235821306705648e-02
-1.269115041941404343e-02
-8.737347275018692017e-02
-9.409561008214950562e-02
-1.774192899465560913e-01
5.329878069460391998e-03
-4.399755224585533142e-02
-1.068772524595260620e-01
-1.617109179496765137e-01
-9.121747314929962158e-02
-5.768056213855743408e-02
-3.630230948328971863e-02
-1.613775491714477539e-01
-1.613811403512954712e-01
-7.083920389413833618e-02
-3.158726915717124939e-02
-6.950090080499649048e-02
-1.389683187007904053e-01
-1.333404928445816040e-01
-1.774167120456695557e-01
-3.732137754559516907e-02
-1.716712256893515370e-03
1.335501223802566528e-01
6.476071476936340332e-02
-9.068110026419164485e-03
7.993793487548828125e-02
5.584720149636268616e-02
1.073481291532516341e-01
-5.723246186971663735e-02
-1.623255461454391479e-01
-2.043770551681518555e-01
-2.219535261392593384e-01
-8.140817284584045410e-02
-6.616553664207457108e-02
-1.306602507829666138e-01
-2.757559344172477375e-02
-7.068604975938796997e-02
-1.392029374837875366e-01
-1.025461032986640930e-02
-8.772134780883789062e-03
-6.869780272245407104e-02
-1.220290781930088997e-03
4.294119775295257568e-02
4.111233353614807129e-02
7.673675566911697388e-02
-4.437842592597008445e-02
3.340598568320274353e-02
-2.557165175676345478e-02
8.970549702644348145e-02
3.209897503256797791e-02
7.817700505256652832e-03
5.943863093852997520e-02
-4.756051581352949142e-03
-2.096629701554775238e-02
-3.386103734374046326e-02
3.433981910347937844e-02
-3.173325210809708335e-02
-4.398502036929130554e-02
-1.325814798474311829e-02
4.078790917992591858e-02
-3.544759703800082207e-03
-8.504991978406906128e-02
9.545498527586460114e-03
3.675577044487000206e-02
2.902249246835708618e-02
1.512907352298498154e-02
7.336542475968598452e-03
-2.550114179030060768e-03
-4.146795719861983559e-02
-3.657903522253037193e-02
5.822017323225736618e-03
2.015738748013972802e-03
-7.978302240371704102e-02
-2.587839774787425995e-02
1.910162717103958130e-02
-3.126518428325653076e-02
-1.649451255798339844e-02
1.914422214031219829e-02
-1.313685905188322067e-02
-1.769543066620826721e-02
1.150812488049268723e-02
-3.620333224534988403e-02
-7.597920298576354980e-02
-2.993622608482837330e-02
3.580411523580551147e-02
1.597656682133674622e-02
3.406210616230964661e-02
2.862761914730072021e-02
-7.201668620109558105e-02
-9.794907271862030029e-02
-1.955652609467506409e-02
-2.761906385421753277e-02
-8.787043392658233643e-03
-4.402799531817436218e-02
-5.230093002319335938e-02
1.474638283252715891e-02
-4.346113651990890503e-02
-7.908268272876739502e-02
-1.884023845195770264e-02
1.773411221802234650e-02
-4.718267917633056641e-02
-2.811710163950920105e-02
-7.754282653331757980e-02
-5.393423885107039711e-02
-2.081947168335318565e-03
2.340404689311980854e-02
5.375520139932631752e-02
1.730558834969997406e-02
-7.130055874586105347e-02
-3.125495836138725281e-02
-6.254266947507856889e-02
6.720185279846190539e-03
-5.041459947824478149e-02
-7.093255221843719482e-02
-5.994300544261932373e-02
-6.013372540473937294e-02
-2.887288667261600494e-02
-3.534999489784241417e-02
5.307053402066231468e-02
-5.634631589055061340e-02
1.277603209018707102e-02
-4.244353249669075012e-02
-1.329947859048843384e-01
-1.003861948847770691e-01
-1.751234680414199829e-01
-3.336760103702545166e-01
-7.989220321178436279e-02
-2.140796929597854267e-02
-6.324680149555206299e-02
-4.677882045507431030e-02
9.049376100301743941e-02
-2.044817083515226841e-04
3.156608343124389648e-02
-2.224040031433105191e-01
-2.025647759437561035e-01
-1.054045185446739197e-01
-1.717902719974517822e-03
1.471880972385406494e-01
6.834290176630020142e-02
-1.207510009407997270e-01
-3.009707331657409668e-01
1.322244107723236084e-01
3.741824999451636574e-02
7.918613962829113007e-03
-6.402674317359924316e-02
3.594905510544776917e-02
7.119744271039962769e-02
-2.571007236838341106e-02
-4.356688261032105186e-02
1.580927707254886627e-02
5.762663483619689941e-02
-6.071189045906067588e-02
-9.039632976055143876e-02
2.199184335768222809e-02
-1.984815485775471081e-02
-7.359104230999946594e-03
4.908600449562073448e-02
-1.827734708786011089e-02
-1.463652029633521860e-02
-4.989111423492431641e-02
-2.905180910602211952e-03
-3.249703347682952881e-02
-2.153245732188224792e-02
3.760439157485961914e-02
-2.818880788981914520e-02
1.821733452379703869e-02
-3.771371021866798401e-02
-2.454656921327114105e-02
-3.499427065253258445e-02
-4.980394989252090454e-02
-1.251531112939119166e-02
1.550261303782463074e-02
-6.076433695852757368e-03
-4.256583005189896324e-02
-2.395564317703246723e-02
2.226344682276248932e-02
2.814310416579246174e-02
-6.566127389669416947e-02
-8.841593749821186066e-03
-4.578175023198127747e-03
-3.474787995219230652e-02
-7.018148154020309448e-02
-5.617378279566764832e-02
2.093610540032386780e-02
1.480581611394882202e-02
-4.297822713851928711e-02
-9.520517662167549133e-03
-2.318269014358520161e-02
3.363242372870444818e-03
3.208333859220146699e-03
-1.837141998112201691e-02
-3.234156593680381775e-02
-5.956607684493064880e-02
-1.173289213329553604e-02
1.237501669675111944e-02
-2.944364584982395172e-02
-7.890961319208145142e-02
-3.129713237285614014e-02
-5.074146389961243370e-02
-7.434421218931674957e-03
5.062530562281608582e-02
4.551078751683235168e-02
-3.954023495316505432e-02
3.076220676302909851e-02
2.328746393322944641e-02
2.676341496407985687e-02
9.274072945117950439e-03
5.362886562943457863e-02
7.233878970146179199e-02
1.190405562520027299e-01
3.050320036709308624e-02
-2.402600832283496857e-02
-1.571583189070224762e-02
-4.499384015798568726e-02
-5.895217135548592308e-02
-3.500981628894805908e-02
-1.020424813032150407e-01
-3.413992375135421753e-02
6.741607096046209335e-03
1.082198414951562881e-02
-4.469054192304611206e-02
-1.654252596199512482e-02
1.443225797265768051e-02
-6.264591217041015625e-02
-7.830384373664855957e-02
1.485493686050176620e-02
-6.000986322760582664e-02
-1.108291968703269958e-01
-8.036563545465469360e-02
-8.573498576879501343e-02
3.690576925873757103e-02
1.015643216669559479e-02
-5.455616861581801674e-02
-4.076899960637092590e-02
9.570792317390442979e-04
1.143200136721134186e-02
1.544094681739807129e-01
6.700619310140609741e-02
-6.836513057351111498e-03
8.540919423103332520e-02
1.498627364635467529e-01
1.040126234292984009e-01
9.800303727388381958e-02
-9.058902412652969360e-02
-6.254110485315322876e-02
-5.777100101113318530e-03
-2.567340619862079967e-02
-6.275139749050140381e-02
-1.001762151718139648e-01
-1.821795552968978882e-01
-1.191360205411911011e-01
-9.383842349052427811e-02
-7.492629438638687134e-02
-7.067066431045532227e-02
4.198121279478073120e-02
6.334242969751358032e-02
-8.965712971985340118e-03
1.309751421213150024e-01
-1.488490961492061615e-02
7.507241517305374146e-02
2.392968982458114624e-01
1.765623874962329865e-02
-7.778668403625486893e-02
-1.378407627344131470e-01
-1.788033992052078247e-01
8.852509409189224243e-02
-2.771908044815063824e-02
-6.378822028636932373e-03
1.456999033689498728e-02
3.791433060541749434e-03
5.105464160442351601e-02
-1.580823510885238370e-01
-1.793745905160903931e-01
-3.097932040691375732e-01
-8.280754834413527055e-02
7.768728537485003471e-04
4.933315142989159324e-02
-8.189944177865982056e-02
-1.018994152545928955e-01
-1.568270623683929443e-01
-1.345231682062149048e-01
1.940283109433948777e-03
7.684930693358182907e-03
-6.913471221923828125e-02
-1.107791252434253519e-02
-3.040230087935924530e-02
1.375184947391971946e-04
5.652804672718047402e-02
1.620202213525772095e-01
-1.955728232860564839e-02
5.443207919597626426e-02
6.738039851188659668e-02
4.671221598982810974e-02
-5.261744931340217590e-02
-7.148448377847672897e-02
2.848647907376289368e-02
-7.809580862522125244e-02
-8.067689836025238037e-02
-2.053252607583999981e-02
-2.499031461775303234e-02
9.112092107534407182e-02
9.440404176712036133e-02
-1.625927388668060580e-01
-4.645325988531113365e-02
5.114973708987236023e-02
-1.205838471651077271e-02
-2.747269533574580799e-02
8.520998060703277588e-03
-7.037959247827529907e-02
-5.987858399748802185e-02
-1.686477065086364746e-01
1.625278033316135406e-02
2.452677488327026367e-02
2.266854234039783825e-02
4.150361195206642151e-02
-3.593832626938819885e-02
2.810218185186386108e-02
-3.833788260817528465e-02
-9.458178281784057617e-02
1.400120463222265070e-02
4.762283992022275925e-03
-9.198478073813019015e-04
-5.537294223904609680e-02
-1.613831520080566406e-02
-1.579661853611468922e-02
4.147241264581680298e-02
-8.913733810186386108e-02
9.483099915087223053e-03
-1.325081451795995235e-03
1.695887930691242218e-02
5.169313028454780579e-02
1.379110664129257202e-01
-5.383636057376861572e-02
2.504486590623855938e-02
2.583522535860538483e-02
-8.768920786678791046e-03
-1.104460470378398722e-02
-1.800755411386489868e-02
-1.059730127453804016e-01
-7.297134399414062500e-02
-8.981480449438095093e-02
-8.698812127113342285e-02
-1.181132048368453979e-01
-2.448750846087932934e-02
4.970705881714821556e-02
-6.204407289624213478e-02
-4.642101004719733498e-02
-3.960735723376273415e-02
1.812969520688056946e-02
2.661765180528163910e-02
7.081624120473863082e-02
-2.595799975097179760e-02
-4.818379506468772888e-02
5.667848885059357383e-02
1.765471994876861572e-01
1.098488718271255632e-01
4.008011147379875183e-02
1.543175131082534790e-01
-1.896899752318859100e-02
-4.040322452783585289e-02
-9.688130766153335571e-02
3.219891712069512107e-02
7.284378260374069214e-02
-6.054947525262832642e-02
-9.554247558116912842e-02
-5.848579108715057373e-02
-1.086557283997535706e-02
-7.127570454031229887e-03
-2.544200979173183788e-02
9.061789512634275956e-02
-6.705728359520435333e-03
-1.062999367713928223e-01
-3.269088268280028603e-02
-4.656373709440231323e-02
1.125832932302728465e-05
5.390925332903862000e-02
2.600772678852081299e-02
4.252616316080092690e-02
-3.264943882822990417e-02
-8.162203431129455566e-02
-2.311854436993598938e-02
-1.602523401379585266e-02
1.367582473903894424e-02
-1.005608681589365005e-02
-2.168335579335689198e-02
-9.087826311588287354e-02
-7.103310525417327881e-02
-4.302092827856540680e-03
-3.994904085993766785e-02
2.530777268111705780e-02
1.111348643898964067e-01
-3.647092031314968629e-03
-8.375167101621627808e-02
-8.513732254505157471e-02
-3.791299089789391258e-02
-1.701872348785400391e-01
-1.556180045008659363e-02
2.788098342716694225e-02
3.333754464983940125e-02
1.094335913658141951e-01
1.666192896664142609e-02
-8.637106418609619141e-02
-5.013288185000420311e-02
-6.426365673542022705e-02
4.213025793433189392e-03
4.735404625535011292e-03
-5.502177402377128601e-03
5.324027966707945737e-03
5.467642098665236733e-02
-2.210902608931064606e-02
-8.560677990317344666e-03
1.128712221980094771e-01
1.322800815105438232e-01
-1.080790068954229355e-02
1.804977096617221832e-02
1.266272645443677902e-02
-7.146429270505905151e-02
-7.616651058197021484e-02
4.545417055487633445e-02
-3.826053440570831299e-02
-1.163872182369232317e-01
-9.288669563829900569e-03
-1.691155135631561279e-02
-4.445671662688255310e-02
-2.414056472480296742e-02
2.004743739962577473e-02
-1.329966634511947632e-02
8.277229219675064087e-02
7.810837030410767989e-02
4.861541092395783165e-02
3.433321788907051086e-02
-2.024690154939889908e-03
-4.664810374379158020e-03
6.194404140114783547e-02
1.495103240013122559e-01
5.201633088290690508e-03
-5.598312616348265908e-02
-1.078497022390365601e-01
-9.117512404918670654e-02
-4.385225102305411599e-02
-3.228202089667320251e-02
2.013041079044342041e-02
1.795638352632522583e-02
1.810508035123348236e-02
-2.277937158942222595e-02
3.549003228545188904e-02
-1.119658537209034140e-02
5.891933571547270689e-03
2.868260629475116730e-02
-2.655947022140026093e-02
-8.524192869663238525e-02
-4.225173965096473694e-02
-3.044685535132884979e-02
-1.419037207961082458e-02
-6.352931261062622070e-03
1.539988350123166864e-02
4.485299810767174634e-03
7.651442196220157796e-03
6.113112717866897583e-02
7.205478101968765259e-02
4.344984889030456543e-02
-4.090307280421257019e-02
2.396864816546439691e-03
1.194954290986061270e-02
-7.792995311319828033e-03
-5.570697039365768433e-02
2.723811566829681396e-02
-6.930278241634368896e-02
-4.038238152861595154e-02
-2.299663424491882671e-02
-7.692089304327965650e-03
2.225570194423198700e-02
-1.054730266332626343e-01
-8.175363764166831970e-03
-7.602010667324066162e-02
-1.107937693595886230e-01
-3.811272617895156145e-04
-5.961574241518973610e-02
5.829010158777236938e-03
4.312261939048767090e-02
5.830050259828567505e-02
4.148055240511893532e-02
7.808746397495269775e-02
1.728780567646026611e-02
2.847227733582258658e-03
-2.060242183506488800e-02
-3.855693340301513672e-02
-1.455465406179428101e-01
-7.856141030788423019e-02
1.227543503046035767e-01
1.870145350694656372e-01
1.417329460382461548e-01
7.718704640865325928e-02
4.170564934611320496e-02
-4.294477403163909912e-02
-5.797103047370911338e-02
1.020625159144401689e-01
2.226704545319080353e-02
7.722823414951562881e-03
1.804585196077823986e-02
9.308879263699056453e-03
2.920107170939445149e-02
4.108908027410507202e-02
-1.322265267372131348e-01
-4.536783695220946572e-02
1.657099090516567230e-02
3.199023753404616616e-02
-2.893608063459396362e-03
-1.823242753744125366e-02
-5.669781193137168884e-02
-5.749173462390900352e-02
-2.227128855884075165e-02
7.191854715347290039e-02
5.350859463214873574e-02
-3.038724139332771995e-02
-3.152452781796455383e-02
-8.802432566881179810e-02
-9.344840049743652344e-02
-2.703380584716796875e-02
-6.435264647006988525e-02
1.324276439845561981e-02
7.355300337076187134e-02
8.456971496343612671e-02
-6.638701260089874268e-02
-1.992395147681236267e-02
1.053423527628183365e-02
-5.828306823968887329e-02
-1.702248603105545044e-01
-9.216375648975372314e-02
-5.059411376714705727e-02
-8.929356187582015991e-02
-6.662218272686004639e-02
-1.356927752494812012e-01
-3.388600423932075500e-02
-1.438385993242263794e-01
-6.361944228410720825e-02
-8.269482105970382690e-02
-8.485214412212371826e-02
-4.318463429808616638e-02
-9.088370949029922485e-02
-1.254151463508605957e-01
2.506787329912185669e-02
-4.511678963899612427e-02
-1.460344064980745316e-03
6.492589414119720459e-02
1.197318173944949930e-02
2.918201498687267650e-02
9.417837858200071854e-02
-9.829002618789672852e-02
-7.476556301116941972e-02
1.286593377590179443e-01
4.100423678755760193e-02
-1.594450026750564575e-01
-8.174949139356613159e-02
-7.441382855176925659e-02
-4.136317595839500427e-02
-8.265984058380126953e-02
-1.390595883131027222e-01
-5.281916633248328469e-02
-2.252547629177570343e-02
-9.705563634634017944e-02
-2.868313342332839966e-02
6.915304809808731079e-02
-4.207495227456092834e-02
5.514647066593170166e-02
2.664542011916637074e-02
-3.142760321497917175e-02
-1.857820525765419006e-02
-9.553962200880050659e-02
7.547365967184304324e-03
2.770947106182575226e-02
-6.627481430768968063e-02
2.763002552092075695e-02
1.081445440649986441e-02
-1.331278495490550995e-02
5.589639768004417419e-02
4.513463936746121320e-03
-4.289700835943222046e-02
-7.545763626694679260e-03
4.140010103583336570e-02
-3.236849606037139893e-02
-2.990530990064143788e-02
5.928014963865280151e-02
1.195626147091388702e-02
9.702549315989015752e-03
-6.810836493968963623e-02
-3.125498071312904358e-02
-3.837509825825691223e-02
-2.604589611291885376e-02
-2.226463519036769867e-02
-9.482293576002119584e-02
-7.791106402873992920e-02
-4.117966443300247192e-02
-7.251580059528350830e-02
3.550263121724128723e-02
-1.336079370230436325e-02
-6.551859434694052610e-03
-7.172238081693649292e-02
-1.579171279445290349e-03
-6.605326384305953979e-02
-6.714627146720886230e-02
1.159642785787582536e-01
-4.031445831060409546e-02
-1.072630956768989563e-01
-9.525705128908155961e-02
-4.715621098876000145e-02
3.065074421465396881e-02
1.749613694846630096e-02
5.474675074219703674e-02
3.256498649716376564e-02
-1.135029271245002747e-02
-7.623402774333953857e-02
-2.158582583069801331e-02
2.427410520613193165e-02
8.007621392607688904e-03
-6.797092407941816850e-02
-9.620828181505203247e-02
6.830857694149017334e-02
8.006923645734786987e-02
1.661261357367038727e-02
-3.984234761446714401e-03
1.314432322978973389e-01
8.878410607576370239e-02
-1.148097589612007141e-02
-2.464753761887550354e-02
-7.385630160570144653e-02
-2.240165486000478539e-04
8.026983588933944702e-03
1.358550488948822021e-01
-1.992513658478855653e-03
-8.065134286880493164e-03
-2.469796501100063671e-02
-2.122136577963829041e-02
4.416170343756676414e-02
-3.080008178949356079e-02
-1.748418621718883861e-02
2.585639618337154388e-02
2.405991405248641968e-02
1.928474903106689176e-01
1.044821590185165405e-01
6.921132653951644897e-02
-1.808493398129940033e-02
-6.747885048389434814e-02
-7.585103064775466919e-02
3.005575947463512421e-02
3.336970880627632141e-02
9.610820561647415161e-03
1.319013629108667374e-02
6.253854185342788696e-02
-9.694197215139866959e-04
-2.360541606321930885e-03
2.079304121434688915e-02
-8.677739650011062622e-02
6.605657190084457397e-02
3.811733424663543701e-02
2.996259182691573750e-02
2.888240478932857513e-02
3.463697060942649841e-02
1.835023611783981323e-02
3.704278497025370164e-03
4.144789651036263206e-02
2.586828358471393585e-02
3.066181018948554993e-02
5.768907070159912803e-02
5.775246024131774902e-02
2.428287453949451447e-02
1.602767407894134521e-02
1.069863326847553080e-02
-5.187643319368361733e-02
-1.796935498714447021e-01
3.308954462409019470e-02
1.635924354195594788e-02
-4.221908748149871826e-02
-2.643336169421672821e-02
-3.443866968154906533e-02
2.569013833999633789e-02
-1.989680528640746723e-02
-5.163644626736640930e-02
-4.906833171844481728e-02
5.485580116510391235e-02
-5.578560754656792554e-03
-1.541696637868881226e-01
-1.183418631553650041e-01
-8.765347301959991455e-02
-7.677802443504332108e-02
-6.362497061491012573e-02
-1.935929507017135898e-01
-8.616079390048980713e-02
-1.115622520446777205e-01
-2.263623923063278476e-01
-1.274690628051757812e-01
-5.294614657759665749e-02
-5.488305166363716125e-02
-3.062933683395385742e-01
-2.297201603651047030e-01
-4.196355119347571633e-02
-6.997638195753097534e-02
3.359439596533775330e-02
7.298656553030014038e-02
2.385949790477752963e-01
-1.528492271900177002e-01
-1.691555827856063843e-01
-1.883444562554359783e-02
2.264656312763690948e-02
1.575364619493484497e-01
2.332342863082885465e-01
1.982889771461486816e-01
1.507761180400848389e-01
1.025050431489944319e-01
-6.498771905899047852e-02
-5.479235667735338211e-03
-2.659472078084945679e-02
-3.525785729289054871e-02
-8.154495060443878174e-02
2.620708197355270386e-02
-1.310902182012796402e-02
-1.729584881104528904e-03
6.566394120454786820e-02
-4.205793887376785278e-02
-1.629866100847721100e-02
3.537663072347640991e-02
1.515448652207851236e-02
3.909781947731971741e-02
-3.998883068561553955e-02
-3.969599492847920331e-03
3.141049761325120926e-03
-2.146348170936107982e-02
-2.218100987374782562e-02
1.376845408231019974e-02
-3.324706479907036522e-02
6.583767477422953519e-03
-2.216870151460171093e-02
-3.376980125904083252e-02
-1.306579913944005966e-02
3.116313181817531933e-02
2.716350555419921875e-02
7.107136398553846879e-02
-6.211176142096520164e-02
-6.051276251673697731e-02
-6.180799379944801331e-02
-5.516412109136580727e-02
-5.746213719248772361e-02
-3.700002282857894897e-02
-5.460639484226703644e-03
2.685659006237984051e-02
7.600694894790649414e-02
-1.183749362826347351e-02
1.539163058623671532e-03
9.182657115161420650e-03
-6.583555787801742554e-02
5.344477295875548623e-02
-5.592738464474678040e-02
-5.830400809645652771e-02
-1.160634905099868774e-01
-1.216937322169542313e-02
-1.060407236218452315e-01
-1.112937927246093750e-01
-3.835123777389526367e-02
-3.253796603530644828e-04
-8.211505413055419922e-02
2.883975580334663738e-02
-2.247539311647415161e-01
-1.872254163026809415e-01
5.307791754603385925e-03
-5.868449434638024070e-02
-2.051644623279571533e-01
-1.792321205139160156e-01
6.125666201114654541e-03
-8.230726420879364014e-02
-3.062669038772583008e-01
-1.010434031486511230e-01
-2.592149376869201660e-01
-4.241004958748817444e-02
-1.709695309400558472e-01
-2.127484790980815887e-02
2.234516106545925140e-02
3.714403836056589647e-03
8.743121288716793060e-03
5.518547073006629944e-02
9.790017455816267533e-02
1.040633209049701517e-02
5.942298844456672668e-02
2.910445630550384521e-02
-8.810976520180702209e-03
-3.636148571968079307e-02
-1.587449014186859131e-01
-5.328864324837923050e-03
-6.660896539688110352e-02
-8.340854942798614502e-02
-1.205271109938621521e-01
1.748888939619064331e-02
-8.202827535569669551e-03
9.254047274589539962e-02
3.681176155805588462e-02
4.431672859936953458e-03
6.482813041657209396e-03
-3.831576555967330933e-02
-2.736559696495532990e-02
-8.194134384393692017e-02
-6.738884001970291138e-02
5.884794052690267563e-03
-4.699947312474251487e-02
-4.694979637861251831e-02
2.773004584014416088e-02
-3.221350163221358559e-02
-4.271544888615608215e-02
5.078357830643653870e-02
-6.502123177051544189e-02
-4.476542025804519653e-02
1.670160144567489624e-02
7.044318318367004395e-02
1.860227435827255249e-02
2.245160378515720367e-02
-7.169885560870170593e-03
-4.163335636258125305e-02
4.373444244265556335e-02
7.906831800937652588e-02
-8.436693251132965088e-02
-8.546353876590728760e-02
2.889526309445500374e-03
2.249508537352085114e-02
-1.470969710499048060e-02
-1.462117861956358129e-02
-1.215189620852470537e-01
1.968450611457229094e-03
-6.914137303829193115e-02
-7.499615103006362915e-02
9.873321652412415939e-02
3.989532962441445091e-02
4.016080126166343689e-02
5.024450644850731590e-02
8.929419517517089844e-02
3.821308910846710205e-02
5.047491937875748375e-02
7.488815486431121826e-02
4.027259722352027893e-02
1.941522955894470215e-02
-1.637229695916175842e-02
1.864183694124221455e-02
-1.022854447364807129e-02
-2.862848486984149299e-05
1.398589611053466797e-01
6.751927733421325684e-02
1.658914089202880859e-01
8.414506167173385620e-02
7.699491083621978760e-02
7.864281535148620605e-03
-1.746344938874244690e-02
-6.615176331251860532e-03
-1.531731244176626205e-02
2.252651005983352661e-02
1.535097509622574026e-02
-4.044576361775398254e-02
4.693238437175751426e-02
-3.314106538891791603e-02
-4.868441075086593628e-02
-1.129731070250272751e-02
3.582070767879486084e-02
-2.239631675183773041e-02
-7.747256755828857422e-02
2.625294029712677002e-02
3.451661020517348549e-02
3.846737090498209433e-03
1.775279827415943146e-02
-1.771942898631095886e-02
3.573353588581085205e-02
3.641680255532264709e-02
-1.168590411543845957e-02
7.054023444652556506e-03
3.435049206018447876e-02
4.455031361430882540e-03
3.435891866683959961e-02
-1.316696126013994217e-02
4.753288999199866555e-02
-5.196954589337110519e-03
-1.045757904648780823e-02
2.108851680532098250e-03
2.620215341448784221e-02
1.902394741773605347e-02
-6.002440303564072349e-02
-2.826531603932380676e-02
3.677761927247048118e-02
-7.227396592497826490e-03
-2.685276791453361078e-03
4.570051562041043368e-03
-1.203859504312276840e-02
-4.515532404184340737e-02
-3.711288049817085266e-02
-5.625876039266586304e-02
9.858284890651704269e-02
3.186686430126429038e-03
-2.620883285999298096e-02
-1.813037879765033722e-02
2.495088055729866028e-02
3.369438927620648904e-03
8.342434652149677277e-03
2.284508198499679912e-02
2.481349557638168335e-02
-3.837588429450988770e-02
1.107794698327779770e-02
-8.124051243066787720e-02
6.322474777698516846e-02
8.353322744369506836e-03
4.399064555764198303e-02
-2.456725051160901785e-04
3.400246426463127136e-02
-2.417439362034201622e-03
-7.918282411992549896e-03
4.667848348617553711e-02
2.161283604800700794e-02
-1.973078958690166126e-02
9.537821263074876266e-02
2.977281995117664337e-02
-1.274655293673276901e-02
-1.885710470378398895e-02
-1.237863861024379557e-02
-2.284280257299542427e-03
2.696028351783752441e-02
3.342272713780403137e-02
3.180069848895072937e-02
-7.538815494626759615e-03
-5.146611109375953674e-02
-5.379521474242209694e-02
5.554295703768730164e-02
3.507501631975173950e-02
-7.169917225837707520e-03
2.226193249225616108e-02
-5.870255641639232635e-03
-1.922833546996116985e-02
-4.511182196438313398e-03
-5.547155626118183136e-03
-4.140587523579597473e-02
-1.460294984281063080e-02
3.451007977128028870e-02
6.682398170232772827e-02
-4.356200993061066368e-02
-9.962173551321029663e-02
-3.011815436184406281e-02
4.770311992615461349e-03
-9.479620493948459625e-03
2.711633779108524323e-02
9.443143382668495178e-03
-4.094544053077698448e-02
2.109577506780624390e-02
6.366143375635147095e-02
9.218562394380569458e-03
7.274170871824026975e-03
-1.399848842993378639e-04
-6.272704899311065674e-02
-1.336988154798745936e-02
-3.893521847203374343e-03
2.802071347832680095e-02
-5.169961601495742798e-02
4.488750174641608498e-02
-3.188432753086090088e-02
-6.067899242043495178e-02
3.835331276059151390e-02
1.240386720746755600e-02
-3.059892542660236359e-02
-2.595617808401584625e-02
1.862803590483963706e-03
-2.436590939760208130e-02
1.071998570114374161e-02
-4.030603542923926613e-02
-2.768560871481895794e-02
-4.749315977096557617e-02
-1.530343666672706604e-02
1.996218599379062653e-02
2.196275815367698669e-02
6.262341886758804321e-02
-2.812562696635723114e-02
-1.117131300270557404e-02
1.946712471544742584e-02
3.604592755436896584e-02
4.148899018764496543e-02
3.589653968811035156e-02
-6.946480832993984222e-03
1.559563539922237570e-02
-4.403403773903846741e-02
-7.688082009553909302e-02
2.606755122542381287e-02
1.215006108395755291e-03
-4.993531852960586548e-02
3.030784241855144501e-02
-2.662884443998336792e-02
-5.429159477353096008e-02
-1.882578805088996887e-02
-2.565705589950084686e-02
3.543278574943542480e-02
4.230130463838576577e-02
-3.291297703981399536e-03
3.425369411706924438e-02
-1.766999624669551849e-02
-3.360167518258094788e-02
1.798706827685237148e-03
-5.358170717954636314e-02
-5.005464702844619751e-02
-5.484982207417488098e-02
-3.335405886173248291e-02
5.422612279653548500e-02
-6.418643984943628311e-03
-5.534635111689568260e-02
3.267881274223328331e-02
6.039564684033393860e-02
1.243316754698753357e-02
7.058674003928899765e-03
-8.518988266587255651e-03
5.108031630516051552e-02
-5.309299379587173462e-02
2.838016115128993641e-02
-2.317176759243011475e-02
2.502170018851756703e-02
1.881753280758857380e-02
-8.339506573975086212e-03
-5.347928777337073586e-02
-2.763075195252895702e-02
7.288082968443631258e-03
6.388331949710845947e-02
1.886573433876037598e-02
3.025489114224910736e-02
-8.643602952361106873e-03
-3.693083068355917931e-03
1.314079482108354568e-02
5.771140754222869873e-02
9.947615116834640503e-02
1.056346669793129141e-02
-3.595600649714469910e-02
1.576821319758891712e-02
7.535868138074874878e-02
-9.259460493922233582e-03
-1.183831412345170975e-02
-1.427158154547214335e-02
9.931179881095886230e-02
4.236533492803573608e-02
-7.320200651884078979e-02
-2.152224443852901112e-02
1.499818451702594757e-02
-8.427252061665058136e-03
-2.747327275574207653e-02
-2.297355793416500092e-03
4.447892308235168457e-02
-2.462518773972988129e-02
-8.253967389464378357e-03
3.764669224619865417e-02
6.232033669948577187e-02
-5.857092794030904770e-03
7.147748954594134417e-03
8.246728219091892242e-03
-4.068881645798683167e-02
-2.339591272175312042e-02
7.690494414418935776e-03
-1.018500030040740967e-01
-1.549918055534362793e-01
-8.865038864314556122e-03
4.295380413532257080e-02
6.381871551275251908e-02
4.045850783586502075e-02
3.677123691886663871e-03
-7.849711924791336060e-03
-2.203874476253986359e-02
3.202773258090018532e-02
2.332114242017269135e-02
1.063842792063951492e-03
4.732412099838256836e-02
9.729066863656044006e-03
3.909360151737928391e-03
2.886223047971725117e-02
2.235486358404159546e-02
4.176295176148415306e-02
2.528618462383746754e-02
2.949471957981586109e-02
-4.047478362917900085e-02
9.798573330044744664e-03
1.117554605007171631e-01
8.133507519960402055e-02
-1.728850416839122772e-02
-4.294930025935173035e-02
-4.222653433680534363e-02
-5.937018431723117828e-03
5.646693333983421326e-02
-3.482590243220328591e-02
-1.220290898345410824e-03
1.053427252918481827e-02
-1.179596222937107086e-02
-6.194753572344779968e-02
-5.165312439203261635e-02
-1.206667721271514893e-02
-3.015768481418490410e-03
1.279328018426895142e-02
-1.151163596659898758e-02
1.127757877111434937e-02
-1.503500789403915405e-01
-5.459459871053696373e-02
-1.868220977485179901e-02
4.814352840185164711e-02
6.067633163183928403e-03
-1.481685601174831217e-02
2.945462940260767937e-03
-4.485725611448287964e-02
-1.742253266274929047e-02
-6.047550961375236511e-02
-7.371633499860763550e-02
-6.949967890977859497e-02
-4.088643938302993774e-02
2.835343405604362488e-02
4.953665658831596375e-03
-1.187787624076008797e-03
-7.129821926355361938e-02
1.585616767406463623e-01
2.742959260940551758e-01
-3.347233310341835022e-02
1.223827823996544023e-01
1.665986888110637665e-02
-1.214464474469423121e-02
-1.343343220651149576e-02
2.196737751364708294e-02
-4.000058025121688843e-02
4.967040941119194031e-02
-1.162571236491203308e-01
-7.609254121780396896e-02
8.378433436155319214e-02
1.429625600576400757e-01
-1.735708303749561310e-02
-5.429785326123237610e-02
-1.382127702236175537e-01
-9.333874285221099854e-02
8.434065431356430054e-02
-7.333551347255708175e-02
-7.330118119716644287e-02
-9.722920507192613082e-02
-5.672432482242583535e-02
1.431663036346435547e-01
-1.479369550943374634e-01
-2.193090915679931918e-01
-9.623529762029647827e-02
-2.579884417355060924e-02
-1.016138494014739990e-01
-1.281441748142242432e-01
1.129366904497146468e-01
-2.097621932625770222e-02
-8.087443560361862183e-02
-1.799637079238891602e-01
-7.036633789539337158e-02
4.718511365354061127e-03
5.126440525054931641e-02
-1.954800039529800415e-01
-1.023303568363189558e-01
-2.085960097610950470e-02
-1.112122461199760437e-02
-2.317852340638637196e-02
-1.893075555562973022e-01
-8.534113317728042603e-02
-5.025514215230941772e-02
2.209860458970069885e-02
8.719302713871002197e-03
-5.326507240533828735e-02
-1.323393583297729492e-01
-9.307809174060822921e-02
-3.213926404714584351e-02
-2.640425972640514374e-02
2.307451888918876995e-02
-6.617983430624008179e-02
2.883126400411128651e-02
7.962786406278610229e-02
1.627622544765472412e-01
2.150656729936600009e-01
-2.554399147629738201e-02
-7.581775635480880737e-02
2.031689137220382690e-02
4.161687195301055908e-02
4.545278847217559814e-02
-2.461490221321582794e-02
-9.522368200123310089e-03
-4.231123998761177063e-02
5.887818709015846252e-02
2.127761207520961415e-02
7.036790996789932251e-02
7.331002503633499146e-02
2.358515001833439220e-02
6.175846606492996216e-02
6.342366337776184082e-02
1.320084184408187866e-01
-3.286319971084594727e-02
4.604588262736796465e-03
-5.866419523954392173e-02
6.707015633583068848e-02
6.297282129526136918e-02
-4.312208667397499084e-02
1.884404756128787994e-02
-4.690552502870559692e-02
-1.150145605206489563e-01
-2.555052936077118267e-02
-5.684533342719077370e-02
-6.760636717081069946e-02
-1.536449976265430277e-02
-3.468366805464028878e-03
1.491023227572441275e-02
-2.969913184642791748e-02
-2.832057513296603810e-02
1.864630263298749924e-03
1.044599339365959306e-01
-9.591693058609962463e-03
1.554797776043415070e-02
-6.968330591917037964e-03
4.115894064307212830e-02
3.931730613112449646e-02
-1.258342564105987549e-01
-5.763735994696617820e-02
-9.822587482631208247e-03
-3.341086953878403404e-02
-5.391962081193923950e-02
-8.477003127336502075e-02
-1.016153767704963511e-02
-5.129168555140495300e-02
1.946778595447540283e-02
-1.113764718174934387e-01
-1.465667784214019775e-01
-1.414520740509033203e-01
-6.668424606323242188e-02
-7.673348486423492432e-02
-1.391236484050750732e-01
-2.043281048536300659e-01
-4.886074364185333252e-02
-1.288046836853027344e-01
-1.451605260372161865e-01
-9.778068959712982178e-02
-9.107445366680622101e-03
-4.878177866339683533e-02
-1.354701817035675049e-01
-1.469580829143524170e-01
7.131272554397583008e-02
-2.897745743393898010e-02
-1.775947958230972637e-02
9.099446237087249756e-02
2.265664637088775912e-01
2.618578076362610418e-01
8.920145034790039062e-02
9.226527810096739335e-02
4.983713384717702866e-03
-2.080026082694530140e-02
6.792371859773992408e-04
-8.473175019025802612e-02
-4.122814908623696067e-02
3.622697293758391640e-02
2.304218709468841553e-02
1.076813205145299435e-03
-5.392807722091674805e-02
-5.450083687901496887e-02
-3.935465216636658409e-02
1.804756931960582733e-02
-1.171752139925956726e-01
-1.371397078037261963e-01
-2.032121270895004550e-01
-1.566100865602493286e-01
-4.849240928888320923e-02
-1.352320760488509854e-01
-1.130317524075507979e-01
-6.893206387758255005e-02
-9.726196527481080489e-02
-1.007396578788757185e-01
-1.387066096067428589e-01
-2.801902219653129578e-02
-2.624769136309624065e-02
-1.059210672974586348e-01
4.095858708024024963e-02
9.733357280492783981e-02
-1.205079630017280440e-01
3.285290673375129700e-03
-5.985356122255325317e-02
-1.319340616464614868e-01
-1.013553142547607422e-01
-1.513992697000503540e-01
-1.869418919086456576e-01
-1.320557743310928622e-01
-2.795132435858249664e-02
-4.695383086800575256e-02
-1.015669330954551558e-01
-1.375651806592941284e-01
1.610871218144893646e-02
-7.534885406494140625e-02
-1.866984963417052668e-01
-7.461340725421906905e-02
-4.949737712740898132e-02
4.039046540856362083e-02
-3.219464048743247986e-02
-4.775389563292264938e-03
6.152558326721192794e-02
-2.979660034179687500e-02
1.034615412354469299e-01
-1.838133111596107483e-02
1.823426038026809692e-02
-4.257725551724433899e-02
-1.005926169455051422e-02
-4.422448982950299978e-04
-6.767305545508861542e-03
5.274791643023490906e-02
2.018430456519126892e-02
3.066398948431015015e-02
4.787284880876541138e-02
-4.229869693517684937e-02
-2.964323200285435070e-02
2.884346060454844995e-03
-4.108909144997596741e-02
-4.980673268437385559e-02
-3.784645348787308433e-02
1.091709882020950317e-01
5.877739191055297158e-02
-2.559842308983207183e-03
-1.335335616022348404e-02
-2.220068313181400299e-02
-2.816530689597129475e-02
-3.013673983514308582e-02
-1.881397143006324768e-02
2.349404245615005146e-02
4.191257432103157043e-02
-1.721181906759738922e-02
-4.047699645161628723e-02
-1.826126128435134888e-02
-7.468282431364059448e-02
-4.429309442639351585e-02
-6.358402222394941850e-02
6.322452425956726074e-02
3.406700491905212402e-02
4.365620389580727317e-02
-4.276223015040159225e-03
7.089523598551750183e-03
8.694936335086822510e-02
-2.118682675063610077e-02
3.776906430721282959e-02
2.469224855303764343e-02
-1.171780284494161606e-02
-4.103463515639305115e-02
-1.662748306989669800e-02
2.160564623773097992e-02
-7.988184690475463867e-02
-4.446729272603988647e-02
-3.063733689486980438e-03
-1.293899118900299072e-01
-3.975900635123252869e-02
8.819618076086044312e-02
-5.558305606245994568e-02
-9.278089553117752075e-02
-1.053612679243087769e-02
-2.425523707643151717e-03
-6.894040852785110474e-02
-8.133330196142198043e-02
-1.457508560270070856e-02
5.425241962075233459e-02
1.446374971419572830e-02
-1.598916202783584595e-02
-4.426539689302445152e-02
-7.021296769380569458e-02
-8.158840984106063843e-02
4.259156808257102966e-02
-1.692933961749076843e-02
-1.142703816294669966e-01
-4.410392418503761292e-02
-1.632334738969802856e-01
-1.908312290906906128e-01
-1.172029674053192000e-01
-2.219125442206859936e-02
-2.929158695042132984e-02
-2.325313352048396717e-02
-3.854677453637123108e-02
-3.359837085008621216e-02
1.252619475126266479e-01
1.928482353687286377e-01
5.334042757749557495e-02
6.357205659151077271e-02
-9.090013056993483109e-02
-1.850906610488891879e-01
-6.355339288711547852e-02
7.467548362910746661e-03
-1.516611431725323200e-03
7.337789982557298141e-02
-6.600628793239593506e-02
-5.506647750735282898e-02
-1.951647102832794467e-01
-2.418846078217029572e-02
-6.463149189949035645e-02
2.794616483151912689e-02
2.597808837890625000e-03
3.532838821411132812e-02
4.154073819518088601e-02
4.738639295101166465e-02
-4.045137390494345925e-02
2.980041503906250000e-02
-5.453259870409965515e-02
-6.953371316194534302e-02
-6.024415418505668640e-02
9.446623176336287064e-02
1.673397049307823181e-02
4.052475839853286743e-02
3.696881234645843506e-02
5.639798939228057167e-02
2.026859112083911896e-02
1.129161845892667770e-02
-4.599184915423393250e-02
-1.384171470999717712e-02
1.772198267281055797e-02
4.559544846415519714e-02
1.476831287145614624e-01
6.380811333656311035e-02
-7.684089243412017822e-02
3.804950742051004496e-03
-2.642312087118625641e-02
-2.175929769873619080e-02
-6.531463563442230225e-02
8.178303833119571209e-04
7.199501269496977329e-04
2.334799244999885559e-02
-3.657488152384757996e-02
-6.454428285360336304e-02
-9.763852506875991821e-02
-1.952837407588958740e-02
-4.546466097235680320e-02
-3.353207558393478394e-02
1.580432057380676270e-02
-4.944074153900146484e-02
-4.231835901737213135e-02
-5.130004510283470154e-02
-1.381813436746597290e-01
-4.257203266024589539e-02
-6.412838399410247803e-02
-7.127507776021957397e-02
-4.540220368653535843e-03
-2.065427042543888092e-02
-1.415758281946182529e-01
-2.062802612781524658e-01
-7.590311765670776367e-02
-7.321771979331970215e-02
-2.537585981190204620e-02
-4.720680043101311424e-02
2.926038764417171825e-02
1.180756743997335434e-02
1.108797118067741394e-01
-2.946398407220840454e-02
-1.984736919403075894e-01
-1.151173934340476990e-02
6.381464004516602950e-02
5.516866594552993774e-02
-2.957269921898841858e-02
-2.728768885135650635e-01
-1.581552326679229459e-01
-1.311197578907012939e-01
3.576643019914627075e-02
1.295927911996841431e-01
2.712771110236644745e-02
1.170714758336544037e-02
8.096534013748168945e-02
2.762959105893969102e-03
1.070889681577682356e-01
6.457415223121643066e-02
5.318343266844749451e-02
3.651003539562225342e-02
-1.361974924802780151e-01
-9.739866480231285095e-03
-1.975493878126144409e-02
-1.432556100189685995e-02
-6.722676753997802734e-02
1.317731011658907110e-02
-2.247272618114948273e-02
-2.005241066217422485e-02
-3.229412436485290527e-02
1.675542071461677551e-02
-1.785800047218799591e-02
-4.992047697305678627e-02
4.229903221130371094e-02
3.172938525676726601e-02
6.014837697148322365e-02
8.765241131186483556e-03
4.007191583514213562e-02
5.307986214756965637e-02
4.961364343762398460e-02
3.073855116963386189e-02
-1.184732303954660892e-03
-2.768103219568729054e-02
8.700995706021785736e-03
3.219333663582801819e-02
-4.611784126609563828e-03
3.730197995901107788e-02
-5.941688641905785301e-02
1.798540167510509838e-02
8.613798767328262329e-02
-2.063148468732834209e-02
-2.170221321284770966e-02
1.008028537034988403e-02
-7.779434323310852051e-02
-4.318884760141373375e-02
1.839280687272548676e-02
1.530059874057769775e-01
3.018204681575297962e-02
1.376088708639144897e-01
3.780734539031982422e-02
1.654914766550064087e-02
2.074753493070602417e-02
3.958052769303321838e-02
8.536307141184806824e-03
-5.694364756345748901e-02
-3.508849442005157471e-02
6.295023858547210693e-02
9.574345499277116256e-02
7.688503712415695190e-02
7.454248145222663879e-03
-3.922375291585921547e-02
2.256981655955314289e-02
2.128214389085769653e-02
3.102522715926170696e-02
-1.731094159185886383e-02
9.103044122457504272e-02
6.657468527555465698e-02
6.568269804120063782e-03
-9.383300691843032837e-02
-7.796084135770797729e-02
-2.464097365736961365e-02
-1.797331124544143677e-02
2.564614079892635692e-02
-4.717332124710083008e-02
-4.068587347865104675e-02
1.214700266718864441e-01
1.243789196014404436e-01
9.235039353370668239e-03
2.127927541732788086e-02
5.858150497078896263e-02
2.215645648539066315e-02
-1.488194912672042847e-01
-4.204939678311347961e-02
-1.024225540459155863e-02
3.643114864826201699e-02
1.624278277158737183e-01
1.093603298068046570e-01
-3.163611143827438354e-02
7.747516781091690063e-02
5.796625837683677673e-02
-1.770403422415256153e-02
5.706994980573653481e-02
1.026088297367095947e-01
1.574616134166717529e-01
2.176204323768616000e-01
9.577946364879608154e-02
1.330102700740099127e-02
5.967460200190543435e-02
1.541916280984878540e-01
-1.909758150577545166e-02
5.462016910314559937e-02
-4.525596648454666138e-02
8.775212801992893219e-03
-2.362497709691524506e-02
-6.156743317842483521e-02
1.407769974321126938e-03
-8.091022819280624390e-02
-5.591115355491638184e-02
-4.615390673279761574e-02
-6.168219447135925293e-02
-9.408713132143020630e-02
-9.018380194902420044e-03
-5.275415256619452736e-02
-1.420866139233112509e-02
1.700556464493274689e-02
-5.832614749670028687e-02
4.664580523967742920e-02
-6.309048272669314471e-03
-3.888293355703353882e-02
-3.194514662027359009e-03
-2.544060535728931427e-02
7.887703366577625275e-03
-6.370656937360763550e-02
-2.310410374775528908e-03
1.891945861279964447e-02
1.075299009680747986e-01
-1.488900333642959595e-01
-2.343166917562485019e-01
-8.654975146055222945e-02
3.563514351844788292e-02
1.569984294474124908e-02
-6.421381235122680664e-02
-7.919277995824813843e-02
8.989696390926837921e-03
8.198361843824387984e-02
1.585138887166976929e-01
1.837565153837203979e-01
-2.918216399848461151e-02
6.908872723579408126e-02
9.442708455026149750e-03
5.044906865805388364e-03
-1.189275644719600851e-02
3.876440227031708458e-02
-2.793857268989085804e-02
-7.889863848686216874e-02
-4.947094712406396866e-03
-4.957482591271400452e-02
-9.697526693344116211e-02
-1.551048755645751953e-01
-1.893093883991241178e-01
-1.569269597530364990e-01
-1.837259158492088318e-02
-5.810693278908730247e-02
2.436346746981143951e-02
-7.363307289779186249e-03
-1.384430974721908569e-01
-7.557688653469085693e-02
1.186124607920646806e-01
4.808853380382061005e-03
3.669017925858497620e-02
-6.148040294647217491e-02
-4.685306176543236473e-02
-5.172781273722648621e-02
-5.942971631884574890e-02
3.112703934311866760e-02
-1.439174413681030551e-01
-4.526694118976593018e-02
2.134352363646030426e-02
-8.242360502481460571e-02
1.507402164861559868e-03
-6.115890294313431480e-02
3.273493051528931358e-02
2.250178158283233643e-02
-6.335256993770599365e-02
6.684666126966476440e-02
6.742618232965469360e-02
1.262744218111038208e-01
5.721855163574218750e-02
2.364528737962245941e-02
1.095399782061576704e-01
7.678900659084320068e-02
-8.877409994602201981e-02
-1.357430517673492432e-01
-2.255567014217376987e-01
-8.929067291319370270e-03
3.458559885621071556e-02
-2.790514007210731506e-02
-1.194052994251251221e-01
-1.472122520208358765e-01
-9.953517466783523560e-02
-9.559518098831176758e-02
-2.953715622425079346e-02
-6.145251914858817360e-02
1.148853171616792852e-02
8.377467840909957886e-02
6.913961470127105713e-02
9.855554252862930298e-02
4.554749280214309692e-02
-1.090110018849372725e-01
4.792469367384911277e-02
5.858636274933815002e-02
-1.671523228287696838e-02
4.690036177635192871e-02
9.534051269292832809e-02
-1.806038618087768902e-02
-3.900253027677536011e-02
-3.209777176380157471e-02
-6.824246048927307129e-02
6.152273155748844147e-03
-5.572908744215965271e-02
-7.503799349069595337e-02
5.619758367538452148e-02
-2.630071016028523445e-03
-6.158750038594007492e-03
2.362515777349472046e-02
-9.627177380025386810e-03
-7.838227599859237671e-02
3.183893114328384399e-02
-5.092334467917681608e-03
-6.533423066139221191e-02
-1.316933482885360718e-01
-5.729575827717781067e-02
-1.162540982477366924e-03
-6.653603166341783004e-02
8.005763590335845947e-02
-8.310762792825698853e-02
-1.676128059625625610e-01
-4.870746657252311707e-02
2.366902865469456066e-02
-2.011149190366268158e-02
-9.815321117639543014e-02
-1.319279074668884555e-01
-2.222512215375900546e-01
-1.565361917018890381e-01
-2.104469090700149259e-01
-1.302998661994934082e-01
3.750032931566238403e-02
-4.409775137901306152e-03
-1.483042351901531219e-02
-9.303859621286392212e-02
-7.795492559671401978e-02
-2.455909363925457001e-02
-1.372046023607254028e-01
-6.631817668676376343e-02
-1.110674217343330383e-01
-1.024310216307639937e-01
-1.463010162115097046e-01
-1.200308874249458452e-01
-1.344196200370788574e-01
-6.207939237356185913e-02
-3.540800139307976463e-02
2.492908760905265461e-02
6.084541231393814087e-02
3.597669303417206504e-02
-3.044602647423743855e-02
3.560674935579299927e-02
7.410099357366561890e-02
7.350673526525497437e-02
-9.549579583108423406e-03
-1.049358546733856201e-01
-5.957011505961417458e-02
1.459194906055927103e-02
-2.854736708104610790e-02
-3.478695405647158623e-03
5.804060772061347268e-02
3.980753570795058510e-02
1.459387829527258873e-03
-7.879056967794895172e-03
7.019276916980742020e-02
8.759974502027034760e-03
-3.503425046801567078e-03
-1.191395707428455526e-02
2.458069473505020142e-02
5.986763536930083535e-02
-1.690346747636795044e-02
-2.869581803679466248e-02
-2.900837548077106129e-02
-3.809230867773294449e-03
1.593653485178947449e-02
2.570774033665657043e-02
2.921995148062706341e-02
-1.202088687568902969e-02
-8.408077061176300049e-02
-3.396211564540863037e-02
1.373369991779327393e-02
-5.239856615662574768e-02
-1.556995976716279984e-02
-2.878336049616336823e-02
-1.203392297029495239e-01
-4.857133701443672180e-02
5.195349827408791282e-02
5.597260221838951111e-02
-2.069246396422385822e-02
9.581821970641613007e-03
-8.581236004829408126e-02
-9.263687580823896928e-02
4.653201624751091003e-02
-1.825653947889804623e-03
-7.277149707078933716e-02
7.100868038833140460e-03
4.480346292257308960e-02
-1.974514685571193695e-02
-5.418277904391288757e-02
-2.236110530793666840e-02
6.703266408294439316e-03
2.638115920126438141e-02
8.459106087684631348e-02
1.032887399196624756e-01
-4.826257377862930298e-02
-1.001488976180553436e-02
1.066115032881498510e-02
2.591155469417572021e-02
-7.531737443059682846e-03
4.706262797117233276e-02
3.253477811813354492e-02
-1.053772773593664169e-02
-5.750379338860512474e-02
-1.167524382472038547e-01
-1.013797521591186385e-01
-3.847508691251277924e-03
2.982202544808388103e-02
-3.987270221114159324e-02
-6.372493505477905273e-02
-4.424504190683364868e-02
-6.276890635490418348e-03
3.181826323270798423e-02
-4.926342517137528333e-03
-3.106104559265076572e-04
-5.399133637547492981e-02
-2.771310880780220032e-02
3.149593248963356018e-02
5.588262155652046204e-02
5.182579904794692993e-02
2.672310546040534973e-02
3.108254447579383850e-02
-1.371409650892019272e-02
-1.311749126762151545e-02
-1.427721884101629084e-02
-7.087928708642720309e-03
-1.048002950847148722e-02
-1.541865710169076920e-02
2.191189862787723888e-02
2.858030842617154121e-03
2.628386020660400391e-02
1.073673274368047714e-02
-4.150857403874396584e-02
7.086417172104120255e-03
1.903568580746651043e-02
1.245193742215633392e-02
1.901761256158351898e-02
1.543565373867750341e-02
1.764052361249923706e-02
9.985705837607383728e-03
1.177596859633922577e-02
-1.521786488592624664e-02
7.942951284348966426e-03
-2.018424123525619854e-02
-4.331273958086968162e-02
-2.632025256752968181e-02
8.763614296913146973e-02
5.685447156429291465e-02
-2.580840513110160828e-02
-1.069216281175613403e-01
-5.676543805748224258e-03
-5.337383225560188293e-02
-4.617235437035560608e-02
-1.382554601877927780e-02
-4.666538164019584656e-02
6.825827062129974365e-02
1.149921491742134094e-02
-9.097334742546082931e-02
-5.200889334082603455e-02
-2.586515154689550400e-03
6.353962421417236328e-02
5.748314782977104187e-03
1.774362660944461823e-02
-6.407717615365982056e-02
-3.690890967845916748e-02
-7.194943726062774658e-03
-2.353332750499248505e-02
-8.862758986651897430e-03
4.966891184449196556e-02
-3.725926205515862205e-02
1.435639336705207825e-02
-3.236175980418920517e-03
3.989399969577788613e-02
2.514944598078728069e-02
1.167071703821420843e-02
-3.821728378534317017e-02
-3.175681922584771676e-03
-7.144962996244430542e-02
1.876392215490340840e-02
1.808805577456950794e-02
3.603693330660462379e-04
-3.374285250902175903e-02
-4.819087311625480652e-02
-4.739545658230781555e-02
1.768448762595653881e-02
1.167020294815302069e-02
3.623411525040864944e-03
-4.750324413180351257e-02
-6.855411082506179810e-02
-3.242509905248880386e-03
-5.526356771588325500e-02
-1.905179955065250397e-02
-5.091715604066848755e-02
2.541056135669350190e-03
-3.681014478206634521e-02
-3.468759730458260276e-02
-6.163893640041351318e-02
-3.919839486479758522e-02
-5.529558658599853516e-02
-6.558028608560562134e-02
-5.326230823993682861e-02
-3.181753680109978416e-02
3.264047205448150635e-02
-4.026003181934356689e-02
4.585377126932143471e-02
9.496147930622099442e-02
4.225271567702292702e-02
-2.330332435667514801e-02
1.223633904010057276e-02
-5.945753306150436401e-02
-5.847210064530372620e-02
-6.198902800679207542e-02
-6.315403431653976440e-02
3.479271754622459412e-02
-5.403934628702700138e-04
1.637747138738632202e-02
-9.582159668207167191e-02
1.877427101135253906e-02
4.777618497610092163e-02
7.082695513963700729e-02
3.013701736927032471e-02
-1.013858802616596222e-02
2.506538759917021231e-03
-3.808908909559249878e-02
-6.820276379585266113e-02
-1.392574608325958425e-02
3.373027592897415161e-02
2.536706393584609032e-03
-4.678418114781379700e-02
-5.182687565684319236e-02
-1.053815241903066635e-02
-7.606685627251862612e-03
-6.712392438203096390e-03
-3.837795183062553406e-02
-3.842457756400108337e-02
-1.962838135659694672e-02
1.341440808027982885e-02
-1.559086982160806829e-02
1.824165112338960171e-03
3.548265434801578088e-03
-9.837467223405838013e-03
-2.361765131354331970e-03
-8.446940034627914429e-02
-5.207710340619087219e-02
-1.054716296494007111e-02
1.497441343963146210e-02
3.174018859863281250e-02
3.071457892656326294e-02
-2.875819429755211223e-02
-3.197078779339790344e-02
1.762803457677364349e-02
1.286960206925868988e-02
5.882422439754009247e-03
3.833551704883576133e-02
4.662145674228668213e-02
4.335420206189156273e-02
1.053682807832956488e-02
1.509798807092010975e-03
-1.656731404364109039e-02
2.739447914063930165e-02
-2.504868991672992706e-02
-5.733244493603704972e-02
-2.071996964514255524e-02
-1.418315991759300232e-02
1.627606898546219219e-02
3.085106983780861248e-02
-1.815455500036478043e-03
4.672555997967720032e-02
9.659827500581739945e-02
8.285311050713062286e-03
-2.982267551124096264e-02
-5.294978618621826172e-03
-3.465781733393668435e-02
-4.249884560704231262e-02
4.581300541758536599e-02
-9.809761494398115678e-02
-9.913393855094909668e-02
1.071529388427734375e-01
3.238277137279510498e-02
-1.518022119998931885e-01
1.043201461434364319e-01
8.308256417512893677e-02
4.426177218556403420e-02
1.589729264378547668e-02
9.505711495876312256e-02
6.789750605821609497e-02
3.102573193609714508e-02
8.893197774887084961e-02
-1.265160292387008667e-01
-1.590562611818313599e-01
1.593006774783134460e-02
3.250881657004356384e-02
-1.067800968885421753e-01
-1.118676140904426575e-01
3.382153064012527466e-02
-1.822455227375030171e-02
-9.134318679571153121e-02
5.535624921321868896e-02
3.565741237252950668e-03
1.201467867940664291e-02
-2.677323222160339355e-01
-1.462597250938415527e-01
-1.832813471555709561e-01
-1.644137203693389893e-01
-6.400104146450757980e-03
-7.187613751739264402e-03
2.025109343230724335e-02
1.313690003007650549e-02
1.748055964708328247e-02
-1.208311039954424078e-02
-2.919031307101249348e-02
9.482488036155699296e-02
-2.204076573252678264e-02
-1.491953898221254349e-02
-8.353191614151000977e-02
-8.940455317497252030e-02
4.418727383017539978e-02
9.458164684474468231e-03
4.685450345277786255e-02
5.017224699258803627e-02
-6.924542132765054703e-03
-1.183782517910003662e-02
-8.421014063060283661e-03
-1.271438435651361942e-03
-4.024030268192291260e-02
-5.232569575309753418e-02
-1.235086563974618738e-02
-2.191346324980258942e-02
-1.021083891391754289e-01
-8.686181902885437012e-02
-8.624322712421417236e-02
-8.628848195075988770e-02
5.259213503450154391e-03
-3.399594454094768004e-03
-2.256943099200725555e-02
-1.462951023131609136e-02
-3.981273993849753640e-02
-7.886043190956115723e-02
-1.690593361854553223e-01
-1.778239905834197998e-01
2.155262278392910957e-03
-3.465820476412773132e-02
-1.160606294870376448e-01
-1.373941749334335327e-01
-1.610564887523651123e-01
-1.738542914390563965e-01
4.638113081455231407e-02
-6.121914088726043701e-02
-4.056873172521591187e-02
-1.879522576928138733e-02
-1.767091751098632812e-01
-2.581183016300200861e-01
-1.497657150030136108e-01
7.561833481304347515e-04
6.343653798103332520e-02
-3.493370860815048218e-02
6.121767684817314148e-03
-3.741029649972916343e-02
-7.991936802864074707e-02
-8.709753304719924927e-02
-2.453867346048355103e-02
-1.655029952526092529e-01
-1.705818809568881989e-02
-1.059035658836364746e-01
-1.411071121692657471e-01
-6.709083914756774902e-02
1.112666651606559753e-01
-1.585536748170852661e-01
-7.860592752695083618e-02
-6.617937982082366943e-02
-2.014561742544174472e-01
-5.595184117555618286e-02
-1.478817164897918701e-01
-1.221061944961547990e-01
-1.645597666501998901e-01
-3.634149581193923950e-02
-2.710469812154769897e-02
4.117608442902565002e-02
-3.899021772667765617e-03
-1.453131884336471558e-01
-1.215608343482017517e-01
-9.109494835138319535e-02
-1.146587356925010855e-02
-3.874951973557471535e-02
-1.234729140996932983e-01
2.921986021101475109e-02
8.345563709735870361e-02
-1.398496478796005249e-01
-3.911859542131423950e-02
1.031087115406990051e-01
5.677469074726104736e-02
1.430592685937881470e-01
1.988527923822402954e-01
3.046051263809204102e-01
2.305625379085541049e-01
1.222261488437652449e-01
1.123535446822643107e-02
-3.540010377764701843e-02
-7.874893024563791102e-03
7.760917395353317261e-02
2.377908825874328891e-01
1.374324411153793335e-01
5.106327682733536460e-02
1.669322326779365540e-02
-2.106404397636651993e-03
8.110962063074111938e-02
-2.339784242212772369e-02
-6.534893065690994263e-02
-1.296737883239984339e-02
-3.177999705076217651e-02
-1.864212565124034882e-02
-6.053785979747772217e-02
-7.538330554962156815e-02
-3.154383972287178040e-02
-1.200926862657070160e-02
-7.815170101821422577e-03
-5.032311193645000458e-03
-2.007747069001197468e-02
5.813705734908581647e-03
8.000198868103325367e-04
-1.249056681990623648e-02
1.509776245802640915e-02
-6.575474143028259277e-02
1.213094219565391541e-02
-7.479820400476456556e-03
-4.730622097849846580e-02
-4.663327336311340332e-02
2.150211669504642487e-02
-4.746180772781372070e-02
-3.856471925973892212e-02
-4.742853343486786583e-02
5.362991616129875183e-02
2.166133932769298553e-02
-2.228891700506210605e-01
-1.642352901399135590e-02
1.735718734562397003e-02
-7.967976480722427368e-02
-4.040496796369552612e-02
-7.857106626033782959e-02
-2.057294845581054688e-01
-1.031212210655212402e-01
2.479633875191212047e-02
-1.932408660650253296e-02
-1.975452005863189420e-01
-3.123960271477699280e-02
3.879364579915999672e-02
-2.580678164958953857e-01
-5.483270436525344849e-02
1.024338379502296309e-01
4.135422781109809875e-02
-9.090790152549743652e-02
-8.142875134944915771e-02
-7.408396899700164795e-02
-2.344130128622055054e-01
-1.090969666838645935e-01
-2.689312100410460871e-01
-9.126994013786315918e-02
6.820766627788543701e-02
1.693986803293227872e-01
3.987397998571396568e-02
-2.363867908716201505e-01
-1.104700472205877131e-02
1.219453737139701704e-01
2.338980883359909058e-01
-3.985739778727293015e-03
-1.375815421342849454e-01
-2.349465936422348022e-01
-2.080254629254340779e-02
3.694754093885421753e-02
-1.417835205793380737e-01
-5.871005728840827248e-02
-6.551804393529891968e-02
-1.670831814408302654e-02
7.464563846588134766e-02
-8.852925151586532593e-02
7.563593238592147827e-02
5.337854474782943726e-02
4.286827147006988525e-02
2.422638051211833954e-02
-1.252393424510955811e-02
-3.052754886448383678e-02
9.620391577482223511e-02
1.211305484175682068e-01
2.164261974394321095e-02
1.646552607417106628e-02
-1.327296439558267593e-02
-9.374134987592695756e-02
-3.269472718238830566e-02
2.034483104944229126e-02
5.110052227973937988e-02
4.302430152893065712e-02
-9.726063348352907353e-03
-6.869559735059738159e-02
-7.770383264869451523e-03
-2.115923911333084106e-02
9.421138092875478917e-03
1.674761064350605011e-02
-3.903175517916680076e-02
-4.054860770702362061e-02
-4.189749713987112045e-03
8.630767464637756348e-03
9.012626484036445618e-03
3.860019147396088340e-02
4.718038812279701233e-02
-1.683964021503925323e-02
-4.245759919285773537e-02
6.014442071318625536e-03
-5.375590175390243530e-02
3.177178651094436646e-02
-8.580861240625381470e-02
2.611425891518593181e-02
-6.624533236026763916e-02
2.444211579859256744e-02
1.566562503576278687e-01
-1.563323475420475006e-02
-7.719095796346664429e-02
-2.900356985628604889e-02
-7.294961065053939819e-02
-6.607425212860107422e-02
-1.841358607634902000e-03
-3.023991361260413777e-02
-1.923517584800719937e-01
-2.653431892395019531e-01
-1.885777264833450595e-01
-5.620571784675121307e-03
-1.778363250195980072e-02
-4.840542562305927277e-03
-2.502425573766231537e-02
-2.236795239150524139e-02
9.591976553201676803e-02
1.117552891373634338e-01
1.008134856820106368e-01
1.788051128387451172e-01
-3.684005513787269592e-02
-1.660338342189788818e-01
-6.018039584159851074e-02
-1.475159972906112671e-01
-3.134958148002624512e-01
-1.682974249124526978e-01
-1.230821385979652544e-01
-1.314738541841506958e-01
-6.905005127191543579e-02
1.662855222821235657e-02
2.063275873661041260e-01
-3.606868907809257507e-02
-7.756233960390090942e-02
-1.271407753229141235e-01
-1.023766696453094344e-01
-2.672764845192432404e-02
-1.699383109807967862e-01
-8.800785243511199951e-02
-6.678409874439239502e-02
-1.194785609841346741e-01
-1.549521926790476019e-02
-1.183947324752807478e-01
-1.554706245660782138e-01
-1.221114397048950195e-01
-6.643527001142501831e-02
-8.530370891094207764e-02
-5.732327699661254883e-02
1.341276336461305618e-02
-5.192932114005088806e-02
1.809988170862198223e-02
-6.634531915187835693e-02
-4.195159673690796592e-02
-2.506799995899200439e-02
-3.635473921895027161e-02
-1.742606423795223236e-02
1.597857847809791565e-02
1.984023153781890869e-01
-2.077332884073257099e-02
3.296197578310966492e-02
-4.815646912902593613e-03
2.848814986646175731e-02
-1.239739805459976196e-01
-1.453876346349716187e-01
-3.982021659612656334e-02
-1.018842030316591263e-02
-9.946817904710769653e-02
4.800922702997922897e-03
1.534288842231035233e-02
9.220471605658531189e-03
-3.380345553159713745e-02
-6.320180743932723999e-02
-1.237905956804752350e-02
-9.156800806522369385e-02
-5.132901668548583984e-02
-1.709802821278571736e-02
-9.489021264016628265e-03
-3.616271167993545532e-02
-2.463831193745136261e-02
1.614926986803766340e-05
1.218282431364059448e-02
-2.969498559832573284e-02
-8.895858190953731537e-03
1.381061691790819168e-02
1.263044122606515884e-02
-2.082782611250877033e-02
-2.242355607450008392e-02
-3.269679099321364663e-02
-1.074594538658857172e-02
6.202572025358676910e-03
1.723462343215942383e-02
-4.867713525891304016e-02
-1.261850353330373764e-02
4.241699818521738052e-03
-1.825829967856406819e-02
-4.064194485545158386e-02
-6.831225752830505371e-02
1.852905191481113087e-02
1.835369132459164013e-02
-7.427041977643968063e-02
-1.721389591693878174e-02
-1.345515102148056030e-01
-2.253193408250808993e-01
-4.770440235733986595e-02
-1.679285429418087006e-02
-1.448548883199691772e-01
-1.330144405364990234e-01
1.436663884669542486e-02
1.469233352690935308e-02
-3.260392323136329651e-02
-1.420275419950485229e-01
-1.299242973327636719e-01
6.341844797134400802e-02
9.916300326585769653e-02
4.961054399609566429e-02
-3.570629283785820007e-02
-2.085184901952743530e-01
-1.961506307125092108e-01
-8.172670751810073853e-02
-1.831714063882828106e-02
-1.375306099653244019e-01
7.731352746486663818e-02
7.932321727275847001e-02
3.403021255508064790e-03
-9.986916929483413696e-02
-2.860294654965400696e-02
-2.078036405146121979e-02
-4.905151203274726868e-02
-6.462569534778594971e-02
-5.014225468039512634e-02
-5.437249317765236595e-02
6.606315076351165771e-02
5.877431854605674744e-02
3.588937595486640930e-02
2.335211448371410370e-02
-3.954203799366950989e-02
-1.333340853452682495e-01
-1.488485485315322876e-01
1.947728544473648071e-02
2.060731686651707043e-02
8.193935453891754150e-02
7.130348682403563065e-02
-4.017673432826996543e-02
1.873910310678184032e-03
4.131928831338881752e-02
1.334899850189685822e-02
-5.969648808240889809e-02
1.860676519572734833e-02
4.840724915266036987e-02
9.070215746760368347e-03
-5.627357214689254761e-02
4.377982020378112793e-02
9.521986544132232666e-02
-1.573897711932659149e-02
-2.918375912486226298e-06
-1.074056886136531830e-02
-3.438958898186683655e-02
-5.100642889738082886e-02
-5.157202482223511436e-02
-5.862163752317428589e-02
-1.000592187047004700e-01
-2.952188812196255077e-02
-6.351466476917266846e-02
2.503985725343227386e-02
1.608205027878284454e-02
-1.125813089311122894e-02
-2.004740573465824127e-02
-2.753452397882938385e-02
1.966304332017898560e-02
-3.646878525614738464e-02
1.166251674294471567e-02
4.353822022676467896e-02
-1.871209405362606049e-02
-8.071726560592651367e-02
-2.088887989521026264e-02
-4.546436667442321777e-02
9.949726611375807328e-02
7.382919639348983765e-02
6.330914911814033985e-04
3.128231316804886558e-02
-4.696999117732048035e-02
4.206452891230583191e-02
4.812195524573326111e-02
8.139476180076599121e-02
6.489297747612000899e-02
3.848165506497025923e-03
-3.321927413344383240e-02
-7.675281260162591934e-03
2.632676996290684093e-02
2.347965538501739849e-02
-7.891649007797241211e-02
-1.548488624393939972e-02
3.293265588581562042e-03
8.457127958536148071e-03
-1.620941981673241009e-02
3.600086644291878440e-02
-4.806958138942719200e-02
1.055457815527915955e-01
-1.232650969177484339e-02
1.336403284221887589e-02
1.269779652357101440e-01
2.372843027114868164e-02
2.835991792380809437e-02
8.472502976655960083e-02
1.897361688315868378e-02
-2.089821100234985352e-01
3.915424272418022156e-02
-2.013520803302526474e-03
-6.563052535057067871e-02
-9.307170659303663773e-02
3.137371689081192017e-02
-1.733122579753398895e-02
2.011395990848541260e-02
8.584229648113250732e-02
5.617245286703109741e-02
-2.978106774389743805e-02
-9.849899262189863725e-02
-2.877846062183380127e-01
-8.874443359673023224e-03
2.847986854612827648e-02
3.549316897988319397e-02
-4.111955314874649048e-02
4.305787850171328458e-03
-6.510234624147415161e-02
-1.192435622215270996e-01
-4.514901340007781982e-02
-2.006276324391365051e-02
8.066450059413909912e-02
1.694410145282745361e-01
1.470301449298858365e-01
4.453572630882263184e-02
-5.611724033951758644e-02
-1.359555218368768692e-02
-2.264975570142269135e-02
-1.276688426733016968e-01
-1.102380082011222839e-02
-1.477049198001623154e-02
-6.840592622756958008e-02
-8.320800960063934326e-02
2.073663659393787384e-02
5.135711282491683960e-02
1.634026616811752597e-01
1.229305788874626298e-01
-4.342947155237197876e-02
-1.998098194599151889e-01
-8.722323924303054810e-02
4.135010764002799988e-03
-7.569142431020738082e-02
-1.010995209217071672e-01
-9.134592115879060226e-02
-1.071615070104598999e-01
-1.573562324047088623e-01
-7.203227281570434570e-02
-4.909244179725646973e-02
-1.346078217029571533e-01
-1.117636188864707947e-01
-9.449554979801177979e-02
-3.392915427684783936e-02
9.589887410402297974e-02
-1.244857162237167358e-02
1.940994523465633045e-02
2.100721932947636084e-03
-1.145351231098175049e-01
-7.385528087615968185e-02
-1.008085981011390686e-01
-7.106831669807434082e-02
-4.802939295768737793e-02
1.097336877137422735e-02
-5.794898793101311424e-02
-5.190556123852729797e-02
9.666678495705127716e-03
-2.269115857779980053e-02
-1.063452288508415222e-01
-5.892482772469521263e-02
-1.224157512187957764e-01
-7.109384518116712570e-03
-1.276044696569442749e-01
-6.786548998206853867e-03
-1.374986618757247925e-01
-1.065807510167360479e-02
1.487528160214424133e-02
-7.562211900949478149e-02
5.177237838506697915e-02
3.077750094234943737e-02
9.126643650233745575e-03
-6.792880594730377197e-02
-6.605260819196701050e-02
3.947248682379722595e-02
5.351211875677108765e-02
-2.066337130963802338e-02
-3.118313848972320990e-03
-3.032746608369052410e-04
1.320289075374603098e-02
-5.401629209518432617e-02
-3.909467905759811401e-02
7.650694344192744169e-03
-4.282562062144280174e-02
8.823923021554946899e-02
8.532018959522247314e-02
-1.809683628380298268e-02
-4.787622019648551941e-02
-3.353630891069769859e-03
-1.140848640352487738e-02
-3.761614859104157188e-02
-5.537059158086776733e-02
-2.556130662560462952e-02
3.685667738318443298e-02
6.223934888839722374e-02
4.649401456117630005e-02
-1.063973903656005998e-01
-8.805675059556961060e-02
2.835808135569096305e-02
-3.100985474884510040e-02
-6.670649349689483643e-02
3.501473367214202881e-02
8.718241006135940552e-02
9.079689159989356995e-03
6.504590809345245361e-02
5.235500633716583252e-02
1.553958803415298462e-01
-4.246860742568970594e-03
-4.526554141193628311e-03
1.141491346061229532e-02
1.186779215931892534e-01
-6.462778896093368530e-03
1.327960379421710968e-02
4.856741055846213601e-02
-7.495638728141784668e-02
-6.188830360770224831e-02
2.448622137308121074e-02
-2.772349119186401367e-02
1.240924932062625885e-03
7.874531298875808716e-02
-1.315532624721527100e-01
-1.756142824888229370e-01
2.475416474044322968e-02
1.789535628631711006e-03
-5.098675936460494995e-02
6.534283608198165894e-02
-7.320210337638854980e-02
-3.910896927118300698e-02
-4.638343676924705505e-02
-1.734663359820842743e-02
8.300306648015975952e-02
-1.689281761646270752e-01
-4.134098812937737205e-02
6.240950431674718857e-03
9.797194041311740875e-03
-7.778030633926392989e-02
-6.742860376834869385e-02
-1.270113289356231412e-01
6.560104340314865112e-02
3.489411203190684319e-03
-5.365949496626853943e-02
-4.614883661270141602e-02
-9.371928870677947998e-02
-3.999286890029906533e-02
7.313317619264126691e-03
2.892757765948772864e-03
-5.484841018915176392e-02
-8.490189164876937866e-02
-5.467951297760009766e-02
8.461837470531463623e-02
7.876518368721006913e-02
6.403996795415876908e-02
6.708250939846038818e-02
6.324549019336700439e-02
3.819366544485092163e-02
1.437534093856811523e-01
1.615099981427192688e-02
-2.245019190013408661e-02
-5.818723142147063515e-02
-2.141998521983623852e-02
-5.126914009451866150e-02
-5.565404519438743591e-02
7.507663103751838207e-04
2.649672143161296844e-02
2.950403280556201935e-02
-1.668027415871620178e-02
2.236640080809592854e-02
-4.610117897391318581e-02
5.274652969092131528e-03
-5.311648175120353699e-02
-5.210625007748603821e-02
-7.682001590728759766e-02
1.204585004597902298e-02
-5.330907180905342102e-03
-1.075033657252788370e-02
9.739121049642564254e-02
1.703655272722244540e-01
8.608365058898925781e-02
1.310149859637022018e-02
-6.693825125694274902e-03
-4.044693429023027420e-03
-1.429059077054262161e-02
-1.064796447753906250e-01
6.879886612296103564e-03
8.990691043436527252e-03
-2.794109843671321869e-02
-3.307877480983733437e-02
5.260795727372169495e-02
-2.550072968006134033e-02
-2.703404612839221954e-02
3.611829504370689392e-02
-2.224598638713359833e-02
1.247633993625640696e-02
2.421355573460460143e-03
-5.609228461980819702e-02
5.269479379057883522e-02
-1.165775507688522478e-01
-6.464564055204391479e-02
4.726641345769166946e-03
-2.234932221472263683e-02
2.859072200953960766e-02
-4.982222244143486023e-02
9.849193692207336426e-02
5.106926709413528442e-02
1.041537076234817644e-01
-1.161828264594077890e-02
-6.316217035055160522e-02
-1.558465138077735901e-02
-3.048428334295749317e-02
2.484810166060924530e-02
3.831994161009788513e-02
5.965347215533256531e-02
-8.404488861560822921e-02
1.995836012065410267e-02
-1.073829010128974776e-01
-1.108624693006277084e-02
-5.105795338749885559e-02
6.805295497179031372e-02
7.094966620206832886e-02
-2.295525930821895946e-02
-5.167430639266968467e-02
-2.133414335548877369e-02
-1.075851097702980042e-01
-4.611495137214660645e-02
-4.338347911834716797e-02
-2.082138881087303162e-02
-8.790176361799240112e-02
3.551372513175011375e-02
-6.610376387834548950e-02
-6.435125321149826050e-02
-4.624192044138909080e-02
1.038462575525045395e-02
-1.291618403047323053e-02
-2.033889852464199066e-02
7.637227326631546021e-02
-2.916801720857619892e-02
-1.313076317310333252e-01
-1.855544149875640869e-01
-7.453683018684387207e-02
-3.688611090183258057e-02
2.470702305436134338e-02
-1.378012821078300476e-02
-8.664518594741821289e-02
-1.309278309345245361e-01
-4.945488646626472473e-02
-5.462541431188584068e-02
-7.082977145910263062e-02
-4.508665204048156738e-02
-1.453447490930557251e-01
-1.184117496013641496e-01
4.906542599201202393e-03
-2.562714274972676797e-03
-8.151453733444213867e-02
-9.352774918079376221e-02
1.321680285036564047e-02
-1.467845216393470938e-02
-2.333487011492252350e-02
-2.730159275233745575e-02
-2.335407957434654236e-02
-6.953183561563491821e-03
-4.156849347054957476e-03
-7.465846836566925049e-02
-6.132566183805466392e-02
-1.301877051591873169e-01
-1.546052545309066772e-01
-9.952939301729202271e-02
2.760562114417553295e-02
-5.727392807602880997e-02
2.303844131529331207e-02
9.427803568542005366e-03
3.777865692973136902e-02
1.135858055204152887e-02
-1.146271592006087303e-03
3.012905083596706390e-02
2.676577679812908173e-02
-3.550259768962860107e-02
8.336171158589422703e-04
-7.587305456399917603e-02
-8.594124764204025269e-02
-2.610473893582820892e-02
2.772710099816322327e-02
1.792636886239051819e-02
-2.572572603821754456e-02
1.079330593347549438e-02
1.238648369908332686e-01
1.428448408842086792e-02
-3.953870385885238647e-03
-9.045473299920558929e-03
-4.550266265869140625e-02
-2.210170961916447033e-02
-9.914419613778592891e-03
2.579118683934211731e-02
2.046042680740356098e-02
4.935926571488380432e-02
3.433511406183242798e-02
4.455484449863434705e-03
8.655740879476070404e-03
-4.556223377585411072e-02
3.022828372195363045e-03
5.784389562904834747e-03
-1.240108255296945572e-02
-4.357151314616203308e-02
6.085826829075812600e-02
1.140571013092994863e-02
