4.352807998657226562e-01
4.954987764358521063e-01
5.177118778228760876e-01
5.663413405418395996e-01
5.644420385360717773e-01
8.230654001235961914e-01
7.247481942176818848e-01
6.757926344871520996e-01
5.105819106101989746e-01
4.042255580425263006e-01
3.817618787288665771e-01
2.406740784645081122e-01
2.124199122190475464e-01
1.158308237791061540e-01
1.305463314056396484e-01
7.493851333856582642e-02
-5.240378528833388588e-02
-1.043993011116981645e-01
-7.658396661281585693e-02
-1.768450438976287842e-01
-9.980592876672743363e-02
-1.166172232478857040e-02
1.189987082034349442e-02
8.941341936588287354e-02
1.890075653791427890e-01
-2.699827551841735840e-01
2.685141749680042614e-02
-5.800147727131843567e-02
-1.168093830347061296e-01
-1.544727832078933438e-01
-3.526511415839195251e-02
-6.827639043331146240e-02
-8.768333494663238525e-02
-1.282586902379989624e-01
-1.977262794971466064e-01
-2.711907923221588135e-01
-3.305986523628234863e-01
-2.009849250316619873e-01
-2.082946300506592074e-01
-1.942879855632781982e-01
-1.827103495597839633e-01
-1.142085194587707520e-01
-1.359718143939971924e-01
-9.758258610963820023e-02
-7.880765944719314575e-02
-1.564608514308929443e-01
1.400647610425949097e-01
1.298749446868896484e-02
-1.108440682291984558e-01
-1.020537242293357710e-01
-2.893207371234893799e-01
-4.044100046157836914e-01
-4.980849623680114746e-01
-6.178367733955383301e-01
-5.895516276359558105e-01
-5.086467862129211426e-01
-4.654881954193115234e-01
-4.174143075942993164e-01
-4.778159856796265204e-01
-4.935041368007659912e-01
-5.469176769256591797e-01
-6.043233871459960938e-01
-6.489652395248413086e-01
-6.516385078430175781e-01
-6.043981313705444336e-01
-5.239702463150024414e-01
-4.099520742893218994e-01
-3.091991543769836426e-01
-2.370411157608031949e-01
-2.081662714481353482e-01
-2.993651032447814941e-01
-3.523975610733032227e-01
-4.069496095180512030e-01
-4.514047205448151190e-01
-4.540067613124847967e-01
-4.135636389255524237e-01
-3.184650838375092108e-01
-2.749606668949127197e-01
-2.408349066972732544e-01
-2.436569482088088989e-01
-2.046503722667694092e-01
-1.911300122737884521e-01
-1.778345555067062378e-01
-2.279078215360640924e-01
-2.592732012271881104e-01
-1.924278736114501953e-01
-1.139807775616645813e-01
-2.730904519557953228e-02
5.654394999146461487e-02
1.204407364130020003e-01
-3.382925409823655648e-03
7.287967205047607422e-02
3.383718058466911316e-02
-1.570958085358143200e-02
-3.980990126729011536e-02
-2.699651196599007000e-02
2.273550629615784038e-02
9.037964046001434326e-02
1.493654400110244751e-01
1.046460494399070740e-01
1.108869314193725586e-01
9.759680926799774170e-02
8.350780606269836426e-02
1.385887116193771362e-01
1.142146289348602434e-01
1.674810796976089478e-01
1.540865451097488403e-01
6.625042110681533813e-02
-2.296092920005321156e-02
3.131930902600288391e-02
5.183708854019641876e-04
-3.161720186471939087e-02
-4.838183894753456116e-02
-1.201567649841308455e-01
-6.377229839563369751e-02
2.291350858286023140e-03
7.190901041030883789e-02
1.319109052419662476e-01
1.623004823923110962e-01
1.654152274131774902e-01
1.479681134223937988e-01
1.148605793714523315e-01
6.121596693992614746e-02
-1.054945518262684345e-03
1.866604015231132507e-02
-9.146791696548461914e-02
-7.526993751525878906e-02
-1.582100801169872631e-02
6.256112456321716309e-02
6.153878569602966309e-02
1.211870759725570817e-01
1.470646858215332031e-01
1.396118998527526855e-01
1.067126393318176408e-01
6.681820005178452926e-02
3.709872812032700279e-02
1.623217761516571045e-02
5.364070180803536501e-03
9.347126632928846879e-02
1.211339682340621948e-01
1.499669700860977173e-01
3.056246787309646606e-03
6.570238620042800903e-02
4.388368129730225303e-02
2.047874219715595245e-02
6.979618221521377563e-02
4.599797725677490234e-02
3.281027451157569885e-02
2.056034468114376068e-02
8.007123321294784546e-02
6.437137722969055176e-02
3.504003211855888367e-02
-6.570555269718170166e-02
-9.929357096552848816e-03
-3.288970515131950378e-02
-5.540661886334418557e-02
-7.164077460765838623e-02
-8.541754633188247681e-02
4.277392476797103882e-02
5.056196823716163635e-03
-4.939537495374680259e-02
-1.092724874615669250e-01
-1.617036759853363037e-01
-2.783674001693725586e-01
-2.862044572830200195e-01
-1.966782361268996637e-01
-1.703627109527587891e-01
-1.159518584609031538e-01
-7.973729074001312256e-02
-6.423228979110717773e-02
-7.285968959331512451e-02
-1.102206408977508406e-01
-1.537498533725738525e-01
-1.749880462884902954e-01
-1.721630245447158813e-01
-1.499711275100708008e-01
-9.820271283388137817e-02
-2.297014184296130787e-02
-1.261162944138050079e-02
7.269087433815002441e-02
-1.320608705282211304e-02
1.078517884016036987e-01
1.360433250665664673e-01
1.626114696264266968e-01
1.369451880455017090e-01
2.100512832403182983e-01
3.035808205604553223e-01
3.966234326362609863e-01
3.992697000503540039e-01
3.570934534072875977e-01
3.404584228992462158e-01
2.750031054019927979e-01
2.457468360662460605e-01
1.201526820659637451e-01
8.230659365653993087e-02
2.406302690505980890e-01
1.643327027559280396e-01
1.643857806921005249e-01
2.459201514720917026e-01
3.208080232143402100e-01
3.004229068756103516e-01
3.118028640747070312e-01
2.626686096191406250e-01
1.651009768247604370e-01
7.753507047891616821e-02
9.817906469106674194e-02
1.787976026535034180e-01
2.399008870124816895e-01
3.289153277873992920e-01
4.144236445426940918e-01
3.023364245891571045e-01
2.787646949291229248e-01
2.682763040065764826e-01
1.151838600635528564e-01
9.450225532054899735e-02
-4.339969158172608116e-02
-1.416068822145462036e-01
-1.205005794763565063e-01
-8.219679445028305054e-02
-1.533915400505065918e-01
-2.588223516941070557e-01
-3.685936033725738525e-01
-4.964162409305573065e-01
-6.267862915992736816e-01
-6.135747432708740234e-01
-7.329146265983581543e-01
-7.219009995460509144e-01
-6.778352856636047363e-01
-4.455362856388092041e-01
-2.996999621391296387e-01
-1.816325485706329346e-01
-2.259105741977691928e-01
-3.019271492958068848e-01
-4.959325492382050116e-01
-6.283543109893798828e-01
-8.394834995269775391e-01
-9.776448607444764294e-01
-9.200435876846312366e-01
-8.965530991554259144e-01
-7.778203487396240234e-01
-7.265428304672241211e-01
-8.220589756965637207e-01
-8.192136287689208984e-01
-8.334408998489379883e-01
-8.048777580261229359e-01
-7.358779311180114746e-01
-7.556951642036437988e-01
-6.069612503051757812e-01
-5.045987367630004883e-01
-4.370934367179871161e-01
-6.527467370033264160e-01
-6.592519879341125488e-01
-6.545774936676025391e-01
-5.892558097839355469e-01
-4.922322332859038752e-01
-4.351247251033782959e-01
-3.768549859523773193e-01
-4.001540541648864746e-01
-3.249779045581817627e-01
-2.600923180580139160e-01
-1.745330095291137418e-01
-1.136985793709754944e-01
-9.943305701017379761e-02
1.023044586181640625e-01
5.968165770173072815e-02
2.198279500007629117e-01
2.037745267152786532e-01
2.428712695837020874e-01
4.112605750560761053e-01
4.726120829582213800e-01
5.788397192955017090e-01
7.499895095825195312e-01
8.748453259468078613e-01
9.649294614791870117e-01
1.021939873695373535e+00
1.040114998817443848e+00
9.769843220710754395e-01
8.929784297943115234e-01
8.265780210494995117e-01
8.185515403747558594e-01
8.888668417930603027e-01
9.990053772926331677e-01
1.000427007675170898e+00
9.671797156333924450e-01
8.600039482116699219e-01
7.600977420806884766e-01
7.024728655815124512e-01
7.178432941436767578e-01
7.862505912780761719e-01
8.918348550796508789e-01
9.397931098937988281e-01
9.658420681953430176e-01
1.014718174934387207e+00
9.991723895072935901e-01
9.859554767608643688e-01
8.578423261642456055e-01
7.282336354255676270e-01
7.472583055496215820e-01
8.288853764533996582e-01
8.227139711380004883e-01
9.705250263214112438e-01
1.173016667366027832e+00
1.311561226844787598e+00
1.402805566787719505e+00
1.220705151557922363e+00
1.030458927154540794e+00
8.892144560813903809e-01
6.850366592407226562e-01
5.033015012741088867e-01
4.445218145847321112e-01
1.617585569620132446e-01
2.021480798721313199e-01
1.366790235042572021e-01
1.599571406841278076e-01
-8.793494664132595062e-03
-1.156410202383995056e-01
-1.310819983482360840e-01
-3.076436817646026611e-01
-5.931016802787780762e-01
-5.965039730072021484e-01
-6.952571868896484375e-01
-7.413107752799987793e-01
-6.854785084724426270e-01
-7.758429050445556641e-01
-7.976588606834411621e-01
-7.978315949440002441e-01
-8.344244360923767090e-01
-7.707263231277465820e-01
-7.093170285224914551e-01
-7.245604395866394043e-01
-7.639253139495849609e-01
-8.197455406188964844e-01
-7.990345358848571777e-01
-8.426637649536132812e-01
-7.792308926582336426e-01
-7.790541052818298340e-01
-7.467420697212219238e-01
-7.010161876678466797e-01
-6.560473442077636719e-01
-6.339820623397827148e-01
-6.431968808174133301e-01
-6.781254410743713379e-01
-7.264634370803833008e-01
-7.582088112831115723e-01
-8.184325695037841797e-01
-6.478241682052612305e-01
-6.095434427261352539e-01
-4.574959278106690008e-01
-4.290198087692260742e-01
-4.611803889274597168e-01
-4.597029089927672785e-01
-5.270579457283020020e-01
-4.609913229942321777e-01
-3.459960520267486572e-01
-2.726405262947082520e-01
-1.894988864660263062e-01
-5.666032433509827354e-02
-7.550044357776641846e-02
-8.388679474592208862e-02
-1.414627879858016968e-01
-2.216401547193527222e-01
-2.950001955032349188e-01
-2.595561146736145020e-01
-2.556015551090240479e-01
-1.965385973453521451e-01
-1.251505166292190552e-01
-1.803999990224838534e-01
-2.564364075660705566e-01
-3.425168693065643311e-01
-5.298902988433837891e-01
-6.493504643440246582e-01
-6.440050601959228516e-01
-6.355710029602050781e-01
-6.653652191162109375e-01
-5.822574496269226074e-01
-3.209293484687805176e-01
-2.579923272132872980e-01
-9.156152606010435624e-02
-1.638542674481868744e-02
5.789049342274666526e-02
1.039238553494215012e-02
1.425065379589795893e-02
-1.092105731368064742e-01
-1.899204775691032410e-02
-3.009068034589290619e-02
1.362977772951126099e-01
2.374015897512435913e-01
2.994117140769958496e-01
3.653192818164825439e-01
3.332701921463013250e-01
2.256864905357361117e-01
8.151941746473312378e-02
-4.260794445872306824e-02
-2.733333408832550049e-02
1.128016859292984009e-01
1.842328906059265137e-01
2.963036894798278809e-01
4.549252092838287909e-01
5.516393184661865234e-01
6.081386208534240723e-01
4.707098901271820068e-01
3.082008361816406250e-01
1.702060699462890625e-01
4.185228422284126282e-02
-5.918226391077040932e-02
-9.552968665957450867e-03
1.682442724704742432e-01
4.060967862606049139e-01
4.261433184146881104e-01
6.161878108978271484e-01
6.586084961891174316e-01
4.648602008819579523e-01
2.304002791643142978e-01
8.269154280424118042e-02
-1.139193177223205566e-01
-2.649559080600738525e-01
-2.526499629020690918e-01
-6.380371004343032837e-02
2.739736139774322510e-01
3.679924607276917059e-01
6.191759109497070312e-01
6.887500286102294922e-01
6.228789687156677246e-01
4.162701368331909180e-01
1.623795926570892612e-01
1.866039121523499706e-03
-2.123469952493906021e-03
-8.596103638410566850e-02
-5.972950905561447837e-02
-5.062391236424446106e-02
4.579183086752891541e-02
-6.260664761066438155e-02
-1.220707744359969954e-01
-2.082474380731582364e-01
-3.301059007644652765e-01
-5.453351140022277832e-01
-5.139281749725341797e-01
-6.296829581260681152e-01
-5.087829828262329102e-01
-4.467467069625855047e-01
-3.136754930019379217e-01
-4.188379943370819092e-01
-6.150925159454345703e-01
-7.046889066696166992e-01
-6.733124256134033203e-01
-7.127550840377807617e-01
-6.815502047538757324e-01
-6.344367861747741699e-01
-5.067596435546875000e-01
-2.560391128063201904e-01
-4.132448732852935791e-01
-4.948967695236206055e-02
5.344960466027259827e-02
-6.894994527101517591e-03
1.534897089004516602e-01
1.435779780149459839e-01
2.362208515405654907e-01
3.667506277561187744e-01
4.418881237506866455e-01
6.383365392684936523e-01
6.501057744026184082e-01
6.872144937515258789e-01
7.663521170616149902e-01
1.064382195472717285e+00
9.618479013442992054e-01
1.016569375991821289e+00
1.016607403755187988e+00
9.884652495384216309e-01
9.587193727493286133e-01
9.509057998657227673e-01
9.536759853363035999e-01
9.539682269096375622e-01
9.698721766471863903e-01
9.662708640098571777e-01
1.007115960121154785e+00
1.049129843711853027e+00
1.124372005462646484e+00
1.105714559555053711e+00
1.002264618873596191e+00
8.665528297424316406e-01
7.702777385711669922e-01
8.252230286598205566e-01
8.986788988113403320e-01
1.052363157272338867e+00
1.070211529731750488e+00
1.203329801559448242e+00
1.251716971397399902e+00
1.205779671669006348e+00
1.056569218635559082e+00
9.563291072845460095e-01
7.336515784263610840e-01
4.949389696121215820e-01
4.666115641593933105e-01
4.910039603710175116e-01
5.680558085441589355e-01
6.594690680503845215e-01
6.967419981956481934e-01
6.795068979263305664e-01
6.355512142181396484e-01
6.146157383918762207e-01
6.407013535499572754e-01
7.172546386718750000e-01
8.726791143417358398e-01
8.676161170005798340e-01
8.177917003631591797e-01
6.625515818595886230e-01
4.022017121315001331e-01
2.823495864868164062e-01
3.882072269916534424e-01
4.531947672367095947e-01
5.749736428260803223e-01
6.096218228340148926e-01
6.524283289909362793e-01
5.399585366249084473e-01
3.422822952270507812e-01
1.396754682064056396e-01
-3.940770030021668174e-02
-1.536213159561157227e-01
-3.110356628894805908e-01
-4.572359025478363037e-01
-5.351793169975280762e-01
-5.532094240188598633e-01
-6.241113543510437012e-01
-6.370620727539062500e-01
-6.116632819175720215e-01
-7.269315123558044434e-01
-7.907944917678833008e-01
-7.499560713768005371e-01
-7.322262525558471680e-01
-8.479768633842468262e-01
-8.820934891700744629e-01
-1.044433355331420898e+00
-1.176421284675597922e+00
-1.280993342399597168e+00
-1.104824900627136230e+00
-1.066656708717346191e+00
-8.968467116355895996e-01
-7.372192740440368652e-01
-7.532856464385986328e-01
-5.767688751220703125e-01
-5.451021790504455566e-01
-5.558892488479614258e-01
-5.722760558128356934e-01
-4.305437505245208740e-01
-4.435066878795623779e-01
-4.320750236511231024e-01
-4.354791343212128241e-01
-3.420505523681641180e-01
-8.426272869110107422e-02
-2.167381579056382179e-03
8.648153394460678101e-02
2.871369123458862305e-01
3.320398330688477118e-01
1.510963737964630127e-01
1.703066676855087280e-01
-5.105030164122582176e-02
-2.686485946178436279e-01
-3.127032518386840820e-01
-3.518448770046234131e-01
-3.214598596096038818e-01
-3.220376670360565186e-01
-3.151728212833404541e-01
-3.149023652076721191e-01
-3.236823976039886475e-01
-2.869499027729034424e-01
-3.660804629325866699e-01
-3.094693422317504883e-01
-3.635777533054351807e-01
-4.998866915702820379e-01
-6.275915503501892090e-01
-6.353430151939392090e-01
-4.973746538162232000e-01
-4.614582657814025879e-01
-3.801220655441284180e-01
-2.596218287944793701e-01
-2.107463032007217130e-01
-1.334171295166015625e-01
-1.497661024332046509e-01
-2.490057349205017090e-01
-3.015104532241820734e-01
-2.620073258876800537e-01
-3.144372999668120783e-01
-2.523517012596130371e-01
-1.635374128818511963e-01
6.328100711107254028e-02
1.284556388854980469e-01
3.020828366279602051e-01
3.073183298110961914e-01
2.928849160671234131e-01
2.140315473079681119e-01
2.645508050918579102e-01
2.352899461984634399e-01
2.111375033855438510e-01
1.095021367073059221e-01
1.657673418521881104e-01
3.747655823826789856e-02
4.903018474578857422e-02
-4.828399047255516052e-02
-1.612406969070434570e-01
-2.793572545051575262e-01
-4.057801365852355957e-01
-5.747261047363281250e-01
-5.374156236648560681e-01
-5.168464779853820801e-01
-4.738439321517943781e-01
-3.241140842437744141e-01
-1.360326707363128662e-01
-6.743927299976348877e-02
-8.801203221082687378e-02
-5.873197317123412392e-02
-1.375123560428619385e-01
-1.539044529199600220e-01
-2.308076433837413788e-02
7.808320224285125732e-02
1.316009759902954102e-01
8.858140558004379272e-02
-7.326716184616088867e-02
-9.914764761924743652e-02
-3.262122273445128839e-01
-4.936007261276245117e-01
-4.208866059780120850e-01
-4.270945191383361816e-01
-2.964575290679932196e-01
-1.711659580469131470e-01
-1.412655785679817200e-02
2.066077291965484619e-02
4.224693775177001953e-02
-4.379471391439437866e-02
-9.440428018569946289e-02
-4.000454843044281006e-01
-5.425820946693420410e-01
-5.559381246566772461e-01
-6.940979361534118652e-01
-5.864162445068359375e-01
-4.845055341720581055e-01
-1.850491911172866821e-01
1.561205536127090454e-01
1.640560626983642578e-01
2.753515839576721191e-01
9.813523292541503906e-02
6.727434694766997424e-03
-1.541501283645630160e-01
-3.182463049888610840e-01
-4.355371892452239990e-01
-5.610045194625854492e-01
-5.514375567436218262e-01
-4.175823628902434748e-01
-4.442108869552611750e-01
-4.815506637096405029e-01
-5.412686467170715332e-01
-8.147640824317932129e-01
-1.015542626380920410e+00
-1.155320286750793679e+00
-1.104965806007385254e+00
-1.052250504493713379e+00
-1.052122235298156738e+00
-9.349836707115172230e-01
-9.023158550262452282e-01
-9.051945805549621582e-01
-1.116702318191528320e+00
-1.440647006034850852e+00
-1.441750884056091309e+00
-1.672901630401611106e+00
-1.796170592308044434e+00
-1.838394165039062500e+00
-2.024773120880126953e+00
-1.964975118637084961e+00
-1.633330106735229492e+00
-1.364668130874633789e+00
-1.088995933532714844e+00
-8.397535085678100586e-01
-9.812459349632264294e-01
-1.007332921028137207e+00
-1.405931234359741211e+00
-1.674035787582397683e+00
-1.770783662796020508e+00
-1.659489631652831809e+00
-1.411805748939514160e+00
-1.383265256881714089e+00
-1.123644471168518066e+00
-1.070398092269897683e+00
-9.092273712158204235e-01
-6.022832989692687988e-01
-3.956865668296813965e-01
-1.786352843046188632e-01
1.232846006751060486e-01
3.656295537948607843e-01
3.705674409866333008e-01
3.279426693916320801e-01
1.661240607500076572e-01
-1.295106392353773117e-02
-2.176814377307892123e-01
-1.209104806184768816e-01
-5.082612112164497375e-02
2.920946776866912842e-01
4.445731341838837225e-01
6.937026977539062500e-01
8.660987615585327148e-01
9.380751252174376331e-01
9.026862978935241699e-01
9.065557122230529785e-01
7.438842058181762695e-01
8.471839427947998047e-01
8.013310432434082031e-01
8.743351101875305176e-01
9.134774804115296520e-01
8.960057497024536133e-01
6.848481297492980957e-01
4.702475666999816895e-01
3.164288401603698730e-01
1.235194131731987000e-01
1.247910559177398682e-01
4.356003552675247192e-02
1.338846087455749512e-01
9.465762972831726074e-02
6.283566355705261230e-02
1.564217954874038696e-01
5.284670740365982056e-02
8.244366385042667389e-03
-1.738635636866092682e-02
7.201669365167617798e-02
2.075740098953247070e-01
1.804450303316116611e-01
4.044038355350494385e-01
5.205166339874267578e-01
3.873502910137177069e-01
5.627532601356506348e-01
5.119183063507078968e-01
5.207494497299194336e-01
5.147204995155334473e-01
3.839042782783507746e-01
2.426231652498244962e-01
3.659413009881973267e-02
-1.851032823324203491e-01
-2.580397427082061768e-01
-3.122176826000213623e-01
-2.953366339206696112e-01
-1.891050487756729126e-01
1.161187440156936507e-01
3.097578585147857666e-01
3.064576685428619385e-01
3.222193419933319092e-01
1.952622979879379550e-01
1.721118763089179993e-02
-1.028865277767181396e-01
-1.622150540351867398e-01
-9.437484294176103072e-02
1.310917828232049942e-02
2.293803095817565918e-01
2.968820929527283270e-01
6.136539578437805176e-01
5.360028147697448730e-01
7.613003849983215332e-01
1.166541814804077148e+00
1.163425922393798828e+00
1.393741726875305176e+00
1.588675022125243919e+00
1.532794356346130371e+00
1.744487047195434570e+00
1.896745324134826882e+00
1.886546611785888894e+00
1.939649581909179910e+00
1.966088891029358132e+00
2.009603738784790039e+00
1.888824701309204102e+00
1.784135222434997559e+00
1.703521490097045898e+00
1.707192301750183105e+00
1.590997338294983132e+00
1.575468063354492188e+00
1.509934902191161887e+00
1.450412273406982422e+00
1.380820631980895996e+00
1.426733374595641868e+00
1.461280345916748047e+00
1.369216322898864746e+00
1.242904186248779297e+00
1.232884883880615234e+00
1.041861295700073242e+00
1.043200969696045144e+00
8.903169631958007812e-01
8.911285400390625000e-01
7.890837192535400391e-01
6.882191300392150879e-01
6.918256878852844238e-01
6.444339156150817871e-01
6.264306306838989258e-01
6.193450093269348145e-01
6.217421889305114746e-01
6.646678447723388672e-01
5.079663991928100586e-01
4.387737512588500977e-01
3.177386522293090820e-01
3.910484537482261658e-02
3.238925710320473411e-02
-2.060977928340435028e-02
-1.610033661127090454e-01
-1.852293908596038818e-01
-2.957818508148192804e-01
-2.947286069393157959e-01
-1.714984923601150513e-01
-1.767297685146331787e-01
-1.492148786783218384e-01
-5.179955437779426575e-02
-7.805562764406204224e-02
-1.443641632795333862e-01
-1.787310689687728882e-01
-3.380919992923737127e-01
-3.769911825656890869e-01
-4.152185022830963135e-01
-5.953789949417114258e-01
-5.073010921478271484e-01
-5.376225113868713379e-01
-6.025428175926208496e-01
-6.468114256858825684e-01
-6.079077720642089844e-01
-5.822691917419433594e-01
-6.013852357864379883e-01
-7.063277959823608398e-01
-9.439184069633483887e-01
-9.538210034370422363e-01
-1.065603256225585938e+00
-1.131202936172485352e+00
-1.078321218490600586e+00
-9.243204593658448376e-01
-7.546512484550476074e-01
-7.308477163314819336e-01
-7.880014181137084961e-01
-8.977230787277221680e-01
-1.116696238517761230e+00
-1.148660659790039062e+00
-1.199038386344909668e+00
-1.198287129402160645e+00
-1.257400631904602051e+00
-1.318280577659606934e+00
-1.345579624176025391e+00
-1.312026143074035645e+00
-1.163121104240417703e+00
-9.632449746131895862e-01
-9.220165610313415527e-01
-5.716146230697631836e-01
-3.635735809803009033e-01
-3.969421386718750000e-01
-3.123585283756256104e-01
-3.395084440708160400e-01
-4.489376842975617010e-01
-5.693755149841308594e-01
-6.491072773933410645e-01
-5.927516818046569824e-01
-4.922802448272705078e-01
-2.077155858278274536e-01
-2.193638086318969449e-01
-3.451158758252859116e-03
1.323603540658950806e-01
2.685608565807342529e-01
4.237805008888245184e-01
4.142279326915740967e-01
4.256275594234466553e-01
5.208327770233154297e-01
5.849953889846801758e-01
5.494911670684814453e-01
7.702780365943908691e-01
8.144900798797607422e-01
9.865430593490599476e-01
1.031721949577331543e+00
1.063250422477722168e+00
1.024893045425415039e+00
9.954490065574645996e-01
9.997461438179016113e-01
8.937245607376098633e-01
7.885921001434326172e-01
8.541972041130065918e-01
8.003860116004943848e-01
7.854693531990051270e-01
8.058857917785644531e-01
8.420584797859191895e-01
8.760313987731933594e-01
8.790011405944824219e-01
8.519723415374755859e-01
7.982266545295715332e-01
7.841421365737915039e-01
6.764416098594665527e-01
6.217371225357055664e-01
6.439918279647827148e-01
5.678893327713012695e-01
5.651283264160156250e-01
4.073845148086547852e-01
4.154134988784790039e-01
2.964579761028289795e-01
2.707959711551666260e-01
1.626100987195968628e-01
2.176080644130706787e-01
8.459374308586120605e-02
1.054686903953552246e-01
-2.722292207181453705e-02
-6.426664441823959351e-02
-1.809039264917373380e-01
-1.251367628574371338e-01
-2.089273184537888128e-01
-2.042470276355743408e-01
-1.923234462738037109e-01
-2.299724370241164884e-01
-2.722251117229461670e-01
-3.383445143699645996e-01
-3.535186350345612127e-01
-4.468891024589538574e-01
-3.713148236274719238e-01
-5.032991170883178711e-01
-3.771262764930725098e-01
-4.089205563068389893e-01
-4.127610027790069580e-01
-3.183862268924713135e-01
-2.842450439929962158e-01
-3.105989098548889160e-01
-2.749602794647216797e-01
-2.801222205162048340e-01
-3.166972994804382324e-01
-2.796521186828612726e-01
-3.097568750381469727e-01
-3.071164786815643311e-01
-1.138246059417724471e-01
-9.421108663082124191e-02
-7.611515372991561890e-02
-1.793765723705291470e-01
-2.316705584526062012e-01
-1.379503458738327026e-01
-2.290944606065750122e-01
-3.226915299892424982e-01
-3.891717195510864258e-01
-3.335301280021667480e-01
-3.168520033359528143e-01
-3.459895253181456964e-01
-2.689680755138397217e-01
-1.729780733585357388e-01
-7.071390002965927124e-02
-4.980847984552383423e-02
-1.276996359229087830e-02
2.572499029338359833e-02
1.813516765832901001e-02
5.283857509493827820e-02
5.874780006706714630e-03
-1.040628105401992798e-01
-1.118996143341064314e-01
-9.849101305007935958e-02
-7.904257625341415405e-02
-4.645040631294250488e-02
8.996907621622085571e-02
9.203892201185226440e-02
1.630763411521911621e-01
1.852847635746002475e-01
1.589438617229461392e-01
1.186634302139282227e-01
8.065639436244964600e-02
8.411077409982681274e-02
1.683620661497116089e-01
2.550837397575378418e-01
2.311501502990722934e-01
2.207600772380828857e-01
6.363502144813537598e-02
2.779473364353179932e-02
-1.589570939540863037e-01
-1.414450556039810181e-01
-2.079041898250580112e-01
-1.506664305925369263e-01
-1.543425172567367554e-01
-1.632113009691238403e-01
-2.378665506839751920e-01
-2.823681235313415527e-01
-4.259132444858551025e-01
-4.023921787738800049e-01
-4.694346487522125244e-01
-3.650075793266295832e-01
-2.645212113857268732e-01
-1.914408653974533081e-01
-1.363171339035034180e-01
-7.101697474718093872e-02
-1.036813557147979598e-01
-2.167416363954544067e-01
-2.775153219699860174e-01
-3.861339688301086426e-01
-4.421299397945404053e-01
-3.822259604930877686e-01
-4.304033219814301092e-01
-2.880342006683349609e-01
-2.680687904357910156e-01
-1.934707909822463989e-01
-3.057198226451873779e-01
-3.038183450698852539e-01
-2.638145089149475098e-01
-3.839561343193054199e-01
-4.651041030883789062e-01
-4.994249045848845880e-01
-4.905239939689636230e-01
-4.014279246330261230e-01
-3.961348235607147217e-01
-3.947905004024505615e-01
-4.009878337383270264e-01
-3.588814139366149902e-01
-4.175862371921538752e-01
-4.664760828018189032e-01
-5.059874057769775391e-01
-4.554958343505858820e-01
-4.552189707756041925e-01
-4.016574025154113770e-01
-3.238573968410491943e-01
-2.216932922601700107e-01
-1.615839451551437378e-01
-3.099638521671295166e-01
-3.518661260604858398e-01
-4.077707827091217041e-01
-2.938841283321381170e-01
-2.995894253253936768e-01
-2.428349852561950961e-01
-3.842933773994445801e-01
-2.775237560272216797e-01
-2.356518059968948364e-01
-2.466459870338439941e-01
-2.780152857303619385e-01
-3.316307365894317627e-01
-3.727095723152161200e-01
-3.150038123130798340e-01
-2.885110974311829168e-01
-2.598200738430023193e-01
-2.275809794664382935e-01
-2.110964059829711914e-01
-1.402708142995834628e-01
-5.738034099340438843e-02
-3.743372112512588501e-02
2.645208500325680126e-02
-1.212894823402166367e-02
-9.826102852821350098e-02
-1.735832840204238892e-01
-2.196808010339736938e-01
-2.210444808006286621e-01
-2.055339813232421875e-01
-1.951732635498046875e-01
-2.407977730035781583e-01
-3.276428580284119207e-01
-2.496777623891830444e-01
-2.022752463817596436e-01
-3.098816610872745167e-02
7.183505594730377197e-02
4.770137893501669168e-04
1.213268861174583435e-01
1.378257274627685547e-01
-3.129294514656066895e-02
7.687469944357872009e-03
9.330999106168746948e-02
2.643191814422607422e-01
5.077354311943054199e-01
4.051169455051422119e-01
5.085079669952392578e-01
4.909191131591796875e-01
3.939703404903411865e-01
2.277737706899642944e-01
1.135768368840217452e-01
1.391959637403488159e-01
2.859613001346588135e-01
3.565994501113892157e-01
5.313758850097656250e-01
4.961369633674622137e-01
6.136987805366516113e-01
6.134507656097412109e-01
5.754603743553161621e-01
6.630909442901611328e-01
6.900122761726379395e-01
7.109457850456237793e-01
6.486420035362243652e-01
5.524043440818786621e-01
5.221862792968750000e-01
5.847506523132324219e-01
6.944556832313537598e-01
7.103314995765686035e-01
7.471026778221129261e-01
6.394931674003601074e-01
5.458686947822570801e-01
4.754679501056671143e-01
4.354240596294403076e-01
5.842472314834594727e-01
5.395259857177734375e-01
5.441209077835083008e-01
4.075094163417816162e-01
4.586948752403259277e-01
4.153730273246765137e-01
5.067501664161682129e-01
5.892997980117797852e-01
5.390092730522155762e-01
4.901982247829437256e-01
3.330049216747283936e-01
2.805212438106536865e-01
3.454855084419250488e-01
3.785426616668701172e-01
3.783597052097321112e-01
3.537698984146118164e-01
2.911899983882904053e-01
1.632013916969299316e-01
2.355777472257614136e-01
3.285068273544311523e-01
2.996963262557983398e-01
3.154810070991516113e-01
3.190095126628875732e-01
3.547026813030242920e-01
2.545616328716278076e-01
1.861368268728255948e-01
2.053510099649429321e-01
9.528435766696929932e-03
-1.822580993175506592e-01
-5.291368439793586731e-02
6.204977631568909559e-03
8.963932283222675323e-03
2.559135481715202332e-02
8.341690897941589355e-02
2.368803173303604126e-01
4.043338894844055176e-01
5.671463012695312500e-01
4.673331379890441895e-01
3.376194536685944159e-01
1.187500879168510437e-01
1.424238085746765137e-01
3.572107478976249695e-02
1.542716473340988159e-01
3.859244883060454767e-01
3.161340653896331787e-01
5.209841132164001465e-01
5.746067762374877930e-01
6.151473522186279297e-01
5.721606016159057617e-01
6.201926469802856445e-01
6.141166090965270996e-01
5.165114402770996094e-01
4.054624736309052069e-01
4.980391263961791992e-01
8.086723089218140759e-01
9.419501423835754395e-01
7.278154492378234863e-01
4.386789202690125067e-01
2.574288845062255859e-01
7.067679613828659058e-02
1.677775979042053223e-01
2.206045985221862793e-01
5.422296747565269470e-02
6.723421812057495117e-02
1.037607155740260904e-02
5.988479405641556480e-02
7.371834665536880493e-02
-1.366458088159561157e-01
-3.579013943672179621e-01
-4.396969377994537354e-01
-3.160128295421600342e-01
-1.687742620706558228e-01
-2.519863247871398926e-01
-4.607437849044799805e-01
-6.198860406875610352e-01
-5.822947025299072266e-01
-3.500749468803405762e-01
5.718024075031281211e-02
2.197387963533401212e-01
6.938658952713012695e-01
5.744616389274597168e-01
1.153309736400842840e-02
-4.668134748935700018e-01
-6.314774155616760254e-01
-9.378008246421813965e-01
-6.662091016769409180e-01
-3.973424136638641357e-01
1.067408844828605652e-01
2.543810904026031494e-01
2.159727811813354492e-01
-4.715587198734283447e-02
-2.365526705980300903e-01
-4.750578403472900946e-01
-5.030547976493835449e-01
-5.530669689178466797e-01
-3.526651263236999512e-01
-1.475386619567871094e-01
-9.902459383010864258e-02
3.769875317811965942e-02
-5.315095931291580200e-02
-2.202064543962478638e-01
-2.674325704574584961e-01
-3.210902214050292969e-01
-2.636059820652008057e-01
3.362129256129264832e-02
2.333902120590210238e-01
1.328204870223999023e-01
-8.875819295644760132e-02
-3.376249372959136963e-01
-4.106195569038391113e-01
-3.317399919033050537e-01
-6.985830515623092651e-02
3.072012662887573242e-01
5.668120384216308594e-01
7.818412780761718750e-01
6.653425693511962891e-01
4.823758006095886230e-01
2.460028529167175571e-01
9.794196113944055385e-03
1.438278704881668091e-01
3.542563915252684992e-01
5.914018750190734863e-01
6.406796574592590332e-01
3.158068358898162842e-01
-1.507339030504226685e-01
-2.563780248165130615e-01
-2.461231052875519076e-01
2.251919731497764587e-02
3.001419603824615479e-01
6.246116161346435547e-01
6.620872020721435547e-01
5.417820811271667480e-01
2.752865254878997803e-01
-1.046990826725959778e-01
-3.735373020172119141e-01
-6.687280535697937012e-01
-6.260042190551757812e-01
-4.755757451057434082e-01
-2.108868397772311817e-02
1.374642699956893921e-01
1.124415174126625061e-01
-1.415213644504547119e-01
-6.139466166496276855e-01
-7.492891550064086914e-01
-8.930817842483520508e-01
-3.380642533302307129e-01
-1.323835253715515137e-01
3.173672854900360107e-01
2.446953505277633389e-01
2.483111619949341098e-01
1.861236095428466797e-01
8.510474115610122681e-02
8.693218231201171875e-03
1.365385353565216064e-01
1.833771914243698120e-01
1.520040929317474365e-01
1.401190757751464844e-01
2.439604401588439941e-01
2.137807756662368774e-01
3.142103552818298340e-01
3.554876744747161865e-01
3.720349073410034180e-01
3.262556195259094238e-01
2.507309317588806152e-01
2.120818793773651123e-01
2.431061565876007080e-01
4.508715867996215820e-01
3.775301277637481689e-01
3.023473918437957764e-01
1.421830803155899048e-01
-8.078642189502716064e-03
5.849664658308028481e-02
2.026347666978836060e-01
4.304260313510894775e-01
4.749315083026885986e-01
4.482034444808959961e-01
3.366996943950653076e-01
2.565524876117706299e-01
1.440188288688659390e-01
5.702105816453695297e-03
-1.644316166639328003e-01
-2.870973646640777588e-01
-3.268114328384399414e-01
-9.304827451705932617e-02
4.066831171512603760e-01
6.673452854156494141e-01
6.737022399902343750e-01
2.944120764732360840e-01
-1.097081601619720320e-01
-4.118881821632385254e-01
-5.203619599342346191e-01
-5.229489207267761230e-01
-4.293338358402252197e-01
-3.580079972743988037e-01
-3.417857289314270020e-01
-3.808224201202393133e-01
-5.034294724464416504e-01
-6.563318967819213867e-01
-7.940815687179565430e-01
-7.294857501983642578e-01
-6.350969672203063965e-01
-5.288214087486267090e-01
-4.509288072586060125e-01
-5.607619881629943848e-01
-9.264262318611143909e-01
-1.052057266235351562e+00
-1.277376174926757812e+00
-1.362603068351745605e+00
-1.082023620605468750e+00
-8.069033622741699219e-01
-5.931965708732604980e-01
-7.575615048408508301e-01
-5.789821743965148926e-01
-4.539873301982880194e-01
-5.310845375061035156e-01
-7.011249661445617676e-01
-9.184469580650329590e-01
-9.791650772094727673e-01
-9.185631871223449707e-01
-8.454366922378540039e-01
-7.631082534790039062e-01
-3.929165303707122803e-01
-5.498881936073303223e-01
-4.881464838981628973e-01
-6.243429183959960938e-01
-7.303831577301025391e-01
-6.267338395118713379e-01
-4.189380109310150146e-01
3.239420801401138306e-02
2.735924422740936279e-01
2.231308668851852417e-01
3.951785266399384100e-01
3.828016519546508789e-01
3.047280609607696533e-01
4.034943282604217529e-01
3.647882044315338135e-01
3.255206048488616943e-01
2.714832723140717108e-01
3.110668659210205078e-01
4.362950921058654785e-01
5.105391144752502441e-01
6.171031594276428223e-01
6.235793232917785645e-01
5.235772132873535156e-01
3.765994310379027765e-01
2.530403733253479004e-01
2.396230101585387906e-01
2.167462110519408625e-01
1.975732743740081510e-01
3.325512707233428955e-01
4.316115975379943848e-01
4.863965213298798163e-01
4.406749606132506769e-01
3.747175037860870361e-01
2.274823486804962436e-01
3.226941451430321434e-02
-1.267702430486679077e-01
-1.535184830427169800e-01
-7.667449116706848145e-02
-2.893382683396339417e-02
7.505914568901062012e-02
8.735680580139160156e-02
9.945189580321311951e-03
-1.168814450502395491e-01
-1.961675882339477262e-01
-2.288540899753570557e-01
-1.933371871709823886e-01
-2.200042307376861572e-01
-2.667341232299805243e-01
-3.112834393978118896e-01
-4.275540709495543878e-01
-5.594270229339599609e-01
-7.170190811157226562e-01
-6.523284316062927246e-01
-6.398710012435913086e-01
-5.211162567138671875e-01
-4.483347535133361816e-01
-6.132348775863647461e-01
-6.747732162475585938e-01
-6.675047874450683594e-01
-7.093414664268493652e-01
-7.307608127593994141e-01
-7.013121247291564941e-01
-6.319158077239990234e-01
-4.169535040855408270e-01
-4.045516550540924072e-01
-3.919796645641326904e-01
-3.800973594188689630e-01
-3.960194587707520086e-01
-3.507261574268341064e-01
-3.154957890510559082e-01
-2.476807385683059970e-01
-1.938877701759338379e-01
-1.040651947259902954e-01
-1.763776391744613370e-01
-6.523268669843673706e-02
4.432981088757514954e-02
1.397255212068557462e-01
6.953624635934829712e-02
7.411023974418640137e-02
9.426282346248628097e-02
1.956221163272857388e-01
1.421914547681808472e-01
2.658093869686127264e-01
3.997703492641448975e-01
4.598673284053801935e-01
5.097492337226867676e-01
5.935066342353820801e-01
5.633754730224609375e-01
4.893695712089538019e-01
4.828814268112183172e-01
5.035877823829650879e-01
3.755642175674439032e-01
4.244166314601898193e-01
4.996915459632874090e-01
5.763028264045715332e-01
6.361738443374633789e-01
6.007172465324401855e-01
6.150137782096862793e-01
5.143409371376037598e-01
4.764059484004973810e-01
4.468238353729248047e-01
4.612120687961577814e-01
3.551582098007202148e-01
5.049979686737059437e-01
5.023733377456665039e-01
5.689743757247924805e-01
6.022896170616149902e-01
5.242630243301391602e-01
4.863772094249724787e-01
4.205221533775329590e-01
3.370710611343383789e-01
2.847565710544586182e-01
3.118199408054351807e-01
3.965819478034973145e-01
4.869633913040161133e-01
4.697035551071166992e-01
4.906060695648193914e-01
4.613719880580902100e-01
3.777474462985991877e-01
2.980317771434783936e-01
2.354331910610198975e-01
2.137231826782226562e-01
1.554279178380966187e-01
2.125270217657088678e-01
2.650655806064605713e-01
3.094217777252197266e-01
3.330459892749786377e-01
3.374210894107818604e-01
3.206413090229034424e-01
2.725468575954437256e-01
2.919246256351470947e-01
2.329006642103194913e-01
1.928430050611495972e-01
1.664150357246398926e-01
1.623279005289077759e-01
1.593667268753051758e-01
1.695134788751602173e-01
1.921434253454208374e-01
2.090992778539657593e-01
1.936913281679153165e-01
1.771282106637954712e-01
7.739437371492385864e-02
4.248734563589096069e-02
-1.638218527659773827e-03
-2.214466780424118042e-02
-6.638474296778440475e-03
5.877265334129333496e-02
1.432299613952636719e-01
2.294944822788238525e-01
1.936452239751816073e-01
1.813085228204727173e-01
4.989646375179291465e-02
-7.489759009331465635e-03
3.861756622791290283e-02
4.860250651836395264e-02
8.897250890731812911e-02
6.511860340833663940e-02
1.364240348339080811e-01
1.050333604216575623e-01
1.248217672109604021e-01
1.292183399200439453e-01
1.279076188802719116e-01
1.410831063985824585e-01
5.773013085126877525e-02
6.106410920619965293e-02
7.326769828796388107e-02
9.814849495887756348e-02
1.139770969748497009e-01
8.739497512578964233e-02
1.578327864408493042e-01
1.822188347578048706e-01
2.072827219963073453e-01
1.219066902995109558e-01
1.290000379085540771e-01
1.585713028907775879e-01
1.944810897111892700e-01
2.661854922771453857e-01
2.251872420310974121e-01
2.422442287206649503e-01
2.216300666332244873e-01
1.751037240028381348e-01
2.940431237220764160e-01
3.671696484088897705e-01
3.626239597797393799e-01
3.705986738204956055e-01
3.366792201995849609e-01
3.568789958953856867e-01
3.568574786186218262e-01
5.170618295669555664e-01
5.639191269874572754e-01
5.638873577117919922e-01
7.142192125320434570e-01
7.143855690956115723e-01
7.667716741561890759e-01
7.425543069839477539e-01
7.161208987236022949e-01
5.342124700546264648e-01
4.449751675128936768e-01
4.363431632518767755e-01
4.095986485481262207e-01
3.905694782733917236e-01
4.356344640254974365e-01
4.558997750282288153e-01
4.483665823936462402e-01
5.401800870895385742e-01
5.862686634063720703e-01
6.815925240516662598e-01
7.709136009216308594e-01
7.758605480194091797e-01
6.712134480476379395e-01
5.683279633522033691e-01
3.767060041427611750e-01
2.765636146068572998e-01
1.462040096521377563e-01
1.733558028936386108e-01
1.696406304836273193e-01
3.608075976371765137e-01
2.241162061691283902e-01
2.261834889650345126e-01
2.121222913265228549e-01
2.113259285688400546e-01
2.241539359092712402e-01
2.363840490579605103e-01
3.345438241958618164e-01
5.300124883651733398e-01
8.162158727645874023e-01
9.886026978492735706e-01
1.132725119590759277e+00
1.254156589508056641e+00
1.219455122947692871e+00
1.241406559944152832e+00
1.384802699089050293e+00
1.456198096275329590e+00
1.634183406829833984e+00
1.661564826965331809e+00
1.708950400352478027e+00
1.631492018699645996e+00
1.452357649803161621e+00
1.023271679878234863e+00
1.007694721221923828e+00
7.443426251411437988e-01
7.106412053108215332e-01
3.463751971721649170e-01
1.517113298177719116e-01
1.474525630474090576e-01
5.070700310170649615e-03
3.530878946185112000e-02
-1.304052025079727173e-01
-4.044659137725829523e-01
-3.487189114093780518e-01
-5.408197641372680664e-01
-6.996336579322814941e-01
-7.539292573928833008e-01
-9.752935171127320446e-01
-1.205532312393188477e+00
-1.111407637596130371e+00
-1.300065279006958008e+00
-1.323101520538330078e+00
-1.306621074676513672e+00
-1.442124724388122559e+00
-1.552434802055358887e+00
-1.324852347373962402e+00
-1.429363846778869629e+00
-1.457000970840454102e+00
-1.522127628326416016e+00
-1.597720861434936301e+00
-1.583348155021667703e+00
-1.698902726173400879e+00
-1.682559728622436301e+00
-1.711335062980652078e+00
-1.695573925971984863e+00
-1.640500307083130105e+00
-1.648300170898437500e+00
-1.496569752693176492e+00
-1.435029506683349609e+00
-1.375253200531006081e+00
-1.312809824943542480e+00
-1.353219866752624290e+00
-1.304098129272460938e+00
-1.254506945610046387e+00
-1.199313163757324219e+00
-1.205813288688659668e+00
-1.193755269050597922e+00
-1.086780309677124023e+00
-9.700048565864564099e-01
-1.010836124420165794e+00
-8.951000571250915527e-01
-8.003284335136413574e-01
-7.135430574417114258e-01
-6.248023509979248047e-01
-6.261017918586730957e-01
-6.357172131538391113e-01
-7.437937855720520020e-01
-6.989986896514892578e-01
-5.533111691474914551e-01
-4.368524551391601562e-01
-4.997206926345825195e-01
-2.882579863071441650e-01
-3.328303694725037176e-01
-1.476933211088180542e-01
6.835120730102061358e-03
-4.460209235548973083e-02
9.395208209753036499e-03
1.510999724268913096e-02
1.235613413155078714e-02
1.020202320069074457e-02
-2.506394125521183014e-02
-1.298895478248596191e-02
2.151523157954216003e-02
5.680840089917182228e-02
1.685470491647720614e-01
2.000348120927810669e-01
2.338934391736984530e-01
3.239405453205109198e-01
3.829498887062072754e-01
3.509621024131774902e-01
2.961037456989288330e-01
2.396409958600997925e-01
3.476627469062805176e-01
4.008482396602631170e-01
4.703963398933410089e-01
5.394195318222045898e-01
5.839787721633911133e-01
6.062749624252319336e-01
5.799238085746765137e-01
5.081623196601867676e-01
4.974526166915894110e-01
4.384697079658507746e-01
4.003265202045441229e-01
4.543536007404327948e-01
4.371888637542725164e-01
4.494014084339141846e-01
4.562261998653411865e-01
4.354260563850402832e-01
4.149272143840789795e-01
4.809991717338562012e-01
4.646438658237457275e-01
4.089792668819428045e-01
3.341488242149353027e-01
3.262561857700347900e-01
3.057657182216644287e-01
3.620097339153289795e-01
2.636810839176177979e-01
2.345585823059082031e-01
2.733461856842041016e-01
1.690864264965057373e-01
9.362062811851500077e-02
3.495969623327255249e-02
-1.253712475299835205e-01
-1.052881777286529680e-01
-1.520856022834777832e-01
-1.720177382230758667e-01
-2.536135613918304443e-01
-1.749537587165832520e-01
-2.759135365486145020e-01
-2.391887307167052945e-01
-3.874647915363311768e-01
-4.593283236026763916e-01
-5.589610338211059570e-01
-6.165809035301208496e-01
-6.309171915054321289e-01
-5.861524939537048340e-01
-5.790697932243347168e-01
-5.587474703788757324e-01
-5.429604053497314453e-01
-4.890368878841400146e-01
-5.435128211975097656e-01
-6.017327904701232910e-01
-4.919570088386536200e-01
-5.232594609260559082e-01
-5.902681350708007812e-01
-4.934816658496857245e-01
-4.847583472728729248e-01
-4.944548606872559149e-01
-5.117205977439879261e-01
-5.314189195632934570e-01
-5.454012155532836914e-01
-5.527580976486206055e-01
-5.625485777854919434e-01
-5.477789640426635742e-01
-4.879336357116699219e-01
-4.117295444011688232e-01
-3.503853380680084229e-01
-3.764268755912780762e-01
-3.608779907226562500e-01
-3.746225833892822266e-01
-3.367753624916077215e-01
-3.783327341079711914e-01
-3.999544978141785223e-01
-4.006467759609222412e-01
-3.744783997535705566e-01
-3.243324756622314453e-01
-2.539307177066802979e-01
-2.682655155658721924e-01
-2.353983819484710971e-01
-2.361720800399780551e-01
-1.810189932584762573e-01
-2.241326421499252597e-01
-3.463439047336578369e-01
-3.606819808483123779e-01
-3.738961517810821533e-01
-2.960114181041716974e-01
-2.715859413146973211e-01
-3.060124814510344904e-01
-2.603400051593780518e-01
-2.274422943592071533e-01
-3.605491518974304199e-01
-3.246410489082336426e-01
-2.915361523628234863e-01
-2.362884134054183960e-01
-1.726308912038803101e-01
-1.088027358055114746e-01
-6.212399527430535057e-02
-3.523488342761993408e-02
-3.548278659582138062e-02
-2.192512154579162598e-01
-2.588012814521789551e-01
-2.808971405029296875e-01
-2.857905924320220947e-01
-2.415859103202820102e-01
-7.673075795173645020e-02
-4.632697999477386475e-02
-3.019839525222777973e-02
-5.830540508031845093e-02
-5.408611893653869629e-02
-9.750084951519966125e-03
-7.445877790451049805e-02
-1.290491670370101929e-01
-2.352888286113739014e-01
-2.222960442304611206e-01
-2.433430254459381104e-01
-1.446851342916488370e-01
-1.236348226666450500e-01
-3.300557285547256470e-02
-5.146683380007743835e-02
-8.399096876382827759e-02
-1.169592216610908508e-01
-1.619398295879364014e-01
-1.191324070096016069e-01
-6.434427201747894287e-02
-7.209567818790673342e-03
3.227199777029454708e-04
7.550497353076934814e-02
5.978398397564887307e-02
4.218568652868271568e-02
-5.852455738931893435e-03
3.684803470969200134e-02
8.186241239309310913e-02
5.525561049580574036e-02
9.909941256046296554e-02
-1.499537937343120575e-02
4.958295449614524841e-02
9.556504338979719682e-02
7.024868973530828953e-04
9.441983699798583984e-02
1.968111097812652865e-01
1.427189409732818604e-01
2.295296639204024991e-01
2.957341372966766357e-01
2.606981098651885986e-01
2.768557369709014893e-01
1.974968463182449341e-01
1.384540349245071411e-01
1.884914338588714600e-01
1.763955652713775635e-01
2.859964072704315186e-01
3.904120028018951971e-01
3.229737877845764160e-01
2.323767393827438632e-01
2.936377525329589844e-01
3.600712418556212824e-01
4.413378536701201282e-01
3.629963397979735773e-01
3.577531278133392334e-01
3.370491564273834229e-01
3.925685286521912176e-01
4.542691409587860107e-01
5.299096703529357910e-01
3.770434558391571045e-01
4.807685613632202148e-01
5.712853074073791504e-01
5.838217735290527344e-01
6.621984243392944336e-01
7.231400012969970703e-01
5.992200374603271484e-01
6.011339426040649414e-01
5.816702842712402344e-01
5.451440215110778809e-01
5.022764205932617188e-01
4.730187356472015936e-01
4.436576962471007746e-01
4.304435551166534424e-01
4.674619734287261963e-01
5.941368937492370605e-01
5.431686043739318848e-01
4.643382132053375244e-01
5.155234336853027344e-01
4.505732953548431952e-01
3.672282695770264227e-01
3.768016993999481201e-01
3.265142440795898438e-01
3.591303527355194092e-01
3.216360807418823242e-01
2.911401391029357910e-01
2.678975462913513184e-01
2.358338832855224887e-01
2.124869972467422485e-01
1.870234608650207520e-01
2.178255915641784668e-01
1.786202341318130493e-01
1.542601287364959439e-01
3.266163915395736694e-02
8.209507167339324951e-02
6.128811091184616089e-02
-1.500105857849121267e-02
-2.214878564700484276e-03
1.261101011186838150e-02
3.329289704561232827e-02
6.507879495620727539e-02
9.989691525697708130e-02
1.256072819232940674e-01
1.357029527425765991e-01
1.273684054613113403e-01
2.374698035418987621e-02
-7.385099679231643677e-02
-7.674974203109741211e-02
-4.692193493247032166e-02
9.962869435548782349e-02
1.038845852017402649e-01
3.464128449559211731e-02
1.062695831060409685e-01
1.433795243501663208e-01
1.609465032815933228e-01
1.613333225250243863e-01
1.587740778923034668e-01
-2.413022797554731803e-03
-3.221348393708467484e-03
7.270074635744094849e-02
1.236315295100211958e-01
1.330579221248626709e-01
1.490373015403747559e-01
2.327539920806885043e-01
2.643614113330841064e-01
1.494043171405792236e-01
1.763184517621994019e-01
1.671467274427413940e-01
1.826292276382446567e-01
2.043295502662658691e-01
2.353059798479079923e-01
2.656807303428649902e-01
2.900969982147216797e-01
2.920557856559752863e-01
2.691680490970612127e-01
2.260738313198089600e-01
1.794200986623764038e-01
1.354894638061523438e-01
1.171857640147209306e-01
1.171160340309143066e-01
1.355781257152557373e-01
1.053146123886108398e-01
1.556350588798522949e-01
1.759181618690490723e-01
3.011207794770598412e-03
5.400127544999122620e-02
-1.227958273375406861e-04
-7.026367634534835815e-02
-4.481486976146697998e-02
-6.752000004053115845e-02
-7.068806141614913940e-02
-1.253547370433807373e-01
-8.794393390417098999e-02
-5.055600404739379883e-02
-6.283320952206850052e-03
2.541337348520755768e-02
4.736151918768883445e-02
-1.160416658967733383e-02
6.815094500780106458e-03
-4.240976646542548439e-02
5.020631942898035049e-05
4.970331117510796287e-02
1.040705367922782759e-01
1.004941985011100769e-01
1.817314475774765015e-01
1.823355257511138916e-01
2.408353686332702637e-01
2.622008323669433594e-01
1.847235113382339478e-01
2.032114863395690918e-01
2.516398131847381592e-01
2.504225373268127441e-01
2.549728453159332275e-01
2.495482116937637052e-01
2.934518456459044855e-01
3.110420703887939453e-01
3.033050894737244207e-01
2.856594324111938477e-01
1.154598742723464966e-01
1.379105746746063232e-01
1.922394037246704102e-01
2.739917933940887451e-01
3.034888207912445068e-01
4.148620367050170898e-01
4.233776032924652100e-01
4.761906266212463934e-01
4.648147821426392157e-01
3.933891654014586847e-01
2.967542707920074463e-01
2.198814600706100464e-01
1.922154277563095093e-01
2.264666706323623935e-01
3.107480704784392755e-01
3.463559448719025213e-01
4.483341872692108154e-01
4.365255534648895264e-01
5.163108110427856445e-01
4.607701301574707031e-01
3.791758418083190918e-01
2.948638796806335449e-01
2.266215234994888583e-01
1.874909549951553345e-01
3.506487309932708740e-01
3.750006854534149170e-01
3.191440403461456299e-01
3.069938123226165771e-01
2.477106750011444092e-01
2.294955402612686435e-01
2.102886587381362915e-01
2.296153157949447909e-01
1.955730766057967862e-01
1.744321733713150024e-01
1.497102528810501099e-01
1.155336871743202209e-01
8.063148707151412964e-02
4.165561124682426453e-02
5.835447926074265566e-03
-1.799369789659976959e-02
-2.112036757171154022e-02
4.027864895761013031e-03
1.037999913096428056e-01
1.102380678057670593e-01
9.029821306467056274e-02
2.790175192058086395e-02
-5.944214761257172325e-02
-6.524735689163208008e-02
2.317142300307751049e-02
-2.425445616245269775e-02
-4.567595571279526451e-02
-7.220020145177841187e-02
-1.201906353235244751e-01
-1.938543915748595914e-01
-2.658852338790893555e-01
-3.321916759014129639e-01
-2.662377059459686279e-01
-2.440540045499801636e-01
-1.793216913938522616e-01
-1.143437102437019209e-01
-6.720957159996032715e-02
-5.827976763248443604e-02
-8.095639944076538086e-02
-1.343916803598403931e-01
-1.997646242380142489e-01
-1.637606769800186157e-01
-1.879333108663558960e-01
-1.655154377222061157e-01
-2.063205242156982422e-01
-1.510368138551712036e-01
-2.561632394790648859e-01
-1.284015923738479614e-01
-8.127259463071823120e-02
-4.100980237126350403e-02
5.264852661639451981e-04
-4.996240884065628052e-02
-3.967115655541419983e-02
-3.360958769917488098e-02
-2.723085321485995899e-02
1.999266911298036575e-03
-5.192444100975990295e-02
-1.684228330850601196e-02
-5.504339188337326050e-02
-1.054864190518855875e-02
3.749076277017594078e-02
6.348259001970291138e-02
1.004159916192293167e-02
3.460456058382987976e-02
-2.461691014468669891e-02
2.310135029256344188e-02
8.276225626468657059e-02
-1.396258734166622162e-02
4.140345007181168296e-02
1.001609489321708818e-01
1.742442101240158081e-01
1.838825047016144076e-01
2.653700113296508789e-01
3.074838519096374512e-01
3.100757896900177002e-01
2.877338826656341553e-01
2.416103780269623080e-01
1.943398714065552035e-01
1.499763429164886475e-01
1.317338794469833374e-01
1.405990272760391235e-01
1.702062040567398071e-01
2.293569147586822510e-01
2.853688597679138184e-01
3.188550770282744806e-01
2.990638315677642822e-01
2.596412599086760919e-01
1.949682533740997314e-01
2.131623774766921997e-01
2.405085265636444092e-01
1.925655007362365445e-01
1.540873646736145020e-01
1.238068938255309920e-01
9.156556427478790283e-02
1.598021835088730136e-01
1.617820858955383301e-01
1.698525696992873868e-01
1.699070632457733154e-01
1.678024977445602417e-01
1.677780747413635254e-01
1.626767814159393311e-01
1.445905864238739014e-01
1.960875689983367920e-01
1.963706165552139560e-01
2.031226158142089566e-01
1.162918880581855774e-01
8.363048732280731201e-02
5.136111378669738770e-02
9.165702760219573975e-02
8.205518871545793014e-02
1.470827758312225342e-01
1.358513534069061279e-01
1.284791082143783569e-01
1.880165487527847568e-01
1.410457789897918701e-01
1.715090274810791016e-01
1.092891767621040344e-01
4.213254153728485107e-02
-1.397445332258939570e-02
-4.466722533106803894e-02
9.978017956018447876e-02
7.691205292940139771e-02
4.952215403318405151e-02
1.165069732815027237e-02
-4.230310022830963135e-02
-1.108101755380630354e-01
-1.019560843706130981e-01
-7.244344055652617020e-02
-8.661835640668869019e-02
-7.440061122179031372e-02
-7.247126102447509766e-02
-9.945584088563920455e-02
-7.206827402114868164e-02
-1.340173929929733276e-01
-1.021328344941139221e-01
-1.426831185817718506e-01
-1.670836210250854492e-01
-1.792994439601898193e-01
-1.099049001932144304e-01
-1.353650689125061035e-01
-1.796825528144836426e-01
-2.280864715576171875e-01
-2.631551623344420832e-01
-2.614420056343078613e-01
-2.251204848289489469e-01
-9.229256957769393921e-02
-2.486974373459815979e-02
2.612249366939068188e-02
1.906309276819229126e-02
-6.063874810934067466e-02
-1.787184327840805054e-01
-2.084702998399734497e-01
-2.770957648754119873e-01
-2.308015525341033936e-01
-1.940780580043792725e-01
-1.891303509473800659e-01
-1.085151955485343933e-01
-6.514452397823333740e-02
-5.914978682994842529e-02
-8.351669460535049438e-02
-1.284447759389877319e-01
-3.439398482441902161e-03
-8.460984379053115845e-02
-5.408734828233718872e-02
-2.769954316318035126e-02
-2.453129552304744720e-02
-5.051844939589500427e-02
-1.042283177375793596e-01
-3.152415156364440918e-02
-1.328098773956298828e-01
-2.058930993080139160e-01
-2.440650016069411954e-01
-2.382919490337372104e-01
-2.164729833602905273e-01
-1.768754124641418457e-01
-1.568849533796310425e-01
-1.713519394397735596e-01
-3.854333981871604919e-02
-7.054663449525833130e-02
-1.662701070308685303e-01
-1.817337423563003540e-01
-1.200967282056808472e-01
-1.249244436621665955e-01
-1.061680912971496582e-01
-8.871416747570037842e-02
-1.080462336540222307e-01
-1.717499494552612582e-01
-2.408553212881088534e-01
-1.949318945407867432e-01
-1.794558018445968628e-01
-1.982278078794479370e-01
-1.108133941888809204e-01
-3.525699675083160400e-02
-8.907663077116012573e-02
-1.065477654337882996e-01
-1.545075625181198120e-01
-2.094907909631729126e-01
-1.795222610235214233e-01
-1.916017234325408936e-01
-1.772688180208206177e-01
-1.410922110080718994e-01
-9.474888443946836991e-02
-2.427927255630492887e-01
-1.136552095413208008e-01
7.854173891246318817e-03
1.037070900201797624e-01
1.613066345453262607e-01
1.570342481136322021e-01
3.502721711993217468e-02
-6.032392755150794983e-02
-5.750465393066406250e-02
-6.014927849173546531e-02
-4.888774454593657753e-02
2.495258115231990814e-02
1.885537058115005216e-01
3.121232390403748114e-01
3.692792057991027832e-01
3.714912235736846924e-01
3.381442427635192871e-01
2.442315965890884399e-01
1.248819082975387434e-01
3.632913157343863747e-02
9.552358090877532959e-02
1.351830214262008667e-01
2.095512598752975464e-01
3.026891350746154785e-01
4.058239459991455078e-01
4.390365779399871826e-01
5.309858322143554688e-01
5.173830389976501465e-01
4.336837828159332275e-01
3.117794394493103027e-01
4.343749210238456726e-02
1.971264369785785675e-02
1.205130517482757568e-01
1.049252673983574052e-01
2.663277089595795233e-01
2.462655305862427035e-01
2.738092839717864990e-01
2.300210446119308472e-01
1.071912646293639998e-01
2.870171703398228039e-02
-3.383854776620864868e-02
8.306501060724257035e-02
9.299124591052530461e-03
-4.363035783171653748e-02
-5.865478143095970154e-02
-7.552529871463775635e-02
-1.669169813394546509e-01
-1.364799141883849820e-01
-6.247866526246071556e-02
2.465975470840930939e-02
6.832662969827651978e-02
8.450902253389358521e-02
1.025348249822854996e-02
-1.544668674468993863e-01
-3.518019616603851318e-01
-5.110421776771545410e-01
-5.957044363021850586e-01
-6.494991779327392578e-01
-8.076563477516174316e-01
-7.494046688079833984e-01
-5.156825184822082520e-01
-4.501362740993499756e-01
-3.239780366420745850e-01
-3.286619484424591064e-01
-4.173253178596497137e-01
-5.124962925910949707e-01
-5.420945882797241211e-01
-5.014843344688415527e-01
-4.964796006679534912e-01
-4.246594309806823730e-01
-2.831092178821564276e-01
-2.127482742071152011e-01
-7.534795254468917847e-02
-1.225251033902168551e-01
-2.538193762302399237e-01
-4.002401530742645264e-01
-6.472666859626770020e-01
-6.723050475120544434e-01
-6.860012412071228027e-01
-7.480964660644531250e-01
-6.909216046333312988e-01
-7.895281910896301270e-01
-8.440229296684265137e-01
-7.246221899986267090e-01
-7.166442275047302246e-01
-8.137510418891906738e-01
-8.245999217033386230e-01
-8.623831868171691895e-01
-8.630178570747375488e-01
-8.404564261436462402e-01
-9.122385382652283825e-01
-1.135459065437317117e+00
-1.058383703231811523e+00
-1.086332440376281516e+00
-1.115547895431518555e+00
-1.118755340576172097e+00
-1.281611442565917969e+00
-1.374217391014099121e+00
-1.545031547546386719e+00
-1.441700100898742898e+00
-1.348836064338684082e+00
-1.134848833084106445e+00
-8.953855633735656738e-01
-8.702178597450256348e-01
-1.035987615585327148e+00
-1.154415965080261230e+00
-1.151907682418823242e+00
-1.212380647659301758e+00
-1.394419550895690918e+00
-1.575585961341858132e+00
-1.384384512901306152e+00
-1.269810914993285911e+00
-6.321610808372497559e-01
-1.887736320495605191e-01
9.610900282859802246e-02
4.143815636634826660e-01
1.079818606376647949e-01
-3.775961697101593018e-01
-5.921869277954101562e-01
-4.744954109191895086e-01
-1.384088993072509766e-01
1.344212144613265991e-01
4.606714248657226007e-01
6.323961019515991211e-01
6.805471777915954590e-01
8.356376290321350098e-01
7.967870831489562988e-01
7.131534218788146973e-01
4.574039876461029053e-01
4.570552110671997070e-01
5.004574060440063477e-01
4.126149415969849188e-01
7.574687600135803223e-01
9.959401488304138184e-01
1.225727438926696777e+00
1.098062038421630859e+00
8.715012669563293457e-01
6.939769983291625977e-01
6.608312726020812988e-01
7.137138843536376953e-01
7.073862552642822266e-01
1.035400509834289551e+00
1.200611114501953125e+00
1.240787506103515625e+00
1.082699894905090332e+00
9.931687712669371448e-01
6.079574823379516602e-01
3.941780030727386475e-01
3.734662532806397039e-01
5.445421934127807617e-01
9.593256115913392224e-01
1.327908277511596902e+00
1.742457270622253418e+00
1.847835659980774148e+00
1.910957217216491921e+00
1.604359149932861106e+00
1.352184653282165527e+00
1.058896064758300781e+00
8.097302317619323730e-01
9.265237450599670410e-01
1.137290716171264648e+00
1.464350342750549094e+00
1.438994884490966797e+00
1.335017442703247070e+00
1.206572175025939941e+00
1.206550717353820801e+00
1.084277868270874023e+00
8.276177048683166504e-01
7.933621406555175781e-01
6.871985197067260742e-01
7.313032746315002441e-01
8.443740606307983398e-01
5.640492439270020641e-01
3.774139285087585449e-01
2.059838324785232544e-01
-9.728741645812986893e-02
2.833215333521366119e-02
2.232327312231064120e-01
2.897177040576934814e-01
1.355109959840774536e-01
1.517874449491500854e-01
-8.695874363183975220e-02
-2.418386489152908603e-01
-3.911212682723999023e-01
-7.261842489242553711e-01
-6.746076345443725586e-01
-1.105335831642150879e+00
-1.282015681266784890e+00
-1.160225510597229004e+00
-1.056121230125427246e+00
-9.965632557868957520e-01
-9.509617686271667480e-01
-9.132659435272215687e-01
-1.025401592254638894e+00
-1.242451786994934082e+00
-1.485762953758239524e+00
-1.772810697555541992e+00
-2.182274103164673296e+00
-1.974762916564941184e+00
-1.799816489219665527e+00
-1.474253177642822488e+00
-7.978457808494567871e-01
-3.653309643268585205e-01
-1.756545156240463257e-01
-4.200831949710845947e-01
-5.950956940650939941e-01
-1.196593165397644043e+00
-1.496882677078246848e+00
-1.516183376312256081e+00
-1.334633350372314453e+00
-5.978211164474487305e-01
-5.196864604949951172e-01
-3.266096711158752441e-01
-1.154856309294700484e-01
1.924580633640289307e-01
3.074360489845275879e-01
3.686394393444060724e-01
2.907724678516388286e-02
-5.157335996627807617e-01
-9.809873700141907849e-01
-1.304286122322082297e+00
-1.314579367637634499e+00
-1.003130078315734863e+00
8.322348594665527344e-01
1.274783611297607422e+00
9.734781980514526367e-01
1.292833685874938965e+00
9.869349598884583630e-01
5.497843027114868164e-01
-3.694956749677658081e-02
-1.895925283432006836e+00
-2.198288440704345703e+00
-2.431820631027221680e+00
-2.333762884140014204e+00
-1.073382019996642844e+00
5.485857725143432617e-01
1.105045437812805176e+00
1.563123941421508789e+00
1.761523127555847168e+00
2.044873952865600586e+00
1.238788008689880371e+00
-4.332318902015686035e-02
-1.118990659713745117e+00
-1.871726393699645996e+00
-1.550343513488769531e+00
-1.439387202262878418e+00
-1.160395026206970215e+00
5.940362215042114258e-01
1.341013908386230469e+00
1.646890759468078613e+00
1.708501100540161133e+00
1.251278758049011230e+00
5.364649891853332520e-01
-2.644279599189758301e-01
-8.800253272056579590e-01
-1.040767431259155273e+00
-7.931014895439147949e-01
-1.708488762378692627e-01
4.383524060249329168e-01
8.798369765281677246e-01
1.126821517944335938e+00
1.283157110214233398e+00
8.861914277076721191e-01
1.033541187644004683e-01
-4.438638985157012939e-01
-7.509044408798217773e-01
-7.516024112701416016e-01
-4.631005227565764826e-01
-3.090170025825500488e-01
2.349008619785309115e-01
9.554662704467772327e-01
1.354471921920776367e+00
1.843287587165832297e+00
1.628161549568176492e+00
4.336345195770264227e-01
2.677116692066193182e-01
-8.820453286170959473e-01
-1.695938944816589355e+00
-1.965147376060485618e+00
-1.649544477462768555e+00
-1.090388298034667969e+00
-1.890837699174880981e-01
1.283033728599548340e+00
2.204733610153198242e+00
2.130777835845947710e+00
1.869124889373779519e+00
2.010885000228881836e+00
8.774680495262145996e-01
5.469805095344781876e-03
-8.016631603240966797e-01
-1.941848874092101829e+00
-1.732619762420654297e+00
-1.668048143386840820e+00
-1.541343569755554199e+00
2.759423553943634033e-01
1.282897233963012695e+00
2.077850818634033203e+00
2.261531114578247070e+00
1.805023193359375000e+00
1.369991660118103027e+00
3.270047307014464777e-01
-8.971331119537353516e-01
-1.857343435287476030e+00
-3.119810342788696289e+00
-2.656624555587768999e+00
-2.074004650115966797e+00
-1.033248543739318848e+00
3.510265648365020752e-01
2.109370470046996626e+00
3.018490076065063477e+00
2.929118633270264116e+00
2.925248861312866211e+00
1.683497786521911621e+00
9.069556742906570435e-02
-2.238299369812012163e+00
-3.444412469863892046e+00
-3.690600633621216264e+00
-3.420221328735352007e+00
-2.440039396286010742e+00
-7.953509092330932617e-01
9.890047311782835804e-01
2.548438549041748047e+00
3.004748344421386719e+00
2.960529565811156782e+00
2.073715925216675249e+00
1.205705881118774414e+00
-7.177107930183410645e-01
-2.543242454528808594e+00
-2.871861934661864790e+00
-3.674097299575805664e+00
-2.294149875640869141e+00
-1.661114454269409180e+00
4.749279916286469061e-01
2.034597396850585938e+00
3.201016902923583984e+00
3.226055145263671875e+00
3.119270324707031250e+00
2.552386045455932617e+00
2.344395399093627930e+00
5.861679315567016602e-01
-5.004505515098571777e-01
-1.672422528266906738e+00
-2.148623704910278320e+00
-2.328198909759521040e+00
-2.095043420791625977e+00
-1.531498551368713379e+00
-1.523276090621948242e+00
-1.417903900146484375e+00
-1.467811942100524902e+00
-1.727267384529113770e+00
-2.022338151931762695e+00
-2.277607679367064986e+00
-2.374291419982910156e+00
-2.243986129760741743e+00
-1.938241124153136763e+00
-1.680110931396484375e+00
-1.384101033210754395e+00
-1.073018193244934082e+00
-1.048626184463500977e+00
-9.049399495124815784e-01
-8.791942000389099121e-01
-1.037218451499939187e+00
-8.977164626121520996e-01
-8.865268826484680176e-01
-5.705666542053222656e-01
-1.638312488794326782e-01
-1.278802901506423950e-01
2.151525765657424927e-01
3.501479327678680420e-01
2.953557074069976807e-01
6.885399818420410156e-01
8.243762254714965820e-01
9.591307640075683594e-01
1.149464368820190430e+00
1.117854237556457520e+00
1.259103178977966309e+00
1.459786653518676758e+00
1.749236345291137695e+00
1.905113339424133301e+00
1.931597471237182395e+00
2.002053022384643999e+00
2.034063339233398438e+00
2.070043563842772993e+00
1.921192049980164018e+00
2.159768342971801758e+00
2.404146194458008257e+00
2.249101877212524414e+00
2.494237422943115234e+00
2.665789127349853072e+00
2.768663167953490767e+00
2.726114511489868164e+00
2.557172775268554688e+00
2.647067308425903764e+00
1.821852922439575195e+00
1.800904393196105957e+00
1.827398419380188210e+00
1.942219734191894309e+00
1.975942850112915039e+00
2.086769580841064453e+00
2.371155738830566406e+00
2.514274358749389648e+00
2.633112907409667969e+00
2.621716976165771484e+00
2.496183633804321289e+00
2.272922277450561079e+00
2.028138875961304155e+00
1.976385116577148438e+00
1.825422763824463113e+00
1.765222311019897683e+00
1.938788175582885520e+00
1.903500795364380105e+00
1.942135214805603027e+00
1.943457245826720747e+00
1.876806974411010742e+00
1.574171185493469238e+00
1.621644496917724609e+00
1.561384558677673118e+00
1.532654166221618874e+00
1.074841380119323508e+00
1.154635906219482422e+00
9.821750521659852184e-01
9.310980439186096191e-01
1.134127020835876465e+00
1.081624627113342507e+00
7.124309539794921875e-01
5.920487642288208008e-01
4.824346303939818781e-01
4.193362891674041748e-01
5.720660686492919922e-01
7.673343420028686523e-01
9.792255163192747913e-01
8.481753468513488770e-01
9.894409179687500000e-01
1.186854243278503418e+00
1.130745887756347656e+00
9.176513552665709339e-01
5.853996276855468750e-01
4.196964502334594727e-01
1.657921075820922852e-01
1.205713897943496704e-01
2.615766823291778564e-01
3.350995182991027832e-01
5.257008075714111328e-01
6.752824783325195312e-01
4.265393018722534180e-01
1.022643327713012695e+00
1.888007372617721558e-01
7.196614891290664673e-02
-4.560756310820580223e-02
-8.358412235975266891e-02
-1.197340153157710856e-02
1.584578305482864380e-01
3.854365050792694092e-01
5.480201840400695801e-01
9.741127490997314453e-01
9.606480002403260388e-01
9.523438811302183948e-01
6.272599101066589355e-01
3.863707780838013250e-01
5.416851639747620739e-01
3.009396195411682129e-01
1.184685453772544722e-01
-2.164283543825149259e-01
-1.779851764440536499e-01
-4.863604530692100525e-02
1.862976253032684604e-01
2.650592625141143799e-01
5.608203411102294922e-01
5.211724042892456055e-01
4.106474518775939941e-01
8.473102748394012451e-02
1.116620302200317383e-01
-1.275645643472671509e-01
-7.158786654472351074e-01
-1.096787929534911887e+00
-3.545537889003753662e-01
-6.102679967880249023e-01
2.504089176654816229e-01
1.557994782924652100e-01
2.376325428485870361e-01
1.529412865638732910e-01
1.331076771020889282e-01
8.051967620849609375e-01
8.166771531105041504e-01
6.195905208587646484e-01
6.340481042861938477e-01
3.747038841247559149e-01
1.057872623205184937e-01
1.239888966083526473e-01
-1.758655309677124023e-01
-2.816395461559296209e-01
-3.387640118598937988e-01
-4.810575544834136963e-01
-5.724323391914367676e-01
-4.957264661788940985e-01
-4.447282850742340088e-01
-7.942766547203063965e-01
-8.096494078636169434e-01
-1.128763675689697266e+00
-1.337089896202087402e+00
-1.502399802207946777e+00
-1.529837250709533691e+00
-1.484388351440429688e+00
-1.530641436576843262e+00
-1.680008053779601829e+00
-1.576025724411010742e+00
-1.682702541351318359e+00
-1.830021619796753152e+00
-1.865799665451049583e+00
-2.070900917053222656e+00
-2.154963970184325728e+00
-2.152528285980224609e+00
-2.151219606399535689e+00
-2.162362575531005859e+00
-2.053476095199584961e+00
-2.014853239059447798e+00
-2.005558013916016069e+00
-2.006418228149414062e+00
-1.932115912437438965e+00
-1.934538245201110840e+00
-1.919165611267089622e+00
-1.887146115303039995e+00
-1.833502292633056863e+00
-1.746617078781128152e+00
-1.712833881378173828e+00
-1.580407023429870605e+00
-1.520503520965576172e+00
-1.389094710350036621e+00
-1.356958150863647683e+00
-1.335422158241271973e+00
-1.218225121498107910e+00
-1.203906774520874023e+00
-1.084238767623901367e+00
-1.116839766502380371e+00
-9.850006103515623890e-01
-8.347203135490417480e-01
-8.341115117073059082e-01
-6.726483106613159180e-01
-5.355769395828247070e-01
-7.294954061508178711e-01
-6.124685406684875488e-01
-5.068839788436889648e-01
-3.957889378070830744e-01
-4.965219497680664062e-01
-3.403202891349792480e-01
-4.095187485218048096e-01
-2.240317165851593018e-01
-2.645736038684844971e-01
-2.273902744054794589e-01
-1.243881583213806291e-01
-2.840266004204750061e-02
1.411510556936264038e-01
1.579562872648239136e-01
3.402880728244780939e-01
4.189386963844298761e-01
3.915440440177917480e-01
4.131192266941071112e-01
4.865959286689757746e-01
5.523377656936645508e-01
2.424953430891036987e-01
2.863770127296447754e-01
4.219172000885010321e-01
5.016867518424987793e-01
6.140705943107604980e-01
8.140535354614257812e-01
7.597526311874390759e-01
9.166848659515379749e-01
8.584737181663513184e-01
9.188925027847290039e-01
9.418785572052001953e-01
9.457919597625732422e-01
8.692988753318786621e-01
8.869494199752807617e-01
9.128881096839903675e-01
9.391905665397644043e-01
9.533719420433044434e-01
8.832471370697021484e-01
8.860498666763305664e-01
8.570758700370788574e-01
8.068736195564270020e-01
7.642098069190979004e-01
7.394688129425048828e-01
7.245312929153442383e-01
7.142763137817382812e-01
7.028264999389648438e-01
7.687500119209290661e-01
7.464846968650817871e-01
6.352971792221069336e-01
5.896239876747131348e-01
5.280754566192626953e-01
4.698215723037720282e-01
5.196681022644042969e-01
5.157631635665893555e-01
5.344834327697753906e-01
4.657978415489196777e-01
4.652518033981323242e-01
5.197451114654541016e-01
4.788282513618469238e-01
4.242523312568665106e-01
3.553332388401031494e-01
4.395956397056580145e-01
3.669405281543732245e-01
4.088343083858489990e-01
3.656824827194213867e-01
3.292834460735321045e-01
3.667997717857360840e-01
3.194777667522430420e-01
2.680872082710266113e-01
2.724281549453735352e-01
1.774945855140686035e-01
8.056017011404037476e-02
1.547267138957977295e-01
8.543210476636887984e-02
1.496554166078567505e-01
1.403433382511138916e-01
1.064881980419158936e-01
5.169635266065597534e-02
-2.689999341964721680e-02
-1.246782690286636491e-01
-1.117693483829498430e-01
-7.856509834527969360e-02
-9.470103308558464050e-03
-8.098587393760681152e-02
-6.569369137287139893e-02
-9.545028209686279297e-03
-5.561071261763573387e-02
-1.255269646644592563e-01
-1.915856450796127597e-01
-1.805745363235473633e-01
-1.430991291999816895e-01
-1.516430526971817017e-01
-1.527402997016906738e-01
-1.472881138324737549e-01
-1.024221703410148621e-01
-1.572180986404418945e-01
-2.517060637474060059e-01
-1.998792439699172974e-01
-1.723984181880950928e-01
-2.166272252798080444e-01
-2.300232350826263428e-01
-2.407308369874954501e-01
-2.469270378351211548e-01
-2.613615095615386963e-01
-2.035959959030151367e-01
-2.380109280347824097e-01
-2.701562643051147461e-01
-3.044565618038176935e-01
-3.367258310317993164e-01
-3.697160184383391779e-01
-3.779373168945313055e-01
-3.530995249748229980e-01
-3.126212954521179199e-01
-1.896216869354248047e-01
-1.584642827510833463e-01
-1.458468139171600619e-01
-1.613987684249877930e-01
-2.066712379455566406e-01
-2.697246074676513672e-01
-3.269892632961273193e-01
-2.024563550949096680e-01
-2.948445081710815430e-01
-2.729437947273254395e-01
-2.333699613809585571e-01
-2.011030167341232577e-01
-1.787467896938323975e-01
-1.746733039617538452e-01
-1.931533962488174438e-01
-2.264436483383178988e-01
-2.573701143264770508e-01
-3.493666350841522217e-01
-3.222434222698212225e-01
-2.674675583839416504e-01
-1.948136985301971436e-01
-1.931518018245697021e-01
-1.105431690812110762e-01
-5.304945260286331177e-02
-3.302304446697235107e-02
-4.303879663348197937e-02
-6.390310823917388916e-02
-8.622627705335617065e-02
-1.023816615343094011e-01
-1.814896427094936371e-02
6.897704442963004112e-04
2.113166451454162598e-02
6.250413507223129272e-02
2.110195346176624298e-02
3.333771973848342896e-02
2.127157896757125854e-02
2.812313381582498550e-03
-3.740383684635161660e-02
-7.975710928440093994e-02
-1.137819141149520735e-01
-1.152639836072921753e-01
-8.538252860307692094e-02
-1.678637601435184479e-02
4.755248874425888062e-02
9.901669621467590332e-02
1.293933689594268799e-01
1.260782182216644565e-01
8.375362306833267212e-02
1.461018063127994364e-02
-6.210282444953918457e-02
-1.172592267394065996e-01
-1.311074644327163419e-01
-2.395291626453400005e-02
2.346120402216911663e-02
6.868624687194824219e-02
9.892302006483078003e-02
1.096263676881790300e-01
1.272854860872030432e-02
-1.471696048974991018e-02
-6.254515051841735840e-02
-1.089344099164009233e-01
-1.167094931006431441e-01
-1.505813896656036377e-01
-6.837777048349380493e-02
3.795961290597916343e-02
1.321858763694763184e-01
3.696555271744728088e-02
7.031401246786117554e-02
5.917824804782867432e-02
-5.217503011226654053e-02
-6.804352253675460815e-02
1.191536858677863936e-01
1.884077340364455899e-01
9.556605666875840621e-02
6.474587321281433105e-02
7.651757448911666870e-02
8.165065944194793701e-02
9.512114524841307206e-02
1.142108440399170061e-01
1.549931317567825317e-01
1.974993199110031128e-01
2.519368827342987061e-01
2.077295035123825073e-01
2.263516038656235019e-01
2.029536217451096136e-01
1.705280542373657227e-01
1.634358912706375122e-01
1.806952357292175571e-01
2.002999484539031982e-01
2.253072261810303012e-01
1.757003962993621826e-01
2.074556350708008090e-01
2.243975251913070679e-01
2.367294132709502896e-01
2.389513552188873013e-01
2.254855632781982422e-01
2.058450132608413419e-01
1.718614399433135986e-01
1.421548426151275635e-01
1.237705573439597945e-01
1.162235587835312028e-01
1.311496496200561523e-01
1.619168817996978760e-01
1.970630586147308627e-01
2.219359725713729581e-01
1.532980054616928101e-01
1.447608172893524170e-01
1.306125074625015259e-01
1.073237881064414978e-01
1.663034111261367798e-01
1.601139456033706665e-01
1.700196415185928622e-01
1.655125468969345093e-01
1.470118165016174594e-01
1.400510817766189575e-01
1.120997294783592224e-01
9.510132670402526855e-02
2.140027098357677113e-02
1.015933137387037104e-02
-1.585090160369873047e-02
-1.785869151353836060e-02
7.279693335294723511e-02
8.792731165885925293e-02
9.714412689208984375e-02
-2.689288230612874031e-03
-8.572138845920562744e-03
4.531040042638778687e-02
1.799863949418068279e-02
-8.139820769429206848e-03
-1.619636826217174530e-02
-2.004912309348583221e-02
-1.375297363847494125e-02
-3.341935109347105026e-03
4.367113579064607620e-03
8.103259606286883354e-04
-2.162537910044193268e-02
-5.300901830196380615e-02
-6.096034124493598938e-02
-5.421339347958564758e-02
-3.995662927627563477e-02
-2.289885282516479839e-02
-7.763804402202368650e-03
1.283637806773185557e-02
-5.024449527263642051e-02
3.050415404140948902e-02
9.940328076481820888e-03
-1.850061491131782532e-02
-2.958259545266628265e-02
-2.065571025013923992e-02
-2.237202599644660950e-02
-3.063970245420932423e-02
-4.398648440837860107e-02
-5.483724921941757202e-02
-4.236894473433495262e-02
-9.003228694200515747e-02
1.430311705917119980e-02
3.645510226488113403e-02
4.122382774949073792e-02
3.479734435677528381e-02
2.217011898756027222e-02
9.821361862123012543e-03
-4.690008237957953539e-03
-2.516898140311240803e-02
-3.701849654316902161e-02
-3.630880266427993774e-02
-1.631899178028107036e-02
9.302949532866477966e-03
-4.672434553503990173e-02
4.425185918807984092e-02
4.866994917392731407e-02
5.917121842503547668e-02
6.710346788167952103e-02
3.921725600957871177e-02
4.140714649111032486e-03
-1.007787585258484025e-01
-3.491495922207831643e-02
-2.313695475459098816e-02
1.230520568788051605e-02
6.085071340203285217e-02
8.871906250715255737e-02
1.264022942632436926e-02
-4.326941911131143570e-03
-3.467533737421036460e-02
1.533470582216977856e-03
-1.033300682902335982e-01
-1.003231778740882735e-01
-7.598599046468734741e-02
-3.190838918089865944e-02
1.495000906288623810e-02
5.459111183881760337e-02
8.944652974605560303e-02
9.917345643043518066e-02
4.184058401733636856e-03
-1.112648323178291182e-01
-7.463652640581130981e-02
-8.646853268146514893e-02
-4.930084943771361611e-02
1.774721033871174206e-02
9.578689932823179765e-02
1.592404097318649292e-01
1.122312843799591064e-01
1.261631846427917480e-01
9.642595797777175903e-02
7.232881337404251099e-02
4.888675734400748513e-02
3.678777441382408142e-02
6.277358531951904297e-02
1.146786808967590471e-01
1.792530715465545377e-01
2.302683442831039429e-01
2.311101406812668124e-01
2.036509066820144653e-01
1.238426789641380449e-01
3.792991116642951965e-02
-4.691620357334613800e-03
-4.404833074659109116e-03
4.399138316512107849e-02
1.149795874953269958e-01
1.822089254856109619e-01
1.799014657735824585e-01
2.902946174144744873e-01
2.584288418292999268e-01
1.954381912946701050e-01
1.104386001825332642e-01
2.026160806417464516e-02
-3.834882006049156189e-02
-4.334634914994239807e-02
-1.275424472987651825e-02
