-3.274022834375501113e-03
1.552170421928167170e-02
5.887389183044433594e-02
2.857299707829951893e-02
-7.808997295796870318e-03
2.887432277202606201e-02
4.568493366241455078e-02
-3.225604072213172913e-02
-4.100683704018592834e-02
-4.348018392920494080e-02
-5.245204549282789230e-03
1.604010164737701416e-02
4.126245621591806412e-03
2.922030724585056305e-02
4.266343894414604252e-04
6.210371851921081543e-02
-3.657034784555435181e-02
-3.897986561059951782e-02
-1.224423870444297791e-01
6.537874042987822099e-02
1.590833067893981934e-02
4.606504365801811218e-02
-4.077570885419845581e-02
-1.308331340551376620e-01
9.607039391994476318e-03
-1.181192249059677263e-01
-9.033080190420152145e-02
7.048535346984861893e-02
2.163122594356536865e-02
1.818400621414184570e-02
-1.321559697389602661e-01
7.946164347231388092e-03
-1.749130636453628540e-01
-5.694660544395447471e-02
-1.006940826773643632e-01
-8.107376098632812500e-02
-4.824149608612060547e-02
-2.036147564649581909e-01
-1.725294888019561768e-01
4.631124064326286316e-02
1.060096174478530745e-01
6.215582787990570068e-02
1.088046953082084795e-01
1.464629918336868564e-01
-6.678345799446105957e-02
3.323900327086448669e-02
2.433210425078869213e-02
-1.035993769764900208e-01
-1.868568360805511475e-01
-2.144680358469486237e-02
-2.039991505444049835e-02
-6.838867068290710449e-02
-8.669943362474442916e-02
8.290125429630279541e-02
1.834784746170043945e-01
-3.124682977795601238e-02
-2.092976309359073639e-02
-6.528411805629730225e-02
-1.669444888830184937e-01
-5.204712152481079102e-01
-1.635756194591522217e-01
-4.612743109464644692e-02
-2.900558523833752025e-02
3.060064651072024952e-02
2.042728960514068881e-01
1.650650501251220703e-01
1.990370303392410556e-01
1.891893520951271057e-02
2.486809529364109039e-02
-4.889741539955139160e-03
-7.887279614806175232e-03
-2.280803918838500977e-01
-1.353541165590286532e-01
-9.228237718343736129e-02
-6.348837167024612427e-02
-2.387046366930007935e-01
5.573319643735885620e-02
-1.051507219672203064e-01
-4.784609004855155945e-02
3.420216962695121331e-03
-5.715660378336905045e-02
-1.409344226121902466e-01
-1.374517977237701416e-01
1.363864839076995850e-01
-2.343283593654632915e-02
-2.596238441765308380e-02
-4.915387928485870361e-02
3.432876244187355042e-02
7.793138921260833740e-02
-3.425547480583190918e-02
1.409886963665485382e-02
1.140218898653983931e-01
-4.267793148756027222e-02
9.728586673736572266e-02
4.716389346867799759e-03
-1.080358959734439850e-02
1.004379428923130035e-02
5.076341331005096436e-02
-1.511984169483184814e-01
5.118563398718833923e-02
1.093290746212005615e-02
-4.406649246811866760e-02
9.095136076211929321e-03
-7.930432260036468506e-02
-3.279918432235718467e-02
3.120684437453746796e-02
4.077224433422088623e-02
8.995920419692993164e-03
2.846330963075161327e-02
2.671937644481658936e-02
2.862896583974361420e-02
-1.079591140151024004e-01
5.488429218530654907e-02
-8.985799551010131836e-02
-7.424908876419067383e-02
4.683370352722703868e-04
-3.137354552745819092e-02
1.226116344332695007e-01
6.730248779058456421e-02
-2.158011309802531849e-02
4.047421365976333618e-02
-1.658814959228038571e-03
-7.331191445700824261e-04
-1.125797256827354431e-02
5.422751232981681824e-02
5.036319047212601402e-02
7.319094240665435791e-02
-2.319877222180366169e-02
3.370564430952072144e-02
1.991410404443740845e-01
8.627638220787046952e-02
1.123431101441383362e-01
2.810035832226276398e-02
1.149756644736043939e-05
-1.359136123210191553e-02
-4.150673374533653259e-02
-2.798658236861228943e-02
8.285467512905597687e-03
-1.059642285108566423e-01
2.224019262939691544e-03
-9.959933161735536056e-02
1.404632441699504852e-02
3.555654315277934508e-03
3.057547099888325084e-02
4.574387520551682212e-02
-2.224501222372055054e-01
-5.192102119326592186e-02
-1.192085370421409468e-01
-4.173213988542556763e-02
-4.912499710917472839e-02
-4.871714115142821572e-02
-1.054339334368705611e-01
1.263234764337539395e-01
4.099501967430114746e-01
1.241147816181182723e-01
1.159543078392744064e-02
-2.307530045509338379e-01
-4.078702926635742188e-01
-1.891451030969620029e-01
-2.381701320409775058e-01
-1.026208996772765975e-01
1.226265579462051530e-01
9.130548685789106889e-02
-1.335347723215818405e-02
5.149938166141510010e-02
-1.370843201875686368e-01
-9.598603099584579468e-02
-3.800280764698981545e-02
-1.324949562549591064e-01
2.705518305301666260e-01
2.348519712686538974e-01
1.351560950279235840e-01
1.044394746422767639e-01
9.631890803575515747e-03
-5.963564291596412659e-02
-1.312241703271865845e-02
-6.773458421230316162e-02
-1.060600876808166365e-01
-3.514431789517402649e-02
-9.118901938199995560e-02
-6.648210436105728149e-02
-1.523172762244939631e-02
4.441327974200248718e-02
7.382826507091522217e-02
1.017698943614959578e-01
4.928726330399513245e-02
-1.612950675189495087e-02
-8.288382552564144135e-03
-6.220159679651261070e-02
-7.182492315769195557e-02
-2.852394245564937592e-02
-5.139963328838349083e-02
2.394105866551399231e-02
-9.170677512884140015e-03
2.280597202479839672e-02
-1.168840937316417694e-02
-2.074637264013290405e-02
-2.031478658318519939e-02
1.734911650419235229e-02
-1.187255419790744781e-02
-2.038461342453956951e-02
-7.797102630138397217e-02
-1.148637458682060242e-01
-1.567225456237792969e-01
-5.517361313104629517e-02
-1.174742355942725996e-01
-1.389368176460266113e-01
-1.834762990474700928e-01
-1.134920790791511536e-01
-8.844192326068878174e-02
-2.808377705514431000e-02
-4.472691193223000267e-02
-8.391513675451278687e-02
-9.638319909572599931e-02
9.524174779653547807e-02
1.601627916097640991e-01
-1.021028533577919006e-01
-2.125483453273772638e-01
-3.157863020896912176e-01
-3.361638188362121582e-01
-2.548032402992248535e-01
-1.810849010944366455e-01
1.325559169054031372e-01
6.445986218750477705e-03
-1.673651859164237976e-02
-4.182373881340026855e-01
-3.223244249820709229e-01
-1.927859336137771884e-01
6.257134675979614258e-02
6.293100118637084961e-02
-3.923144564032554626e-02
-2.386905997991561890e-01
-9.956014156341552734e-02
5.808655917644501426e-02
3.245120346546173096e-01
1.510986387729644775e-01
-2.095714397728443146e-02
-1.652922332286834717e-01
-6.224250420928001404e-02
-9.434448927640916305e-02
-3.176689445972442627e-01
-4.125969707965850830e-01
-3.448145687580109198e-01
-3.968106955289841392e-02
1.410528272390365601e-01
4.292745515704154968e-02
-1.654874719679355621e-02
5.843089893460273743e-02
8.446636795997619629e-02
8.907575905323028564e-02
2.168754674494266163e-02
1.382773369550704956e-01
-1.310052350163459778e-02
-9.750954806804655595e-02
-5.474436283111571572e-02
-7.611154019832611084e-02
-1.010242179036140442e-01
-1.151592731475829939e-01
1.244191676378249983e-01
-2.542140707373619080e-02
-1.769999861717224121e-01
-1.153617575764656067e-01
5.101776123046875000e-02
-4.337701201438903809e-02
-1.449857503175735474e-01
-1.455056965351104736e-01
-2.213326692581176758e-01
-1.353264451026916504e-01
-1.400032788515090942e-01
-2.608331479132175793e-02
-6.805836688727139559e-03
4.745715856552124023e-02
-1.833660155534744263e-02
-1.523571312427520752e-01
-2.495350986719131470e-01
-1.915118992328644076e-01
-3.919367492198944092e-02
7.072714157402515411e-03
8.938864804804325104e-03
3.912274166941643455e-02
1.474594175815582553e-01
2.863827049732208252e-01
1.605374068021774570e-01
-8.899779058992862701e-03
2.300070971250534058e-02
-3.891813382506370544e-02
-4.905994608998297951e-02
-1.097201853990554810e-01
-2.548519372940063477e-01
-7.341154664754867554e-02
1.211623400449752808e-01
2.057141661643981934e-01
1.542652696371078491e-01
3.319623693823814392e-02
9.204836189746856689e-02
4.419308528304099343e-02
1.531950682401657104e-01
-3.781431913375855186e-02
-7.501360028982162476e-02
-1.452575996518135071e-02
7.108224183320999146e-02
-6.795269250869750977e-02
1.149800270795822005e-01
1.150457039475440979e-01
3.219001740217208862e-02
7.640185765922068682e-03
3.936462849378586509e-02
8.725907653570175171e-02
5.964573472738265991e-02
8.720408380031585693e-02
1.618161499500274658e-01
1.443061232566833496e-01
1.864943355321883878e-01
1.375079154968261441e-01
1.479077339172363281e-01
-4.733180254697799683e-02
-6.268919259309768677e-02
1.054229959845542769e-01
-1.252302341163158417e-02
1.599075496196746826e-01
1.066198199987411499e-02
-7.110463827848433060e-02
-4.906580783426761627e-03
-1.499827671796083797e-02
-3.660297254100442366e-03
-1.957418918609619141e-01
-5.227781832218170166e-02
-2.584150992333889008e-02
4.372585564851760864e-03
2.124714478850364685e-02
-1.356021687388419932e-02
-4.446811228990554810e-02
-3.248036280274391174e-02
-2.318601310253143657e-02
-4.805383086204528809e-02
-2.762044593691825867e-02
-5.391490831971168518e-02
4.742903634905815125e-02
7.307495921850203080e-02
8.821625262498855591e-02
7.186577422544360161e-04
-4.031568299978971481e-03
-9.150968492031096024e-02
-5.560225620865821838e-02
8.999388664960861206e-03
-2.303741872310638428e-02
4.757586866617202759e-03
9.497136808931827545e-03
1.296423655003309250e-02
-2.389792725443840027e-02
-1.190384104847908020e-01
-8.527886122465133667e-02
-6.572452187538146973e-02
-1.243443861603736739e-01
-8.562014997005462646e-02
7.070743292570114136e-02
6.977289915084838867e-02
2.095642266795039177e-03
3.339763581752777100e-01
2.356239110231399536e-01
3.002301752567291260e-01
1.132126972079277039e-01
4.588378220796585083e-02
7.168843597173690796e-02
1.433671712875366211e-01
1.280919015407562533e-01
2.056027948856353482e-01
1.461941003799438477e-01
5.031375959515571594e-02
-2.981036156415939331e-02
3.207110241055488586e-02
1.363959815353155136e-02
-4.962950199842453003e-02
-4.207461461191996932e-05
4.857807978987693787e-02
4.217689484357833862e-02
3.715453296899796226e-02
-2.869220823049544941e-02
-4.352126643061637878e-02
-3.262600675225257874e-02
1.344189979135989969e-02
1.027843542397022247e-02
-6.514200475066900253e-03
1.357162650674581528e-02
5.449581891298294067e-03
-7.344530895352364454e-03
-4.318954795598983765e-02
-4.621352627873421409e-02
-5.041417898610233583e-05
3.455035854130983786e-03
-2.173347398638725281e-02
-7.268919609487055865e-03
3.597029298543930054e-02
1.497405394911765879e-02
-4.100267216563224792e-02
-5.573606863617897034e-02
-2.368632331490517010e-02
9.186380356550216675e-02
1.568238064646720886e-02
-4.681551828980446556e-02
-7.917295210063455754e-03
-4.483257420361042023e-03
-5.418916419148445129e-02
-5.148439668118953705e-03
1.569910347461700439e-02
-1.497396547347307205e-02
-2.256906591355800976e-02
-1.260044332593679428e-02
2.943360805511474262e-02
1.776284538209438324e-02
-4.349395260214805603e-02
-4.684474319219588540e-02
9.552462399005889893e-02
5.431780964136123657e-02
-1.437893044203519648e-02
-1.322436779737472534e-01
-8.134029060602188110e-02
-1.193079445511102850e-02
-1.098328381776809692e-01
-4.853583499789237976e-02
-1.173843890428543230e-01
-9.331894665956495805e-02
-1.458517909049987793e-01
8.750699460506440944e-03
1.063186451792716980e-01
-5.526194814592599869e-03
-1.208181083202362061e-01
1.708854585886001587e-01
1.277110725641250610e-01
-4.944443702697753906e-02
8.672221750020980835e-02
-1.941734254360198975e-01
-1.684527695178985596e-01
1.894560009241104126e-01
-2.244653413072228432e-03
-1.874259263277053555e-01
-1.795650571584701538e-01
-1.119615510106086731e-01
-2.701826393604278564e-01
8.919181674718856812e-02
1.952811032533645630e-01
7.624168694019317627e-02
8.790780603885650635e-02
1.955973803997040072e-01
5.637761577963829041e-02
-1.594942063093185425e-01
-2.626000344753264826e-01
2.793284365907311440e-03
1.301082819700241089e-01
3.338199108839035034e-02
4.693820700049400330e-02
9.398116171360015869e-02
-1.304359287023544589e-01
-8.161320537328720093e-02
-2.334823757410048883e-01
-2.011127173900603970e-01
1.641015857458114624e-01
-1.087188497185707231e-01
-3.659345954656600952e-02
-1.065927644958719611e-04
-2.357541956007480968e-02
-1.513994112610816956e-02
-1.290969848632812500e-01
-6.623546034097672897e-02
-6.962167471647262573e-02
1.378805097192525864e-02
-6.537635624408721924e-02
-3.971023112535476685e-02
-4.338296502828598022e-02
3.221404505893588066e-03
-1.075809374451637268e-01
-6.867222487926483154e-02
5.897998437285422585e-02
5.065267905592918396e-02
4.640810936689376831e-02
-4.399529099464417198e-02
4.468958824872970581e-02
3.974294289946556091e-02
-1.076014153659343546e-02
-1.048520952463150024e-02
-8.728560805320739746e-02
6.967341154813766479e-02
1.595530807971954623e-01
-1.392106115818023404e-01
-1.597697148099541447e-03
-5.486438050866127014e-02
7.267726212739943070e-02
1.216516345739364485e-01
-8.690240979194641113e-02
5.250167101621627808e-03
1.109749544411897659e-02
1.081086322665214365e-02
4.538833722472191551e-02
3.970455378293991089e-02
5.286999791860580444e-02
4.981650784611701965e-02
-7.764588296413423019e-02
-2.842752030119299889e-03
2.604860253632068634e-02
-2.446548081934452057e-03
8.329556323587894440e-03
-7.993039675056934357e-03
-7.399366796016693115e-02
6.311490200459957123e-03
8.561836183071136475e-02
-1.963173970580101013e-02
-4.376683756709098816e-02
-6.101923808455467224e-02
-4.838210716843605042e-02
4.290911927819252014e-02
1.097850874066352705e-01
3.381807357072830200e-03
-1.828680932521820068e-02
-7.695899344980717573e-03
7.923650741577147050e-02
-2.783920429646969188e-02
3.289612382650375366e-02
-1.867702417075634003e-02
-1.012759953737258772e-01
-4.534761980175971985e-02
4.679290950298308632e-02
2.965410007163882256e-03
-1.592422649264335632e-02
-6.620204448699951172e-02
-1.343058049678802490e-01
-9.649388492107392745e-02
-3.250968828797340393e-02
6.547372043132781982e-02
6.016596779227257469e-02
3.976255655288696289e-02
3.944119811058045127e-02
8.433704823255538940e-02
-8.412013202905654907e-02
-7.556140422821044922e-02
-1.573395282030105591e-01
-1.662649959325790405e-01
-4.716749489307403564e-02
-2.144227363169193268e-02
3.272760286927223206e-02
-2.548126503825188030e-02
-2.006451040506363262e-02
-7.645549252629280090e-03
-4.798306897282599709e-02
-7.341181486845016479e-02
8.300614356994628906e-02
1.192976832389831543e-01
4.065305367112159729e-02
1.021152269095182419e-02
-4.581948276609182358e-03
1.520234160125255585e-02
-1.603286415338516235e-01
-1.946002244949340820e-01
8.794190944172441959e-04
-7.227355986833572388e-02
-1.708134412765502930e-01
-6.238123029470443726e-02
-3.536875173449516296e-02
-6.082130596041680076e-02
1.984596438705920826e-02
2.941664867103100170e-02
3.803172381594777541e-03
-2.739468961954116821e-02
6.499018520116806030e-02
-1.078280806541442871e-02
6.525042653083801270e-02
8.162219822406768799e-02
-9.081780165433883667e-02
7.489482872188090411e-03
-2.487109228968620300e-02
1.062767207622527903e-02
3.984070941805840232e-02
-6.256128102540969849e-02
-2.366642467677592884e-02
1.239874120801687241e-02
6.008201092481612465e-02
1.200806722044944763e-02
-4.847261309623718262e-02
-4.447079822421073914e-02
-1.121078897267580032e-02
-1.164802815765142267e-02
-2.461246959865092884e-02
-1.030311360955238342e-01
-7.376919686794281006e-02
-2.749572135508060455e-02
-5.593375489115715027e-02
-4.511721059679985046e-02
-1.132521405816078186e-02
5.025988817214966514e-02
1.343709081411361417e-01
1.303027868270874023e-01
2.730406448245048523e-02
-2.946196869015693665e-02
3.126268088817596436e-02
2.265936732292175571e-01
2.308565676212311069e-01
3.555976320058107810e-03
-6.682354211807250977e-02
2.205520868301391949e-02
-2.118282765150070468e-01
-1.965849101543426514e-01
-8.578021079301834106e-02
-3.222033679485321045e-01
-2.593887038528919220e-02
-3.249484598636627197e-01
-1.301608830690383911e-01
4.387946054339408875e-02
1.056604366749525070e-02
-7.382032275199890137e-02
1.810514628887176514e-01
1.254267543554306030e-01
1.820890605449676167e-02
-1.035792380571365356e-01
-9.876457601785659790e-02
4.575352370738983154e-02
1.093097701668739319e-01
-7.788207381963729858e-02
-1.588549166917800903e-01
-4.566982761025428772e-02
-6.237376853823662498e-02
-8.645260334014892578e-02
-5.492902919650077820e-02
-3.085910975933074951e-01
-1.716298866085707924e-03
-2.006304562091827393e-01
-6.481218338012695312e-02
-1.711676120758056363e-01
1.654985100030899048e-01
4.586147889494895935e-02
-7.153320475481451642e-04
-7.991760969161987305e-02
-6.500425189733505249e-02
-1.292988061904907227e-01
2.288441210985183993e-01
1.420246213674545288e-01
-1.155488267540931563e-01
-4.595868289470672607e-02
-2.240576222538948059e-02
-2.740747630596160889e-01
-5.619993060827255249e-02
-1.665537953376770020e-01
-5.967918634414672852e-01
-3.646523058414459229e-01
-1.341361850500106812e-01
6.352765858173370361e-02
-5.347950756549835205e-02
-1.003295332193374634e-01
-1.684913039207458496e-01
-1.093880310654640198e-01
-4.984929226338863373e-03
-2.065123319625854492e-01
-1.633106321096420566e-01
-1.055520027875900407e-01
-7.207294553518295288e-02
1.403237134218215942e-01
2.389916926622391025e-01
2.833420969545840523e-02
-1.199775934219360490e-01
-3.334667980670928955e-01
-1.270916908979415894e-01
-1.680741757154464722e-01
-8.987895399332047897e-02
-4.524400830268859863e-02
-2.099651377648114724e-03
1.030499637126922607e-01
-1.064619719982147217e-01
-6.347582489252090454e-02
-3.207331299781799316e-01
-1.513334512710571289e-01
-1.519815325736999512e-01
1.590072363615036011e-02
-8.196838945150375366e-02
8.978287689387798309e-03
-1.005190331488847733e-02
-1.360675971955060959e-02
-4.698127880692481995e-02
-1.076526120305061202e-01
-7.939213514328002930e-02
-2.251445502042770386e-02
-1.376234460622072220e-02
4.434110596776008606e-02
-2.576711028814315796e-02
-1.991336233913898468e-02
-6.180220842361450195e-02
-9.442044422030448914e-03
1.272573135793209076e-02
-7.873910479247570038e-03
-1.528948917984962463e-02
-4.333502054214477539e-02
-2.226134389638901104e-02
-6.770066916942597303e-03
-6.892792880535125732e-02
-3.183692460879683495e-03
2.729953080415725708e-02
1.051237154752015894e-02
-5.614268407225608826e-02
-9.787745028734207153e-02
-7.001261413097382980e-02
-5.249268561601638794e-02
5.775952246040105820e-03
2.521303854882716786e-02
2.662708982825279236e-02
-5.838481336832047203e-02
3.409212082624435425e-02
1.926722228527069092e-01
-3.205457236617804007e-03
-4.999641701579093933e-02
-1.896161213517189026e-02
-3.914059326052666404e-02
-5.307145789265632629e-02
-5.599786341190338135e-02
-1.584763228893280029e-01
-1.562541127204895020e-01
-2.166233398020267487e-02
4.854491353034973145e-02
-5.993739515542984009e-02
-1.225524321198463440e-01
-1.577828377485275269e-01
-8.270303905010222001e-02
-5.672631412744522789e-02
-9.166682511568069458e-02
-2.163755893707275391e-01
-1.029553040862083435e-01
2.149900794029235840e-02
-2.599371038377285004e-02
5.010165274143218994e-02
-6.010911986231803894e-02
2.997400425374508251e-02
9.825177490711212158e-02
1.905953628011048057e-03
-6.121884286403656006e-02
1.602083444595336914e-02
2.239318192005157124e-02
-1.020027026534080367e-01
9.756522253155708313e-03
-2.759654633700847973e-02
-9.011780843138694763e-03
-6.703234463930130005e-02
-1.738536544144153595e-02
2.618389390408992767e-02
2.185225021094083786e-03
-5.810608342289925315e-02
-3.272370621562004089e-02
6.150454655289649963e-02
3.207318857312202454e-02
-6.251639686524868011e-03
2.196749299764632832e-02
4.466658085584640503e-02
-7.025454193353652954e-02
-1.438147667795419693e-02
-8.215993642807006836e-03
1.700368709862232208e-02
9.006565809249877930e-02
6.219450011849404075e-02
1.205313298851251602e-02
-7.228824496269226074e-02
-3.445937857031822205e-02
-7.859233021736145020e-02
-2.328474447131156921e-02
-9.583187103271484375e-02
-3.882522135972976685e-02
2.253391221165657043e-02
1.034148968756198710e-02
-9.839458018541336060e-02
-1.032237708568572998e-01
-4.790652543306351402e-02
2.424953505396842957e-02
5.613832920789719322e-02
-3.077539429068565022e-02
-5.935186520218849182e-03
1.176887657493352890e-02
5.093909800052642822e-02
9.208250790834426880e-02
6.881551444530487061e-02
-3.569227084517478943e-02
1.040496453642845293e-01
-2.551412209868431091e-02
5.512407049536705017e-02
5.059987306594849500e-03
3.487459942698478699e-02
-6.658294051885604858e-02
4.869827628135681152e-02
-3.555957600474357605e-02
3.098099678754806172e-02
-3.050487861037254333e-02
-1.017576977610587935e-01
4.266786202788352966e-02
1.323174871504306793e-02
7.544039282947779569e-03
5.206742510199546814e-02
2.420088276267052044e-02
-8.334935456514358521e-02
4.757532849907875061e-02
-5.510718375444411538e-02
-8.425181359052658081e-02
-7.294145971536636353e-02
-4.450116306543350220e-02
-3.267497196793556213e-02
1.954169943928718567e-02
8.886240422725677490e-02
-1.725704222917556763e-02
3.251152858138084412e-02
-1.343280356377363205e-02
-1.081419438123703003e-01
-9.230193682014942169e-03
1.378864049911499023e-01
1.081957966089248796e-01
-5.580645054578781128e-02
1.081836409866809845e-03
-9.955694898962976283e-03
1.546543440781533501e-03
4.090144485235213540e-02
4.587734863162041404e-02
1.924227550625801086e-02
2.340430393815040935e-02
1.039259508252143999e-01
-1.141108721494674683e-01
-1.360630244016647165e-02
-1.184998545795679266e-02
-1.760890148580074310e-02
-7.583028078079223633e-02
2.307582087814808239e-02
-1.154347416013479233e-02
9.592618793249130249e-03
-1.248071566224098206e-01
-7.567553222179412842e-02
-1.856749691069125782e-02
-8.599207736551763362e-03
-3.222987055778503418e-02
4.270382598042488098e-02
9.373021125793455643e-02
4.800576251000165939e-03
5.095063894987106323e-02
-2.211185917258262634e-02
3.697552159428597190e-02
-4.543228074908256531e-02
-1.288907416164875031e-02
-4.911507293581962585e-02
-6.835583597421646118e-02
-4.138106480240821838e-02
-4.601165279746056297e-02
-5.151994992047547427e-03
-2.770157903432846069e-02
7.470045238733293014e-02
1.820174977183341980e-02
2.023267792537808418e-03
-3.558994457125663757e-02
-1.350981276482343674e-02
3.807990998029708862e-02
3.451729938387871482e-02
1.261787395924329758e-02
2.738888747990131725e-02
2.085162512958049774e-02
3.189346566796302795e-02
-7.794777862727642059e-03
1.572340913116931915e-02
-4.443200014065951109e-04
-4.491664469242095947e-02
-4.978497046977282438e-03
3.421435365453362465e-03
-3.551075235009193420e-02
-2.616785652935504913e-02
8.562970906496047974e-02
-3.815518692135811546e-02
-3.222461417317390442e-02
4.963168501853942871e-02
1.237580180168152029e-02
-1.999166794121265411e-02
4.680897668004035950e-02
7.503858767449856672e-03
-5.203660205006600120e-02
5.266924202442168496e-02
-4.964447766542434692e-02
2.593415789306164135e-02
1.415857858955859964e-02
1.326935365796089172e-02
-7.955256104469299316e-02
-4.751979187130928040e-02
1.687537995167076588e-03
-1.556092780083418066e-02
1.830385811626910816e-02
1.249894220381975174e-02
-3.680098056793212891e-02
-4.639183357357978821e-02
-1.688925176858901978e-02
2.575412951409816742e-02
-3.400583565235137939e-02
-1.659393496811389923e-02
4.285773634910583496e-02
5.813188850879668496e-02
4.176461696624756553e-02
1.159870997071266174e-02
-1.066733747720718384e-01
2.378822490572929035e-02
3.938284702599049482e-03
-4.294236376881600120e-02
2.206463832408189340e-03
3.893754258751868508e-02
-6.135449185967444680e-02
3.119172900915146221e-02
6.308151036500930786e-02
-2.550158277153968811e-02
-1.335962489247322083e-02
-1.300058979541063135e-02
-2.093723416328430176e-02
1.462396979331970215e-01
6.000559031963349083e-02
4.708881303668022156e-02
9.414311498403547807e-02
7.494945824146270752e-02
1.413334310054779053e-01
-4.188370704650878906e-02
5.302143748849629488e-03
-4.971310496330261230e-02
-2.288445085287094116e-02
4.429072607308626175e-03
2.186200581490993153e-02
5.041889846324921348e-02
-1.066432073712348938e-01
-2.583133056759834290e-02
-1.500591933727264404e-01
-1.350842714309692383e-01
-1.114443317055702209e-01
-9.225237183272840327e-03
-6.748087704181671143e-02
-9.214419871568679810e-02
-2.923718187958002090e-03
-1.991257630288600922e-02
3.752778097987174988e-02
7.962503284215927124e-02
1.431364417076110840e-01
1.829030960798263550e-01
-2.700259676203132109e-03
-5.317325145006179810e-02
4.951043054461478493e-02
-3.243865072727204063e-02
-2.628733515739440918e-01
-1.675761640071868896e-01
-6.208078563213349083e-02
-1.547341048717498779e-01
-4.352680407464504242e-03
6.622755527496337891e-02
-5.791707709431647561e-02
1.725388504564761769e-02
-3.804318606853485107e-02
-1.830951124429702759e-01
-2.884506881237030029e-01
-1.825967282056808472e-01
1.511312574148178101e-01
1.956019923090934753e-02
9.128104150295257568e-02
-1.307916343212127408e-01
-1.995751708745956421e-01
-1.308812797069549561e-01
1.346145290881395166e-02
-3.126646578311920166e-02
9.398140758275985718e-02
-1.132753193378448486e-01
3.884199250023812056e-04
-4.489119164645671844e-03
8.445091545581817627e-02
-2.368559315800666809e-02
1.425077170133590698e-01
-1.366735100746154785e-01
-1.004295274615287781e-01
-4.309179261326789856e-02
-5.655089020729064941e-02
4.106833040714263916e-02
5.271052941679953661e-03
1.148277707397937775e-02
2.406503073871136059e-02
-5.721347406506537697e-02
7.508207857608795166e-02
1.209713052958250046e-02
6.117273494601249695e-02
-5.297406017780303955e-02
3.155572712421416542e-02
-6.728747393935918808e-03
7.646780461072923141e-02
-5.794927012175321579e-03
-3.271471336483955383e-02
2.112095989286899914e-02
-8.981584012508392334e-02
4.802610725164413452e-02
-1.995971240103244781e-02
4.799206275492907438e-03
4.555715993046760559e-02
7.950289547443389893e-02
7.743370253592729568e-03
1.230903901159763163e-02
2.166601596400141282e-03
1.278956141322851181e-02
-2.143086167052387758e-03
-6.783568114042282104e-02
-1.022231206297874312e-01
-2.288633026182651520e-02
-4.718665406107903221e-02
2.139037661254405975e-02
7.222491502761840820e-02
9.665228426456452804e-02
4.798477515578269958e-02
-2.538419514894485474e-02
-7.730316836386919022e-03
-5.437666177749633789e-02
3.128341585397720337e-02
-1.482677832245826895e-02
-1.767097041010856628e-02
9.380974620580671830e-02
-8.246438205242156982e-02
-8.971234783530233556e-03
4.383404552936553955e-02
-4.147292301058768532e-02
-1.116778049618005753e-02
-2.965137548744678150e-02
4.049075022339821556e-02
-1.492090430110693151e-02
-5.758111830800771713e-03
6.644976139068603516e-02
-5.307192727923393250e-02
-4.468996822834014893e-02
-9.474533796310423417e-02
1.653031259775161396e-02
2.416872791945934296e-02
2.376051805913448334e-02
9.140648879110813141e-03
2.986349165439605713e-02
1.144231632351875305e-01
7.381480187177658081e-02
3.088559582829475750e-02
-6.703650206327436967e-02
1.615495048463344574e-02
-7.110209017992019653e-02
-5.245444551110268333e-02
-7.096543908119203048e-02
2.246847935020923961e-02
5.687001347541809082e-02
6.486523896455764771e-02
-7.990883663296699524e-03
-7.357738912105560303e-02
-1.079535670578479767e-02
5.829096585512161255e-02
9.098351746797563033e-02
4.843721166253089905e-02
4.379978030920028687e-02
1.531435102224349976e-01
-4.703337326645851135e-02
-1.094613671302795410e-01
1.797139272093773235e-02
-2.167604863643646240e-02
1.260489877313375646e-02
-8.921572566032409668e-02
-1.540348231792449951e-01
-3.323723562061787085e-03
6.558066606521606445e-02
-4.780904948711395264e-02
-9.800513088703156905e-02
-1.797233894467353821e-02
-7.143730670213700729e-02
3.359511867165564797e-02
-9.135641902685164017e-02
-1.023703217506408691e-01
-1.714260503649711609e-02
-9.716840833425521851e-02
8.240709081292152405e-03
-6.516898423433303833e-02
4.711966961622238159e-02
8.835411281324921954e-04
5.164204537868499756e-02
-4.089463502168656089e-02
7.429693639278411865e-02
4.633225500583648682e-02
1.932290196418762485e-01
-4.630823060870170593e-02
-5.796270817518233559e-02
-3.723131492733954689e-02
-3.175265341997145913e-02
-1.852660998702048908e-02
-1.546351611614227295e-01
-7.074549049139022827e-02
-1.419392973184585571e-01
-6.434412207454442978e-03
-7.382044941186904907e-02
-3.276168555021286011e-02
-3.067469783127308239e-02
-3.427299857139587402e-02
-4.814986139535903931e-02
2.294085788889787752e-05
-7.984292507171630859e-02
-8.843223750591278076e-02
-1.001633778214454790e-01
6.372720748186111450e-02
1.592583395540714264e-02
8.238219469785690308e-02
1.132254227995872498e-01
3.473220393061637878e-02
1.002935785800218582e-02
-3.279104130342603163e-03
8.424906060099601746e-03
-2.558183390647172928e-03
-6.553708761930465698e-02
-3.698170557618141174e-02
-7.797876745462417603e-02
1.400283444672822952e-02
-9.769269265234470367e-03
6.880030781030654907e-02
1.872943900525569916e-02
-7.185373455286026001e-02
1.439618784934282476e-02
1.553163863718509674e-02
-4.479225724935531616e-02
5.277671292424201965e-02
7.313927263021469116e-02
1.591889001429080963e-02
-2.477170526981353760e-02
-1.801614090800285339e-02
-2.235203981399535786e-02
-6.000900641083717346e-02
3.972243145108222961e-02
1.187093853950500488e-01
3.731156885623931885e-02
6.153005640953779221e-03
3.305530548095703125e-02
-4.816769436001777649e-02
-1.230242028832435469e-01
-6.479408591985702515e-02
-4.951861500740051270e-02
-8.052618801593780518e-02
9.021136909723281860e-03
-4.661222919821739197e-03
-1.491878628730773926e-01
2.998588047921657562e-02
-8.408454246819021052e-03
-4.275896586477757368e-03
6.396425887942314148e-03
4.233950003981590271e-02
2.726521901786327362e-02
5.271589756011962891e-02
6.375914812088012695e-02
5.273218825459480286e-02
1.268287003040313443e-01
3.725718334317206643e-02
1.991043984889984131e-01
-4.682973027229309082e-02
6.979562342166900635e-02
8.034808933734893799e-02
8.740389347076416016e-02
2.082170173525810242e-02
-1.135845184326172014e-01
3.405753150582312844e-02
-8.278197795152664185e-02
-5.979729071259498596e-02
-3.124631755053997040e-02
-1.073255538940429688e-01
-1.505889147520065308e-01
-2.706834860146045685e-02
2.180488407611846924e-02
-1.688052713871002197e-02
1.245905179530382156e-02
1.032981425523757935e-01
-5.261723697185517051e-02
-1.649472303688525807e-02
3.737191483378410339e-02
-5.728349462151527405e-02
-1.374442428350448608e-01
-1.696693003177642822e-01
-1.048598140478134294e-01
1.837654621340334415e-03
2.589507587254047394e-02
1.576380133628845215e-01
6.206764373928309354e-03
3.352972865104675293e-02
5.844681523740292463e-03
4.652842506766318581e-02
-3.062662854790688255e-02
-3.642977029085158608e-02
-8.344175666570662064e-02
-9.389142692089079423e-02
-1.351615190505981445e-01
-1.432975679636001587e-01
-6.824341416358947754e-02
-3.818939253687857888e-02
1.093776598572731018e-01
6.938403099775314331e-02
5.193587020039558411e-02
8.663015067577362061e-02
1.111773326992988586e-01
1.222876682877540450e-01
1.121794283390045305e-01
1.149897798895836015e-01
9.999141842126846313e-02
-1.210495084524154802e-01
-8.804501593112945557e-02
-5.328396335244178772e-02
-1.099210325628519058e-02
-5.325389280915260315e-02
4.819362983107566833e-02
-1.227583289146423201e-01
-9.899382293224336105e-02
5.272995680570601723e-02
-3.698237612843513489e-02
-7.707853335887193680e-03
5.672099068760872581e-02
7.770673930644989014e-02
9.139410220086576289e-03
4.062763880938292417e-03
4.413267970085144043e-02
-4.229440912604331970e-02
9.644711762666702271e-02
-1.614313945174217224e-02
5.860626231878995895e-03
7.860036939382553101e-02
-2.943428698927164078e-03
1.040924247354269028e-02
-3.967247530817985535e-02
-1.089817583560943604e-01
-1.890267059206962585e-02
1.051083877682685991e-01
1.178004816174507280e-01
7.201826572418212891e-02
1.688167266547679901e-02
-9.855555370450019836e-03
4.453674703836441040e-02
-5.098536983132361672e-02
-3.630213439464569092e-02
-1.255021896213293076e-03
-2.183330617845058441e-02
5.894516408443450928e-02
-3.490746021270751953e-02
-6.185118574649096403e-03
2.649227529764175762e-02
5.107727646827698448e-02
1.366010755300522128e-01
1.290650218725204468e-01
1.298427432775497437e-01
-9.074151515960691625e-03
6.787816062569618225e-03
-6.429451052099465456e-03
5.328314378857612610e-02
-4.947817698121071556e-02
-4.685518145561218262e-02
4.307254776358605125e-02
9.692871826700867307e-04
-3.753301501274108887e-02
5.374953895807266235e-02
-4.328418523073197105e-02
2.311373129487037659e-03
-2.602913603186607361e-02
-1.006985008716583252e-01
1.033365726470947266e-02
-7.963570207357408004e-02
-7.498116791248322921e-02
-4.953330848366022110e-03
8.301042020320892334e-02
3.683934221044182777e-03
1.266013532876968384e-01
1.843277513980865201e-01
1.844055950641632080e-01
8.538917452096939087e-02
-6.621649116277694702e-02
6.373851001262664795e-02
8.676951378583908081e-02
2.490842528641223907e-02
3.751976042985916138e-02
4.406755045056343079e-02
2.030197298154235320e-03
-3.283130377531051636e-02
1.830313913524150848e-02
1.909214071929454587e-03
-6.102323904633522728e-02
-5.602826178073883057e-02
5.665038898587227562e-02
3.624821454286575317e-02
1.504673529416322882e-02
7.792734354734420776e-02
4.254125058650970459e-02
-1.143417693674564362e-02
-6.926393136382102966e-03
-1.956382766366004944e-02
5.440543591976166465e-02
3.830553591251373291e-02
4.213026165962218544e-02
1.204919964075088501e-01
-4.493736475706100464e-02
-1.709893159568309784e-02
2.946286089718341827e-02
4.198268987238407135e-03
-3.580318391323089600e-02
-5.075178667902946472e-02
9.159064502455293048e-04
5.100202281028032303e-03
2.370799705386161457e-02
2.724109403789043773e-02
6.174311973154545698e-03
8.087261021137237549e-02
-1.288198214024305170e-02
1.639838814735412598e-01
1.586540937423706055e-01
1.760519109666347504e-02
8.511112630367279053e-02
-1.409291028976440430e-01
-5.721854418516159058e-02
-5.236436799168586731e-02
4.056629538536071777e-02
8.349428325891494751e-02
4.598589148372411728e-03
-8.835404179990291595e-03
-1.198204420506954193e-02
1.381668448448181326e-02
4.401777405291795731e-03
-1.031664479523897171e-02
-2.276398986577988018e-02
5.874386057257652283e-02
1.920551876537501595e-03
1.031015664339065691e-01
4.798790439963341453e-02
-2.198589220643043865e-02
-1.532381307333707809e-02
5.285071209073066711e-02
7.475281506776809692e-02
5.932379141449927590e-02
1.733618415892124176e-02
-1.404652372002601624e-02
-3.854249790310859680e-02
7.080283015966415405e-02
2.391024027019739151e-03
4.007696732878684998e-02
-7.004512846469879150e-02
-1.382394731044769287e-01
7.537966966629026933e-02
5.829570814967156150e-02
2.638473175466060985e-02
1.201685797423124313e-02
-4.366150591522454348e-03
7.238758727908134460e-03
2.328396402299404144e-02
-5.998418480157852173e-02
8.429156243801116943e-02
-3.234845027327537537e-02
-8.107708394527435303e-02
1.465413533151149750e-02
6.200032308697701194e-02
4.787644837051630020e-03
2.339696511626243938e-02
3.503320738673210144e-02
-2.230922318994998932e-02
5.068264901638031006e-02
-1.989695988595485687e-02
5.507131572812796506e-03
2.328822761774063110e-02
-1.997348666191101074e-02
-1.573291956447064877e-03
-2.107885107398033142e-02
5.474760010838508606e-02
6.148176640272141197e-02
6.236177869141102705e-03
8.797516115009784698e-03
5.907478556036948464e-02
-3.659067675471306541e-02
-1.215619617141783237e-03
-4.875189438462257385e-02
1.930544711649418224e-02
-3.606202825903892517e-02
9.076952934265136719e-02
4.856353998184203408e-02
-2.414702996611595154e-02
-9.424707293510435624e-02
-3.402512893080712059e-02
-2.799489535391331066e-02
-4.102811217308045127e-02
-4.063075408339500427e-02
2.863668836653232574e-02
2.300285734236240387e-02
-8.455203473567962646e-02
-1.651807129383087158e-01
-1.097907721996307373e-01
-1.018986105918884416e-01
4.331208765506743691e-02
-1.628954112529754639e-01
-6.943177431821823120e-02
-6.049891933798789978e-02
-1.355242282152175903e-01
-1.377420574426651001e-01
-6.796992570161819458e-02
-2.121687233448028842e-01
-7.252573221921920776e-02
2.771632745862007141e-03
4.629617091268301010e-03
5.330080166459084424e-03
-8.574724197387695312e-02
-2.958107180893421173e-02
6.896465085446834564e-03
-4.789347946643828652e-02
1.314651872962713068e-02
5.723894387483597496e-02
1.089229658246040344e-01
3.904632525518536568e-03
-5.775750055909157493e-02
-3.258242905139923096e-01
-1.705569475889205933e-01
-7.043818384408950806e-02
-9.282644093036652999e-02
-3.151759505271911621e-02
-1.731787808239459991e-03
-4.242052510380744934e-02
4.972731694579125318e-03
3.476468473672866821e-02
-8.859584480524063110e-02
-6.210127845406532288e-03
8.998530358076095581e-02
1.627640984952449799e-02
-2.854969166219234467e-02
-8.884233422577381134e-03
-3.082246147096156727e-02
-2.584189735352993011e-02
-2.466594427824020386e-02
6.553573184646666050e-04
1.610135659575462341e-02
-2.591191325336694717e-03
-5.039732158184052208e-02
-1.080606970936059952e-02
-3.960353508591651917e-02
-6.599103659391401810e-02
-3.710452234372497039e-03
-2.355550602078437458e-02
-2.170571871101855885e-02
-2.422957913950085640e-03
-1.259985007345676422e-02
4.789750277996063232e-02
2.303334884345531464e-02
-4.159787669777870178e-02
6.660892162472010526e-03
-2.248176559805870056e-02
-3.149967268109321594e-02
-1.601953990757465363e-02
2.135303802788257599e-02
-7.452664524316787720e-02
-9.918775409460067749e-02
4.948126524686812661e-02
4.007361829280853271e-02
1.270419824868440628e-02
4.578536376357079246e-02
1.223954558372497732e-02
-6.039143539965152740e-03
-2.606965601444244385e-02
8.923150599002838135e-02
-2.152245864272117615e-02
-5.693894252181052468e-02
6.956875324249267578e-02
-1.899035647511482586e-02
4.796909540891646645e-02
-7.050261367112398148e-03
3.747416660189628601e-02
6.935132294893264771e-02
-1.475985161960124969e-02
1.580951968207955360e-03
2.453401219099760056e-03
-2.398950047791004181e-02
-1.501544862985610962e-01
-9.213783591985703902e-02
8.750153332948684692e-02
5.700813606381416321e-02
1.740305870771408081e-02
-1.681545563042164196e-02
3.631152212619782188e-02
4.772961139678955078e-03
-1.901615969836711884e-02
9.746371954679487748e-02
-3.204974159598350525e-02
-4.785306379199028015e-02
1.976123265922069203e-02
-7.232856005430222945e-02
1.146913319826125925e-02
-2.233827114105224609e-02
-2.062022686004638672e-02
2.367672976106405258e-03
2.831500768661498676e-02
3.880171477794647217e-02
7.714127656072378159e-03
-4.644967615604400635e-02
-1.721808128058910370e-02
-5.426793172955513000e-02
-3.393871709704398415e-02
-4.511300101876258850e-02
-1.731601729989051819e-02
-1.181879714131355286e-01
-1.963352411985397339e-02
2.108969539403915752e-02
4.161694273352622986e-02
3.848784789443016052e-02
1.105740219354629655e-01
-4.784542694687843323e-02
1.131531149148941040e-01
5.969459190964698792e-02
4.048091545701026917e-02
-6.728244479745625582e-03
-4.659451171755791404e-02
-1.012795194983482361e-01
-3.076804578304290771e-01
-1.890041232109069547e-01
-2.031135708093643188e-01
-7.767157256603240967e-02
-3.722331672906876304e-02
-8.992338553071022034e-03
1.125102862715721269e-01
1.370569020509719849e-01
-5.854264646768569946e-02
-5.348777770996093750e-02
7.377564162015914917e-02
2.225413918495178500e-01
7.848329097032546997e-02
8.672136068344116211e-02
7.855133712291717529e-02
4.687802400439978513e-03
1.697891652584075928e-01
8.572810143232345581e-02
-1.570491939783096591e-01
-1.853767335414886475e-01
-6.792332977056501908e-02
1.395609676837921143e-01
-6.925374269485473633e-02
-2.972706854343414307e-01
-8.728434890508653121e-02
-4.240775108337401650e-02
-1.231161430478096008e-01
1.210784539580345293e-01
5.525390431284905174e-02
-9.090732783079147339e-02
-5.851403623819351196e-02
-4.032187461853026789e-01
-3.809113204479217529e-01
-9.498853236436843872e-02
4.757238924503326416e-02
5.434405803680419922e-02
-8.972098119556903839e-03
9.774409234523771459e-03
2.352113649249076843e-02
-4.458311945199966431e-02
-2.682258561253548015e-02
-3.208744525909423828e-02
-8.236309140920639038e-02
-1.981130614876746784e-02
2.358421869575977325e-02
1.824235469102859497e-01
1.993175745010375977e-01
4.673762619495391846e-02
1.087874099612236023e-01
2.253433614969252985e-01
5.595352873206137917e-02
-1.118584573268890381e-01
2.704345621168613087e-02
5.262473225593566895e-02
6.540331244468688965e-02
-8.692791312932968140e-02
-8.695098012685775757e-02
4.638612270355225303e-02
2.412663586437702526e-02
7.488216459751129150e-02
-2.971015684306621898e-02
9.351953864097596603e-02
1.167839244008064548e-01
8.330807834863662720e-02
7.560375961475074291e-04
2.532284893095492970e-02
6.803118437528610229e-02
1.083371862769126753e-01
1.176687702536582947e-02
-1.671121083199978222e-02
8.408078923821449280e-03
-5.589837580919266441e-02
-2.770031429827213287e-02
-3.854532912373542786e-02
5.599649623036385450e-03
3.857438638806343079e-02
2.237489819526672363e-02
3.500889986753463745e-02
5.328228324651718140e-02
4.273420572280883789e-02
-8.334264159202575684e-02
-4.101648181676865318e-02
3.246848657727241516e-02
-6.658763438463211060e-02
-1.345378905534744540e-01
5.389502737671136856e-03
2.966161444783210754e-02
-4.174450412392616272e-02
4.152673855423926613e-02
1.093660891056060791e-01
8.747415244579315186e-02
-2.781714685261249195e-02
3.517227247357368469e-02
9.570241719484327836e-02
9.914211183786392212e-02
3.270782157778739929e-02
-3.108738921582698822e-02
3.509731218218803406e-02
-1.014455184340476990e-01
-1.601255983114242554e-01
5.596506595611571572e-02
4.007031023502349854e-02
3.951061889529228210e-02
-5.996039509773255088e-02
5.555252730846405029e-02
5.391533300280570984e-02
-4.230084829032421112e-03
4.835620988160371780e-03
1.400140672922134399e-01
6.147717684507369995e-02
7.933111488819122314e-02
1.521016359329223633e-01
1.091020256280899048e-01
2.620844356715679169e-02
6.937508285045623779e-02
-8.168382942676544189e-02
-1.886281073093414584e-01
-7.664735615253447099e-02
2.645551860332489014e-01
2.411470860242843905e-01
1.453726589679718018e-01
1.457300931215286532e-01
-1.805445402860641202e-01
-2.945772111415863037e-01
-5.881879851222037575e-02
-6.056432053446769714e-02
2.367222458124161044e-01
1.656890213489532471e-01
-2.810359187424183239e-02
-5.051754415035247803e-03
1.219118479639291937e-02
3.549189493060112000e-02
-5.831889808177947304e-02
-7.455148547887802124e-02
-2.807387709617614746e-01
-2.221053689718246460e-01
-1.716522872447967529e-01
-3.340459242463111877e-02
-6.446418818086385727e-03
-1.384372860193252563e-01
-1.014360710978507996e-01
-1.878888905048370361e-01
-7.975043356418609619e-02
-1.198514476418495317e-01
-2.099470645189285278e-01
-2.229738384485244751e-01
-1.916651725769042969e-01
-6.491966545581817627e-02
-1.199145242571830750e-01
4.416144266724586487e-02
2.852986194193363190e-02
-1.071535944938659668e-01
-7.032508403062820435e-02
-6.628397852182388306e-03
1.061380431056022644e-01
4.131998494267463684e-02
-4.149213433265686035e-02
-7.133971154689788818e-02
-9.583257883787156539e-02
-3.464784100651741028e-02
-2.377721518278121948e-01
-2.825629711151123047e-01
-1.071335002779960632e-01
-1.209255028516054153e-02
-6.579508632421493530e-02
-5.130935087800025940e-02
-8.055172860622406006e-02
3.852022439241408608e-02
6.446820497512817383e-02
1.097584590315818787e-01
6.542835384607315063e-02
1.298083364963531494e-01
4.050597175955772400e-02
9.498595446348190308e-02
2.202697470784187664e-02
-1.746923848986625671e-02
4.585286229848861694e-02
1.111509799957275391e-01
2.149218618869781217e-01
8.027777075767517090e-02
5.699571594595908425e-02
1.379878520965576172e-01
6.235950812697409890e-02
7.229949533939362960e-02
4.657544568181037903e-02
2.004258334636688232e-02
5.166812613606452942e-02
9.940119087696076827e-02
7.811673730611801147e-02
-6.549292709678411484e-03
-5.323928594589234092e-02
-1.525300927460193808e-02
4.713829234242438576e-02
-8.925375342369079590e-02
-7.232610881328582764e-02
-1.395740173757076437e-02
3.210825845599174500e-03
-2.562635019421577107e-02
7.721393555402755737e-02
-3.561495989561080933e-02
-4.000060632824898460e-02
-8.454857394099235535e-03
-1.943979412317276001e-02
-4.747021198272705078e-02
1.060373522341251373e-02
6.975086033344268799e-02
-2.312643826007843018e-02
-3.844505921006203392e-02
-5.265105515718460083e-02
8.249065838754177094e-03
1.874264888465404510e-02
-5.226147919893264771e-02
-1.263017058372497559e-01
-1.390828490257263184e-01
-2.279330976307391773e-02
-1.679510325193405151e-01
4.667622596025466919e-02
1.332291122525930405e-02
1.981283351778984070e-02
4.979897662997246482e-02
1.023948714137077193e-01
9.107482433319093185e-02
-2.442175149917602539e-02
-4.381707310676574707e-02
-1.259866207838058472e-01
-1.021838188171386892e-02
-8.995050191879272461e-02
4.260051064193249616e-03
1.145531088113784790e-01
2.403213270008563995e-02
1.460338532924652100e-01
8.305532485246656937e-02
-1.540652513504028598e-01
-2.381300181150436401e-01
-2.057387083768844882e-01
-2.476755976676940918e-01
-1.214442998170852800e-01
2.634719572961330414e-02
1.550632435828447168e-02
1.119942441582679610e-01
-3.548794612288475037e-02
-7.349165529012680054e-02
-2.508166432380676270e-01
-5.490185692906379700e-02
-2.318878658115864147e-02
-7.124932110309600830e-02
1.202998682856559753e-01
4.387474060058593750e-02
-3.550012707710266113e-01
-1.122205629944801192e-01
3.717203810811042786e-02
6.193808466196060181e-02
1.774855516850948334e-02
-3.423128649592400291e-02
-4.465177282691001892e-02
-9.795675426721572876e-02
2.851056866347789417e-02
-7.183249294757843018e-02
2.492675371468066822e-02
-3.562752902507781982e-02
-1.267604827880859375e-01
-2.570396959781646729e-01
-8.888697624206542969e-02
5.603714659810066223e-02
-9.488225914537907731e-04
-1.493099629878997803e-01
-1.334670782089233398e-01
2.609904855489730835e-02
-1.680404320359230042e-02
-2.283795773983001431e-01
-1.099995002150535583e-01
-1.037374138832092424e-01
7.002882659435272217e-02
6.500109285116195679e-02
9.543939679861067338e-02
-1.545874774456024170e-01
-1.664744615554809570e-01
-2.306966930627822876e-01
-3.274352289736270905e-03
-3.017854643985629082e-03
-7.732556760311128097e-02
-1.348090767860412598e-01
-2.520436942577362061e-01
-1.629439294338226596e-01
1.982533372938632965e-02
9.234368801116943359e-02
-2.129540890455245972e-01
-2.017481178045272827e-01
-4.501445218920708397e-02
9.406762570142745972e-02
-1.927023977041244507e-01
-1.251975893974304199e-01
4.745643213391304016e-02
1.374937891960144043e-01
-8.759990334510801835e-02
-8.585190773010253906e-02
1.233473122119903564e-01
4.377994686365128257e-02
-7.879531383514404297e-02
-1.109040230512619019e-01
-7.277940958738327026e-02
-9.224475175142286820e-02
3.341555967926979065e-02
-8.538901060819625854e-02
-5.996639654040335915e-02
-4.283634573221206665e-02
1.983645744621753693e-02
6.835035979747772217e-02
6.588982790708541870e-02
5.809941515326499939e-02
-6.271930783987045288e-02
-6.937418878078460693e-02
-1.845185011625289917e-01
-7.376553118228912354e-02
-8.428537845611572266e-02
-4.255940392613410950e-02
-1.344459503889083862e-01
-6.181567907333374023e-02
3.579322993755340576e-02
-3.011603141203523116e-03
-9.316975623369216919e-02
-7.250212132930755615e-02
6.398170441389083862e-02
-2.401142939925193787e-02
-1.649664491415023804e-01
-1.009560748934745789e-01
-7.349027693271636963e-02
-4.888782277703285217e-02
-4.770148918032646179e-02
-1.643547117710113525e-01
-5.031300708651543357e-02
-1.881950050592422485e-01
-1.050265580415725569e-01
-1.029019132256508012e-01
8.247929066419601440e-02
4.072875156998633644e-02
1.319634914398193637e-01
-5.257759615778923035e-02
-3.572273254394531250e-02
7.216155529022218185e-02
-1.557718031108379364e-02
-8.703860640525817871e-02
-1.917416751384735107e-01
-6.333806365728376908e-02
-1.065048426389694214e-01
1.451860461384058172e-02
8.121433109045028687e-02
-1.064572334289550781e-01
-3.891821578145027161e-02
-7.984264194965362549e-02
1.004670653492212296e-02
1.364792734384536743e-01
2.106486819684505463e-02
-1.033159065991639917e-02
-2.453089691698551178e-02
-3.214623034000396729e-02
-1.112331897020339966e-01
-6.196232512593268654e-02
-1.208858489990234514e-01
3.932920470833777687e-02
-3.483176976442337036e-02
-4.790607839822768471e-02
-2.983789145946502339e-02
-2.825299045071005821e-03
-2.175813168287276875e-02
6.669569760560989380e-02
4.927986487746238708e-02
6.013226881623267434e-02
-7.778110355138778687e-02
4.526326805353164673e-02
-2.778014540672302593e-02
-5.356483533978462219e-02
-3.709165379405021667e-02
-5.022735893726348877e-02
-5.446324497461318970e-02
3.795292228460311890e-02
1.532365754246711557e-02
-1.804572297260164781e-03
5.591257661581040123e-02
-1.118462532758712769e-02
-4.594187811017037132e-02
-2.730877138674259186e-02
6.521126721054315567e-03
5.974423140287399292e-03
1.101108733564615076e-02
2.035845071077346802e-02
3.537457808852196434e-02
1.537604350596666336e-02
-4.645707458257675171e-02
2.413958124816417347e-02
7.037292420864105225e-02
-2.217700332403182983e-02
1.139173167757689953e-03
-8.567204326391220093e-02
-1.107879430055618425e-01
-8.425129204988479614e-02
-6.364656239748001099e-02
-7.057332247495651245e-02
-2.327780984342098583e-02
1.142766252160072465e-01
-8.007921278476715088e-02
-8.184422552585601807e-02
-6.293225288391111893e-02
-1.424545794725418091e-02
-2.133321613073348999e-01
-2.658720612525939941e-01
-8.425866812467575073e-02
-4.439726099371910095e-02
-2.600307576358318329e-02
1.477132290601730624e-01
2.498101592063904086e-01
1.506977677345275879e-01
-7.149899005889892578e-02
-6.444658152759075165e-03
-2.092726230621337891e-01
-2.011835873126983920e-01
-2.472128123044967929e-01
-1.290204375982284546e-01
1.392949670553207397e-01
-4.679127410054206848e-02
2.388772182166576385e-02
-1.687299013137817383e-01
-7.442661374807357788e-02
-4.395535588264465332e-02
-3.141522035002708435e-02
1.274272799491882602e-01
2.434548586606979370e-01
3.124277293682098042e-02
-8.177414536476135254e-02
-1.229793354868888716e-01
-9.598559141159057617e-02
-7.481857389211654663e-02
8.624010719358921051e-03
1.461829841136932373e-01
2.036144882440567017e-01
3.698791563510894775e-02
9.558127820491792159e-02
8.098091185092926025e-02
-1.123598739504814009e-01
-2.704060822725296021e-02
-2.546860463917255749e-02
-2.022611200809478760e-01
-2.280007898807525635e-01
-8.655966073274612427e-02
-8.157755434513092041e-02
-6.072106584906577370e-02
-1.089647412300110037e-02
-1.273431070148944855e-02
6.249118223786354065e-02
-7.758935447782278061e-03
3.603062406182288430e-02
2.542258501052856445e-01
1.758614778518676758e-01
7.988971471786499023e-02
-3.342840075492858887e-02
-7.844943553209304810e-02
-3.309758901596068781e-01
-1.996825188398360651e-01
-6.419672816991806030e-02
1.730960905551910400e-01
1.390128731727600098e-01
1.765594352036714554e-03
-1.399756222963333130e-01
-1.618550419807434082e-01
-2.532875835895538330e-01
-1.355712115764617920e-01
-3.248834609985351562e-02
1.466342341154813766e-02
-4.872657358646392822e-02
2.909888047724962668e-03
2.845622301101685125e-01
-4.863815009593963623e-02
-4.716841876506804726e-02
-9.018079936504364014e-02
-2.529842853546142578e-01
-6.397011876106262207e-02
-6.548983603715897994e-02
-1.036625951528549194e-01
1.270618010312318802e-02
2.248271554708480835e-02
-5.402026325464248657e-02
-1.382146626710891446e-01
-9.630866348743440108e-02
-9.491828083992004395e-02
-5.500115454196929932e-03
1.326348781585693637e-01
2.447766512632369995e-01
1.409570127725601196e-01
5.944336950778961182e-02
9.028965979814529419e-02
1.154955662786960602e-02
3.964145435020328110e-04
4.770970717072486877e-02
-1.125743910670280318e-01
3.132759779691696167e-02
-2.717259153723716736e-02
-4.026604874525218660e-04
-5.009217560291290283e-02
-1.248105093836784502e-01
-2.387856878340244293e-02
-1.953699067234992981e-02
-7.185222953557968140e-02
1.744494028389454235e-02
2.567750960588455200e-02
5.903149023652077415e-02
1.146458089351654053e-01
2.680501528084278107e-02
-9.737009182572364807e-03
5.212043970823287964e-02
-4.722958058118820190e-02
-7.021970301866531372e-02
-1.003631129860877991e-01
-1.273992843925952738e-02
1.626214198768139232e-02
3.117104992270469319e-02
-8.018904365599155426e-03
-2.957603521645068775e-02
-7.042482495307922363e-02
5.233101174235343933e-02
8.546940237283708053e-02
3.002320602536201130e-02
-1.191730517894029617e-02
1.653052866458892822e-02
1.025736406445503235e-01
-2.703250758349895477e-02
-3.471421077847481468e-02
1.971078570932149887e-03
-6.490796059370040894e-02
2.289883705088868737e-04
-3.650613129138946533e-02
-1.403845399618148804e-01
-2.705159597098827362e-02
-5.052242428064346313e-02
4.400143772363663414e-02
-7.899868302047252655e-03
5.061659589409828186e-02
6.056337431073188782e-02
5.346437916159629822e-02
1.032246500253677368e-01
9.866437315940856934e-02
1.309959143400192538e-01
3.858921676874161460e-02
-4.423567652702331543e-02
-8.459874987602233887e-02
-1.326609868556260889e-02
-4.707936942577362061e-02
4.098929837346076965e-02
-2.519381977617740978e-02
-6.039293855428696373e-02
-5.096072331070900657e-02
-2.321270667016506195e-02
3.287983313202857971e-02
5.154032260179520521e-03
-4.289800301194190979e-02
1.030779723078012293e-02
5.143430549651384354e-03
-4.534829780459403992e-02
3.839587047696113586e-02
6.459677964448928833e-02
7.648344617336987365e-04
2.336311340332031250e-02
3.681280091404914856e-02
9.838920086622238159e-04
7.549634575843811035e-02
2.112718857824802399e-02
-6.543798744678497314e-02
-7.095358520746231079e-02
-1.456663012504577463e-02
-6.391994655132293701e-02
-1.185364201664924483e-01
-3.190097957849502563e-02
-6.370499730110167069e-02
-1.342102289199829102e-01
-7.344843447208404541e-02
-1.446998957544565374e-02
-1.202960014343261441e-01
-2.719855681061744690e-02
-5.664604157209396362e-02
-1.180015429854393005e-01
-7.239618152379989624e-02
-3.406894626095890999e-03
-4.708761721849441528e-02
-1.292941868305206576e-01
-1.534770131111145020e-01
-4.349987208843231201e-02
-1.062024682760238647e-01
-6.302002817392349243e-02
-4.204817116260528564e-02
-1.528103649616241455e-01
-1.161700859665870805e-01
-2.083465829491615642e-02
-6.283444818109273911e-03
7.074800133705139160e-02
9.893670678138732910e-02
1.375213861465454102e-01
1.066950038075447221e-01
1.436301171779632568e-01
7.888072729110717773e-02
6.063389591872692108e-03
-2.295809090137481412e-01
-3.221808075904846191e-01
-1.782259941101074219e-01
-6.882618367671967941e-02
-3.461942076683044434e-02
-3.991659730672836304e-02
1.726933382451534271e-02
2.762154117226600994e-02
1.819557249546051025e-01
2.788198590278624933e-01
2.286756783723830899e-01
9.940759092569352584e-02
8.741257712244987488e-03
-4.464607313275337219e-02
-1.361008081585168665e-02
-5.245563387870788574e-02
2.723077125847339977e-02
-4.558062553405761719e-02
-8.585917949676513672e-02
-1.221442520618438721e-01
-1.017088815569877625e-01
-5.094447638839482394e-03
-2.690422162413596760e-02
-4.395550861954689026e-02
-1.351151764392852783e-01
-9.044407308101654053e-02
-2.390233129262923917e-01
-1.162549480795860568e-01
-2.394171245396136891e-02
-8.599346876144409180e-02
-2.356830239295959820e-02
4.898358508944512107e-02
7.732143998146057129e-02
-1.284146402031183069e-02
-5.295885354280471802e-02
-1.357619091868400574e-02
-1.543643772602081299e-01
-3.140560388565063477e-01
-9.456025063991548019e-02
-9.323609992861747742e-03
1.203956268727779388e-02
6.524139642715454102e-02
8.406779915094375610e-02
6.023464258760213852e-03
2.784758619964122772e-02
6.789122521877288818e-02
5.943199992179871299e-02
1.533261537551880160e-01
5.265442654490471580e-02
-6.918141990900039673e-02
-6.984803825616837936e-02
8.211579173803329468e-02
1.575409062206745148e-02
2.306775748729705464e-02
-4.237210378050803444e-02
1.689098589122295380e-02
-6.301149725914001465e-02
-6.084686890244483948e-02
-6.193120777606963417e-02
-2.047675102949142456e-02
-1.004639044404029707e-01
4.794121254235506058e-03
-5.594348534941673279e-02
-4.686481505632400513e-02
-1.024773623794317245e-02
5.889934301376342773e-02
9.998819790780544281e-03
5.387180298566818237e-02
-4.848701879382133484e-02
-1.603884063661098480e-02
-5.992173403501511314e-02
-9.870148450136183305e-02
-1.020689457654953003e-01
2.131694555282592773e-02
1.031202264130115683e-02
-1.503230631351470947e-01
-1.896573603153228760e-01
-1.893474161624908447e-02
-5.911789834499358437e-02
-6.178859248757360978e-02
3.729884698987007141e-02
7.622594386339187622e-02
6.054556369781493447e-02
-4.196570813655853271e-02
-6.365282833576202393e-02
-2.955203875899314880e-02
-5.870381742715836265e-02
-3.453123569488524697e-02
-6.402705609798431396e-02
-1.796018481254577637e-01
-7.349643856287002563e-02
3.756264690309763388e-03
5.702675506472587585e-02
1.408120244741439819e-01
8.100759238004683060e-02
1.096468716859817644e-01
5.001148954033851624e-02
1.262785494327545166e-02
-1.393059045076370239e-01
1.358327269554138184e-02
2.127860933542251864e-01
1.005853898823261261e-02
-4.788320884108544090e-02
9.388676844537258148e-03
-2.520775608718395233e-02
2.060353383421898235e-02
-7.783668115735054883e-03
-6.824123114347457886e-02
2.318486385047436107e-02
8.894185535609722137e-03
-1.589279472827911377e-01
-6.562864780426025391e-02
4.473358020186423561e-02
-5.224175751209259033e-03
-7.195693999528884888e-02
-4.069773014634847641e-03
5.054016411304473877e-02
-4.237164743244647980e-03
-1.804509758949280132e-02
1.670576445758342743e-02
1.032946398481726646e-03
-2.235983498394488941e-02
-1.632350310683250427e-02
-6.326136179268360138e-03
1.557010132819414139e-02
7.048886269330977006e-02
8.769703097641468048e-03
1.187851428985595564e-01
1.505055427551269531e-01
6.827299017459154129e-03
-1.385578066110610962e-01
-7.054530084133148193e-02
1.482401322573423386e-02
3.244597092270851135e-02
1.202127188444137434e-01
5.302370339632033608e-02
1.887741498649120331e-02
4.431456327438354492e-02
2.997150830924511303e-02
-2.528516761958599091e-02
-5.058202147483826377e-02
3.633000329136848450e-02
1.287639290094375610e-01
1.328304708003997803e-01
-4.077764600515365601e-02
-1.518874056637287140e-02
-1.183652803301811218e-01
-4.918446391820908287e-02
-4.706414416432381370e-02
-5.421800538897513649e-02
4.854419082403182983e-02
3.405085206031798623e-02
9.642890840768814087e-02
3.263275325298308632e-02
1.015747245401144028e-02
7.178829610347747803e-02
-7.621111813932656374e-03
-7.079999148845672607e-02
-3.366503166034817696e-03
-1.698534004390239716e-02
7.913516834378242493e-03
-6.641805917024612427e-02
1.179469632916152477e-03
6.503333151340484619e-02
3.294394817203283744e-03
2.881988324224948883e-02
-1.136838085949420929e-02
4.118612408638000488e-02
2.426362130790948868e-03
-5.928920581936836243e-02
5.674906820058824020e-02
-5.255805328488349915e-03
9.764877147972583771e-03
-3.564973920583724976e-02
-2.621619962155818939e-02
-7.505810260772705078e-02
3.223253041505813599e-02
5.567974597215652466e-02
-5.108218174427747726e-03
-5.695435032248497703e-02
1.965991687029600143e-03
-2.575462125241756092e-02
4.640764556825160980e-03
-6.149276345968247154e-02
-4.083325341343879700e-02
-1.877355016767978668e-02
3.906607255339623191e-02
3.913144115358590212e-03
2.163897641003131866e-02
2.482323348522186279e-02
8.909673988819122314e-02
5.279532074928283691e-02
1.265229880809783936e-01
5.712914280593394149e-04
1.150292437523603439e-02
1.154306754469871521e-01
4.105982929468154907e-02
2.411662228405475963e-02
7.068939885357394814e-05
-7.858023978769779205e-03
-1.297924388200044458e-02
1.986269466578960419e-02
-3.514955565333366394e-02
3.244804590940475464e-02
3.218101710081100464e-02
-2.240782044827938080e-02
7.240731269121170044e-02
-3.993140533566474915e-02
-2.292852103710174214e-02
-8.986436761915683746e-03
5.804226174950599670e-02
4.978848993778228760e-02
-8.621224761009216309e-02
-1.076189577579498430e-01
-2.034353837370872498e-02
4.050324112176895142e-02
3.704703226685523987e-02
6.553808599710463090e-02
-3.846171125769615173e-02
-3.592257853597402139e-03
-3.415387123823166587e-02
-1.453659217804670334e-02
4.775297362357378006e-03
-3.222794830799102783e-02
-4.404244199395179749e-02
-9.587819688022136688e-03
-2.387309260666370392e-02
-2.510874904692173004e-02
-3.275896608829498291e-02
-1.461791805922985077e-02
2.162883989512920380e-02
1.630932278931140900e-02
-5.778177455067635276e-02
-1.128737698309123516e-03
-8.638655394315719604e-02
8.055841177701950073e-02
-4.252387955784798362e-02
3.038335591554641724e-02
-2.137858048081398010e-02
-4.656371846795082092e-02
1.619445346295833588e-02
-2.989217825233936310e-02
5.053560063242911599e-02
4.320714622735977173e-02
-9.230496361851692200e-03
-2.662098594009876251e-02
-3.928036242723464966e-02
-7.831589877605436845e-02
2.998200710862874985e-03
-7.652847561985254288e-03
-6.799199432134626908e-02
-1.133801601827144449e-02
3.030971065163612366e-02
-1.564783230423927307e-02
-4.284047335386276245e-02
-9.536022320389747620e-03
-2.803526259958744049e-02
-3.611347824335098267e-02
-3.460164740681648254e-02
-1.149090193212032318e-02
1.078340113162994385e-01
2.860038354992866169e-02
-1.156874746084213083e-02
-5.934136360883712769e-02
-5.625563487410544655e-02
1.103984843939542770e-02
3.697989135980606079e-02
-1.308586820960044861e-02
-3.508736193180083535e-02
-2.266475185751914978e-02
4.020486772060393593e-02
2.160146273672581066e-02
-2.447000890970230103e-02
-3.912397101521492004e-02
1.191732194274664099e-02
1.599665032699704387e-03
-5.988600850105284951e-02
-3.279488161206244728e-02
6.543183326721191406e-02
1.792345661669969559e-03
1.793484203517437198e-03
2.488555759191513062e-02
-5.927406717091799650e-03
3.391698119230568409e-04
-1.188543438911437988e-02
1.818248070776462555e-02
-3.626090288162232139e-02
-7.071618735790252686e-02
-8.599526435136795044e-02
4.503345489501953125e-02
4.943053796887398460e-02
-2.845193073153496136e-02
-5.806787684559822776e-02
-1.150989253073930740e-02
9.239626675844192505e-02
-6.534297019243240356e-02
8.880850858986377716e-03
-1.308350544422864914e-02
-2.722213417291640888e-02
4.755637794733048179e-02
2.110802568495273590e-02
-4.260075837373733521e-02
-1.070555206388235092e-02
-2.387979999184608459e-02
-1.085814740508794785e-02
7.562586106359959516e-03
-1.954811066389084209e-02
1.667672581970691681e-02
1.826980337500571858e-02
6.659108400344848633e-02
1.027917955070734024e-02
-4.531961400061845779e-03
4.866221547126770020e-02
9.799712896347045898e-02
3.450448624789714813e-03
-5.440139677375555038e-03
-1.566210761666298260e-02
-2.323936671018600464e-02
-1.254068035632372076e-02
-6.295512430369853973e-03
-4.115509986877442100e-02
-5.260217934846878052e-02
-1.641168259084224701e-02
-3.229496302083135085e-03
7.304658647626637545e-03
-6.693012546747922897e-03
-3.084577620029449463e-02
-2.959961304441094398e-03
-2.190581522881984711e-02
-4.180428106337785721e-03
-1.616523973643779755e-02
-4.784612730145454407e-02
-7.435154635459184647e-03
3.759332746267318726e-02
-1.539791934192180634e-02
1.570302993059158325e-02
6.963115301914513111e-04
-1.656685397028923035e-02
-3.493629023432731628e-02
-4.181124269962311485e-02
-5.568642541766166687e-02
6.484336405992507935e-02
4.309076815843582153e-02
-7.256869226694107056e-02
-1.171604320406913757e-01
-1.913966983556747437e-02
-6.010138988494872353e-02
-7.723185420036315918e-02
-5.954846367239952781e-02
4.343155771493911743e-02
5.454054474830627441e-02
5.788348987698554993e-02
-1.379635035991668701e-01
-4.623241722583771446e-02
-4.019694030284881592e-02
-5.697144195437431335e-02
-4.508755356073380210e-02
-2.395700290799140930e-02
-3.258465602993965149e-02
2.879644185304641724e-02
2.983808144927024841e-02
-2.252190373837948192e-02
1.871384121477603912e-02
2.916614711284637451e-02
3.335247049108148055e-03
7.037190720438956347e-03
2.874755114316940655e-02
3.116324730217456818e-02
8.383671194314958053e-02
-7.457154244184494019e-02
2.502939105033874512e-02
5.669488385319709778e-02
-1.227162405848503113e-02
-2.328185886144638062e-01
-4.466792941093444824e-02
4.619257897138596275e-02
-4.608828946948052147e-02
3.728950396180152893e-02
-6.251016259193420410e-02
4.605865478515625000e-02
4.285283014178276062e-02
6.524617783725261688e-03
8.459915407001972198e-03
-1.339690759778022766e-02
-8.308878168463706970e-03
2.666992321610451092e-02
-1.776830106973648071e-02
-6.268516182899475098e-02
-6.933559477329254150e-02
-7.204940170049667358e-02
-1.339354217052459439e-01
-5.796373263001442649e-02
-2.880265563726425171e-02
-6.462784111499786377e-02
5.884601734578610334e-03
3.333904966711997986e-02
4.676464479416609678e-03
-4.887114278972148895e-03
-6.334321200847625732e-02
-3.793183714151382446e-02
1.693484256975352764e-03
-6.161724030971527793e-02
5.396220088005065918e-02
1.596240699291228901e-02
6.385123822838068008e-03
-3.772105649113655090e-02
-3.790367022156714699e-02
1.849445700645446777e-02
-1.972736418247223247e-02
-6.691572070121765137e-02
-1.166547462344169617e-02
1.274566072970628738e-02
-3.326769918203353882e-03
3.203321993350983360e-02
4.644304513931273720e-02
-2.307491004467010151e-02
-1.724125631153583874e-02
-5.908078327775001526e-02
-9.823486953973770142e-02
-8.654029667377471924e-02
-9.263979643583297729e-02
-1.761977002024650574e-02
-3.705393895506858826e-02
-4.264403600245714188e-03
8.946107327938079834e-02
-4.123438149690628052e-02
1.244631968438625162e-02
5.893682595342397690e-03
2.527346275746822357e-02
-1.061121188104152853e-02
-1.804734319448471069e-01
-1.147716119885444502e-01
-1.194248255342245102e-02
-3.497911989688873291e-02
5.584255605936049721e-02
5.467993766069411538e-02
4.008641466498374939e-02
-4.287606477737426758e-02
-9.687590412795543671e-03
-9.981339797377586365e-03
-1.086211204528808594e-02
-9.816217236220836639e-03
-6.511683017015457153e-02
1.985311973839998245e-03
-1.102561503648757935e-02
-3.745856508612633445e-02
-6.155110429972410202e-03
-3.415597975254058838e-02
-5.928704515099524758e-02
2.132471650838851929e-02
2.643984556198120117e-02
3.029938088729977174e-03
1.018474698066711426e-01
3.513525426387786865e-02
1.621174626052379608e-02
8.204364217817783356e-03
-3.820793330669403076e-02
3.359987214207648537e-02
1.462529040873050863e-02
9.038436226546764374e-03
6.395082175731658936e-02
1.855480601079762199e-03
4.896418191492557526e-03
1.020753849297762091e-02
-8.414359390735626221e-02
-3.133128955960273743e-02
3.685434535145760276e-02
6.606282666325569153e-03
3.679206967353821495e-02
-3.589869476854800744e-03
-2.001945674419403076e-02
-8.827470242977142334e-03
-2.739642560482025146e-02
5.510316789150238037e-02
4.447788745164871216e-02
1.668649166822433819e-02
4.119230806827545166e-02
-3.038193844258784901e-02
-9.888353757560251409e-03
2.778076566755771984e-02
-2.783084101974964142e-02
-3.270848840475082397e-02
-7.005611807107925415e-02
-4.121515899896621704e-02
-8.345740847289562225e-03
-2.075709775090217590e-02
-1.200714707374572754e-02
-3.942158073186873696e-02
4.770204052329063416e-02
3.464912623167037964e-02
1.135460361838340759e-01
1.025622710585594316e-01
5.483236536383628845e-02
-3.261425998061895370e-03
1.286814063787460605e-01
1.147230640053749223e-01
2.906381152570247997e-02
1.024310477077960968e-02
-6.037829071283341148e-02
-1.927413344383240024e-01
9.854811243712902069e-03
3.359085321426391602e-02
-1.737171597778796803e-02
2.672866731882095684e-02
2.656701765954494476e-02
7.964549213647842407e-02
-2.718091756105422974e-02
1.013632025569677353e-02
-2.806337177753448486e-02
-6.102798506617546082e-02
-2.081750892102718353e-03
-1.102703809738159318e-01
-3.566654771566390991e-02
1.737725920975208282e-02
9.137971699237823486e-02
1.051553934812545776e-01
6.358345039188861847e-03
9.365323930978776412e-02
-3.975136578083038330e-02
-1.006479710340500017e-01
-3.363658487796783447e-02
4.743206501007080078e-02
7.855504751205444336e-02
5.322008859366178513e-03
-7.027738541364669800e-02
1.798817515373229980e-02
-5.947226285934447548e-02
3.634673729538917542e-02
3.511575981974601746e-02
1.663923077285289764e-02
-6.405243277549743652e-02
2.423637732863426208e-02
4.791073128581047058e-02
2.367452159523963928e-02
-3.003945574164390564e-02
-5.307999905198813352e-03
1.421883236616850073e-02
4.273343947716056758e-04
-9.727755188941955566e-02
1.517236325889825994e-02
-4.318195581436156533e-02
-4.326644912362098694e-02
4.666271060705184937e-02
7.902947254478931427e-03
3.216714411973953247e-02
3.428189456462860107e-02
-5.785968154668807290e-02
2.384204789996146809e-02
-4.335820674896240234e-02
-9.939551353454589844e-02
-5.697079747915267250e-02
-1.553735882043838501e-01
-4.558291286230086586e-02
-4.916634410619736412e-02
6.669947504997252030e-02
-6.845277547836303711e-02
-6.751871854066848755e-02
-9.711532853543758392e-03
-1.326313912868499756e-01
-1.125480830669403215e-01
-1.018484607338905196e-01
-7.114234846085309115e-03
-1.158145517110824446e-01
-4.316628724336623452e-02
-1.431622654199600220e-01
-5.515977740287781456e-02
-5.698711797595023415e-02
3.685674816370009682e-02
1.043212860822677612e-01
5.891255661845207214e-02
-1.162462383508682529e-01
-2.269425094127655029e-01
-1.091264560818672319e-01
1.309070289134979248e-01
1.628338992595672607e-01
-4.972093924880028465e-02
-1.093154102563858032e-01
-1.907219588756561279e-01
-2.057455331087112427e-01
-1.448850780725479126e-01
2.067901380360126148e-02
-7.239521946758031845e-04
-5.174869671463966370e-02
1.243409886956214766e-01
-2.853683382272720684e-02
1.440658271312713623e-01
-2.541965804994106293e-02
-4.116006568074225686e-02
-6.703803688287734985e-02
-1.116398870944976807e-01
5.454687867313622561e-03
-6.555602699518203735e-02
1.007637232542037964e-01
-2.670939080417155786e-03
3.450825810432434082e-02
3.643208369612693787e-02
-7.259394228458404541e-02
-1.357855647802352732e-02
-6.366671994328498840e-03
-6.915554404258728027e-02
4.307270050048828125e-02
-7.782286405563353104e-02
-1.522876322269439480e-03
8.409631997346878052e-02
-4.518253356218338013e-02
-2.918269857764243733e-02
2.554375678300857197e-02
8.023222535848617554e-02
6.747262179851531982e-02
-4.939433187246322632e-02
-8.931381255388259888e-02
-1.155023947358131547e-01
-8.779651671648026900e-02
-2.146327868103981018e-02
-1.229468733072280710e-02
4.869791865348815918e-02
-1.933293044567108154e-02
2.145830541849136353e-03
5.079299956560134888e-02
-3.039414994418621410e-02
-4.449857771396636963e-02
-6.253027915954589844e-02
-4.940581694245337746e-02
-9.973537921905517578e-02
4.469288885593413613e-02
-3.382579609751701355e-02
3.277213871479034424e-02
-8.228027820587156815e-02
3.572921454906463623e-02
9.775847196578979492e-02
9.063800680451096188e-04
3.314316971227527098e-03
9.167842566967010498e-02
1.772221003193408522e-04
4.194027278572320938e-03
-1.348835323005914862e-02
1.893415860831737171e-02
-7.428368926048278809e-02
2.386191673576831818e-02
-1.249282881617545943e-01
-5.462363734841346741e-02
-1.246836502104997635e-02
-5.824597924947738647e-02
-8.889377117156980687e-03
-6.839881837368011475e-02
1.312989555299282074e-02
2.490464225411415100e-02
4.085291922092438438e-02
1.609942130744457245e-02
4.797760769724846580e-02
1.676442027091979980e-01
9.524118900299072266e-02
1.280064731836318970e-01
4.103151708841323853e-02
1.078011933714151382e-02
2.260273322463036017e-03
7.202307879924774170e-02
-4.152733832597732544e-03
3.224313491955399513e-03
-5.763058364391327598e-02
2.410441264510154724e-02
9.771006181836128235e-03
-7.864358276128768921e-02
1.805086582899093628e-01
9.462937712669372559e-03
5.490906536579132080e-02
6.756670307368040085e-03
-1.007786393165588379e-02
-5.594371259212493896e-02
1.592918857932091106e-02
1.247742865234613419e-02
-7.943877577781677246e-02
-5.102782323956489563e-02
-7.623131573200225830e-02
-1.218243315815925598e-02
3.035650402307510723e-02
3.276109695434570312e-02
3.320680186152458191e-02
-1.087169349193572998e-02
-1.141198631376027887e-02
-2.840059809386730541e-02
-1.287800539284944361e-02
-2.332313545048236847e-02
8.594857901334762573e-02
6.301400065422058105e-02
-9.304966032505036788e-02
1.759081147611141205e-02
5.388747435063124570e-03
-3.099701739847660065e-02
1.013605594635009766e-01
7.889498770236968994e-02
-2.793982857838273048e-03
1.226688362658023834e-02
7.793306559324264526e-02
6.884362548589706421e-02
9.101252071559428084e-04
8.447279781103134155e-02
-6.459835916757583618e-02
-1.635228283703327396e-03
-5.617026239633560181e-03
-6.598198413848876953e-02
-4.844406619668006897e-02
-8.711171895265579224e-02
1.513167750090360641e-02
-2.587001025676727642e-02
-1.738458126783370972e-02
-2.097398974001407970e-02
5.383177101612091064e-02
2.348901331424713135e-01
1.232152879238128801e-01
-1.713360100984573364e-02
-4.386700224131345749e-03
1.417932473123073751e-02
-1.606742888689041138e-01
-9.877257049083709717e-02
6.291630561463534832e-04
-7.149752229452133179e-02
6.575304269790649414e-02
-6.642502546310424805e-02
2.345407381653785706e-02
2.632170021533966064e-01
-2.552698552608489990e-02
1.021366473287343979e-02
9.540508687496183915e-02
-1.721486747264862061e-01
-6.557928025722503662e-02
8.386600762605667114e-02
1.732442341744899750e-02
-1.628309488296508789e-01
-1.236170902848243436e-01
-6.662215106189250946e-03
-1.937920600175857266e-01
-1.322656422853469849e-01
-8.039515465497970581e-02
-1.144957691431045532e-01
-1.524014621973037442e-01
-1.401913911104202548e-01
-2.871086299419403076e-01
-2.376680448651313782e-02
-1.256970316171646118e-01
-1.098742485046386719e-01
-7.325167208909987016e-02
-1.350427120923995972e-01
-4.885629937052726746e-02
-1.291331499814987183e-01
-1.284861713647842407e-01
7.497816532850266891e-02
4.318975657224655151e-02
-8.766274899244307084e-02
-1.417876482009887418e-01
-2.375297397375107089e-01
-1.689728945493698120e-01
-8.141970634460449219e-02
2.721793018281460155e-02
-2.716478426009417014e-03
-2.393737807869911194e-02
-1.796862035989761630e-01
-7.446224987506866455e-02
-6.938944756984710693e-02
-4.286041483283042908e-02
-4.072296246886252663e-02
-8.333968371152877808e-02
-1.388748437166213989e-01
-5.048981308937073448e-02
-5.497255921363831260e-02
-5.593908950686454773e-02
1.352417375892400742e-02
-5.077709630131722190e-02
1.106063500046730042e-01
1.688984036445617398e-01
2.937384545803070068e-01
9.525228291749954224e-02
1.554662436246871948e-01
5.831247940659522316e-02
-3.613136708736419678e-02
-4.742315504699946317e-03
1.788317784667015076e-02
-2.468436770141124725e-02
1.222094334661960602e-02
1.871100999414920807e-02
1.325087156146764929e-02
2.629642561078071941e-02
1.838451810181140900e-02
-6.932377349585295591e-03
-6.558026652783154574e-03
-4.412287101149559021e-02
-6.319846957921981812e-02
-1.882754266262054443e-02
-2.479336783289909016e-02
5.770468711853027344e-02
1.202916204929351807e-01
7.363778352737428146e-02
2.440343424677848816e-02
-5.588010698556900024e-02
-1.478901132941245859e-02
-4.938052594661712646e-02
-6.981457024812696976e-02
-6.829155236482620239e-02
-3.237090632319450378e-02
2.866148762404918671e-02
-4.067698866128922203e-02
-6.050628423690796592e-02
6.690205633640289307e-02
-8.888944983482360840e-02
-7.981093227863313155e-02
-3.510068729519844055e-02
7.927406579256057739e-03
-3.519961982965469360e-02
1.530998386442661285e-02
2.397272363305091858e-02
3.996322304010391235e-02
3.589403629302977822e-02
-1.050126105546951294e-01
-1.885737664997577667e-02
-8.791343867778778076e-02
-8.675260841846466064e-02
-1.088909134268760681e-01
-1.843403130769729614e-01
-5.762279406189918518e-02
-6.940228492021560669e-02
-7.439276576042175293e-02
-1.078129559755325144e-02
-1.093561574816703796e-02
-1.282881107181310827e-02
1.176708862185478210e-01
5.381256714463233948e-02
1.237305104732513567e-01
1.337830573320388794e-01
-4.080911353230477073e-02
1.277171727269887924e-02
-9.280539304018020630e-02
-1.479356437921524048e-01
-8.191889524459838867e-02
-2.299193888902663907e-01
-1.439440995454788208e-01
-1.236674413084983687e-01
2.803736552596091877e-02
6.653667986392974854e-02
7.607201486825942993e-02
1.858355402946471890e-01
8.451265841722487016e-02
3.586607752367854118e-03
5.672931671142577431e-02
-6.342945247888565063e-02
-4.862581938505173423e-02
-1.316497195512056351e-02
-9.314011037349699540e-02
-1.760859787464141846e-01
-2.192937284708023071e-01
-3.783718049526215155e-01
-1.526144444942474365e-01
-9.943313896656036377e-02
6.689873058348894119e-03
-5.148517899215221405e-03
3.717062994837760925e-02
-1.059331297874450684e-01
-7.484370842576026917e-03
-5.288645625114440918e-02
-4.244539886713027954e-02
8.246047422289848328e-03
1.594521403312683105e-01
2.388701438903808871e-01
-5.354741215705871582e-02
-2.422323524951935092e-01
-1.102569699287414551e-02
-2.235249802470207214e-02
1.256354432553052729e-02
-2.067455947399139404e-01
-9.419289976358413696e-02
-2.709799408912659247e-01
-8.479188382625579834e-02
-1.059633493423462053e-01
-1.310987472534179410e-01
-1.335911173373460770e-02
-6.028644368052482605e-02
-9.875752031803132491e-02
-1.080203056335449219e-01
-1.732973009347915372e-01
-1.010191515088081360e-01
-6.823958456516265869e-02
8.028429001569747925e-03
-9.455621987581253052e-02
-8.203161507844924927e-02
-6.332119554281234741e-02
-1.381569653749465942e-01
-2.302976101636886597e-01
-1.740133166313171387e-01
-1.732361465692519864e-01
-4.298872128129004738e-02
-2.629034221172332764e-02
-1.241777986288070817e-01
-1.209669862873852470e-03
8.071346580982206864e-02
-5.078448355197906494e-02
-3.073778375983238220e-02
-5.639564245939254761e-02
-1.415041927248239691e-02
-1.884502917528152466e-02
-6.812516599893569946e-02
-1.297262609004974365e-01
-8.951492607593536377e-02
-9.747434407472610474e-02
3.194067254662513733e-02
-1.410380192101001566e-02
1.098745779017917812e-04
1.927243312820792198e-03
-5.558230448514222231e-03
