9.427222609519958496e-01
1.024217486381530762e+00
9.685170054435729980e-01
1.058252692222595215e+00
9.775324463844300427e-01
9.490649700164796032e-01
9.919255375862121582e-01
1.092499494552612305e+00
1.077413439750671387e+00
9.265705347061156116e-01
9.735324978828430176e-01
1.016929149627685547e+00
1.010784506797790305e+00
1.013880968093872070e+00
1.054986119270324707e+00
1.043290853500366211e+00
9.687722921371459961e-01
1.046315789222717285e+00
9.928832650184632458e-01
1.003302812576294167e+00
9.548532366752624512e-01
9.643683433532715954e-01
1.006374120712280495e+00
9.763314723968505859e-01
9.918754696846008301e-01
1.023105502128600852e+00
9.615857601165771484e-01
1.040738105773925781e+00
9.757786393165588379e-01
9.830593466758728027e-01
9.451822638511657715e-01
9.697023630142211914e-01
9.531127810478209339e-01
9.710831046104432263e-01
9.416151046752929688e-01
9.328354597091675915e-01
9.536697268486024059e-01
1.004645466804504395e+00
9.960483908653260388e-01
9.258539080619812012e-01
9.224230051040648304e-01
9.369702935218812145e-01
8.754801750183105469e-01
9.128836989402772106e-01
9.297189116477966309e-01
9.317225813865661621e-01
9.426478147506713867e-01
9.397037625312804066e-01
9.688793420791625977e-01
9.071493148803712048e-01
8.758413195610046387e-01
9.485629796981811523e-01
9.408068656921387829e-01
9.521828293800354004e-01
9.659460186958311878e-01
9.559856057167052112e-01
9.653434157371519886e-01
9.766957163810729980e-01
9.577426910400391735e-01
9.910724759101867676e-01
9.644307494163512073e-01
9.992892146110535778e-01
9.732097983360290527e-01
9.374598860740661621e-01
9.023664593696594238e-01
9.444657564163208008e-01
9.599305987358092151e-01
9.519199132919311523e-01
1.024896502494812012e+00
9.549248218536375843e-01
1.000042915344238503e+00
9.984512329101562500e-01
9.967192411422729492e-01
1.007816910743713379e+00
1.019148230552673118e+00
1.008671760559082031e+00
9.681655764579771839e-01
1.004639983177185059e+00
9.848320484161375843e-01
1.058867692947387695e+00
1.000844240188598633e+00
9.734944105148316540e-01
9.064212441444395862e-01
9.973628520965576172e-01
1.064814209938049094e+00
1.003541469573974609e+00
9.785318374633787952e-01
9.197129011154175915e-01
9.581678509712220349e-01
9.352470636367797852e-01
1.048597931861877441e+00
9.771449565887452282e-01
9.813853502273559570e-01
9.676455855369567871e-01
1.038234829902649148e+00
1.028394460678100586e+00
1.006435394287109375e+00
9.633874297142027698e-01
9.515281319618223987e-01
1.000693440437317117e+00
1.013760805130004883e+00
1.064354658126830833e+00
1.004544138908386230e+00
1.020658731460571289e+00
9.461912512779235840e-01
1.012664079666137695e+00
9.269006252288818359e-01
1.008942723274230957e+00
1.030413627624511497e+00
9.641636013984680176e-01
9.881540536880492054e-01
9.918133616447447620e-01
1.077498316764831543e+00
1.009033560752868874e+00
1.020286440849304199e+00
9.631299972534179688e-01
9.853920936584471546e-01
1.012735009193420410e+00
1.042290210723877175e+00
1.022616863250732422e+00
9.696772694587707520e-01
9.735239148139953613e-01
1.009682893753051758e+00
1.012620687484741211e+00
9.928280115127563477e-01
1.011882424354553223e+00
1.059141755104064941e+00
1.029242634773254395e+00
1.016687870025634766e+00
1.027749896049499512e+00
9.954510331153870739e-01
1.063413858413696289e+00
9.949503540992735706e-01
1.034832835197448730e+00
1.013371109962463379e+00
1.050127148628234863e+00
1.059939980506896973e+00
9.942964315414427601e-01
9.139911532402039684e-01
9.318329691886901855e-01
1.038714766502380371e+00
1.036607503890991211e+00
1.018165946006775124e+00
9.412229657173155628e-01
9.913893342018128552e-01
9.749866724014282227e-01
1.030422925949096902e+00
1.000590682029723899e+00
9.856767654418944202e-01
9.616858363151550293e-01
1.000277042388915794e+00
9.837675094604492188e-01
9.860534071922302246e-01
9.766089916229248047e-01
9.613550305366516113e-01
9.817794561386108398e-01
9.716106057167052112e-01
9.714051485061645508e-01
9.709867835044859730e-01
9.863445758819580078e-01
9.837408661842346191e-01
9.801533222198486328e-01
9.941060543060303845e-01
9.771378636360168457e-01
1.012312293052673118e+00
9.482105374336243786e-01
9.726110100746155895e-01
1.035138487815857156e+00
1.002578735351562500e+00
1.037035822868347168e+00
1.003559708595276101e+00
9.969952106475830078e-01
1.009119391441345215e+00
9.914017915725708008e-01
9.426742792129515491e-01
9.906383156776428223e-01
9.984303712844847523e-01
9.980521202087402344e-01
9.891996979713441052e-01
1.032028436660766602e+00
9.462503194808959961e-01
1.012738108634948730e+00
1.025777459144592507e+00
9.993385076522828259e-01
9.897637367248536266e-01
9.473618865013123669e-01
9.473510980606080212e-01
9.679290652275084339e-01
1.003926753997802734e+00
9.985173344612121582e-01
9.815566539764404297e-01
9.266737103462220349e-01
9.741806983947753906e-01
1.048866510391235352e+00
9.931282401084899902e-01
9.478183984756469727e-01
1.036750078201294167e+00
1.017387986183166504e+00
1.006135821342468484e+00
1.025999665260314941e+00
9.637272357940673828e-01
9.979363679885864258e-01
1.033487915992736816e+00
1.033973693847656250e+00
9.746192097663880505e-01
1.022940874099731445e+00
1.074573636054992898e+00
1.019199967384338379e+00
1.034250736236572488e+00
1.038685679435729980e+00
1.025424003601074219e+00
1.025736808776855691e+00
9.889388084411619984e-01
1.035537362098693848e+00
1.034214854240417703e+00
9.943376183509827770e-01
1.037540793418884499e+00
1.026189327239990234e+00
1.030292272567749023e+00
1.007219314575195090e+00
1.044967532157897949e+00
1.088122248649597168e+00
1.006849884986877441e+00
1.014539599418639915e+00
1.031050562858581543e+00
1.018697381019592507e+00
1.003925204277038574e+00
1.006350517272949219e+00
9.528596997261048474e-01
9.876551032066344105e-01
1.009188175201415794e+00
9.925225377082823597e-01
9.606429338455200195e-01
9.364374279975892224e-01
9.680539965629577637e-01
1.010662794113159180e+00
9.956683516502379261e-01
9.563182592391967773e-01
9.667463898658752441e-01
9.940863847732543945e-01
1.047628283500671387e+00
1.041320323944091797e+00
9.943384528160096325e-01
9.763080477714539684e-01
9.965341091156005859e-01
1.072990655899048074e+00
9.834731221199035645e-01
9.643551707267760120e-01
9.586869478225708008e-01
9.920774698257446289e-01
9.863736629486083984e-01
1.008040904998779297e+00
9.749832749366759144e-01
9.593184590339659534e-01
9.566326737403870739e-01
9.806509017944335938e-01
9.633756279945373535e-01
9.832016825675964355e-01
1.043389201164245605e+00
9.798389673233032227e-01
1.013005256652832031e+00
9.689478874206544079e-01
9.675650000572203480e-01
9.789832830429076038e-01
9.432192444801331677e-01
1.006861805915832297e+00
9.741062521934508167e-01
9.922971129417420544e-01
1.020042657852172852e+00
9.194868206977844238e-01
9.402894377708436169e-01
1.063628554344177246e+00
1.068947434425354004e+00
1.002415418624877930e+00
9.883288741111756481e-01
8.952776193618774414e-01
1.002262234687805176e+00
9.946222901344300427e-01
1.027852416038513184e+00
9.428921341896056019e-01
9.634433388710021973e-01
1.004009246826172097e+00
9.826860427856444202e-01
1.012633442878723145e+00
1.031199097633361816e+00
9.765498042106628418e-01
1.003098726272583008e+00
9.481699466705322266e-01
9.859297871589659534e-01
9.957687854766845703e-01
9.855417609214783825e-01
1.050260663032531516e+00
1.022838711738586426e+00
9.538320899009703480e-01
9.917303323745727539e-01
1.062666296958923118e+00
1.059561133384704590e+00
1.043600678443908691e+00
1.050471067428588867e+00
9.889148473739624023e-01
1.063087224960327148e+00
1.046139478683471680e+00
1.032589197158813699e+00
1.068376898765564187e+00
1.025836348533630371e+00
1.026997089385986328e+00
1.026906490325927512e+00
1.040342450141906738e+00
9.780501723289490856e-01
1.042407751083374023e+00
1.003358840942382812e+00
1.012262821197509766e+00
9.903481602668762207e-01
1.003876924514770508e+00
9.903403520584106445e-01
9.984180331230163574e-01
9.749147891998292126e-01
9.557901024818420410e-01
9.587581753730773926e-01
9.935997128486632191e-01
9.779306650161744274e-01
9.800851345062255859e-01
9.673673510551451526e-01
9.395726323127747692e-01
9.513899087905883789e-01
9.578984379768371582e-01
9.999922513961791992e-01
9.706293940544128418e-01
9.946776032447816052e-01
9.473225474357603870e-01
9.888223409652709961e-01
9.743806719779968262e-01
9.890432953834533691e-01
1.022411584854125977e+00
1.013182878494262695e+00
9.863467812538148083e-01
1.009608864784240723e+00
1.053057312965392844e+00
1.028326272964477539e+00
1.026579260826110840e+00
9.854824542999267578e-01
1.029096722602844238e+00
1.060490012168884499e+00
1.033804535865783691e+00
1.041823029518127441e+00
9.851050376892090954e-01
1.024616360664367676e+00
1.063259005546569824e+00
9.740870594978332520e-01
1.085872650146484375e+00
9.959133863449095569e-01
9.967395067214965820e-01
9.864533543586732067e-01
9.607771635055541992e-01
9.497550725936890759e-01
9.690365791320799671e-01
9.008840322494507946e-01
9.375074505805968128e-01
9.372515082359313965e-01
9.920330047607421875e-01
9.760524034500122070e-01
9.319738149642944336e-01
9.643790721893309437e-01
9.911704659461976208e-01
9.520402550697327770e-01
9.067257642745971680e-01
9.605095982551575817e-01
9.993987679481506348e-01
9.792878031730651855e-01
1.036637306213379128e+00
9.179212450981140137e-01
1.030400633811950906e+00
9.949618577957152210e-01
1.013042449951172097e+00
1.036279439926147683e+00
1.011314153671264648e+00
1.041989564895630105e+00
9.904841184616087757e-01
1.023585081100464089e+00
1.038342475891113281e+00
1.008721947669982910e+00
1.027686238288879395e+00
1.008568167686462402e+00
1.007936239242553711e+00
1.060925960540771706e+00
1.055125117301940918e+00
1.051680803298950195e+00
1.022986173629760742e+00
1.035209298133849876e+00
1.020578861236572488e+00
1.080805063247680886e+00
9.885606765747070312e-01
1.011885046958923118e+00
9.808479547500609241e-01
1.006340861320495605e+00
9.940840005874633789e-01
9.752106070518493652e-01
9.476866126060485840e-01
9.708973169326782227e-01
9.931141138076782227e-01
9.137443304061890759e-01
9.536728262901306152e-01
9.498440027236938477e-01
9.929320812225341797e-01
9.304869174957276501e-01
9.502355456352233887e-01
9.945238828659057617e-01
9.497293829917907715e-01
9.652336239814758301e-01
9.445835351943969727e-01
9.943878054618835449e-01
9.700013995170592151e-01
9.865903854370116077e-01
1.001794576644897683e+00
1.013374686241150124e+00
9.644634723663330078e-01
9.717794060707092285e-01
9.766336083412170410e-01
9.455903172492979847e-01
9.620450139045716442e-01
9.491055011749267578e-01
9.808706641197203480e-01
9.961124658584595837e-01
1.029104948043823242e+00
9.344073534011839710e-01
9.153677821159363903e-01
9.687386751174927868e-01
9.613190293312071644e-01
9.764103889465332031e-01
9.746462106704711914e-01
9.773350358009338379e-01
9.265245795249940075e-01
9.494026303291319691e-01
9.818487167358398438e-01
9.719606637954711914e-01
9.735701680183411755e-01
9.887562394142151989e-01
9.211394190788267933e-01
1.033149242401122825e+00
1.006380558013915794e+00
9.936563372611999512e-01
9.886129498481750488e-01
1.010502219200134499e+00
1.012395977973937988e+00
1.016802906990051270e+00
1.080006599426269531e+00
1.094137072563171387e+00
1.077680468559265137e+00
1.015343546867370605e+00
1.023043036460876465e+00
1.045737624168395996e+00
1.072300553321838379e+00
9.938045740127563477e-01
1.015915036201477051e+00
1.038678050041198730e+00
1.008530974388122559e+00
1.018771886825561523e+00
9.798981547355651855e-01
9.482966661453248181e-01
1.016722559928894043e+00
1.047535538673400879e+00
9.947919845581055798e-01
1.009204983711242898e+00
9.840583205223083496e-01
1.030492424964904785e+00
9.668377637863160290e-01
1.037492275238036887e+00
9.817425012588499866e-01
1.022395491600036621e+00
1.002662181854247825e+00
1.010647177696228027e+00
1.018204569816589355e+00
9.981894493103028454e-01
9.947648048400880016e-01
9.765207767486572266e-01
1.024512290954589844e+00
9.942085742950440563e-01
1.034566164016723633e+00
1.014166235923767090e+00
1.013909697532653809e+00
1.011105775833130105e+00
1.020642518997192383e+00
1.001358032226562500e+00
1.023055553436279297e+00
9.585083723068236194e-01
1.038130164146423118e+00
9.886305332183837891e-01
9.880799055099488415e-01
9.757844805717468262e-01
1.011499285697937012e+00
1.026203870773315430e+00
9.590677618980407715e-01
9.294513463974000134e-01
9.528757929801939808e-01
9.822721481323242188e-01
9.687781929969787598e-01
9.748972058296203613e-01
9.983122944831848145e-01
9.665668606758117676e-01
9.323801398277283825e-01
9.831240773200987659e-01
9.873844385147095837e-01
9.044196605682371937e-01
9.192019104957579456e-01
9.984014034271240234e-01
1.000065088272094727e+00
9.700578451156616211e-01
9.533416032791137695e-01
9.983052015304564319e-01
1.027379035949707031e+00
9.915403723716735840e-01
1.019321203231811523e+00
9.943693876266479492e-01
1.029994368553161621e+00
9.870857596397399902e-01
1.031612038612365501e+00
1.045276165008545144e+00
1.052696824073791504e+00
9.773671627044677734e-01
9.871176481246948242e-01
1.052445888519286887e+00
1.039527535438537598e+00
9.543197154998780407e-01
1.053660273551940918e+00
1.024304628372192383e+00
1.041271090507507102e+00
1.062438964843750000e+00
1.023190379142761230e+00
9.950859546661375843e-01
1.047528386116027832e+00
1.005472898483276367e+00
1.043578386306762695e+00
1.004635453224181907e+00
9.878849983215332031e-01
1.013943552970886230e+00
1.001711130142212136e+00
9.578583836555479847e-01
9.387839436531068005e-01
9.825677871704101562e-01
9.750086069107055664e-01
9.688730835914611816e-01
1.024705767631530762e+00
1.032034993171692117e+00
9.547624588012696423e-01
1.023314237594604492e+00
9.901791214942932129e-01
9.718167185783386230e-01
9.994435310363770641e-01
9.880552887916563831e-01
1.016748309135437012e+00
1.005652308464050293e+00
1.011154413223266602e+00
1.006660938262939675e+00
1.008713603019714355e+00
1.004755377769470215e+00
9.741202592849731445e-01
9.836063981056212269e-01
9.856503605842590332e-01
1.016172051429748313e+00
9.790626168251037598e-01
1.003559589385986328e+00
1.015479683876037598e+00
1.004726409912109375e+00
1.001019835472107156e+00
1.014979243278503418e+00
9.514983892440795898e-01
9.806470870971679688e-01
1.002506017684936301e+00
9.913551807403564453e-01
1.008383512496948242e+00
9.738665223121644177e-01
9.938954710960388184e-01
1.024363398551940918e+00
9.667564630508423962e-01
9.754192233085632324e-01
1.013241529464721680e+00
1.001510977745056152e+00
1.008944988250732422e+00
1.025733828544616699e+00
9.696000814437866211e-01
9.809324741363524280e-01
9.131702184677124023e-01
9.348376393318176270e-01
9.885916709899902344e-01
1.009588360786437988e+00
9.941806197166443981e-01
9.933684468269348145e-01
9.991297125816344105e-01
9.488327503204345703e-01
9.810859560966491699e-01
9.630711674690247692e-01
9.867866635322571911e-01
9.794528484344482422e-01
9.627150297164915882e-01
9.971702694892884411e-01
9.973807334899902344e-01
9.969224929809570312e-01
1.042624115943908691e+00
9.940782785415648304e-01
9.697023630142211914e-01
1.019770145416259766e+00
9.835885763168336071e-01
1.010569095611572488e+00
1.029343843460083008e+00
1.028758287429809570e+00
1.032402038574218750e+00
1.019317150115966797e+00
1.053643107414245605e+00
1.104935407638549805e+00
1.065255761146545410e+00
1.059694766998290794e+00
9.782479405403136097e-01
1.005995154380798340e+00
1.026951074600219505e+00
9.977076649665832520e-01
1.091568470001220703e+00
1.000802040100097656e+00
1.053497195243835449e+00
1.011373043060302734e+00
1.016514182090759277e+00
1.051151275634765625e+00
9.949238300323486328e-01
1.014504432678222878e+00
1.053221583366394043e+00
9.904231429100035511e-01
1.085322499275207520e+00
1.064248204231262207e+00
1.032383561134338379e+00
1.009248733520507812e+00
9.873872399330140270e-01
9.905357956886291504e-01
9.455067515373229980e-01
9.984498620033264160e-01
1.019428968429565430e+00
1.068009138107299805e+00
9.324548244476318359e-01
1.010054707527160645e+00
1.041782736778259277e+00
1.033152580261230469e+00
9.961512088775635876e-01
1.044013619422912598e+00
1.033976554870605691e+00
1.027351975440979004e+00
1.079430818557739258e+00
1.039114713668823242e+00
1.041757941246032715e+00
1.019415378570556641e+00
1.002178907394409180e+00
1.050929427146911621e+00
9.958003163337707520e-01
1.051827907562256081e+00
1.015203833580017090e+00
1.061421751976013184e+00
1.043772697448730469e+00
9.460068941116331898e-01
9.774889349937440075e-01
9.626264572143555798e-01
1.006919503211974876e+00
9.942685961723327637e-01
9.618999958038330078e-01
9.937426447868348278e-01
9.933215379714965820e-01
1.000560879707336426e+00
9.479792714118957520e-01
9.674564599990843616e-01
9.552636742591857910e-01
9.632528424263000488e-01
9.890540838241576038e-01
9.696117639541625977e-01
9.607622027397155762e-01
9.836143851280212402e-01
9.984107613563537598e-01
9.281060099601745605e-01
9.866797924041748047e-01
9.995945096015930176e-01
9.397188425064088024e-01
1.041825175285339355e+00
1.043575048446655273e+00
1.013354659080505371e+00
1.023121953010559082e+00
9.450272321701049805e-01
1.007774829864502175e+00
9.097203016281127930e-01
9.712748527526855469e-01
1.007624506950378418e+00
9.714977145195008434e-01
1.014966845512389915e+00
1.023232460021972878e+00
9.853205680847167969e-01
1.006819009780883789e+00
9.571493268013000488e-01
9.765099287033079944e-01
9.854840040206908069e-01
9.152572154998780407e-01
9.792671203613280140e-01
1.015406608581542969e+00
1.008579492568969505e+00
1.029259800910949707e+00
1.043749332427978294e+00
9.493784904479979359e-01
9.867625832557678223e-01
1.033275127410888894e+00
1.020040988922119141e+00
1.064809322357177512e+00
1.063179731369018555e+00
1.002548456192016602e+00
1.028850913047790305e+00
1.022290945053100586e+00
1.016638278961181641e+00
1.017366170883178711e+00
1.006693243980407493e+00
1.020540714263915794e+00
1.013406753540039062e+00
1.045780062675475852e+00
1.008428335189819114e+00
1.043954253196716309e+00
1.000310063362121582e+00
1.022839069366454856e+00
1.028694629669189675e+00
1.030001759529113770e+00
1.063974261283874290e+00
1.014097571372985840e+00
9.605717658996582031e-01
1.012935638427734375e+00
1.036677718162536621e+00
1.002265334129333496e+00
9.969231486320495605e-01
1.031640052795410156e+00
9.980211257934570312e-01
9.251565337181092419e-01
1.027523517608642578e+00
9.446389675140379749e-01
8.967139124870300293e-01
9.902506470680235706e-01
9.371647238731384277e-01
9.590046405792236328e-01
9.576814770698548474e-01
9.806413054466247559e-01
1.013777971267700195e+00
9.930374622344971813e-01
9.749951362609864391e-01
9.841896295547484241e-01
9.919447302818298340e-01
9.535431265830993652e-01
9.384604692459106445e-01
9.655412435531616211e-01
9.518190026283264160e-01
9.526160359382628284e-01
9.856065511703492321e-01
9.360358715057371937e-01
9.645593166351318359e-01
9.821707606315611683e-01
9.908381104469300427e-01
9.942530393600463867e-01
9.823425412178040661e-01
9.928148388862609863e-01
9.925884008407591663e-01
1.027508974075317383e+00
1.013837814331054910e+00
1.088508844375610352e+00
9.707781076431274414e-01
1.043932914733886719e+00
1.033293366432189941e+00
1.031077504158020020e+00
9.932557940483092151e-01
9.394083023071287952e-01
9.741208553314207874e-01
1.032322287559509277e+00
1.020657539367675781e+00
9.868502616882324219e-01
9.939835071563719593e-01
1.039572238922119141e+00
1.018698573112487793e+00
9.056656956672668457e-01
1.022421121597290039e+00
1.035868883132934570e+00
1.058084130287170410e+00
1.036209464073181152e+00
1.083434820175170898e+00
1.040772438049316406e+00
1.056366920471191406e+00
1.037576079368591309e+00
1.025026440620422363e+00
9.475494623184204102e-01
9.667168259620667614e-01
9.980812072753906250e-01
9.652348160743712269e-01
9.114463329315185547e-01
9.428620934486388050e-01
9.300524592399596058e-01
9.608684778213499866e-01
9.662551283836363636e-01
9.426019191741944470e-01
9.294784665107728161e-01
9.652124643325805664e-01
1.025611281394958496e+00
1.007780075073242188e+00
9.822387695312500000e-01
1.014206528663635254e+00
1.008854985237121582e+00
9.768955111503599964e-01
9.954832196235655628e-01
9.858715534210203968e-01
1.031625509262084961e+00
9.864231348037719727e-01
1.022137284278869629e+00
1.005838513374328613e+00
9.736287593841551624e-01
1.021099805831909180e+00
1.004496693611145020e+00
9.391843080520629883e-01
9.695512652397155762e-01
9.714251160621644177e-01
9.248666763305664062e-01
1.026039242744445801e+00
9.791859984397888184e-01
1.044812560081482156e+00
9.771976470947265625e-01
1.022714972496032715e+00
1.013800978660583496e+00
9.958480596542358398e-01
1.053805708885192871e+00
1.011965751647949219e+00
1.052625775337219238e+00
1.000909686088562012e+00
1.019847989082336426e+00
1.045816540718078613e+00
9.558859467506407581e-01
9.736298918724058948e-01
9.698680043220520020e-01
1.021054744720459206e+00
1.076376080513000488e+00
1.001310944557189941e+00
9.903454184532165527e-01
9.992342591285705566e-01
1.037122130393982156e+00
1.030285835266113281e+00
9.901736378669739880e-01
9.647491574287415661e-01
9.988346099853515625e-01
9.822672009468079724e-01
9.690757393836976208e-01
9.710193872451782227e-01
9.680011272430419922e-01
9.851198196411131702e-01
1.013687968254089355e+00
9.918888211250304066e-01
9.997048377990723766e-01
9.738816022872923694e-01
1.033966183662414551e+00
9.788652658462524414e-01
9.828118085861206055e-01
9.437101483345031738e-01
1.009115815162658691e+00
1.032811164855957031e+00
1.014552950859069824e+00
9.657512307167052112e-01
8.775162100791931152e-01
9.451638460159301758e-01
9.771699309349058948e-01
9.525330066680908203e-01
9.648827910423279919e-01
9.405317306518555798e-01
9.841291904449464001e-01
1.032734751701354980e+00
1.081314444541931152e+00
9.754518866539000355e-01
9.493246078491212048e-01
1.014984846115112305e+00
1.045222759246826172e+00
1.011102318763732910e+00
9.829308986663818359e-01
1.015525221824645996e+00
1.058350086212158203e+00
1.024936437606811523e+00
9.996521472930908203e-01
9.678317308425904431e-01
1.048630595207214355e+00
1.069393873214721680e+00
1.015094995498657227e+00
1.044573664665222168e+00
1.042976617813110352e+00
9.534272551536558948e-01
1.028200984001159668e+00
1.028507590293884499e+00
1.032439947128295898e+00
1.033569455146789551e+00
1.043208003044128418e+00
1.001963376998901367e+00
1.058744788169860840e+00
1.076482176780700906e+00
1.010197162628173828e+00
1.038404464721679688e+00
1.014254450798034890e+00
1.016141653060912864e+00
1.059537410736084206e+00
1.065614581108093262e+00
1.022873520851135254e+00
9.990143179893493652e-01
1.011271953582763672e+00
1.075681090354919434e+00
1.035903453826904297e+00
1.109896302223205566e+00
9.237276315689088024e-01
1.008193612098693848e+00
1.075842022895812988e+00
1.013359069824218750e+00
9.852731227874755859e-01
9.547636508941650391e-01
9.405525922775268555e-01
9.738252162933349609e-01
9.952924847602844238e-01
9.310261607170103870e-01
9.613532423973083496e-01
9.680631756782531738e-01
9.625589847564696155e-01
9.432385563850403942e-01
9.627693295478819691e-01
1.003038883209228294e+00
9.704864621162415661e-01
9.972508549690247692e-01
9.925448894500732422e-01
9.320257902145385742e-01
9.340013265609740101e-01
1.007510066032409668e+00
8.817024827003479004e-01
9.668505191802979626e-01
1.002261877059936301e+00
9.769873619079590954e-01
9.339970350265504040e-01
9.180316329002379261e-01
9.978264570236206055e-01
9.558009505271911621e-01
9.878969788551331677e-01
9.481307864189147949e-01
9.371941089630128063e-01
9.939724802970886230e-01
1.050782322883605957e+00
1.057510852813720703e+00
1.067882061004638894e+00
1.034132242202758789e+00
1.020296216011047363e+00
1.022711992263794167e+00
1.037143945693969505e+00
1.075379610061645508e+00
1.070013761520385520e+00
1.036134719848632812e+00
1.099266290664672852e+00
1.061969161033630371e+00
1.074063420295715110e+00
1.071089267730713113e+00
1.039779901504516602e+00
1.045143842697143555e+00
1.044393181800842507e+00
1.064447045326232910e+00
1.025787353515625000e+00
1.043736219406127930e+00
1.049268245697021706e+00
1.044343471527099609e+00
1.065599322319030762e+00
1.092685341835021973e+00
1.033532738685607910e+00
1.010910511016845703e+00
9.759277105331419788e-01
9.861331582069395862e-01
9.928099513053894043e-01
9.718959927558900036e-01
9.480618238449095569e-01
9.273769855499267578e-01
9.058656692504883923e-01
9.410442113876343884e-01
1.060894370079040305e+00
9.868890047073364258e-01
9.145901203155517578e-01
9.250571131706237793e-01
8.990954756736755371e-01
9.326914548873900257e-01
9.346561431884765625e-01
9.160869121551513672e-01
8.747786879539490856e-01
8.912456631660461426e-01
9.278485774993896484e-01
1.027500748634338379e+00
9.428594112396240234e-01
9.899900555610655628e-01
1.042055845260619895e+00
9.836990237236024059e-01
9.582405686378480114e-01
9.984627366065980114e-01
1.018912315368652344e+00
1.034251928329467773e+00
1.017297625541687012e+00
9.901933073997497559e-01
9.806805253028870739e-01
9.515997767448424183e-01
9.652033448219300427e-01
1.036538958549499512e+00
1.077354311943054199e+00
1.023104548454284890e+00
9.934556484222412109e-01
9.729623794555664062e-01
1.032104253768920898e+00
1.056817054748535156e+00
1.001880168914795144e+00
1.064930796623229980e+00
1.014477133750915527e+00
1.023007631301880105e+00
1.057897925376892090e+00
1.002803087234497070e+00
9.979172945022584118e-01
1.048137903213500977e+00
1.047255873680114746e+00
1.013139247894286887e+00
1.040383219718932883e+00
1.044790506362915039e+00
1.013451933860778809e+00
1.021194338798522949e+00
1.006517291069030762e+00
1.028076410293579102e+00
9.917958974838255726e-01
1.016405463218689187e+00
1.034067273139953613e+00
1.016968488693237305e+00
9.439558982849119984e-01
9.204712510108947754e-01
9.715635776519776501e-01
9.794674515724182129e-01
9.338832497596739612e-01
1.012177944183349609e+00
1.008615374565124290e+00
9.643763899803161621e-01
9.525009393692015491e-01
9.032956361770629883e-01
9.019310474395751953e-01
9.098745584487916149e-01
9.944614768028260388e-01
9.524546265602111816e-01
9.135527014732359730e-01
9.724375009536744274e-01
9.575423598289490856e-01
9.658768177032471813e-01
9.987091422080993652e-01
9.542462229728699841e-01
9.822266697883605957e-01
1.011265039443969505e+00
9.614722728729248047e-01
1.031890988349914551e+00
9.811866283416748047e-01
1.003078103065490723e+00
9.686135053634643555e-01
1.060818076133728027e+00
9.930581450462340198e-01
1.045957922935485840e+00
1.057380437850951926e+00
1.086641192436218484e+00
1.056237578392028809e+00
1.052772521972656250e+00
9.910826086997985840e-01
9.945799112319946289e-01
9.890686273574827991e-01
9.729681015014648438e-01
1.050974607467651367e+00
1.053963065147400124e+00
1.013241052627563699e+00
1.016709327697754128e+00
9.923756122589112438e-01
1.042060971260070801e+00
1.017514467239380105e+00
9.964258670806883655e-01
1.019442915916442871e+00
9.446346163749695934e-01
9.061394333839416504e-01
1.000467777252197266e+00
1.045077085494995117e+00
1.020270824432372825e+00
1.039003252983093262e+00
1.077954888343810813e+00
1.008729934692382812e+00
9.760481715202331543e-01
9.852793812751770020e-01
1.017550349235534890e+00
9.954382181167603649e-01
9.707416892051695667e-01
1.009728908538818359e+00
1.032914996147155762e+00
1.024333119392395020e+00
1.081985592842102051e+00
1.036774873733520508e+00
1.023147583007812500e+00
9.918760061264038086e-01
9.213871955871582031e-01
9.798563718795776367e-01
1.022508859634399414e+00
1.026992797851562500e+00
9.754130840301513672e-01
1.057107210159301758e+00
9.919956326484680176e-01
9.469947814941406250e-01
1.015817046165466309e+00
9.899855256080628552e-01
9.528276324272155762e-01
9.906986951828004040e-01
1.064167737960815430e+00
1.082112908363342507e+00
1.072669029235839844e+00
1.034454703330993652e+00
9.466803669929504395e-01
1.015853524208068848e+00
1.014057040214538574e+00
1.070014238357544167e+00
1.076153397560119629e+00
9.674255847930908203e-01
1.030842900276184082e+00
1.010204434394836426e+00
1.013234138488769531e+00
1.030700445175170898e+00
9.754489660263061523e-01
9.644334912300109863e-01
1.033650398254394309e+00
9.785133004188537598e-01
9.664167761802672230e-01
9.928777813911437988e-01
1.003326296806335449e+00
9.634022116661071777e-01
1.020128965377807617e+00
1.044948697090149148e+00
9.068513512611388050e-01
8.964400887489318848e-01
1.016920924186706321e+00
9.965475201606750488e-01
1.021634340286254883e+00
9.693537354469300427e-01
9.524049162864683948e-01
9.959515929222108044e-01
1.073302745819091797e+00
1.030224442481994629e+00
9.589073657989501953e-01
1.011672496795654297e+00
1.005490303039550781e+00
1.009192228317260742e+00
1.040193557739257812e+00
1.063121914863586426e+00
9.927418828010560192e-01
1.010684967041015625e+00
1.006966829299926758e+00
1.010256767272949219e+00
1.063990950584411621e+00
9.509168267250059925e-01
9.020169377326964222e-01
9.461148977279664196e-01
9.765061736106871448e-01
1.048355460166931152e+00
1.007610559463500977e+00
9.739176630973815918e-01
9.579710960388183594e-01
1.000118851661681907e+00
1.031237721443176492e+00
9.911290407180786133e-01
9.763206243515015759e-01
9.787701964378355823e-01
9.386198520660400391e-01
1.000771999359130859e+00
1.088863849639892578e+00
9.729054570198060192e-01
9.771794676780699573e-01
1.041068911552429199e+00
1.011631250381469505e+00
9.706622958183287464e-01
9.468573331832885742e-01
9.964382648468017578e-01
1.055184721946716309e+00
1.011237382888794167e+00
9.718697667121888317e-01
1.019300580024719238e+00
9.480041265487672009e-01
9.679505228996275745e-01
1.002856492996215820e+00
1.066649198532104492e+00
9.872511029243468128e-01
9.810311794281005859e-01
1.030885577201843262e+00
1.018178105354309082e+00
1.030482292175292969e+00
9.763540029525755726e-01
1.004188895225525124e+00
9.772596359252929688e-01
9.684787988662719727e-01
1.041456341743469238e+00
9.728237390518188477e-01
9.995670914649964489e-01
1.049190640449524148e+00
1.007007956504821777e+00
9.576432108879088245e-01
9.810399413108825684e-01
9.926975965499877930e-01
1.020752191543579102e+00
1.009393334388732910e+00
9.813708066940307617e-01
1.008135318756103516e+00
1.011379122734069824e+00
1.023280978202819824e+00
1.010283350944519043e+00
1.020390748977661133e+00
1.020326495170593262e+00
9.930484890937804066e-01
1.008490562438964844e+00
1.032307147979736328e+00
1.021482467651367188e+00
9.316026568412779651e-01
9.705585837364195667e-01
9.789308905601500355e-01
9.910547137260435901e-01
9.907107949256895862e-01
9.978853464126588024e-01
9.829458594322203480e-01
9.873048067092895508e-01
9.638674855232239880e-01
9.454589486122132458e-01
9.469003081321716309e-01
9.801387190818787731e-01
1.037976503372192383e+00
9.701290726661682129e-01
1.023160099983215110e+00
1.005007505416869895e+00
9.524009227752685547e-01
9.933493137359620251e-01
9.948175549507140003e-01
1.048829674720764160e+00
9.871520996093750000e-01
1.016694784164428711e+00
9.564703702926635742e-01
9.695193767547608532e-01
1.032089710235595703e+00
1.019088506698608398e+00
1.011740207672119141e+00
1.042305827140807883e+00
9.712416529655456543e-01
1.021115779876709206e+00
1.061151981353759766e+00
1.038559436798095703e+00
9.889485836029051624e-01
1.024827003479004128e+00
1.021028637886047363e+00
9.938766956329345703e-01
1.008748650550842507e+00
1.019005894660949707e+00
9.867684245109558105e-01
1.000761866569519043e+00
1.003595232963562012e+00
1.005833864212035911e+00
1.001072049140930176e+00
9.757680892944335938e-01
1.007964491844177246e+00
9.796688556671143688e-01
9.986642599105836071e-01
1.006330251693725586e+00
1.007284283638000488e+00
9.794929623603819691e-01
9.912213087081908069e-01
1.000256657600402832e+00
1.015884757041931152e+00
1.021530985832214355e+00
9.437521696090698242e-01
9.471437335014344372e-01
9.595537781715391956e-01
9.947026371955871582e-01
1.027409791946411133e+00
9.879025220870971680e-01
9.845678806304931641e-01
9.640957713127136230e-01
1.046188354492187500e+00
9.947249889373780407e-01
9.952505826950072132e-01
9.961987137794495739e-01
1.002127051353454590e+00
1.016348838806152344e+00
8.837374448776245117e-01
9.861502647399902344e-01
1.077966690063476562e+00
1.062787532806396484e+00
1.018879890441894309e+00
1.006214141845703125e+00
9.708356261253355823e-01
1.039658069610595703e+00
1.016715884208679199e+00
9.771007895469665527e-01
1.064205408096313699e+00
1.056128263473510742e+00
1.097454547882079856e+00
1.041543006896972878e+00
1.015420079231262207e+00
1.018839240074157493e+00
1.058425068855285645e+00
9.564804434776306152e-01
9.692613482475279651e-01
9.710440635681152344e-01
9.462101459503173828e-01
9.652301073074339710e-01
9.732135534286500134e-01
9.824204444885253906e-01
9.947975873947143555e-01
9.366039633750915527e-01
9.410446286201475941e-01
9.896394014358520508e-01
9.885590076446532093e-01
9.610591530799865723e-01
9.960623383522033691e-01
9.980632662773132324e-01
9.776593446731568493e-01
9.922050833702088513e-01
9.691545963287353516e-01
9.880470633506776013e-01
1.000491261482238770e+00
9.741169810295103870e-01
1.023250818252563699e+00
1.036915898323059082e+00
1.019688963890075684e+00
9.826481938362121582e-01
1.024673938751220703e+00
9.845162630081175648e-01
9.969027638435363770e-01
1.058772444725036621e+00
9.936738014221192516e-01
9.653317332267760120e-01
1.064710259437560813e+00
1.000542402267455833e+00
9.684514403343199573e-01
1.017785310745239258e+00
9.857581853866576038e-01
1.020826816558838113e+00
1.028845667839050293e+00
1.051575541496276855e+00
1.050784111022949219e+00
9.759872555732728161e-01
9.659565687179564319e-01
9.757549762725830078e-01
1.072473287582397683e+00
1.030133008956909180e+00
9.450325369834899902e-01
9.405307173728943981e-01
1.032318472862243652e+00
9.920625686645507812e-01
9.481995701789855957e-01
9.352313876152039684e-01
9.615345597267151989e-01
9.883249998092652477e-01
9.932193756103515625e-01
9.145194888114928089e-01
9.616771340370178223e-01
9.771940112113951526e-01
9.613206982612609863e-01
1.011467933654785156e+00
9.434942603111268200e-01
9.944883584976196289e-01
1.049333930015564187e+00
9.891598820686340332e-01
9.341737627983092151e-01
9.414373040199279785e-01
1.032302975654602051e+00
1.006006717681884766e+00
1.014521598815917969e+00
1.069682717323303223e+00
1.117632269859313965e+00
1.015441298484802246e+00
9.677965641021728516e-01
9.963670969009400524e-01
1.061338067054748313e+00
9.966467022895811878e-01
9.690118432044984020e-01
1.072135210037231445e+00
1.021611809730529785e+00
9.992072582244871937e-01
9.965094923973083496e-01
1.120740056037902832e+00
1.026754736900329590e+00
9.473471045494079590e-01
1.017511129379272461e+00
1.051098585128784180e+00
1.008436679840088113e+00
9.248370528221129261e-01
1.008734464645385520e+00
9.661468863487243652e-01
9.325540065765379749e-01
9.166257381439207874e-01
9.902236461639404297e-01
9.936671257019044079e-01
9.644629359245300293e-01
9.915311336517333984e-01
9.831288456916807972e-01
1.014999866485595703e+00
9.655475616455078125e-01
9.393926262855529785e-01
9.813349843025207520e-01
1.022681951522827148e+00
1.015374779701232910e+00
9.885717630386352539e-01
1.000381231307983398e+00
9.487475752830504261e-01
9.779562354087829590e-01
1.054149270057678223e+00
1.043387293815612793e+00
9.712247848510742188e-01
9.394821524620056152e-01
9.865413308143615723e-01
1.091109037399291992e+00
1.076828002929687500e+00
1.014866232872009277e+00
1.004898548126220703e+00
1.038437008857727051e+00
1.005433201789855957e+00
9.927567839622497559e-01
9.933379888534545898e-01
1.009078383445739524e+00
1.037609219551086426e+00
9.916453957557678223e-01
1.026619911193847656e+00
9.912451505661011852e-01
9.790188074111938477e-01
9.752653241157531738e-01
9.830979108810423694e-01
1.023046255111694336e+00
1.016240715980529785e+00
9.716970324516296387e-01
9.721655845642090954e-01
9.872581958770751953e-01
9.658833146095275879e-01
9.798782467842102051e-01
1.004417777061462402e+00
1.020656466484069824e+00
1.009001851081847922e+00
9.861741662025451660e-01
9.802883267402647816e-01
9.969588518142700195e-01
1.034907579421997070e+00
9.835583567619323730e-01
1.004965424537658691e+00
1.033333063125610352e+00
1.000686407089233398e+00
1.015324473381042480e+00
1.017880916595459206e+00
1.011366009712219238e+00
1.038750410079955833e+00
1.031095385551452637e+00
1.020503640174865501e+00
1.040960788726806641e+00
1.083420276641845703e+00
1.103770375251770020e+00
1.028406023979187012e+00
1.007303118705749512e+00
1.008750081062317117e+00
1.003939032554626465e+00
9.978745579719543457e-01
1.021343350410461426e+00
9.931102991104125977e-01
9.907392263412475586e-01
9.742221832275391735e-01
9.345679879188537598e-01
9.993562102317808948e-01
9.351164102554320179e-01
9.111620187759400524e-01
1.011595845222473145e+00
9.464932084083556019e-01
9.473940730094909668e-01
9.792467355728148304e-01
1.039192080497741699e+00
9.779554605484007679e-01
1.021916627883911133e+00
1.001937031745910645e+00
1.021427273750305176e+00
9.672119617462158203e-01
9.411870837211607776e-01
9.622120261192321777e-01
9.911862611770629883e-01
1.013386964797973633e+00
1.021309733390807883e+00
9.974665045738220215e-01
9.856688380241394043e-01
1.010090231895446777e+00
9.435327053070068359e-01
1.065521121025085449e+00
1.071995973587035911e+00
1.018187284469604492e+00
1.004185080528259277e+00
1.033911466598510742e+00
9.768731594085692249e-01
9.798738956451416016e-01
9.242556691169739880e-01
9.519761204719543457e-01
8.997045755386352539e-01
9.798024296760560192e-01
9.115983247756958008e-01
9.664499163627624512e-01
9.270161986351012073e-01
9.836935400962829590e-01
9.582786560058593750e-01
9.997364282608032227e-01
9.558016657829283558e-01
9.987957477569580078e-01
9.682200551033020020e-01
1.003977298736572488e+00
9.553236961364746094e-01
1.000563979148864746e+00
9.681984186172484241e-01
9.800547957420348011e-01
9.567952156066895641e-01
1.015859723091125710e+00
1.018775582313537598e+00
1.030024766921997070e+00
9.591659903526306152e-01
1.006494045257568359e+00
9.749135375022888184e-01
9.130607843399047852e-01
9.372575283050535999e-01
9.302306175231933594e-01
9.906351566314696155e-01
9.649936556816099964e-01
9.705337882041932263e-01
1.058499574661254883e+00
1.061256647109985352e+00
1.011139750480652078e+00
9.983960986137390137e-01
9.468962550163267933e-01
9.692574143409727894e-01
9.723827242851256214e-01
1.018295407295227051e+00
1.068416476249694824e+00
9.599550962448120117e-01
1.067490100860595703e+00
9.832977056503295898e-01
9.996405243873596191e-01
9.998130798339843750e-01
1.090752720832824707e+00
9.215834736824035645e-01
9.319543242454527698e-01
1.047128438949584961e+00
1.084658145904540794e+00
1.027934670448303223e+00
1.009228825569152832e+00
1.027051091194152832e+00
9.052846431732177734e-01
1.021236658096313699e+00
9.513477683067321777e-01
9.743012189865112305e-01
9.836128950119019665e-01
1.008974075317382812e+00
9.690095782279968262e-01
9.622541666030883789e-01
1.012033581733703613e+00
9.882501959800720215e-01
9.209248423576356091e-01
9.743545651435852051e-01
1.032151937484741211e+00
9.432290792465209961e-01
9.352393746376037598e-01
9.934778213500975452e-01
9.711255431175231934e-01
1.036098003387451172e+00
1.016049981117248313e+00
1.023667573928833008e+00
9.955439567565917969e-01
1.050061821937560813e+00
1.030234575271606445e+00
9.621357321739195667e-01
1.027974486351013184e+00
1.042290925979614480e+00
1.074992299079895020e+00
9.946966767311096191e-01
9.445963501930235706e-01
1.061092972755431907e+00
9.972834587097167969e-01
1.102145552635192871e+00
1.062347412109375000e+00
9.714809060096739612e-01
1.007472515106201172e+00
1.047902464866638184e+00
9.294463992118835449e-01
9.593442678451538086e-01
1.006421685218810813e+00
1.035831093788146973e+00
1.087229371070861816e+00
1.220000863075256348e+00
9.494863748550416149e-01
9.923152923583984375e-01
1.023637533187866211e+00
1.097556233406067117e+00
1.042159318923950195e+00
1.038536071777343750e+00
1.036355614662170410e+00
1.003389596939087136e+00
1.069465160369872825e+00
8.436717391014099121e-01
1.057736158370971680e+00
1.055553436279296875e+00
9.900568127632140003e-01
8.964389562606811523e-01
8.734178543090820312e-01
9.996283650398254395e-01
1.053172349929809570e+00
1.023214817047119141e+00
9.624245762825012207e-01
9.726121425628662109e-01
9.905414581298828125e-01
8.471062779426574707e-01
9.567312002182007946e-01
1.010659217834472878e+00
1.026547789573669434e+00
1.116211056709289551e+00
1.087152123451232910e+00
1.056785345077514648e+00
1.066105723381042480e+00
1.077391147613525391e+00
1.029322385787964089e+00
1.035963535308838113e+00
1.131744384765625000e+00
9.922752976417541504e-01
1.022498011589050293e+00
1.068441033363342507e+00
1.096872806549072488e+00
9.783195853233336292e-01
1.093441605567931907e+00
1.058927536010742188e+00
1.009145140647888184e+00
1.020915627479553223e+00
9.989959001541137695e-01
1.060831069946289062e+00
1.131532907485961914e+00
1.056153297424316406e+00
9.844676852226256214e-01
9.008651971817015491e-01
1.018334150314330833e+00
9.457552433013916016e-01
9.793096184730529785e-01
9.537308216094971813e-01
9.750131964683531605e-01
9.410920143127440296e-01
9.206365346908568226e-01
1.049410462379455566e+00
9.743459820747375488e-01
9.956112504005432129e-01
8.139177560806274414e-01
8.489958047866821289e-01
8.991232514381408691e-01
9.860817790031431995e-01
9.085242152214050293e-01
9.007906317710876465e-01
8.978295922279357910e-01
9.154592752456663929e-01
8.632399439811706543e-01
9.498250484466551624e-01
8.733781576156616211e-01
9.919382333755492054e-01
8.881878256797790527e-01
9.393229484558104359e-01
1.037200212478637695e+00
1.024467110633849876e+00
9.447900652885435901e-01
9.821804165840147816e-01
1.016051292419433594e+00
1.088706016540527122e+00
1.038904666900634766e+00
9.750061631202697754e-01
1.023890852928161621e+00
9.796085357666015625e-01
9.588328003883361816e-01
9.120460152626037598e-01
9.705480933189392090e-01
9.443833231925964355e-01
9.715054631233216442e-01
9.995926022529602051e-01
1.068804383277892844e+00
1.037197589874267578e+00
1.027131676673889160e+00
9.889079332351683460e-01
9.792572855949401855e-01
9.934661388397215687e-01
9.740103483200072132e-01
1.008703470230102317e+00
1.014434099197387695e+00
9.796153306961059570e-01
1.013875365257263184e+00
1.045970916748046875e+00
1.027468800544738770e+00
1.067188739776611106e+00
1.030689001083374023e+00
1.032224416732787864e+00
1.032576322555541992e+00
1.040636539459228294e+00
9.786719679832458496e-01
1.078813314437866211e+00
1.061904430389404297e+00
1.005169987678527832e+00
1.001010894775390625e+00
1.108361363410949707e+00
1.000524044036865234e+00
1.025824069976806641e+00
9.839662909507751465e-01
9.942423701286315918e-01
1.032002925872802734e+00
1.038268446922302246e+00
1.027109146118164062e+00
1.018159031867980957e+00
1.067347884178161621e+00
1.024994969367980957e+00
1.054118514060973899e+00
1.001728773117065430e+00
1.038049578666687012e+00
1.095755577087402344e+00
1.048527240753173828e+00
1.020462751388549805e+00
1.068505883216857910e+00
1.061880230903625710e+00
1.052934765815734863e+00
1.031946063041687012e+00
1.028992891311645508e+00
9.798598289489746094e-01
1.005940318107604980e+00
9.799344539642333984e-01
9.800267815589903675e-01
1.003931760787964089e+00
9.930592179298399769e-01
1.002317667007446289e+00
9.725552201271056019e-01
9.980623126029968262e-01
1.011365294456482156e+00
9.986096620559692383e-01
1.002657890319824219e+00
9.607996940612791859e-01
1.048871755599975586e+00
1.064622163772583008e+00
1.004297494888305664e+00
9.610533714294433594e-01
9.960415959358216442e-01
1.002549648284911887e+00
9.566192626953123890e-01
9.099493026733398438e-01
9.918109178543091931e-01
9.682201743125915527e-01
9.774321913719176136e-01
1.040192484855652078e+00
9.898878335952759899e-01
9.883663058280943714e-01
9.648401141166688122e-01
9.490014910697935901e-01
1.007523059844970703e+00
1.019047379493713379e+00
1.022082805633545144e+00
9.632669687271118164e-01
9.523971676826475941e-01
9.569087028503417969e-01
9.674711823463441052e-01
9.629373550415040173e-01
9.976753592491149902e-01
1.005459666252136230e+00
9.897362589836119495e-01
9.729014635086059570e-01
9.620192646980285645e-01
9.605068564414978027e-01
9.517612457275391735e-01
9.358216524124145508e-01
9.314233660697935901e-01
9.039828777313232422e-01
9.248921871185303845e-01
9.297309517860411487e-01
9.622777700424194336e-01
9.304426908493041992e-01
9.211432337760924183e-01
8.907617330551147461e-01
9.456951618194580078e-01
9.050619006156920276e-01
8.998827338218688965e-01
9.402873516082763672e-01
9.542518854141236462e-01
9.303688406944276013e-01
9.041463732719420276e-01
9.495388269424438477e-01
9.859699010849000134e-01
1.006623506546020508e+00
9.347152113914490856e-01
9.273125529289245605e-01
9.614146947860717773e-01
9.781211614608763538e-01
9.963606595993041992e-01
1.009693622589111106e+00
1.049033880233764648e+00
1.030836701393127441e+00
9.931471347808837891e-01
1.024166703224181907e+00
1.012382745742798074e+00
1.002528548240661621e+00
1.090378522872924805e+00
9.472491741180419922e-01
9.572746753692628063e-01
9.962262511253355823e-01
1.046494483947754128e+00
1.003207564353942871e+00
9.936897754669190563e-01
9.846064448356628418e-01
1.043937087059020996e+00
9.931025505065917969e-01
1.026488065719604492e+00
9.908259510993957520e-01
1.039672613143920898e+00
1.030017018318176492e+00
9.720054268836976208e-01
9.999551177024840198e-01
9.656652212142944336e-01
1.004059672355652078e+00
9.944398999214172363e-01
9.809592962265015759e-01
1.042975664138794167e+00
1.038420796394347922e+00
9.979757666587829590e-01
9.867610335350035511e-01
9.969577789306639515e-01
1.013852834701537864e+00
9.757395982742309570e-01
9.907305240631103516e-01
9.911854863166807972e-01
1.025409102439880371e+00
1.012310028076172097e+00
1.013153314590454102e+00
1.025345683097839355e+00
1.033228039741515891e+00
1.002133488655090332e+00
9.576083421707152210e-01
9.841749072074890137e-01
9.807107448577879749e-01
9.176406264305115856e-01
9.456343650817872204e-01
1.060553669929504395e+00
9.427279829978943981e-01
9.337499141693116345e-01
9.456436634063719593e-01
9.609116911888123669e-01
9.528231620788574219e-01
1.001407146453857422e+00
1.030183553695678711e+00
1.004335045814514160e+00
1.028045177459716797e+00
1.021380186080932617e+00
1.038445234298705833e+00
1.040953874588012695e+00
1.001948475837707520e+00
9.766656756401062012e-01
1.026311516761779785e+00
1.037630558013915794e+00
1.048468947410583496e+00
1.073413252830505371e+00
1.018257737159729004e+00
1.075749993324279785e+00
1.089712023735046387e+00
1.057436108589172363e+00
1.018764615058899148e+00
9.817352890968323864e-01
1.061145663261413574e+00
1.041689872741699219e+00
1.028392672538757102e+00
9.835484623908995472e-01
9.711630940437315784e-01
9.519422650337220349e-01
1.053532242774963379e+00
1.037440896034240723e+00
1.076897263526916504e+00
1.032730340957641602e+00
9.941425919532775879e-01
1.003539919853210449e+00
1.053255915641784890e+00
9.960381388664245605e-01
1.032386183738708496e+00
9.689527750015259899e-01
9.470212459564207874e-01
9.969424009323120117e-01
9.574898481369019665e-01
9.859504699707032360e-01
1.006737947463989258e+00
9.905822873115540661e-01
9.875734448432922363e-01
9.602051377296447754e-01
9.680424332618712269e-01
9.758770465850830078e-01
9.772941470146180309e-01
9.828133583068847656e-01
9.847407341003417969e-01
9.913001060485840954e-01
1.002039313316345215e+00
9.962511658668518066e-01
1.021098494529723899e+00
1.012540221214294434e+00
1.022941589355468750e+00
1.015871167182922363e+00
9.976057410240172230e-01
9.975892305374145508e-01
9.822868704795836292e-01
9.957421422004699707e-01
9.610058069229125977e-01
9.754162430763243519e-01
1.013759136199951172e+00
1.062918782234192117e+00
9.866012930870056152e-01
9.903336167335509144e-01
1.010270476341247559e+00
9.756615161895751953e-01
1.020451784133911133e+00
1.008919715881347656e+00
9.973909258842468262e-01
1.021475553512573242e+00
1.002906680107116699e+00
1.034456610679626465e+00
1.009693026542663574e+00
9.658462405204771839e-01
9.801283478736876331e-01
1.025029420852661133e+00
1.023263216018676758e+00
1.043007016181945801e+00
1.053092122077942117e+00
1.042211532592773438e+00
1.004379630088806152e+00
9.946774244308471680e-01
1.012651324272155762e+00
1.007753252983093262e+00
9.931409955024720349e-01
1.005177497863769531e+00
1.019518494606017844e+00
9.801353812217712402e-01
9.642933011054991566e-01
1.001543879508972168e+00
1.011005997657776101e+00
9.530552625656127930e-01
9.121350646018981934e-01
9.999561905860899769e-01
1.008360743522644043e+00
1.035394310951232910e+00
1.008765697479247825e+00
1.024363756179809570e+00
1.044621109962463379e+00
1.059373140335083008e+00
1.033679604530334473e+00
1.006082892417907493e+00
9.620391130447387695e-01
9.054301381111143909e-01
9.346418380737303577e-01
9.526775479316712536e-01
1.012257933616638184e+00
1.032012343406677246e+00
1.055022120475769043e+00
1.059002995491027832e+00
1.015049576759338379e+00
1.027470827102661133e+00
9.817197918891907849e-01
1.041444659233093262e+00
9.981774687767027698e-01
9.579347968101500355e-01
9.741219878196716309e-01
9.995298385620116077e-01
1.060240507125854492e+00
1.073185563087463379e+00
1.058989286422729492e+00
9.907805323600767933e-01
1.010956525802612305e+00
9.955925345420836292e-01
1.008062958717346191e+00
9.938712716102600098e-01
9.906781911849975586e-01
9.684721231460572399e-01
9.511628150939940296e-01
1.004131197929382324e+00
1.013959527015685813e+00
9.932632446289062500e-01
1.008633255958557129e+00
9.983224272727966309e-01
9.468007087707520641e-01
8.447145223617553711e-01
9.187999963760375977e-01
9.533936977386475720e-01
1.000335097312927246e+00
1.015511274337768555e+00
1.055582046508789062e+00
9.995886087417603649e-01
9.841563701629639782e-01
1.019838452339172363e+00
1.061223506927490234e+00
9.873616099357603870e-01
9.312163591384887695e-01
1.014740943908691406e+00
1.011451005935669167e+00
9.347741603851318359e-01
9.989912509918211780e-01
9.749912619590760388e-01
9.802882671356200062e-01
9.967430233955384411e-01
1.051059722900390625e+00
1.056219816207885520e+00
1.013355493545532227e+00
1.005742669105529785e+00
9.823213219642640270e-01
1.034360170364380105e+00
1.024037480354309082e+00
9.289423227310179554e-01
9.940344095230103649e-01
9.761851429939270020e-01
1.015122652053833008e+00
1.061846494674682617e+00
1.020599007606506348e+00
9.720168709754943848e-01
9.753416180610655628e-01
1.052230119705200195e+00
1.030655384063720703e+00
1.004069924354553223e+00
1.014758348464965820e+00
1.036046981811523438e+00
1.020713210105895996e+00
9.969803094863891602e-01
9.635824561119079590e-01
1.008526206016540305e+00
1.021695137023925781e+00
1.001220703125000000e+00
9.835119843482972302e-01
1.013503313064575195e+00
1.023159742355346902e+00
1.011662125587463379e+00
9.665425419807434082e-01
1.010749101638794167e+00
1.019466519355774148e+00
1.020078182220459206e+00
1.047595262527465820e+00
1.047820210456847922e+00
1.011047601699829102e+00
9.901884198188781738e-01
1.017873287200927512e+00
1.035178780555724876e+00
1.053006172180175781e+00
1.016367197036743164e+00
1.003347754478454590e+00
1.025253176689147949e+00
1.044482588768005371e+00
1.000656366348266602e+00
1.045282959938049094e+00
9.780340194702148438e-01
9.940247535705566406e-01
9.992599487304687500e-01
9.438167214393615723e-01
9.433206915855407715e-01
9.680977463722227894e-01
9.338077306747436523e-01
9.504027366638183594e-01
9.852603673934936523e-01
9.945474267005920410e-01
9.532158374786375843e-01
9.894437193870544434e-01
9.373893737792967640e-01
9.459701180458067737e-01
9.569511413574219860e-01
1.004097700119018555e+00
9.370816349983216442e-01
1.036984205245971680e+00
9.799389243125915527e-01
9.480319619178771973e-01
9.955747127532960095e-01
1.030292034149170144e+00
9.944488406181335449e-01
1.008664250373840332e+00
9.582912921905517578e-01
1.014887690544128418e+00
9.571344256401062012e-01
1.031990051269531250e+00
9.636579155921936035e-01
9.998911619186400257e-01
9.835834503173828125e-01
9.823463559150695801e-01
1.005032777786254883e+00
1.011260509490966797e+00
1.015430569648742898e+00
9.934455752372741699e-01
1.070845603942870872e+00
1.051182746887207031e+00
1.066221117973327637e+00
1.024228692054748313e+00
1.011113882064819114e+00
9.892904162406920276e-01
1.020466208457946777e+00
9.702504873275755726e-01
1.010330677032470703e+00
9.940503239631651722e-01
9.577550292015075684e-01
9.597507119178771973e-01
1.022420763969421387e+00
9.800597429275511585e-01
1.005037426948547363e+00
9.790505766868592419e-01
9.382272362709044300e-01
9.994714856147766113e-01
1.004998922348022461e+00
1.002683401107787864e+00
9.945863485336303711e-01
1.008331179618835449e+00
9.489869475364683948e-01
1.051831960678100586e+00
9.769262671470642090e-01
9.897745847702026367e-01
9.932711720466613770e-01
1.036675095558166504e+00
9.675333499908448376e-01
9.635753035545348011e-01
9.930604696273803711e-01
9.625043869018555798e-01
9.905683398246764026e-01
9.653713703155517578e-01
9.794440269470215954e-01
9.943011403083800159e-01
1.013766884803771973e+00
9.630225896835328259e-01
9.963418841361999512e-01
9.969752430915832520e-01
1.012705445289611816e+00
1.014966607093810813e+00
9.548277854919433594e-01
9.655653834342956543e-01
9.692643880844116211e-01
9.972228407859802246e-01
9.846555590629577637e-01
9.950021505355836071e-01
9.864698052406312145e-01
9.851235747337340198e-01
9.824042916297911487e-01
1.011235356330871582e+00
1.011748671531677246e+00
1.014278888702392578e+00
1.012388348579406738e+00
1.025117993354797363e+00
1.013120055198669434e+00
9.770576357841491699e-01
1.009783267974853516e+00
1.006247162818908691e+00
1.016262650489807129e+00
1.026970624923705833e+00
1.018880486488342507e+00
9.771727323532104492e-01
9.877047538757324219e-01
1.018754482269286887e+00
1.057171225547790305e+00
9.781565070152283825e-01
1.023272395133972168e+00
1.026674389839172363e+00
1.072524070739745872e+00
1.057707786560058594e+00
1.028499960899353027e+00
1.024119973182678223e+00
1.043295502662658691e+00
1.010779261589050293e+00
1.055386185646057129e+00
1.020133137702942117e+00
1.019377946853637695e+00
1.011492252349853516e+00
9.857170581817628063e-01
9.957355856895447888e-01
1.057156085968017578e+00
1.022952198982238770e+00
1.002168774604797363e+00
9.903441071510316052e-01
1.037123918533325195e+00
9.869454503059388317e-01
9.986571669578552246e-01
1.004349112510681152e+00
9.753959178924559437e-01
9.480425715446472168e-01
9.884392023086547852e-01
9.762516617774964489e-01
9.859412908554076038e-01
1.008877754211425781e+00
9.511948823928831898e-01
9.652252197265623890e-01
9.516016840934752308e-01
9.656733274459839977e-01
1.010661959648132324e+00
9.918721914291381836e-01
9.569358825683593750e-01
9.868739843368530273e-01
1.009468555450439675e+00
9.692637324333192028e-01
9.513752460479736328e-01
9.964204430580140270e-01
9.882833361625672497e-01
1.057636857032776101e+00
1.009925246238708496e+00
9.577749967575072132e-01
9.521665573120116077e-01
9.706075787544250488e-01
9.731101989746093750e-01
1.055201649665832297e+00
9.923807382583618164e-01
9.594276547431945801e-01
9.108275175094604492e-01
9.505413770675660290e-01
9.790430068969727673e-01
1.032216191291809082e+00
1.002998948097229004e+00
9.981392621994019665e-01
1.002451181411743164e+00
1.070022940635681152e+00
9.756442308425904431e-01
9.418278336524964489e-01
9.641235470771790661e-01
9.941754341125488281e-01
1.044695973396301270e+00
9.911126494407653809e-01
9.697687029838562012e-01
1.022253036499023438e+00
1.075553059577942117e+00
1.068738698959350586e+00
1.071140289306640625e+00
1.038982987403869629e+00
1.043670535087585449e+00
1.053288578987121582e+00
1.005839943885803223e+00
1.026579737663269043e+00
9.611297249794006348e-01
9.911133646965027966e-01
1.009039402008056641e+00
1.003179550170898438e+00
9.904211759567259632e-01
1.010765552520752175e+00
1.021715164184570312e+00
9.719443321228028454e-01
9.955113530158995472e-01
9.582799673080444336e-01
9.794911146163940430e-01
9.708026647567747913e-01
9.510767459869383655e-01
9.677366614341735840e-01
9.772844910621644177e-01
9.760402441024780273e-01
9.606963396072387695e-01
9.748218655586243786e-01
9.861850738525391735e-01
9.427616596221923828e-01
9.622794389724731445e-01
9.610939621925354004e-01
1.039364457130431907e+00
1.010691761970520020e+00
9.941600561141967773e-01
9.672215580940247692e-01
1.038328528404235840e+00
9.666108489036558948e-01
1.040497422218322754e+00
1.009412288665771706e+00
1.019248604774474876e+00
9.991244673728943981e-01
1.029631137847900391e+00
1.007963180541992188e+00
9.833077788352966309e-01
9.942275285720824085e-01
1.011518120765685813e+00
1.019746184349060059e+00
9.410734176635742188e-01
9.979904890060423694e-01
9.088315367698668323e-01
9.623748660087584339e-01
1.014937758445739524e+00
9.754898548126219593e-01
9.155482053756713867e-01
9.836930632591247559e-01
1.074063181877136230e+00
1.026250600814819114e+00
1.018455862998962402e+00
1.046539187431335449e+00
1.034358382225036621e+00
1.114098548889160156e+00
1.098755121231079102e+00
9.894229173660278320e-01
1.015713810920715110e+00
1.050853610038757102e+00
1.077922463417053223e+00
1.017631530761718750e+00
1.013860344886779785e+00
1.003950476646423118e+00
1.034554719924926758e+00
1.029128193855285645e+00
1.010173559188842773e+00
1.033657550811767578e+00
1.002498388290405273e+00
9.950298666954040527e-01
1.064794063568115234e+00
1.001522898674011230e+00
9.937236905097960316e-01
9.452280998229979359e-01
9.613972902297973633e-01
9.863053560256958008e-01
9.333397150039671741e-01
9.892354607582092285e-01
9.242334961891174316e-01
9.461985230445861816e-01
9.790437221527099609e-01
1.008020877838134766e+00
9.749149084091187634e-01
9.673224091529846191e-01
9.787144064903260388e-01
9.753855466842652477e-01
1.034368515014648438e+00
1.032831430435180886e+00
9.829705953598022461e-01
9.168905615806579590e-01
9.659482240676879883e-01
1.007006645202636719e+00
1.023846626281738503e+00
9.341204166412353516e-01
9.653275609016418457e-01
1.029566645622253418e+00
1.001558542251587136e+00
1.000079631805420144e+00
9.786750674247741699e-01
9.492153525352478027e-01
1.093483805656432883e+00
1.052694678306579590e+00
9.970978498458862305e-01
1.017917513847350852e+00
1.055780649185180886e+00
1.013414263725280762e+00
9.813870191574095569e-01
1.021927952766418457e+00
9.966990947723387562e-01
9.686573147773743786e-01
9.221716523170472302e-01
9.583334326744079590e-01
1.028518676757812500e+00
1.021467447280883789e+00
9.644084572792052112e-01
9.478345513343812145e-01
9.740650653839112438e-01
1.069674015045165794e+00
1.062844276428222878e+00
1.032944083213806152e+00
9.150441288948060192e-01
9.980657100677490234e-01
1.026830673217773438e+00
1.041691303253173828e+00
9.970009326934814453e-01
9.865740537643431507e-01
9.437392950057984509e-01
9.985975623130798340e-01
9.584926366806030273e-01
9.687657356262208141e-01
9.330933094024658203e-01
9.889308214187622070e-01
9.788290858268737793e-01
9.863551259040832520e-01
9.577410817146300159e-01
1.033625483512878418e+00
1.003067135810852051e+00
1.012143492698669434e+00
1.040570020675659180e+00
1.014676928520202637e+00
1.018600940704345703e+00
1.085011005401611106e+00
1.128705024719238503e+00
1.053506374359130859e+00
9.900822043418884277e-01
1.004827022552490234e+00
1.016872286796569824e+00
1.062177300453185813e+00
1.017422795295715110e+00
1.001907348632812500e+00
1.052049875259399414e+00
1.034438490867614746e+00
1.023524522781372070e+00
1.064389824867248313e+00
1.031835675239562988e+00
1.041989922523498313e+00
9.853067398071287952e-01
9.888126850128173828e-01
1.007076382637024148e+00
9.901554584503173828e-01
9.612273573875428356e-01
1.069112181663513184e+00
1.112606644630431907e+00
1.046786069869995117e+00
1.011823058128357156e+00
9.959990382194520153e-01
1.030338168144225852e+00
1.001977443695068359e+00
9.464108347892760120e-01
1.014768004417419434e+00
9.835208654403687634e-01
1.003086805343627930e+00
1.042047858238220215e+00
1.016968131065368874e+00
1.001560211181640625e+00
1.018334150314330833e+00
9.732970595359802246e-01
1.027361631393432617e+00
1.006831884384155273e+00
1.007554173469543679e+00
1.018931627273559570e+00
1.011478185653686301e+00
1.040673136711120605e+00
1.029118299484252930e+00
1.008801221847534180e+00
1.030559182167053223e+00
9.817287325859069824e-01
9.826352596282960095e-01
1.010093450546264648e+00
1.015745997428894043e+00
1.004332780838012695e+00
1.035639166831970215e+00
1.048548221588134766e+00
1.052793979644775391e+00
1.046314239501953125e+00
1.026547312736511230e+00
1.023548841476440430e+00
1.024741530418395996e+00
1.019023537635803223e+00
1.022186636924743652e+00
1.030608654022216797e+00
1.020099282264709695e+00
9.692243337631225586e-01
1.052907109260559082e+00
1.081857204437256081e+00
1.103556871414184570e+00
1.087898850440979004e+00
1.032856106758117676e+00
1.018907189369201660e+00
1.035815954208374023e+00
1.013165354728698730e+00
9.694193601608276367e-01
9.999592304229736328e-01
9.738653898239135742e-01
9.304270744323729359e-01
9.768507480621337891e-01
1.035480380058288574e+00
9.993489384651184082e-01
9.746547341346739612e-01
9.892018437385560192e-01
1.000301122665405273e+00
9.162825942039490856e-01
9.895488023757935681e-01
9.519349932670592151e-01
8.999563455581665039e-01
9.924671649932860218e-01
9.076664447784423828e-01
9.385118484497070312e-01
9.190760850906372070e-01
9.625416398048399769e-01
9.588388204574583851e-01
9.323715567588806152e-01
9.420654773712158203e-01
9.911428093910216175e-01
1.084768056869506836e+00
9.891165494918824352e-01
9.248013496398925781e-01
9.673117399215698242e-01
1.019290566444396973e+00
1.039924502372741699e+00
9.758650064468383789e-01
9.296131134033204235e-01
9.663680791854858398e-01
9.659892916679382324e-01
9.612832665443420410e-01
9.895252585411071777e-01
1.039611697196960449e+00
9.721818566322327770e-01
9.810307621955871582e-01
1.026420116424560325e+00
9.171305298805235706e-01
9.581660628318787731e-01
1.045267462730407493e+00
9.791753888130187988e-01
9.859703779220579944e-01
1.011957406997680886e+00
1.091434597969055176e+00
9.723193645477296032e-01
9.774841666221619763e-01
9.667128324508668102e-01
1.020606160163879395e+00
1.047203898429870605e+00
1.078416943550110085e+00
1.013740539550781250e+00
9.881708621978759766e-01
1.110515713691711426e+00
1.048967123031616211e+00
9.889949560165404163e-01
1.018355607986450195e+00
1.016976594924926758e+00
1.014859914779662864e+00
1.012872815132141113e+00
1.001878619194030762e+00
9.875242114067077637e-01
1.018357157707214355e+00
1.035374760627746582e+00
1.011909604072570801e+00
1.018323659896850586e+00
1.008502960205077903e+00
1.056883454322814941e+00
1.105008006095886230e+00
8.740859627723693848e-01
9.971500039100648083e-01
1.037461042404174805e+00
1.088206768035888894e+00
9.622289538383483887e-01
9.497091174125672497e-01
9.479990601539611816e-01
1.049272656440734863e+00
1.003730416297912598e+00
9.809570908546447754e-01
9.837133288383483887e-01
9.970068335533142090e-01
1.097626566886902078e+00
9.200562238693236194e-01
9.906023740768431507e-01
8.731177449226379395e-01
1.015534758567810059e+00
1.037723422050475852e+00
1.045054554939270020e+00
9.859121441841124378e-01
9.149417877197265625e-01
9.622564911842346191e-01
1.014361619949340820e+00
1.036278486251830833e+00
9.229291677474975586e-01
9.809107184410096325e-01
9.726975560188292347e-01
9.953627586364746094e-01
9.392684102058411755e-01
1.071890950202942117e+00
9.540551900863647461e-01
9.693831205368041992e-01
1.020077943801880105e+00
9.356080889701844372e-01
9.449895024299621582e-01
9.707302451133728027e-01
1.044594407081604004e+00
9.222465157508850098e-01
1.026236176490783691e+00
1.007214665412902832e+00
1.008324146270752175e+00
1.160004138946533203e+00
9.633780717849731445e-01
1.139313817024230957e+00
1.019342303276062012e+00
9.452592730522155762e-01
9.205471873283386230e-01
9.570928215980529785e-01
1.004239678382873535e+00
9.784560799598693848e-01
9.631372094154357910e-01
9.875665903091431774e-01
9.613067507743835449e-01
9.273331165313719593e-01
1.006428837776184082e+00
9.967677593231200062e-01
9.805203676223755993e-01
9.595088362693787731e-01
1.002347826957702637e+00
9.274977445602415882e-01
9.455776810646056019e-01
1.048300147056579590e+00
9.276098608970642090e-01
9.875404238700867809e-01
9.888312220573424183e-01
9.644492864608763538e-01
9.872848987579345703e-01
9.904037714004515491e-01
1.004969716072082297e+00
9.379544854164123535e-01
1.080428123474120872e+00
1.002517461776733398e+00
1.045632839202880859e+00
9.037951827049256481e-01
1.061800718307495117e+00
1.026214599609375000e+00
1.015848040580749512e+00
1.019595384597778320e+00
8.754354119300842285e-01
1.012049198150634766e+00
1.043883442878723145e+00
1.087169408798217773e+00
1.085906147956847922e+00
1.018708467483520508e+00
1.086338877677917703e+00
9.001069664955139160e-01
1.051471233367920144e+00
1.023414492607116699e+00
1.017098069190979004e+00
1.042175531387329102e+00
9.789842963218687855e-01
9.999009966850279651e-01
1.041549801826477051e+00
9.984951615333556019e-01
9.754183292388916016e-01
8.866724371910095215e-01
8.600338697433471680e-01
9.902928471565247692e-01
1.120100498199462891e+00
9.684049487113951526e-01
9.743657112121582031e-01
9.517046809196472168e-01
9.894927144050598145e-01
1.007747530937194824e+00
9.520077109336851917e-01
9.858354926109313965e-01
1.094753384590149148e+00
1.034916043281555176e+00
1.006314277648925781e+00
9.917232990264891468e-01
1.021862268447875977e+00
9.428980946540832520e-01
1.006940364837646484e+00
9.079470634460448109e-01
1.070799350738525391e+00
9.726365804672240101e-01
1.083845973014831543e+00
9.999188184738160290e-01
1.105360627174377441e+00
1.000093936920165794e+00
9.839870333671569824e-01
9.412109255790709339e-01
9.735801815986632191e-01
9.542851448059082031e-01
1.105057001113891602e+00
1.084832668304443359e+00
1.082476496696472168e+00
1.034062504768371582e+00
1.007073283195495605e+00
9.772301316261291504e-01
8.912579417228698730e-01
9.108340144157409668e-01
9.983623027801513672e-01
9.589329957962036133e-01
9.250373244285583496e-01
9.500349164009094238e-01
9.393596649169921875e-01
9.238088726997375488e-01
8.951883316040039062e-01
9.097490310668944202e-01
9.089517593383787952e-01
9.117045998573304333e-01
9.675627350807191052e-01
9.281066656112672009e-01
9.931831955909727894e-01
9.550110697746275745e-01
9.363531470298768200e-01
9.535225033760071911e-01
9.753385186195373535e-01
9.507804512977600098e-01
9.950995445251463734e-01
1.039971828460693359e+00
1.006500840187072754e+00
1.020689129829406738e+00
9.915701150894163929e-01
1.060002923011779785e+00
9.470875263214112438e-01
1.035022377967834473e+00
9.843831658363342285e-01
1.030508875846862793e+00
1.058555603027343750e+00
1.036970734596252441e+00
1.027529239654540794e+00
9.961688518524169922e-01
1.075095415115356445e+00
1.113552331924438477e+00
1.148774027824402078e+00
1.074958086013794167e+00
1.018300294876098633e+00
9.587047100067139782e-01
8.829985857009887695e-01
9.434623122215272106e-01
1.070193409919738770e+00
1.179475903511047363e+00
1.094399571418762207e+00
9.068716764450072132e-01
8.274856805801391602e-01
1.096110463142395020e+00
1.031684398651122825e+00
1.062428355216979980e+00
9.921101331710816540e-01
9.721462130546569824e-01
9.024771451950072132e-01
1.010116815567016602e+00
1.020748853683471680e+00
9.751269221305848278e-01
1.159746170043945090e+00
1.019191980361938477e+00
9.615967273712158203e-01
9.707269668579101562e-01
1.076166272163391113e+00
9.722350239753724255e-01
1.057240962982177512e+00
9.926130175590516247e-01
9.581463932991027832e-01
1.013456940650939941e+00
9.693727493286131702e-01
1.025592923164367676e+00
9.949712157249451794e-01
9.739838838577270508e-01
9.818532466888427734e-01
9.804250597953796387e-01
1.017275810241699219e+00
9.615424275398254395e-01
9.812445044517515980e-01
9.212120771408079944e-01
9.248305559158324085e-01
9.855240583419799805e-01
9.513671994209290661e-01
9.933415651321412243e-01
1.000689029693603516e+00
1.002888560295104980e+00
9.396059513092039905e-01
9.656498432159423828e-01
9.521411657333374023e-01
9.690973162651062012e-01
1.008444070816040039e+00
9.884005784988404431e-01
1.018356323242187500e+00
1.069542884826660156e+00
1.032732963562011497e+00
1.079584836959838867e+00
9.661011695861816406e-01
9.581406712532043457e-01
9.395232796669006348e-01
9.295931458473205566e-01
9.400162100791932263e-01
9.848820567131042480e-01
1.037694931030273438e+00
1.009096026420593262e+00
9.995993971824645996e-01
9.556183218955993652e-01
9.036732912063599743e-01
9.526007175445555530e-01
9.556829333305359997e-01
1.005478501319885254e+00
1.062507033348083496e+00
1.048356056213379128e+00
1.060769915580749512e+00
1.031114459037780762e+00
1.031008601188659668e+00
9.997786283493041992e-01
9.527485966682434082e-01
9.466045498847960316e-01
9.965126514434814453e-01
1.054109930992126465e+00
1.076501846313476562e+00
1.019789695739745872e+00
9.926741123199464001e-01
1.043673276901245117e+00
1.062430977821349876e+00
1.058320879936218484e+00
1.004595160484314187e+00
1.032230734825134499e+00
1.012840986251830833e+00
1.010979771614074707e+00
1.007642984390258789e+00
9.972075819969176136e-01
9.921794533729552112e-01
9.767425656318664551e-01
9.916411042213441052e-01
1.003070235252380371e+00
9.763634800910949707e-01
1.028009772300720215e+00
1.019784331321716309e+00
1.031057834625243919e+00
1.005866527557372825e+00
9.913576841354370117e-01
9.714816808700561523e-01
9.265558123588562012e-01
9.575310349464416504e-01
9.597584605216979980e-01
9.503412246704101562e-01
9.548326730728148304e-01
9.793394804000854492e-01
9.456961154937744141e-01
9.520646929740905762e-01
9.885460734367371716e-01
9.628169536590576172e-01
9.540968537330628552e-01
9.656795859336851917e-01
9.430832862854003906e-01
9.718843698501588024e-01
9.500659704208374023e-01
9.709771275520323597e-01
9.939221143722534180e-01
9.701300263404846191e-01
9.619751572608947754e-01
8.957208991050720215e-01
9.472287893295288086e-01
9.264690876007080078e-01
9.039919972419739880e-01
1.008976697921752930e+00
1.027256965637207031e+00
1.047758698463439941e+00
1.055249094963073508e+00
1.023891448974609375e+00
1.009905338287353516e+00
9.837487339973449707e-01
9.436094164848327637e-01
9.700199961662292480e-01
9.503144621849058948e-01
9.823065996170043945e-01
9.511502385139464222e-01
9.995088577270507812e-01
1.072491765022277832e+00
9.310286045074464001e-01
9.658643603324890137e-01
9.391739964485168457e-01
1.018937826156616211e+00
1.034962177276611106e+00
9.970623850822447620e-01
9.889928102493286133e-01
9.858025908470153809e-01
9.646993875503540039e-01
1.065312266349792480e+00
1.040701746940612793e+00
9.922758340835572399e-01
9.326944947242735706e-01
9.763618111610411487e-01
1.068423271179199219e+00
1.015599608421325684e+00
1.021898388862610085e+00
9.841175079345704235e-01
1.014350175857544167e+00
1.009263515472411887e+00
9.972593784332276501e-01
1.024485111236572488e+00
1.031162977218627930e+00
1.045467019081115501e+00
1.034999132156372070e+00
1.082582950592040794e+00
1.041506767272949219e+00
1.059667229652404785e+00
1.087537527084350586e+00
1.000811576843261497e+00
1.052103400230407493e+00
1.086553335189819114e+00
1.011247277259826882e+00
1.013693451881408691e+00
1.025250077247619629e+00
1.072335004806518555e+00
9.709481596946716309e-01
9.120667576789855957e-01
9.554341435432434082e-01
1.006211996078491211e+00
1.038913249969482422e+00
9.637461304664611816e-01
9.990462064743041992e-01
9.841868281364439808e-01
1.016602754592895508e+00
9.993644952774047852e-01
1.002013802528381126e+00
9.812166094779968262e-01
1.043375015258789062e+00
9.902852177619934082e-01
1.037072777748107910e+00
9.383946657180786133e-01
1.002153992652892844e+00
1.026672363281250000e+00
1.006623744964599609e+00
1.030953168869018555e+00
9.670258760452270508e-01
9.878777861595153809e-01
1.004209518432617188e+00
1.012271642684936301e+00
1.017805576324463113e+00
1.002559423446655273e+00
1.078436851501464844e+00
1.035723090171814187e+00
1.014065980911254883e+00
1.038987159729004128e+00
1.087845444679260476e+00
1.040863990783691406e+00
9.229630231857299805e-01
1.003487825393676758e+00
1.019501686096191406e+00
1.030192255973815918e+00
1.019446969032287598e+00
1.018265366554260476e+00
1.017655849456786887e+00
1.034505605697631836e+00
9.974398016929626465e-01
9.933864474296569824e-01
1.040026068687439187e+00
1.010265111923217773e+00
1.016136050224304199e+00
9.387301206588744007e-01
9.227936267852784313e-01
9.229614734649658203e-01
9.219533801078796387e-01
9.351739287376403809e-01
1.002871274948119895e+00
1.005484461784362793e+00
1.008663654327392578e+00
9.843322634696959339e-01
1.048930168151855691e+00
9.726514220237731934e-01
9.921579360961914062e-01
9.932659268379212536e-01
1.004928588867187500e+00
9.915727376937866211e-01
9.821972846984864391e-01
9.961853623390197754e-01
9.784768819808959961e-01
9.851058125495911755e-01
1.004804253578185813e+00
9.486654996871948242e-01
9.490011334419250488e-01
9.968065023422240101e-01
1.018537878990173118e+00
1.014047622680664062e+00
9.697293639183044434e-01
1.011038780212402344e+00
9.989799261093140759e-01
9.436045885086059570e-01
9.883909821510316052e-01
9.199678301811218262e-01
1.013507962226867676e+00
1.054263353347778320e+00
1.007953882217407227e+00
9.538563489913940430e-01
9.995706677436827503e-01
1.001076936721801758e+00
1.029096603393554910e+00
9.978476166725159802e-01
9.476338624954223633e-01
1.006325602531432883e+00
9.105829000473022461e-01
9.081246256828308105e-01
1.000343799591064453e+00
1.047658205032348633e+00
1.022143483161926492e+00
9.798153042793273926e-01
1.020700812339782715e+00
9.641426205635071911e-01
9.204707145690917969e-01
9.220067262649536133e-01
9.605273604393004261e-01
9.787586927413940430e-01
9.481124281883240856e-01
9.787192344665528454e-01
8.925781250000000000e-01
1.010129928588867188e+00
1.057018518447875977e+00
1.016192078590392844e+00
9.603366255760191761e-01
9.884182214736938477e-01
9.312185049057007946e-01
1.012006998062133789e+00
1.004664778709411621e+00
1.021171092987060325e+00
1.008400440216064453e+00
1.020314335823059082e+00
9.634914994239808239e-01
9.704433679580688477e-01
9.962547421455384411e-01
1.096192717552185059e+00
1.089678645133972168e+00
1.016194820404052734e+00
1.010120034217834473e+00
1.029614925384521706e+00
1.029695987701415794e+00
1.001273989677429199e+00
1.049163341522216797e+00
1.030202984809875710e+00
1.040922164916992188e+00
1.045384764671325684e+00
9.876875877380372204e-01
9.832620024681092419e-01
9.941273331642151989e-01
1.046118140220642090e+00
1.012570858001709206e+00
9.579027295112609863e-01
8.962453007698059082e-01
9.583277702331544079e-01
9.574794173240661621e-01
9.864903688430786133e-01
9.844321012496948242e-01
9.564834237098693848e-01
9.959435462951659046e-01
1.054507613182068093e+00
1.100239753723144309e+00
1.033054471015930176e+00
1.000696539878845215e+00
1.007412195205688477e+00
1.017963528633117676e+00
1.056532979011535645e+00
9.970864057540893555e-01
9.527540802955628552e-01
1.000647068023681641e+00
1.053462862968444824e+00
1.038082003593444824e+00
1.069737434387207031e+00
1.026799678802490234e+00
1.044908881187439187e+00
1.035153508186340332e+00
9.657644629478455700e-01
9.122186899185179554e-01
1.031810045242309570e+00
9.828023910522459827e-01
