3.327762335538863442e-02
3.158550336956977844e-02
-4.771889373660088279e-02
3.703689575195312500e-02
-1.523797307163476944e-02
3.294876962900161743e-02
-4.218442365527153015e-02
-2.892523407936096191e-01
-2.359870821237564087e-02
-4.751044791191815463e-03
9.453587234020231420e-03
-8.176478743553163009e-02
-4.683978855609893799e-02
3.296787664294242859e-02
2.686683833599090229e-02
3.104660287499428142e-02
-3.476238250732421875e-02
2.432145364582538605e-02
-5.541129037737846375e-02
9.228967130184173584e-02
1.838766336441039762e-01
2.144341357052326202e-02
-2.998318150639533650e-02
-8.874177187681198120e-02
-9.350643306970596313e-02
-3.494444489479064941e-02
-6.375633925199508667e-02
-3.330233320593833923e-02
-4.014496505260468223e-02
2.106992033077404174e-04
-1.982203125953674316e-02
-2.401112392544746399e-02
-1.305179949849843979e-02
-9.940219111740590877e-03
-2.969904243946075786e-02
3.269697725772858360e-02
-1.094799954444169998e-02
-7.874552905559539795e-02
-9.215567260980606079e-02
-7.648095488548278809e-02
-7.305743545293807983e-02
-2.031564898788928986e-02
-8.721502125263214111e-02
-7.108654081821443038e-02
-5.097965896129608154e-02
-2.506457269191741943e-02
3.038265556097030640e-02
-3.013856895267963756e-02
9.188258089125156403e-03
2.052182098850607872e-03
2.355457469820976257e-02
1.868492178618908275e-02
-9.470855444669723511e-02
-2.632241509854793202e-02
-6.201231852173805237e-02
-2.472461760044098247e-02
-2.059441804885864258e-02
1.149160191416740556e-01
-2.666041813790798534e-02
-4.203302413225173950e-02
-3.973623365163803101e-02
-3.048289567232131958e-03
-3.828727081418036721e-02
-4.266939312219619751e-02
-2.504734136164188385e-02
-5.103890970349311829e-02
4.746446758508681557e-02
-3.363163396716117859e-02
2.921634539961814880e-02
-6.767534464597702026e-02
-4.420538991689682007e-02
1.745853014290332794e-02
1.821805350482464184e-02
-8.223604410886764526e-02
6.870098877698183060e-03
-2.720599994063376947e-03
-2.428620494902133942e-02
6.409952044487000899e-02
9.711512923240663009e-02
4.986238479614257812e-02
-5.801589228212832537e-03
8.052968233823776245e-02
1.669109314680099487e-01
1.419228017330169400e-01
3.358771651983261108e-02
-2.818720228970050465e-02
-1.267212908715009516e-02
1.005509197711944580e-01
2.133875638246536532e-01
-5.045324563980103406e-03
-2.525673061609268188e-02
6.288162618875503540e-02
4.453217238187789917e-02
-1.800370365381240845e-01
5.154884234070777893e-02
4.935258254408837059e-02
-2.789348829537630081e-03
1.102762222290039062e-01
4.925842583179473877e-02
1.619957834482192993e-01
7.503946125507354736e-02
5.362492520362138748e-03
-3.240485116839408875e-02
1.266417279839515686e-02
3.541799262166023254e-02
3.184625506401062012e-02
-4.505009949207305908e-02
-2.778723835945129048e-02
8.823436498641967773e-02
7.738526165485382080e-02
2.407360821962356914e-02
2.856096252799033772e-02
3.698832541704177856e-02
-1.299082487821578979e-02
-5.428235512226819992e-03
5.396242812275887230e-02
1.152373775839805464e-01
-2.249855920672417034e-02
-1.559805124998092825e-02
-1.053496077656746049e-01
-7.262447476387023926e-02
-6.951107084751129150e-02
-6.480971723794937134e-02
-6.416499614715576172e-02
-1.638448983430862427e-01
2.510756999254227032e-02
5.588170886039733887e-02
-3.304632613435388045e-03
-7.783338893204926577e-03
7.833393663167952103e-02
1.373308748006820679e-01
3.002087026834488262e-02
-3.311473131179809570e-02
1.053981203585863113e-02
-6.258042994886637818e-04
-1.517980396747589111e-01
-2.136970758438110629e-01
-8.325305581092833085e-02
-9.607890620827676600e-03
2.403315715491772045e-02
-7.969099283218383789e-02
-1.261413395404815396e-01
5.680879577994346619e-03
-5.058448761701583862e-02
1.142164692282676697e-01
4.145563021302223206e-02
-3.236944228410721519e-02
-7.092053443193435669e-02
-1.006803940981626337e-02
4.506088793277740479e-02
7.068888843059539795e-02
-2.591830305755138397e-02
-4.323905706405640342e-02
5.261184275150299072e-02
-3.093823976814746857e-02
-3.662201808765530586e-03
-2.557341940701008190e-02
-6.865616887807846069e-02
-5.267989635467528603e-02
2.163190394639968872e-01
7.978058606386184692e-02
-1.576616801321506153e-02
-1.313543319702148438e-01
-1.566251814365386963e-01
4.934599250555039146e-02
-5.242349114269018173e-03
-2.297538303537294540e-04
-2.470888756215572357e-02
-5.644574016332626343e-02
1.280882954597473145e-01
3.325743600726128318e-02
-8.746996521949768066e-03
-1.802526530809700489e-03
-3.008015081286430706e-02
9.977880865335464478e-03
-1.881671720184385560e-03
-2.285948954522609711e-02
5.413304315879940987e-04
-4.056739807128906250e-02
1.797819137573242188e-02
-5.002924427390097878e-02
5.849303677678107521e-02
-1.371632970403879881e-04
-8.980291336774826050e-02
-6.722559779882431030e-02
-4.509732127189636230e-02
-1.151433438062667708e-01
-6.345327943563461304e-02
-7.842195220291616267e-03
-2.071631252765655518e-01
-1.239974498748779297e-01
-1.128816604614257812e-01
-4.728982597589492798e-02
-6.289412826299667358e-02
-1.083571240305900574e-01
2.280791103839874268e-02
-8.452975191175937653e-03
-2.236085943877696991e-03
-1.171709783375263041e-02
6.753604114055633545e-02
2.463337965309619904e-02
6.234563142061233521e-02
6.522834766656160355e-03
3.534916415810585022e-02
6.598706543445587158e-02
1.247802153229713440e-01
4.525109753012657166e-02
-4.506370425224303505e-02
-2.586890012025833130e-02
-7.314430177211761475e-02
-4.362567141652106545e-02
-6.614398211240767045e-02
-8.243378251791000366e-02
-3.115090541541576385e-02
-2.648041583597660065e-02
-7.598897069692613082e-02
1.760224997997283936e-02
-3.511494398117064736e-02
2.605258859694004059e-02
-1.385997515171766455e-02
-8.765811473131179810e-02
-8.137930184602737427e-03
-5.536423251032828591e-02
-1.816281490027904510e-02
9.068835526704788208e-03
-5.700937658548355103e-02
-3.192958608269692161e-02
6.191884726285935142e-02
-6.977614015340805054e-02
-5.537023767828941345e-02
-5.351967643946409225e-03
-1.357571035623550415e-01
-1.444707065820693970e-01
-1.857719123363494873e-01
-8.101070672273635864e-02
3.645544406026602225e-03
-7.221885491162537661e-03
-1.381754130125045776e-02
-7.493273820728064451e-03
1.479862779378890991e-01
1.254889070987701416e-01
5.646674707531929016e-02
8.120043575763702393e-02
1.007181033492088318e-01
1.714188791811466217e-02
2.243040874600410461e-02
-1.469328254461288452e-02
-3.338363394141197205e-02
4.813809413462877274e-03
8.480818569660188155e-02
6.901157647371292114e-02
3.013205714523792614e-02
-6.593465059995651245e-02
-5.767433717846869728e-02
-2.701524645090103149e-02
-2.012533694505691528e-02
-1.467595901340246201e-02
-2.817494235932826996e-02
1.060594338923692877e-02
-1.019454468041658401e-02
4.115209728479385376e-02
3.560391440987586975e-02
6.250337231904268265e-03
-6.438630819320678711e-02
-3.798417374491691589e-02
-1.486388873308896845e-02
-7.536869496107101440e-02
-3.746072947978972695e-02
1.305736880749464035e-02
-7.988009601831436157e-02
-1.692446321249008179e-01
-2.413579821586608887e-01
-1.938474774360656738e-01
-1.236431077122688432e-01
-8.918736875057220459e-02
-1.735043525695800781e-02
3.527639433741568652e-03
-2.071169577538966786e-02
1.165132224559784109e-02
-2.242775261402130127e-02
9.777191281318663163e-02
4.513872042298316956e-02
4.241493064910172549e-03
-1.428659656085073948e-03
4.652027785778046348e-02
-4.538390785455703735e-02
2.102634683251380920e-02
4.871601983904839256e-02
4.433324187994003296e-02
-1.730352267622947346e-02
-3.001443855464458119e-02
-2.226176410913467407e-01
-1.141768917441367964e-01
-1.185463368892669539e-01
2.458957582712173115e-02
-2.571288123726844788e-02
-1.014796122908592224e-01
-3.856275603175163269e-02
1.480208337306976318e-02
1.317603792995214289e-02
4.666581749916076660e-02
-9.143005311489103837e-02
-5.071092396974563599e-02
-3.428272157907485962e-02
-1.381246093660593033e-02
-2.517930604517459869e-02
-1.808219216763972889e-02
-1.184777170419692993e-01
3.285656124353408813e-02
3.790965303778648376e-02
-3.177608549594878457e-02
9.982992196455597878e-04
1.116961799561977386e-02
4.697527363896369934e-02
3.125506266951560974e-02
3.718356136232614951e-03
-8.202327042818069458e-02
-1.023868024349212646e-01
-5.613453313708305359e-02
7.236798759549856186e-03
-4.721170291304588318e-02
-5.773298814892768860e-02
-1.321313995867967606e-02
-7.753496617078781128e-02
-1.032207086682319641e-01
-5.830378085374832153e-02
-9.481965564191341400e-03
-1.072693802416324615e-02
-1.586365699768066406e-01
-1.494800001382827759e-01
-4.444070905447006226e-02
-1.081788763403892378e-01
-5.865383893251419067e-02
3.594721108675003052e-02
9.865528345108032227e-02
1.541024073958396912e-02
7.926378399133682251e-02
2.074433676898479809e-02
-4.323660396039485931e-03
7.259496953338384628e-03
-1.928528770804404519e-02
-1.115480531007051641e-02
-4.723899438977242210e-02
-8.707094192504882812e-02
-8.841033093631269282e-03
-2.252810448408126831e-02
5.604765936732292175e-02
2.916811592876911163e-02
-3.345867991447448730e-02
8.690561354160308838e-02
6.627970933914184570e-02
5.642770789563655853e-03
5.726527422666549683e-02
1.192025840282440186e-01
1.351766195148229599e-02
1.818349026143550873e-02
-4.940455034375191429e-02
-4.714408144354820251e-02
-3.807890415191649697e-02
3.574773296713829041e-02
1.020399034023284773e-01
9.342324733734132247e-02
-4.444711655378341675e-02
-3.294476121664046547e-02
-4.504389688372612000e-02
5.829707905650138855e-02
9.010338038206099076e-02
1.210877895355224471e-01
-7.329699397087097168e-02
-2.958287484943866730e-02
4.723479971289634705e-02
1.055157706141472002e-01
-2.298146113753318787e-02
-2.975015342235564839e-02
-9.878035634756086869e-02
-1.624409407377243042e-01
-5.472845956683158875e-02
-2.920366451144218098e-02
4.930951446294785240e-02
2.847706526517868042e-02
-3.398145735263824463e-02
5.088198930025100708e-03
5.833959206938743591e-02
2.861700719222426414e-03
1.607566326856613159e-02
2.116842567920684814e-02
2.622469142079352986e-02
-1.843547448515892029e-02
-2.043000422418117176e-02
-9.673880785703660445e-02
-1.066070050001144409e-01
-2.540013194084167480e-02
-2.275337610626592690e-04
-4.191279038786888123e-02
-6.858518812805414200e-03
1.578917354345321655e-02
-4.054852761328220367e-03
1.050212159752845764e-01
-2.935713902115821838e-02
1.570947840809821736e-02
5.330406129360198975e-03
8.270917087793350220e-02
-1.260881964117288589e-02
1.934441970661282323e-03
-3.901265189051628113e-02
1.298001557588577271e-01
6.786938756704330444e-02
-3.564117848873138428e-02
5.110946949571371078e-03
-4.587116092443466187e-02
-1.867067366838455200e-01
4.209117218852043152e-02
1.309649739414453680e-02
4.933172464370728233e-02
1.804793812334537159e-02
-4.009005427360534668e-02
-5.280392989516258240e-02
-2.717646770179272045e-02
4.055524617433547974e-02
-5.016911029815673828e-02
-4.873735830187797546e-02
-4.979786649346351624e-02
-9.513438493013381958e-02
-2.520520985126495708e-02
-3.413387760519981384e-02
-2.768230438232421875e-02
2.663424052298069000e-02
-5.227310210466384888e-02
-5.272779613733291626e-02
-7.265858352184295654e-02
-6.277150660753250122e-02
-3.013079054653644909e-02
5.801750347018242576e-02
-4.152885824441909790e-02
4.842079430818558433e-02
-7.473167777061462402e-02
3.857782855629920959e-02
6.618560850620269775e-02
6.703921407461166382e-02
-3.716006502509117126e-02
-1.264137332327664115e-03
-2.136087045073508869e-02
-2.264670841395854950e-02
1.330247372388839444e-01
-6.811118125915527344e-02
4.673040006309747696e-03
-1.999712362885475159e-02
-5.110463243909180164e-04
2.544233947992324829e-02
6.019481271505356529e-02
2.256930992007255901e-02
4.078455734997988615e-03
-1.265515834093093872e-01
-9.105207026004792648e-02
-2.691262587904930115e-02
-6.573992222547531128e-02
1.556162070482969111e-02
1.784860040061175823e-03
4.920288175344467163e-02
-6.143921986222267151e-03
-2.333263680338859905e-02
3.953183442354201577e-02
-7.480733329430222511e-04
-3.854963555932044983e-02
1.739433407783508301e-02
-5.963044986128807762e-02
3.154198825359344482e-02
-3.278472647070884705e-02
2.710237540304660797e-02
-3.486495092511177063e-02
-5.041008070111274719e-02
-1.758921332657337189e-02
4.373848438262940147e-02
1.740341037511825562e-01
7.740978896617889404e-02
8.072061836719512939e-02
-3.313362831249832673e-03
5.133186280727386475e-02
2.112629637122154236e-02
-3.917814683518372476e-05
-3.874235227704048157e-02
1.964749023318291057e-02
-1.371238287538290024e-02
1.073510665446520025e-02
-2.680552564561367035e-02
-1.438783854246139526e-01
-3.547800704836844704e-02
-2.704716101288795471e-02
-3.489643707871437073e-02
-9.622117131948472457e-02
-5.336808040738106468e-02
-3.158625960350036621e-02
-3.570055123418569565e-03
-2.592824958264828075e-02
2.612847369164228439e-03
-1.765275932848453869e-02
1.377290189266204834e-01
8.217918872833251953e-02
9.864204563200473785e-03
-5.594731122255325317e-02
-1.631760410964488983e-02
1.050904393196105957e-01
1.016861051321029663e-01
5.362178757786751487e-02
1.084328442811965942e-02
-6.200541742146015167e-03
2.016445994377135884e-02
7.818398624658584595e-02
-1.447586459107697010e-03
-2.057234942913055767e-02
-2.065194025635719646e-02
7.388003915548324585e-02
-8.914955891668796539e-03
1.330436114221811295e-02
-2.175510674715041767e-02
-1.327969320118427103e-02
-1.377731859683990479e-01
-1.192845925688743453e-01
-4.907792899757624540e-03
-1.845673844218254089e-02
-2.551383711397648205e-02
1.210256759077310562e-02
-4.288686439394951561e-02
1.847233250737190247e-02
-6.942307576537132263e-03
8.985322900116443634e-03
-8.639022707939147949e-03
-1.190120074898004358e-02
-3.240212425589561462e-02
-8.274767547845840454e-02
1.011854410171508789e-02
1.495174411684274673e-02
-8.207606151700019836e-03
7.333959639072416825e-02
-3.464928595349193053e-03
-6.006142211845145307e-05
9.688958525657653809e-02
9.183851629495619340e-02
-6.980068981647491455e-02
-6.958620995283126831e-02
1.097928080707788467e-02
1.138787338277324899e-04
2.411572262644767761e-03
-8.225706219673158126e-02
1.157258357852697372e-02
-1.144433859735727137e-02
-6.692629307508468628e-02
-3.076945431530476310e-02
-6.198940053582192161e-02
7.357161957770586014e-04
2.098525001201778921e-04
-2.659893035888671875e-02
-4.756134375929832458e-02
-8.823099546134471893e-03
5.399313569068908691e-02
1.521648317575454712e-01
1.764002144336700439e-01
-1.023314334452152426e-02
7.011702656745910645e-02
-1.854068785905838013e-02
-2.836386486887931824e-02
-8.189615793526172638e-03
-2.261205576360225677e-02
-2.980537898838520050e-02
4.975176881998777390e-03
-3.513464704155921936e-02
-2.536233700811863293e-02
-8.925108704715967178e-04
-5.015655606985092163e-02
-3.502009436488151550e-02
-3.710080310702323914e-02
-2.213821373879909168e-02
-3.521290421485901573e-02
-1.224054470658302446e-01
-1.529752016067504883e-01
-1.592095345258712769e-01
-1.541773825883865634e-01
-1.379178464412689209e-01
-3.472386300563812256e-01
-4.780487343668938377e-02
-1.307652443647384366e-01
3.813474625349044800e-02
1.012811660766601562e-01
4.455882683396339417e-02
-4.437323287129402161e-02
-4.639329388737679222e-02
-2.351514622569084167e-02
-4.455484449863434705e-03
6.748000159859657288e-03
1.075659990310668945e-01
-7.185892015695571899e-02
1.474335417151451284e-02
-1.526641547679901123e-01
-1.987002789974212646e-01
-3.255363926291466453e-02
7.685938477516174316e-02
-1.064841821789741655e-01
-1.692880392074584961e-01
8.016606420278549194e-02
-2.108173817396163940e-02
1.728894561529159546e-02
-2.017159014940261841e-02
3.859587758779526451e-02
-4.028627648949623108e-02
-2.906585857272148132e-02
-8.999943733215332031e-03
-4.210225492715836265e-02
-5.371907353401184082e-02
-5.496900156140328148e-02
-1.191695453599095345e-03
2.374688163399696350e-03
1.874966546893120159e-02
6.906019896268844604e-02
-8.217343688011169434e-02
-6.898850202560424805e-02
-1.138829290866851807e-01
-1.740537583827972412e-01
3.363545611500740051e-02
-2.814454771578311920e-02
1.299248822033405130e-02
5.164899863302707672e-03
-5.857798084616661072e-02
-3.144257515668869019e-02
-6.235660612583159707e-02
3.909572213888168335e-02
-6.883779913187026978e-02
-5.877099931240082481e-02
-1.204313933849334717e-01
-1.643856987357139587e-02
-1.830765604972839702e-02
2.851320803165436138e-02
5.981528200209140778e-03
1.030978411436080933e-01
6.707367952913045883e-03
-3.003363497555256237e-02
-1.818259246647358288e-02
1.849440298974514008e-02
-5.793023481965065002e-02
-4.836551845073699951e-02
-7.055535912513732910e-03
7.410858571529387040e-02
-1.344182062894105911e-02
3.605962544679641724e-02
6.795581430196762085e-02
-7.435475289821624756e-02
-1.167968939989805222e-02
-8.677484840154647827e-02
-6.594359129667282104e-02
-6.900626420974731445e-02
-4.733523353934288025e-02
-4.518329352140425942e-02
-7.335642725229261918e-02
-7.125689834356307983e-02
-2.339783310890197407e-02
1.463015563786029599e-03
-5.025858990848064423e-03
-3.214956820011138916e-02
-1.977931894361972809e-02
-1.303143147379159927e-02
6.119862198829651573e-02
-3.118794644251466231e-03
-5.941085983067750931e-03
4.353239387273788452e-02
-2.794921770691871990e-02
-4.289993643760681152e-02
-3.791208192706108093e-02
-2.042824029922485352e-02
1.378331612795591354e-02
-2.484573237597942352e-02
-3.257476165890693665e-02
-9.884791448712348938e-03
-1.134619265794754028e-01
-1.655571535229683269e-02
3.511387482285500267e-02
-1.600985787808895111e-02
-2.535756910219788985e-03
3.018269501626491894e-02
3.774850070476531982e-02
8.035697042942047119e-03
-1.017644852399826050e-01
-1.190435141324996948e-01
1.300175487995147428e-01
-1.337031833827495575e-02
1.966908341273665428e-03
4.446657374501228333e-03
8.279494196176528931e-02
-4.011358693242073059e-02
-1.195183116942644119e-02
-4.468098282814026573e-02
-1.018734052777290344e-01
9.066869318485260010e-02
9.016899019479752975e-02
-4.279276356101036072e-02
2.104629017412662506e-02
-1.318932473659515381e-01
1.641555316746234894e-02
-2.331909723579884009e-03
1.096639502793550491e-02
-1.112529560923576355e-01
-1.050245016813278198e-01
9.118943661451339722e-02
-4.435482248663901589e-02
-1.107366196811199188e-02
7.659363001585008102e-02
1.555761992931365967e-01
-7.213105447590351972e-03
-5.756246391683816910e-03
-7.909589260816574097e-02
-2.093304134905338287e-02
1.412644684314727783e-01
-4.012018907815217972e-03
-1.559487134218215942e-01
-1.455970555543899536e-01
-4.185869172215461731e-02
-3.993631899356842041e-02
-9.606959298253059387e-03
-2.806473523378371845e-02
-6.057852134108544090e-02
-2.107458189129829060e-02
9.128854423761367798e-02
-7.579705119132995605e-02
-3.736277669668197632e-02
-2.413534745573997151e-02
-4.948311951011418429e-03
-3.593193367123603821e-02
-1.235785558819770813e-01
-1.609980612993240634e-01
-1.524019688367843628e-01
-1.035915762186050415e-01
-1.749482192099094391e-02
5.370956286787986755e-02
-6.960684806108474731e-02
1.633173599839210163e-02
-8.834417909383773804e-02
-1.068480238318443298e-01
-2.351067960262298584e-02
2.274923957884312023e-02
9.932108968496324020e-02
2.714981138706207622e-02
9.263720363378523046e-03
-1.351137552410364151e-02
-1.437284052371978760e-02
3.280401974916458130e-02
-4.664506390690803528e-02
7.245742529630661011e-02
-3.302852436900138855e-02
8.749324828386306763e-03
-2.608346566557884216e-02
-2.229886874556541096e-02
1.138075292110443254e-01
4.637186229228972695e-02
-2.715542726218700409e-02
4.153561778366565704e-03
8.914522081613540649e-02
-1.757987774908542633e-02
-1.544236112385988062e-02
5.655426532030104897e-02
2.159791998565196991e-02
-1.017919182777404785e-02
-2.699568495154380798e-02
-6.188116967678070068e-02
1.138274278491735632e-02
-9.413861669600009918e-03
4.117260687053203583e-03
-3.543731942772865295e-02
4.765128344297409058e-02
-5.464848596602678299e-03
-3.451951965689658425e-02
-2.058492414653300892e-02
8.435211330652236938e-02
3.695670142769813538e-02
1.789840025594457984e-04
-1.614898815751075745e-02
1.006970331072807312e-01
6.943064182996749878e-02
2.175385691225528717e-02
-1.539272069931030551e-01
-5.896492302417755127e-02
-4.255384579300879738e-02
1.065306141972541809e-01
4.704683646559715271e-02
2.655427902936935772e-02
-1.176958903670310974e-01
-5.282162502408028343e-02
-1.089559309184551239e-02
6.589259207248687744e-02
-1.626351289451122631e-02
-7.295528054237365723e-02
-4.043193906545639038e-02
-6.220734119415282509e-02
3.295601345598697662e-03
-1.555513031780719757e-02
-3.739243373274803162e-02
6.573237478733063612e-03
-4.587425384670495987e-03
-9.086726605892180009e-02
-8.851364254951477051e-02
-1.389696151018142700e-01
7.074815779924392700e-02
-1.100290566682815691e-01
4.067745432257651589e-02
5.282963812351226807e-02
5.991182755678892136e-03
-1.511727645993232727e-02
-2.093017660081386219e-02
-4.129110649228096008e-02
2.687388285994529724e-02
-1.636220328509807587e-02
-7.651998847723007202e-02
-3.333288431167602539e-02
-3.081245534121990551e-02
3.704485669732093811e-02
2.093315310776233673e-02
3.933637402951717377e-03
2.459394931793213238e-02
-3.351163864135742188e-02
-2.587938308715820312e-02
-3.424859791994094849e-02
1.403166912496089935e-02
-1.527008041739463806e-02
-1.367817539721727371e-02
2.969321608543396343e-02
1.352802012115717108e-02
6.791093200445175171e-02
-3.287432715296745300e-02
7.613775134086608887e-02
4.842701181769371033e-02
2.930202987045049667e-03
1.242457181215286532e-01
1.667138561606406819e-02
-2.268389053642749786e-02
-6.674665957689285278e-02
-3.714318573474884033e-02
-9.705888805910943854e-04
3.101225243881344795e-03
-3.441635286435485320e-03
6.093512475490570068e-02
-1.945264637470245361e-02
-3.981522470712661743e-02
-7.713367231190204620e-04
1.362253096885979392e-03
2.189945057034492493e-02
-6.874237954616548019e-02
-3.583801153581589460e-04
-1.368595212697982788e-01
-1.130002960562705994e-01
5.002071708440780640e-02
1.064447872340679169e-02
-3.142447024583816528e-02
-8.466402441263198853e-02
-4.697962850332260132e-02
5.825744476169347763e-03
-1.166252791881561279e-01
-1.453603152185678482e-02
-1.218556985259055953e-01
-1.126667931675910950e-01
3.457077220082283020e-02
2.423023581504821500e-01
7.743959315121173859e-03
-1.689453050494194031e-02
-3.581038489937781594e-02
8.858886361122131348e-02
1.039732843637466431e-01
-5.181835964322090149e-03
-6.427397951483727369e-03
5.173710361123085022e-02
7.222338113933801651e-03
-3.663823008537292480e-02
1.471319817937910557e-03
-1.427758038043975830e-01
-1.323871016502380371e-01
-5.237633362412453392e-02
5.200160201638936996e-03
-1.045704707503318787e-01
-1.263991147279739380e-01
-1.260293996892869473e-03
8.492556959390640259e-02
2.887199632823467602e-02
1.370489224791526794e-02
-1.899677142500877033e-02
-3.625753149390220642e-02
-1.874033734202384949e-02
4.112566262483596802e-02
1.369839161634445190e-02
-9.604671597480773926e-02
-1.605900190770626068e-02
3.715480677783489227e-03
4.509102925658226013e-02
-1.148986164480447769e-02
-8.120659738779067993e-03
-2.798497863113880157e-02
-7.052364200353622437e-02
-9.223279356956481934e-02
-2.361118979752064098e-02
-3.084811940789222370e-02
1.318994350731372833e-02
-2.168291062116622925e-01
-5.697567388415335915e-02
-3.294700756669044495e-02
-3.999051451683045127e-02
-2.633005678653717041e-01
-2.119004130363464633e-01
-1.293881237506866455e-02
8.336907485499978065e-04
2.671628072857856750e-02
-4.877162352204322815e-02
-1.038797199726104736e-01
-1.197569742798805237e-01
-9.817364066839218140e-02
8.640611171722412109e-02
-5.032532662153244019e-02
-6.350290775299072266e-02
-6.095756962895394065e-02
-1.177043244242668291e-01
-2.731193415820598602e-02
6.924703717231750488e-03
-3.973627462983131409e-02
-1.521682925522327423e-02
-6.472808308899402618e-04
-3.408667445182799599e-02
-4.687627032399177551e-02
-2.498830109834671021e-02
1.664269901812076569e-02
-1.237174421548843523e-01
-4.169133603572845459e-01
-3.078964054584503174e-01
-8.732008188962936401e-02
-1.686686463654041290e-02
3.914121538400650024e-02
2.055449634790420532e-01
-5.937412381172180176e-02
-9.680938720703123612e-02
-4.434214904904365540e-02
3.489249385893344879e-03
4.186062514781951904e-02
4.692159965634346008e-02
-2.053405344486236919e-02
6.984231993556022644e-03
-3.568428102880716324e-03
9.472529403865335637e-03
8.053549379110336304e-02
8.752519637346267700e-02
-7.078965008258819580e-02
4.898559302091599205e-02
3.701579943299293518e-02
-2.650105208158493042e-02
-2.851687837392092185e-03
-3.957920894026756287e-02
-1.768877729773521423e-02
-1.607958972454071045e-02
-2.339608035981655121e-02
-1.814851537346839905e-02
-3.985517099499703148e-02
-1.362891644239425382e-01
-2.027478218078613281e-01
-4.627422243356704712e-02
-3.513003513216972351e-02
7.240647822618483109e-02
-8.456947281956672668e-03
7.439604494720696536e-03
1.648862101137638092e-02
3.494922816753387451e-02
-2.189621143043040882e-02
-1.960787735879420887e-02
-2.153285592794418335e-02
-3.067798167467117657e-02
-5.556832067668437958e-03
-1.830714638344943307e-03
-6.149629130959511497e-02
9.856307506561280685e-02
3.494534641504288414e-02
-3.574255853891373375e-02
-2.694686651229858398e-01
-1.471841186285018921e-01
-4.243398085236548684e-02
1.035497710108757019e-02
1.088325958698987961e-02
1.592009514570236206e-02
-5.820456519722938538e-02
-2.815130911767482411e-02
1.031039357185363770e-01
8.539330214262008667e-03
1.602767780423164368e-02
1.307550370693206787e-01
1.206905543804168701e-01
2.372566238045692444e-02
-1.016807183623314077e-02
2.777617983520030975e-02
1.033981293439865251e-01
1.574208438396454135e-01
-3.293239744380116463e-03
9.275161474943159623e-02
-1.533900648355484009e-01
-1.128368079662322998e-01
-3.377785906195640564e-02
1.084577962756156783e-01
8.120276033878326416e-02
2.140520140528678894e-02
-1.345889270305633545e-01
-7.114125788211822510e-02
-1.232843007892370224e-02
5.398294329643249512e-02
2.001024223864078522e-02
-8.264964818954467773e-02
1.921527646481990814e-02
-4.206229001283645630e-02
7.655861321836709109e-03
1.366918627172708511e-02
-7.015272229909896851e-02
2.096078591421246529e-03
-9.012600779533386230e-02
-3.732002526521683433e-02
-5.599428340792655945e-02
1.798074506223201752e-02
6.813929416239261627e-03
5.365497898310422897e-03
-5.469038616865872469e-03
-1.557728461921215057e-02
-1.297587179578840733e-03
5.477859079837799072e-02
9.966024756431579590e-02
8.502834290266036987e-02
-9.000279009342193604e-03
-9.739509969949722290e-02
-1.110083330422639847e-02
-3.316796384751796722e-03
1.397095620632171631e-02
-3.469428420066832802e-02
-1.983270049095153809e-02
-2.082510478794574738e-02
4.256977699697017670e-03
-5.942110437899827957e-03
1.375155001878738403e-01
5.754911899566649697e-02
-3.801019117236137390e-02
-1.394261568784713468e-01
-1.477900519967078989e-02
-5.019449070096015930e-02
-1.293200533837080002e-02
4.485535249114036560e-02
-7.563406974077224731e-02
-1.355485022068023404e-01
-1.306415051221847534e-01
5.891421437263488770e-02
5.359114706516266563e-02
-2.673537656664848328e-02
-4.110981523990631104e-02
1.453232299536466599e-02
1.813174597918987621e-02
-1.462466865777969638e-01
-1.617012172937393188e-02
4.067903384566307068e-03
-9.500205516815186935e-02
-1.440449506044387817e-01
-6.995274126529693604e-02
5.947955325245857239e-02
1.666420400142669400e-01
-4.015314206480979919e-02
-1.127328425645828247e-01
-2.570948749780654907e-02
8.481351286172866821e-02
-1.192456036806106567e-01
-2.163260281085968018e-01
-5.284308269619941711e-02
7.379650324583053589e-02
-1.663359813392162670e-02
7.183551788330078125e-02
5.381423979997634888e-02
-2.554184943437576294e-02
-4.615994915366172791e-02
-3.445577323436737061e-01
-1.288418918848037442e-01
-8.390372246503829956e-02
-1.335229817777872086e-02
2.002313360571861267e-02
6.097413226962090232e-02
1.032071635127067566e-01
1.410665363073348999e-01
-7.743091136217117310e-02
-4.298125579953193665e-02
-1.128742322325706482e-01
6.728798896074295044e-02
7.002027332782745361e-02
2.767921425402164459e-02
2.086644247174263000e-02
3.055557794868946422e-02
3.115454688668251385e-02
1.173412725329399248e-01
1.155373603105545044e-01
7.032725214958190918e-02
-6.011590827256440249e-03
-7.286401838064193726e-02
-1.287829279899597168e-01
-1.153339259326457977e-02
-2.249524742364883770e-02
-2.145637422800064087e-01
-1.348311603069305420e-01
-1.172361969947814941e-01
-4.584622569382190704e-03
-6.355021148920059204e-02
-7.685536146163940430e-02
-1.399402767419815063e-01
-6.672961171716452512e-03
-4.669884219765663147e-02
-1.631177216768264771e-01
-1.674847006797790527e-01
-9.346463531255722046e-02
-3.114731423556805004e-02
-8.997686207294464111e-02
-1.440662238746881485e-02
9.074160829186441249e-03
-1.481085270643234530e-01
-1.430413722991943637e-01
-7.091595977544784546e-02
7.040711492300033569e-02
1.306412816047668457e-01
7.499027065932751569e-03
7.594665884971618652e-02
4.970718920230865479e-02
-7.472640275955200195e-02
-3.987747803330420754e-02
-4.284212738275527954e-02
8.115567266941070557e-02
3.520578891038894653e-02
-9.911250323057176070e-02
-2.898185551166534424e-01
-1.099452003836631775e-01
-2.149646542966365467e-02
-3.336838632822036743e-02
-1.885579824447632113e-01
-4.229157418012619019e-02
-6.908659823238849640e-03
-8.106556721031665802e-03
8.016967214643955231e-03
5.830067396163941124e-02
1.028641834855079651e-01
8.300428092479705811e-02
-5.770350620150566101e-02
-8.942645788192749023e-02
-7.977227866649627686e-02
-7.286682724952697754e-02
5.943641997873783112e-03
-3.910795971751213074e-02
5.646260827779769897e-02
-3.159002959728240967e-02
-1.693648695945739469e-01
-1.250821501016616821e-01
9.173136204481123143e-03
9.482241421937943893e-02
8.767810463905333085e-02
7.984144240617752075e-02
1.814448833465575894e-01
3.287662938237190247e-02
1.077952310442924361e-01
3.701676800847053528e-02
5.511005595326423645e-02
1.040914505720138411e-01
8.244424127042293549e-03
-6.824054569005966187e-02
2.316061872988939285e-03
-1.447735703550279357e-03
-3.214654698967933655e-02
-8.476614952087402344e-02
-3.522621095180512168e-02
7.393802702426910400e-02
6.377262994647026062e-03
1.077241897583007812e-01
9.883508086204527421e-02
-5.515507236123085022e-02
-1.239718496799468994e-02
-5.607796460390090942e-02
-1.204329952597617964e-01
-7.097075879573822021e-02
7.507567293941974640e-03
-6.379005312919618087e-02
-1.345318928360939026e-02
1.535992417484521866e-02
4.812858253717423179e-02
1.518330816179514105e-02
-2.268545702099799763e-02
-4.948312044143676758e-02
-2.245928626507520676e-03
9.806292504072189331e-02
6.359893083572387695e-02
1.032123435288667679e-02
-2.503689937293529164e-02
-1.127676814794540544e-01
-1.350069493055343628e-01
-1.214721985161304300e-02
2.124906284734606743e-03
-2.768389880657196045e-02
4.159893095493316650e-02
1.080569475889205933e-01
1.050452739000320435e-01
2.614399418234825134e-02
-6.327252835035324097e-03
-8.138817548751831055e-02
-1.052595768123865128e-02
1.547676324844360352e-02
3.584060817956924005e-03
-1.303493976593017578e-01
-2.633289396762847900e-01
-1.366333663463592529e-01
6.115820724517107010e-03
-2.004893869161605835e-02
-1.307647116482257843e-02
-9.262523800134660201e-02
9.761181427165866982e-04
7.367653399705886841e-02
9.211744368076323075e-02
-7.706816308200359344e-03
-2.389396727085113178e-02
-1.768156699836254120e-02
1.144587025046348433e-01
2.953193522989749908e-02
-8.327396586537361145e-03
3.131384402513504028e-02
-4.596662893891335228e-02
-4.893349111080169678e-02
-4.653796181082725525e-02
2.617961959913372993e-03
-3.591378778219223022e-02
1.611090498045086644e-03
-2.365821227431297302e-02
1.080384384840726852e-02
-2.118267677724361420e-02
-5.556527525186538696e-03
1.418200228363275701e-02
-7.252074033021926880e-02
-7.452745735645294189e-02
-4.896596074104309082e-02
-4.285661503672599792e-02
2.086099423468113293e-02
-4.217517003417015076e-02
-1.828310638666152954e-01
5.053347721695900657e-02
4.195940122008323669e-02
3.510970249772071838e-02
-1.123405527323484421e-02
1.665753545239567757e-03
-3.621423617005348206e-02
-3.683336079120635986e-02
-1.105823554098605936e-02
4.871370270848274231e-03
-1.165140513330698013e-02
8.793970569968223572e-03
2.952567115426063885e-02
6.824661791324615479e-02
-2.185170352458954204e-02
-5.514622200280427933e-03
-3.776310756802558899e-02
-7.311000674962997437e-02
-2.231698110699653625e-02
-3.376088291406632164e-02
3.030394669622182846e-03
-1.638314276933670044e-01
-1.749131977558135986e-01
-7.204402983188629150e-02
2.215113025158644156e-03
-1.765444688498974193e-02
-2.907079830765723835e-02
9.876233339309692383e-02
2.194996923208237041e-02
7.730793207883834839e-02
1.123725809156894857e-02
-1.843922212719917297e-02
7.447167485952377319e-02
1.470812410116195401e-01
2.586160600185394287e-01
1.066814512014389038e-01
6.674856692552567916e-02
1.103884569602087140e-04
4.170446097850800254e-02
-1.148528419435024435e-02
-2.298437617719173084e-02
-4.844642058014869690e-02
-3.144527971744536798e-01
-1.042022407054901262e-01
6.491985172033309937e-02
5.333501845598221519e-02
1.060918271541595598e-01
3.986298665404319763e-02
-2.595422044396400452e-02
3.364879637956618569e-02
1.087782625108957117e-02
2.832543477416038166e-02
6.785632669925689697e-02
-8.593747392296791077e-03
6.600409001111984253e-02
3.388163447380065918e-02
-6.773255765438079834e-02
-6.243691220879554749e-02
-1.098948270082473755e-01
-1.332840621471405029e-01
-2.865423634648323059e-02
-1.474782973527908603e-01
4.780771955847740173e-02
7.703384011983871460e-02
-7.192242424935103330e-03
-2.254596538841724396e-02
1.217921264469623349e-03
1.230489183217287064e-02
3.360186889767646790e-02
-1.461851503700018103e-02
-5.396805237978696823e-03
5.387248005717992783e-03
-7.819898426532745361e-02
-9.529020637273786717e-03
-4.829556867480278015e-02
-7.601291406899690628e-03
1.007130183279514313e-02
-3.720248932950199192e-04
-2.227433025836944580e-02
-5.963455140590667725e-02
7.140666991472244263e-02
-4.248925019055604935e-03
-7.915861159563064575e-02
-4.862532019615173340e-02
2.664275467395782471e-03
4.489077627658843994e-02
-6.325777620077133179e-02
-2.059537619352340698e-01
-1.355912387371063232e-01
-4.005954787135123513e-02
-3.526395186781883240e-02
-4.871796118095516616e-04
1.071929465979337692e-02
3.919442743062973022e-02
-4.306305199861527183e-02
-2.703180536627769123e-02
-1.185679435729980469e-01
2.105868421494960785e-03
6.437801569700241089e-02
-2.507176250219345093e-02
1.996642909944057118e-02
4.491093009710311890e-02
3.189092874526977539e-02
-8.297513425350189209e-02
-9.895701706409454346e-02
-1.229216828942298750e-01
-1.271925121545791626e-01
-2.180293798446655551e-01
-1.581967920064925870e-01
-1.318842470645904541e-01
-1.063537970185279707e-01
-2.982051111757755626e-02
-7.958030700683593750e-02
-1.205550059676170488e-01
-5.791253596544266441e-02
-6.389511283487082395e-03
-8.518538437783718109e-03
7.535304874181747437e-02
-6.184940040111542442e-02
-7.291664928197860718e-02
-1.146984472870826721e-01
-1.678708493709564209e-01
-8.554011583328247070e-02
-9.895657002925872803e-02
-1.287424713373184204e-01
-1.468638181686401367e-01
-1.188259664922952825e-02
8.790053543634712696e-04
-4.071599245071411133e-02
-4.845872148871421814e-02
4.023199900984763405e-02
6.068998947739601135e-03
-2.342357765883207321e-03
4.331407323479652405e-02
6.906343251466751099e-02
1.662654057145118713e-02
-1.316583063453435898e-02
2.622828818857669830e-03
1.064942553639412065e-01
3.543021902441978455e-02
1.194314509630203247e-01
5.027636140584946373e-02
-5.208358634263277054e-03
-1.108196214772760651e-03
1.403779685497283936e-01
4.310907423496246338e-02
-7.324868440628053146e-02
-1.162675842642783980e-01
4.370485432446002960e-03
-7.275891304016111893e-02
-2.093649208545684814e-01
-9.532628208398820358e-02
3.815773874521256187e-02
7.401709258556365967e-02
-6.463014334440231323e-02
5.884575843811035156e-02
1.137548685073852539e-01
1.474608331918716431e-01
1.919042086228728511e-03
4.569174256175757322e-03
4.713035747408866882e-02
-3.853176906704903343e-02
-5.375585053116083145e-03
1.120414659380912781e-01
1.277174651622772217e-01
7.793928962200880051e-03
-8.223817683756351471e-03
7.784735411405561967e-02
7.101365923881530762e-02
8.433945477008819580e-02
3.808952867984771729e-02
5.528760701417922974e-02
-3.945266082882881165e-02
-1.485069990158081055e-01
-6.676285527646542463e-03
-1.200111582875251770e-04
1.272044982761144465e-02
7.015711069107055664e-02
9.956051409244535966e-02
6.852002441883087158e-02
-2.303036488592624664e-02
-9.284555166959763961e-02
-2.383859269320964813e-02
-3.791101276874541542e-02
-8.903242647647857666e-02
5.828123539686202309e-02
-1.859044714365154234e-04
-3.652548789978026650e-02
-9.637765586376190186e-02
-8.128921687602996826e-02
-1.539311744272708719e-02
-2.954205684363842010e-02
-8.266401290893554688e-02
-5.301509797573089600e-02
-1.579747349023818970e-02
-7.953026145696640015e-02
-1.266680508852005005e-01
-9.530046582221983476e-02
-1.934536173939704895e-02
-1.206488683819770813e-01
-1.119638979434967041e-01
-7.347409427165985107e-02
-7.745835185050964355e-02
-5.950148031115532615e-02
-6.226560100913047791e-02
-8.760503679513931274e-02
-6.393530964851379395e-02
-1.351612806320190430e-01
-1.290533244609832764e-01
-6.516790390014647050e-02
3.255729377269744873e-02
7.257194072008132935e-02
8.616521954536437988e-02
4.346001893281936646e-02
1.398380659520625895e-02
3.194637969136238098e-02
-5.173268541693688133e-02
-7.858268916606903076e-02
-9.858603775501252608e-02
1.987272407859564261e-03
-1.806520856916904449e-02
2.271862467750906944e-03
-2.777940593659877430e-02
-1.235217880457639521e-02
1.241073161363601546e-01
-4.598576948046683571e-02
-9.849589318037033081e-02
-6.613062322139739990e-02
-2.073209360241889954e-02
-9.036280214786529541e-02
-7.701160013675689697e-02
-1.233914867043495178e-02
3.723974525928496621e-02
7.782653439790009585e-03
2.544882521033287048e-02
-7.417644560337068038e-02
-1.156754195690155029e-01
-7.577665150165557861e-02
-1.955445408821105957e-01
-1.167750507593154768e-01
1.036706380546092987e-02
-5.974819883704186353e-03
-5.468618124723433754e-02
-5.387608706951140664e-02
9.133689105510713058e-02
-6.883670110255479813e-03
1.354261115193367004e-02
5.021522194147109985e-02
-1.995713636279105793e-02
2.348552085459232330e-02
-1.185708492994308472e-02
4.479621350765228271e-02
2.763179829344152971e-03
1.026802957057952742e-01
9.400854259729383988e-02
1.178388223052024703e-01
-2.516505680978298534e-02
5.382246803492307663e-03
-3.933450207114220533e-03
3.221893683075904846e-02
-4.638366401195526123e-03
3.155096620321273804e-02
-2.506118267774581909e-02
-3.551427274942398071e-02
-3.147969767451286316e-02
2.380250208079814911e-02
-1.453378330916166306e-02
3.283501835539937019e-03
-2.060675434768199921e-02
-2.723016962409019817e-02
-3.441029787063597939e-02
-4.428924620151519775e-02
-1.041932329535484314e-01
-1.867656223475933075e-02
-8.159859105944633484e-03
2.388020604848861694e-02
1.134696044027805155e-02
4.949557408690452576e-02
9.921871125698089600e-02
4.585206881165505149e-02
4.957197234034538269e-02
-9.148505516350271052e-03
-1.739454641938209534e-02
-9.267928451299667358e-02
-3.191802650690078735e-02
4.385800659656524658e-02
1.202352344989776611e-03
1.194111704826354980e-01
5.191814526915550232e-02
1.767702866345644214e-03
-6.033358350396156311e-02
-1.510944217443466187e-01
5.521416291594505310e-02
-1.688492856919765472e-02
-5.067877098917961121e-02
-2.598647959530353199e-02
3.739945217967034080e-02
-6.439288705587387085e-02
3.057714365422725677e-02
3.440823033452033997e-02
1.481323316693305969e-02
5.838422104716300964e-02
-3.682998940348625183e-02
-3.464812785387038491e-02
-6.493911147117614746e-02
-1.690453663468360901e-02
-1.187303215265274048e-01
8.470968157052993774e-02
6.318640708923339844e-02
-4.422741755843162537e-02
-6.035408005118370056e-02
3.318951651453971863e-02
-7.183111272752284136e-03
-9.520395845174789429e-02
1.268136873841285706e-02
1.008201315999031067e-01
3.998908773064613342e-02
-3.534764796495437622e-02
-3.981216251850128174e-02
3.884034976363182068e-02
-4.568592831492424011e-02
4.814815241843461990e-03
5.554014071822166443e-02
-6.583259999752044678e-02
6.825225800275802612e-02
1.091981492936611176e-02
-9.745988994836807251e-02
-1.207245066761970520e-01
1.602324284613132477e-02
-9.686664678156375885e-03
-9.473630227148531133e-03
3.025587461888790131e-02
-1.127368882298469543e-01
4.098572209477425315e-02
-6.373079866170883179e-02
4.582856968045234680e-02
-1.012144461274147034e-01
-9.039009362459184127e-02
1.130922324955463409e-02
-7.389087975025177002e-02
-2.440786547958850861e-02
1.204246431589126448e-01
8.825681358575820923e-02
8.016794174909593063e-02
6.611370015889406204e-03
-7.681705802679061890e-02
-1.136792004108428955e-01
2.759057097136974335e-02
1.424825657159090042e-02
-1.565252989530563354e-02
-1.174011901021003446e-01
-3.016968816518783916e-02
1.163739059120416641e-02
-8.960793726146221161e-03
-4.394498467445373535e-02
-1.266195774078369141e-01
1.661780029535293579e-01
-2.019896171987056732e-02
-2.811592631042003979e-02
3.293128311634063721e-02
6.980162113904953003e-02
5.187272652983665466e-02
6.936180405318737030e-03
1.452203956432640336e-03
3.772548958659172058e-02
-1.456777378916740244e-02
7.731983810663221879e-02
-2.133076265454292644e-02
1.215807944536209245e-01
4.593160375952720642e-02
-1.892561092972755779e-02
4.821391031146049500e-02
-1.652830839157104492e-02
-3.465683758258820274e-02
-5.341837555170058510e-02
-7.971884310245513916e-02
-2.435071468353271484e-01
-4.618589952588082054e-02
-1.235625590197741985e-03
-4.485937580466270447e-02
4.201706871390343406e-02
6.401602178812026978e-02
1.834021764807403088e-03
-9.332838654518127441e-02
7.157833129167558150e-02
-7.266124337911605835e-02
1.833635906223208051e-05
-1.388816535472869873e-01
-1.385992392897605896e-02
2.080668695271015167e-02
-3.642067685723304749e-02
-1.026756390929221968e-01
6.718838959932327271e-02
3.140036389231681824e-02
6.446783244609832764e-02
1.736613176763057362e-02
-1.117386892437934737e-01
-3.103333339095116356e-02
-3.756828606128692627e-02
-1.542092710733413419e-01
8.281534165143968063e-02
6.076405197381972573e-02
3.562277182936668396e-02
-8.885886520147323608e-02
-9.942889213562013107e-02
-5.243549123406410217e-02
-1.739300414919853210e-02
9.391065686941148585e-03
-3.564032912254332802e-02
6.153973564505577781e-02
9.145090728998184204e-02
1.541855633258819580e-01
1.885784417390823711e-02
-1.079719280824065208e-03
6.767286360263823075e-02
1.399786621332168579e-01
7.308458536863327026e-02
-6.388063728809358077e-02
1.709022931754589081e-02
-3.019102662801742554e-02
-6.317113339900970459e-02
-1.612192094326019287e-01
-3.249528259038925171e-02
-1.904814690351486206e-02
-2.071392536163330078e-01
5.891232751309871674e-03
1.089447364211082320e-01
-5.822863802313805320e-02
-5.207960680127143860e-02
9.546190500259400802e-02
5.815830826759337685e-02
-2.840344235301017414e-02
2.161523140966891895e-02
5.532682314515113831e-02
-9.039779752492903275e-02
-1.195241585373878479e-01
-3.919939696788787842e-02
6.222175899893045425e-03
1.181921688839793205e-03
-8.461305499076841874e-02
6.078286096453667381e-02
-3.515827283263206482e-02
1.497582253068685705e-02
-1.459332853555679321e-01
-2.470148727297783245e-02
8.978845551609992981e-03
4.617140814661979675e-02
-1.974038593471050262e-02
-1.211043372750282565e-01
-2.568720839917660106e-02
-8.474884182214736938e-02
-8.239218965172769374e-03
2.956199925392866135e-03
8.959531038999557495e-02
-7.840090990066526933e-02
-8.112173527479173141e-02
-1.200894266366958479e-01
3.983127884566784772e-03
7.335785776376724243e-02
-2.013839781284332275e-03
-4.760746285319328308e-02
5.360208824276923439e-02
-6.260048598051071167e-03
-5.313566327095031738e-02
-3.042602725327014923e-02
5.205356515944004059e-03
8.179397881031036377e-02
5.157867819070816040e-02
-5.381871014833450317e-03
3.554775146767497063e-03
-2.168524265289306294e-02
-1.827044785022735943e-02
4.730420187115668383e-03
5.016859620809555054e-02
1.849664002656936992e-02
-8.753396570682525635e-02
-4.991923272609711387e-02
-1.183011755347252031e-01
-1.003590300679206709e-01
1.287753228098153851e-03
-4.784737527370452881e-02
6.944810599088668823e-02
-5.315396189689636230e-02
1.218654960393905640e-02
-1.055294368416070938e-02
-3.761534392833709717e-02
8.294949680566787720e-02
-2.208558842539787639e-02
2.097230590879916798e-02
-8.538734167814254761e-03
2.529256232082844127e-02
-8.770797401666641235e-02
-1.321174800395965576e-01
3.349716216325759888e-02
-9.262588620185852051e-02
-1.931220479309559215e-02
-1.049586851149797266e-02
-1.348597407341003418e-01
-6.043334305286407471e-02
2.201674692332744598e-02
2.440733276307583202e-02
-2.698754705488681446e-02
4.217664152383803627e-02
-8.984124660491941972e-02
-8.232304453849792480e-02
6.545222550630569458e-02
2.937621250748634338e-02
-3.654728829860686562e-02
-1.785668730735778809e-02
4.137419536709785461e-02
7.605896890163423019e-02
5.825119465589522622e-02
-2.849944867193698883e-02
-4.375249892473221519e-02
7.063352316617965698e-02
-1.746324822306632996e-02
-4.825026541948319175e-02
-6.453728675842285156e-02
5.441040918231009049e-02
7.596974819898605347e-02
3.653252124786376953e-02
6.306287832558155060e-03
-8.933782577514648438e-03
3.456407040357589722e-02
7.576800882816314697e-02
1.107804253697395186e-01
4.312354326248168945e-02
-9.921377524733543396e-03
1.437628120183944702e-01
1.125789210200309753e-01
9.916547685861587524e-02
-1.945913885720074610e-03
-1.217820448800921440e-03
-1.047051418572664434e-02
-3.716073185205460289e-02
-4.733970761299133301e-02
-5.690526682883501053e-03
-5.313754454255104065e-02
6.221372634172440269e-02
1.713552325963973999e-01
-1.021122485399246216e-01
-3.999131545424460671e-02
-7.693500071763992310e-02
-1.882232166826725006e-02
1.579431071877479553e-02
-1.872281730175018311e-02
-5.470282956957817078e-02
-3.156052529811858437e-02
-9.177262336015699906e-02
-1.121682375669479370e-01
-3.684346005320549011e-02
5.755899846553802490e-02
1.670882664620876312e-02
-1.702164113521575928e-02
-3.122944012284278870e-02
-3.697093576192856529e-02
-2.179837785661220897e-02
3.152878209948539734e-02
-1.161696203052997589e-02
-2.698227018117904663e-02
-4.922151193022727966e-02
4.558934271335601807e-02
-2.083195559680461884e-02
1.299785729497671301e-02
-3.068661689758300781e-02
-1.048155687749385834e-02
-2.855871245265007019e-02
1.245542801916599274e-02
-4.338519647717475891e-05
-1.231277361512184143e-02
-1.233356259763240814e-02
-4.136390239000319741e-02
-5.173367634415626526e-02
1.639971695840358734e-02
-5.428675562143326500e-02
8.910613507032394409e-02
5.741936340928077698e-02
-5.141049623489379883e-02
-1.250652521848678589e-01
-3.483135998249053955e-02
-3.476602211594581604e-02
-9.457810968160627885e-02
-8.131858706474304199e-02
-2.149615809321403850e-02
-2.269118092954158783e-02
2.006964758038520813e-02
2.900575846433639526e-02
-3.155262023210524819e-02
1.718428730964660645e-02
8.619777858257293701e-02
1.382684558629989624e-01
1.339134387671947653e-02
8.503242582082747025e-02
4.401788860559463501e-02
-1.426395922899246216e-01
-8.813514560461044312e-02
-2.341753058135509144e-02
1.599188894033432007e-02
-3.501975163817406395e-02
4.704334773123264313e-03
-1.144031435251235962e-01
-1.477421075105667114e-01
-2.240170538425445557e-01
-1.102216094732284407e-01
9.156832471489906311e-03
-2.242939546704292644e-02
-5.943829193711280823e-03
-1.836578827351331928e-03
-4.510533437132834694e-02
9.788927622139453888e-03
6.155165378004313383e-03
-9.445477277040482955e-02
-1.026851534843444685e-01
-4.736082255840302208e-02
1.547075714915991003e-02
1.073668245226144791e-02
6.353317201137542725e-02
7.370943203568458557e-04
-9.686961770057678223e-03
-5.770545452833175659e-03
-6.546360999345779419e-02
-6.485140323638916016e-02
8.537246286869049072e-02
9.955327026545999700e-03
3.821612522006034851e-02
8.159261196851730347e-02
-2.741071954369544983e-02
-4.554250463843345642e-02
-1.797644421458244324e-02
-1.437617279589176178e-02
1.557989977300166910e-02
-1.472855824977159674e-02
-2.166720665991306305e-02
-5.654662474989891052e-02
5.690718442201615074e-02
3.431620821356773376e-02
1.586587280035018921e-01
3.534198552370072105e-02
5.274520814418793418e-02
-1.327618584036827261e-02
1.347248405218124390e-01
6.429382413625717163e-02
9.061846882104873657e-03
-5.868651787750422955e-04
-2.491304464638232838e-02
-4.774742200970649719e-02
-4.083290696144104004e-02
-1.603310368955135345e-02
-6.191030889749527671e-02
-8.589117228984832764e-02
-5.058080330491065979e-02
2.573698991909623146e-03
-9.286363609135150909e-03
-1.118160188198089600e-01
-2.861911989748478283e-02
-1.120271906256675581e-01
-1.778542548418045044e-01
-1.112228333950042725e-01
-7.790456712245941162e-02
-1.540023274719715292e-02
-5.840948969125747681e-02
-6.336395442485809326e-02
-1.327734440565109253e-02
5.555886030197143555e-02
-4.887172579765319824e-02
-4.769250378012657166e-02
3.974651917815207568e-03
3.761562705039978027e-02
1.092785671353340010e-01
-9.422371536493300004e-02
-9.864025563001632690e-02
-1.616912148892879833e-02
-2.726810798048973083e-02
4.801211506128311157e-02
9.411620348691940308e-02
6.712998449802398682e-02
-1.419438272714614868e-01
-4.442105814814568260e-02
-6.920358538627624512e-02
-1.946910619735717496e-01
-1.354282498359680176e-01
-3.653336688876152039e-02
1.433271467685699463e-01
2.172822691500186920e-02
-1.691730879247188915e-02
7.089833915233612061e-02
-6.695030629634857178e-02
-1.966510564088821134e-01
-1.402176618576049805e-01
1.079489961266517639e-01
1.839223951101303101e-01
8.067607879638671875e-02
5.456122010946273804e-02
2.716361079365015030e-03
1.498621702194214041e-02
9.231039881706237793e-02
2.869788743555545460e-02
-3.462341800332069397e-02
-1.560114473104476929e-01
-1.378926932811737061e-01
-1.075010672211647034e-01
-1.060789451003074473e-02
3.243216499686241150e-02
4.803450405597686768e-02
6.285321712493896484e-02
-8.711420930922031403e-03
-6.457419693470001221e-02
-1.183541789650917053e-01
-9.509691968560220546e-03
1.936656422913074493e-02
2.607409842312335968e-02
4.516829550266266563e-02
-4.759013280272483826e-02
-4.153488576412200928e-02
-4.608694091439247131e-02
3.414383158087730408e-02
2.671484090387820851e-02
5.094782914966345701e-03
2.671040780842304230e-02
-6.879531592130661011e-02
-7.559700310230255127e-02
-5.161647871136665344e-02
-9.175630658864976363e-02
-1.138523891568184038e-01
-6.105699017643928528e-02
5.500076338648796082e-02
-5.271022766828536987e-02
-1.407547891139984131e-01
-1.283808499574661255e-01
-2.149174176156520844e-02
-6.071652472019196251e-02
-3.751607611775398254e-02
-1.839404702186584473e-01
4.660394415259361267e-02
-1.531747281551361084e-01
-9.292812645435331864e-02
-7.341597974300384521e-02
-2.231717854738235474e-01
-2.885131165385246277e-02
-1.346779614686965942e-02
7.642457634210587936e-02
3.829358518123626709e-02
6.594284623861312866e-02
1.550414562225341797e-01
-8.688707649707794189e-02
-1.025805398821830750e-01
1.321329828351735895e-02
1.437333822250366211e-01
5.502710491418839195e-02
1.149090230464935303e-01
-9.486074000597000122e-02
-1.005488261580467224e-01
-2.673132531344890248e-02
1.384616363793611526e-02
-3.096804209053516388e-02
-1.869906112551689148e-02
7.453098427504301939e-03
-2.140958458185195923e-01
-8.304318785667419434e-02
-4.207044094800949097e-02
-2.272076904773711811e-02
-1.356470137834548950e-01
-1.432959735393524170e-01
-5.055819824337958596e-02
-1.454405486583709439e-01
2.276327274739742626e-02
6.524119526147842407e-02
-9.747154265642166138e-02
-1.090482398867607255e-01
-1.149322912096977234e-01
-9.643079340457916260e-02
-1.020385399460792403e-01
-9.130696952342987061e-02
-6.373274326324462891e-02
-2.543261274695396423e-02
-3.600173816084861755e-02
-4.891643673181533813e-02
-3.454612568020820618e-02
-2.701408416032790791e-02
-7.436681538820268111e-02
-1.565399765968322754e-01
-1.757449656724929810e-01
-6.608437001705169678e-02
-6.563594937324523926e-02
-1.688821911811828613e-01
-6.986840814352036910e-02
-1.658518449403345585e-03
1.558771170675754374e-02
-8.036233484745025635e-02
4.254074022173881531e-02
5.543862655758858421e-02
3.506615012884140015e-02
2.954208478331566204e-02
8.037979155778884888e-02
1.203192323446273804e-01
1.263207793235778809e-01
1.015823185443878313e-01
-2.859872579574584961e-02
-5.732244998216629028e-02
3.703312948346138000e-02
1.514961477369070053e-02
-3.349916264414786599e-02
7.355220615863800049e-03
-8.018900640308856964e-03
-9.716372191905976730e-02
-7.475572824478149414e-02
-9.923054836690425873e-03
-1.265815794467926025e-01
-8.861094713211059570e-02
-9.132323414087296920e-02
-9.523294121026992798e-02
-1.461799442768096924e-01
-9.354249387979507446e-02
-1.421906799077987393e-01
-2.697880752384662628e-02
-6.661433726549148560e-02
-1.140809282660484453e-01
-1.183878332376479964e-01
1.098938100039959127e-02
7.482706010341644287e-02
5.319290235638618469e-02
-3.942799195647239685e-02
-1.553073823451995850e-01
-3.887198492884635925e-02
-1.627040765015408397e-04
3.747627511620521545e-02
9.620703756809236354e-03
4.622979834675788879e-02
2.496168576180934906e-02
-2.680858131498098373e-03
1.304901205003261566e-02
-9.220743179321287675e-02
-6.644436717033386230e-02
-3.588184714317321777e-02
3.331325575709342957e-02
3.664087504148483276e-02
-7.935979217290876908e-02
-1.519198119640350619e-01
-4.973798990249633789e-02
4.201523214578628540e-02
2.385536953806876789e-02
7.923373021185398102e-03
-8.156216889619827271e-02
-9.345649927854537964e-02
-1.812185198068618774e-01
8.974535763263702393e-02
1.540093496441841299e-02
5.834086984395981529e-02
1.002540066838264292e-02
1.888887211680412639e-02
-2.916805818676948200e-02
-1.924160053022205396e-03
-3.244528081268071695e-03
-5.994492769241332314e-02
-1.112867668271064758e-01
-7.030933350324630737e-02
-3.486481495201587677e-03
-5.472927913069725037e-02
-4.373181983828545311e-02
-5.175646394491196373e-02
4.907238110899925232e-02
2.160983392968773842e-03
-1.477355975657701492e-02
-5.485979840159416199e-02
-3.200785815715789795e-02
-6.370488554239273071e-02
-8.242007344961166382e-02
3.258192539215087891e-02
1.556208133697509766e-01
8.278305083513259888e-02
2.850018441677093159e-02
4.084771126508713462e-02
-2.657380513846874237e-02
2.103654295206069946e-02
5.682864040136337280e-02
3.672647103667258522e-02
-4.815438389778137207e-02
-1.351367682218551636e-01
-4.282294958829879761e-02
4.567087069153786399e-02
3.482524305582046509e-02
-1.245457455515861511e-01
2.352795377373695720e-02
9.039373695850372314e-02
1.343018412590026855e-01
2.609562873840332031e-02
-4.984272643923760154e-02
-5.668132007122039795e-02
-3.953656554222106934e-02
4.056206438690423965e-03
9.563351981341840571e-03
5.323697254061698914e-02
4.345951974391936562e-02
8.586547523736953735e-02
-1.179863587021827559e-01
-9.962297976016996903e-02
1.705080829560757030e-02
-1.135462000966071944e-01
-1.302664875984191895e-01
-2.082860916852951050e-01
-2.194710820913314819e-01
-1.864336729049682617e-01
-5.677459016442298889e-02
-8.961753547191619873e-02
-2.209112234413624157e-02
-5.804526805877684853e-02
-2.762119984254240990e-03
1.524848937988281250e-01
3.411931544542312622e-02
2.744507975876331676e-02
6.161050498485565186e-02
1.775029152631759366e-01
9.145377576351165771e-02
-3.424246609210968018e-02
-8.468231558799743652e-02
-3.773818165063858032e-02
-4.883759468793869019e-02
-6.248035281896591187e-02
-1.715383492410182953e-02
-7.021513581275939941e-02
-5.312807112932205200e-02
5.256622284650802612e-02
-8.915813639760017395e-03
7.099018245935440063e-02
4.370975773781538010e-03
-8.249312639236450195e-03
-4.621325805783271790e-02
2.141493372619151722e-02
4.561120644211768410e-02
4.302896559238433838e-02
-7.433530408889054168e-04
6.001624464988708496e-02
5.999445170164107582e-02
3.901696950197219849e-02
3.462753444910049438e-02
-3.259120509028435187e-03
6.891650706529617310e-02
1.482943445444107056e-01
3.154289349913597107e-02
3.038013912737369537e-02
-4.364461079239845276e-02
-6.100174784660338662e-02
-2.463252097368240356e-02
-2.585161477327346802e-02
2.446026168763637196e-02
-3.089883364737033844e-02
-5.419297516345977783e-02
-2.283798716962337147e-02
-5.367061495780944824e-02
-2.525374107062816967e-02
2.361220493912696838e-02
4.308076109737157822e-03
-4.088159278035163879e-02
-7.490545511245727539e-02
-4.351545125246047974e-02
-8.795981109142302079e-02
-1.036551035940647125e-02
2.106021903455257069e-02
-1.764340139925479889e-02
-7.417789101600646973e-02
-1.208899021148681502e-01
-3.513909876346588135e-02
9.237444400787353516e-02
5.320727359503507614e-03
-3.040820593014359474e-03
-9.431906044483183427e-02
-1.164086312055587769e-01
-8.133026212453842163e-02
-1.541914194822311401e-01
1.001430395990609949e-02
2.247758209705352783e-02
2.924286387860774994e-02
9.872587397694587708e-03
-5.940793454647063515e-02
-3.448439389467239380e-02
4.136508703231812217e-02
-2.242137305438518524e-02
-1.493411511182785034e-01
-1.922856122255325317e-01
-2.380576729774475098e-01
-9.821564704179763794e-02
3.067966736853122364e-02
1.569546386599541057e-02
-7.478469610214232011e-02
2.022571302950382580e-02
2.397084385156631470e-01
8.032891154289245605e-02
4.967142269015312195e-02
9.604521095752716064e-03
9.224680811166763306e-02
7.249697297811508179e-02
-1.320370659232139587e-02
-1.745350360870361328e-01
-6.749109178781509399e-02
1.187892705202102800e-01
4.216050729155540466e-02
-2.643119730055331837e-02
-5.164575576782226562e-02
-2.887138724327087402e-02
-2.431501075625419964e-02
1.578127741813659390e-01
1.234970912337303300e-01
-6.208967883139849576e-03
7.853340357542037964e-03
-8.141581900417804718e-03
4.513083770871161721e-02
-1.235712226480245590e-02
-1.458173692226409912e-01
-2.067629992961883892e-02
3.181416913866996765e-02
-6.110484898090362549e-02
-2.736705727875232697e-02
1.163597255945205550e-01
1.279014945030212402e-01
-1.037653163075447083e-02
1.630452647805213928e-02
-1.011573057621717626e-02
-2.775538153946400036e-02
-3.549278154969215393e-02
-8.368756622076034546e-02
8.923402056097984314e-03
-1.418407708406448364e-01
-6.014653667807579041e-02
3.801140189170836708e-02
2.425875514745712627e-02
7.517971098423004150e-02
2.844742871820927013e-02
1.290506310760974884e-02
-1.256904602050781250e-01
-5.896171927452087402e-02
-6.702343933284282684e-03
-2.827028371393680573e-02
-1.649794541299343109e-02
-2.708887681365013123e-02
1.005569752305745905e-02
-1.283059269189834595e-02
-7.597032189369203048e-02
-5.770377442240715027e-02
-3.838342800736426613e-02
-2.279756218194961201e-02
-1.285321265459060842e-02
-2.260643616318702698e-02
-2.828323468565941204e-02
-2.473452128469944000e-02
-7.088795304298400879e-02
-1.429441869258880615e-01
-2.069765701889991760e-02
3.265421092510224083e-02
-3.346059238538146019e-03
5.769164860248566368e-02
-7.984387129545213180e-02
-4.328047484159469604e-02
-7.164583355188369751e-02
-8.272735029458999634e-02
-4.715887829661368456e-03
-6.756421178579330444e-02
-9.744221717119216919e-02
-7.251228392124176025e-02
9.371978230774404353e-03
2.272383062518201768e-05
1.710738241672515869e-02
-4.218424856662750244e-02
-1.116964742541313310e-01
-3.467325877863913774e-04
3.715412691235541603e-02
7.678618282079698043e-02
1.222621053457259993e-01
4.787319526076316833e-02
-4.041660949587821960e-02
3.659468889236450195e-02
1.037698984146118303e-01
5.795096978545188904e-02
-2.228084579110145569e-02
-1.997806690633296967e-02
3.656043857336043618e-02
1.493750214576721191e-01
3.438821062445640564e-02
-1.131059527397155762e-01
-9.188164025545120239e-02
-1.065514516085386450e-02
5.183989182114601135e-03
-7.698033004999160767e-02
-7.997131347656250000e-02
-2.960354089736938130e-02
-3.381700813770293496e-02
-1.774214804172515869e-01
-1.310132145881652832e-01
-1.121816262602805953e-01
-8.268830180168151855e-02
-1.010540425777435303e-01
-5.438465625047683716e-02
-1.142067834734916687e-01
3.466368839144706726e-02
4.739164374768733978e-03
-1.145417541265487532e-01
7.747650146484375000e-03
1.473854482173919400e-01
1.403566002845764160e-01
7.492479681968688965e-02
-4.203278198838233948e-02
-7.700780406594276428e-03
1.172019466757774492e-01
2.296552360057831088e-01
6.988023221492767334e-02
1.070421095937490463e-02
2.291234396398067474e-02
9.058655798435212569e-02
8.036527782678604126e-03
-1.618068479001521717e-02
-4.899162054061889648e-02
-4.500002041459083557e-02
-1.688054800033569336e-01
-9.891349822282792872e-03
-1.474900096654891968e-01
-1.275529265403747559e-01
-1.165361925959587236e-01
4.642497003078461387e-02
-3.273594379425048828e-02
-6.793229281902311845e-02
3.027289360761642456e-02
5.989422276616096497e-02
8.347540348768234253e-02
4.947109892964363098e-02
1.431723125278949521e-03
2.180323703214526176e-03
-2.064635232090950012e-02
-8.799825794994831085e-03
-1.283844094723462885e-02
6.247037556022406492e-03
-2.173721045255661011e-02
-3.223245963454246521e-02
-8.816360682249069214e-02
-6.331036239862442017e-02
-2.674450166523457007e-03
2.011217363178730011e-02
-5.412571504712104797e-02
-9.628937393426896529e-02
1.493619289249181574e-02
-9.868866764009000606e-03
-9.044336155056951695e-03
-1.134314015507697886e-02
-1.741630397737026215e-02
-1.675187200307846069e-01
-1.537192165851593018e-01
-3.766645491123200157e-02
-9.375689178705216842e-02
-7.292336225509643555e-02
-4.509526118636131287e-02
2.658966113813221455e-04
1.755253039300441395e-02
-1.487480290234088724e-02
2.773683331906795502e-02
6.449949741363525391e-02
-1.112079899758100510e-02
-1.090444773435592790e-01
-3.753809258341788552e-02
-3.330568596720695496e-02
5.916981957852839556e-03
-9.022619575262069702e-03
-1.750823482871055603e-02
-1.947996206581592907e-02
4.286871477961540222e-02
3.999673947691916726e-02
-8.732368052005767822e-02
-5.225292593240737915e-02
9.819663682719692588e-05
2.916729543358087540e-03
2.970529161393642426e-02
5.342577397823333740e-02
3.101189061999321331e-02
-1.725566387176513672e-02
-1.364372111856937408e-02
-2.897740714251995087e-02
-6.731139123439788818e-02
-1.127271354198455811e-01
-3.682605549693108299e-02
-6.657174229621887207e-02
-2.382069081068038940e-02
6.676134467124938965e-02
1.251219119876623154e-02
-3.513783961534500122e-02
-5.787251889705657265e-02
-1.006701262667775154e-03
8.594087511301040649e-02
7.457868009805679321e-02
3.201120300218462944e-03
2.558139339089393616e-02
8.597678504884243011e-03
5.449722055345774564e-03
-8.100098930299282074e-03
-1.363498270511627197e-01
-9.999284148216247559e-02
3.221944672986865044e-03
-3.841221332550048828e-02
-5.038031935691833496e-02
-3.504712134599686363e-02
1.547406893223524094e-02
3.187758848071098328e-02
-2.033288404345512390e-02
-9.619323164224623246e-02
-3.912239149212837219e-02
-4.477905109524727735e-03
2.683926140889524980e-03
3.471358120441436768e-02
3.362154588103294373e-02
7.868449389934539795e-02
1.770675927400588989e-02
-2.668079175055027008e-02
-3.627209365367889404e-02
2.598923631012439728e-03
2.767435647547245026e-02
-1.062759310007095198e-01
-8.106736093759538131e-02
-2.244201861321925770e-02
5.530862137675285339e-02
3.452413156628608704e-02
-3.184668347239493630e-02
-4.053994268178939819e-02
1.122638024389743805e-02
-1.974112121388316154e-03
-6.820760667324066162e-02
-7.910183817148208618e-02
-1.732433214783668518e-02
-4.331057146191596985e-02
-3.046189434826373707e-02
-4.225451499223708413e-02
-9.944343566894532638e-02
1.062886323779821396e-03
8.620897680521011353e-02
1.172466855496167963e-02
-8.986892551183699174e-02
2.894666418433189392e-02
1.005232054740190506e-02
-4.092002660036087036e-02
8.447874337434768677e-02
9.031936526298524337e-02
1.063958108425140381e-01
4.391157627105712891e-02
6.182576715946197510e-02
1.289595570415258408e-02
-8.450094610452651978e-02
4.102080687880516052e-02
-8.990837633609773116e-02
-1.844345591962337147e-02
2.804488502442836761e-02
3.874308615922927856e-02
-5.939912796020507812e-02
-4.696971550583840110e-02
7.042101770639419556e-02
7.472504675388336182e-02
6.402996182441711426e-02
-6.514640059322118759e-03
2.709831169340759516e-04
4.163226857781410217e-02
-1.914860680699348450e-02
8.086722344160079956e-02
6.794540584087371826e-02
-1.309306770563125610e-01
5.967938899993896484e-02
2.879220061004161835e-02
-2.842017449438571930e-03
-6.233960390090942383e-02
5.219326913356781006e-02
9.268384426832200484e-02
1.166183277964591980e-01
-8.155126124620437622e-02
4.792464524507522583e-02
8.877342566847801208e-03
-4.096166417002677917e-02
-3.722294047474861145e-02
-9.474261105060576005e-02
5.403595417737961509e-02
4.954156652092933655e-02
1.498057246208190918e-01
-4.868615791201592186e-02
-1.855578087270259857e-02
-1.031040027737617631e-01
-5.531084164977073669e-02
3.401489928364753723e-02
-3.052333137020469146e-03
-1.890233904123306274e-02
-6.274237483739852905e-02
1.196271926164627075e-02
3.924420848488808372e-02
6.725509464740753174e-02
-3.620544821023941040e-02
8.329482376575469971e-02
-5.042332038283348083e-02
-4.043179377913475037e-02
4.578471556305885315e-02
5.484535358846188459e-03
6.512983888387680054e-02
-1.555347070097923105e-02
-9.531575441360473633e-02
-3.102942183613776814e-02
6.064572185277938843e-02
-3.027626872062683105e-02
-5.171585828065872192e-03
-1.489325426518916910e-02
-1.169428676366806030e-01
3.690923377871514061e-02
-1.931494027376174927e-01
-1.191609539091587067e-02
4.727575927972793579e-03
5.606566369533538818e-02
-6.971156224608421326e-03
-6.404841784387826920e-03
-5.112353712320328453e-02
-3.319805860519408486e-02
-1.672547683119774212e-02
2.322951704263686787e-02
6.612430512905120850e-02
-9.492678940296173096e-02
1.149848103523254395e-02
-3.214592486619948647e-02
-8.807933330535888672e-02
1.985759101808070790e-02
9.274812787771223588e-02
-2.900273771956562996e-03
-1.271724104881286621e-01
5.068644881248473427e-02
-4.833824001252651215e-03
-2.981238439679145466e-02
6.599485874176025391e-02
-8.262945711612701416e-02
-5.631179735064506531e-02
-9.100335836410522461e-02
7.416877895593643188e-02
-6.395429372787475586e-02
-6.397663149982690811e-03
-2.382401190698146820e-02
8.344366401433944702e-02
-9.800158441066741943e-02
2.376066334545612335e-02
6.187961436808109283e-03
-7.716345041990280151e-02
7.539776712656021118e-02
4.677102342247962952e-02
-2.397098392248153687e-02
7.891457527875900269e-02
4.051504284143447876e-02
1.883503049612045288e-02
-1.252788752317428589e-01
3.903963789343833923e-02
-9.327224642038343949e-02
-6.914350669831037521e-04
-1.109409239143133163e-02
5.160601064562797546e-02
-2.863371744751930584e-02
9.192984551191329956e-02
-1.830501295626163830e-02
2.048702910542488098e-02
1.068857219070196325e-02
4.448007047176361084e-02
1.392356753349304199e-01
2.837254665791988026e-02
-1.223965361714363237e-01
6.090992130339145660e-03
-1.608972251415252686e-02
5.558802932500838540e-02
3.147399798035621643e-02
8.605458587408065796e-02
-6.085915025323628512e-03
-2.344167418777942657e-02
-8.246580138802528381e-03
-2.183295972645282745e-02
-9.036128409206868953e-03
6.587130483239889145e-03
-4.556912556290626526e-02
2.907465770840644836e-02
-5.319568328559399518e-03
8.037270605564117432e-02
-1.016467735171318054e-01
2.825452573597431183e-02
-1.449661254882812500e-01
1.542305760085582733e-02
-1.299638003110885620e-01
-3.209945186972618103e-02
-3.502016514539717934e-02
3.371209604665637016e-03
-4.038606584072113037e-02
7.857914268970489502e-02
-1.004613488912582397e-01
-1.074512451887130737e-01
-1.227257251739501953e-01
-1.090034618973731995e-01
5.153463035821914673e-02
-1.170620396733283997e-01
1.518089789897203445e-02
4.190953075885773399e-02
-9.987156093120576339e-02
-4.966270178556441567e-02
-3.851779922842979431e-02
-3.570626303553581238e-02
1.024001371115445917e-02
-6.618986278772354126e-02
-1.219274252653121948e-01
-6.163072958588599465e-02
5.351731553673743508e-02
8.203281089663505554e-03
-6.478367000818252563e-02
5.760169029235839844e-02
6.023601070046424866e-02
6.342933326959609985e-02
6.557828187942504883e-02
-7.861794438213109970e-04
3.206329885870218277e-03
6.730620563030242920e-02
-1.129768439568579197e-03
-4.882874712347983620e-02
-1.133251935243606567e-02
2.690305933356285095e-03
-3.742675483226776123e-02
-4.511017724871634743e-02
9.642353653907775879e-02
-2.257581427693367004e-02
6.147923693060874939e-02
-2.805902808904648174e-02
-3.243277594447135925e-02
-4.763002321124076843e-02
-2.703458070755004883e-02
6.079097464680672386e-02
1.460634544491768057e-02
-4.182115197181701660e-02
-9.460496157407760620e-02
-3.722102940082550049e-02
5.246661603450775146e-02
1.363051980733871460e-01
1.216216683387756486e-01
3.584730997681618431e-02
2.001786231994628906e-02
1.149823814630508562e-01
-3.791463747620583274e-02
9.721860289573669434e-02
1.110436990857124329e-01
-4.763643816113471985e-02
-6.234626844525337219e-02
-1.142284795641899248e-01
3.060683794319629322e-02
5.314754694700241089e-02
1.790456920862197876e-01
-1.281883101910352880e-02
7.877283729612827301e-03
3.111271932721138000e-02
-1.147072613239288469e-01
-1.399564277380704880e-02
7.190472446382045746e-03
-5.219939351081848145e-02
-9.732639789581300216e-02
1.047105714678764343e-01
-7.931084185838700729e-02
-3.121702931821346283e-02
-1.218133699148893356e-02
-1.192434132099151473e-01
-8.712168782949447632e-03
-3.447645530104637146e-02
6.736748665571212769e-02
4.876452684402466514e-02
-4.797216877341270447e-02
1.324726082384586334e-02
-4.582422226667403481e-02
-9.112469851970672607e-02
-1.527368277311325073e-02
1.129327565431594710e-01
1.074068695306777954e-01
4.638138785958290100e-02
-1.756598055362701416e-02
-3.797855600714683533e-02
1.251543592661619186e-02
-9.347756952047348022e-02
-4.513763263821601868e-02
-7.727536559104919434e-02
-6.000116094946861267e-02
-7.611207664012908936e-02
4.725919663906097412e-02
-8.904762566089630127e-02
-1.300538331270217896e-01
-5.976387113332748413e-02
-7.780226878821849823e-03
8.478355407714843750e-02
-6.585582345724105835e-02
-3.867267072200775146e-02
7.294430583715438843e-02
2.592499181628227234e-02
-9.574580937623977661e-02
-7.047609239816665649e-02
3.865616768598557212e-02
2.414763905107975006e-02
2.120681293308734894e-02
-3.454681485891342163e-02
-5.123946350067853928e-03
-2.375748939812183727e-02
-4.844759777188301086e-02
-1.180340303108096123e-03
6.656792759895324707e-02
1.102811694145202637e-01
6.064770743250847557e-02
-5.993831157684326172e-02
-1.293677985668182373e-01
-7.477700244635341817e-03
9.905586019158363342e-03
3.205004613846540451e-03
-4.671251028776168823e-02
-1.106534525752067739e-02
-7.090068887919187546e-03
4.196152836084366539e-02
1.764659956097603191e-02
-6.136812269687653455e-03
-7.541951537132263184e-02
-1.313146855682134455e-02
-3.422056511044501564e-02
2.133550122380257000e-02
-7.236808538436889648e-02
5.805374588817358017e-03
-4.021712765097618103e-02
-5.829909350723028183e-03
-3.094058297574520111e-02
-7.028224319219589233e-02
-1.868704520165920258e-02
9.506254456937313080e-03
-5.173631384968757629e-02
8.337181061506269628e-03
1.989360526204108845e-02
2.338397549465298653e-03
-6.507026404142379761e-02
-4.192624986171721718e-02
-9.966578334569932418e-02
-1.048667728900909424e-01
-1.064195181243121624e-03
-1.160090509802103043e-02
-6.495410203933715820e-02
2.475656941533088684e-02
1.342251598834991455e-01
5.013068672269582748e-03
8.544719964265821976e-02
5.168355256319046021e-02
-6.623962521553039551e-02
-1.841224543750286102e-02
2.319063805043697357e-02
-1.895048767328262607e-01
-2.769606001675128937e-02
-3.141534700989723206e-02
-2.351281233131885182e-02
-1.527587473392486572e-01
-1.771880239248275757e-01
-9.533170610666276412e-02
-2.975740097463131298e-02
4.069632664322853088e-02
-7.191707193851470947e-02
7.247235625982284546e-02
4.639004170894622803e-02
-6.714673340320587158e-02
-3.337560594081878662e-02
-1.424003951251506805e-02
-9.237609803676603837e-02
6.756366044282911820e-02
-1.668959558010101318e-01
-6.398964673280715942e-02
8.748731575906276703e-03
5.645001307129859924e-02
1.041097566485404968e-01
-1.326471939682960510e-02
-6.356442719697952271e-02
-7.966980338096618652e-02
-4.781173542141913674e-02
3.688797121867537498e-03
-1.138380020856857300e-01
-1.072836741805076599e-01
-1.613526791334152222e-01
-5.996972322463988564e-02
-3.567621484398841858e-02
4.108543321490287781e-02
-9.378371387720108032e-02
-6.061912328004837730e-02
-1.894859820604324618e-01
-5.047248303890228271e-02
-3.617271035909653404e-02
8.487407118082047897e-02
-4.562908038496971130e-02
-1.363066285848617554e-01
-1.125478744506835938e-01
-5.284923687577248314e-02
-9.808029234409332275e-02
1.058157235383987427e-01
4.796469956636428833e-02
1.280809286981820887e-02
-1.536354329437017441e-02
-9.331663697957992554e-02
1.465048827230930328e-02
4.225635901093482971e-02
2.438861504197121013e-02
2.391709573566913605e-02
1.680783182382583618e-02
4.835350438952445984e-02
3.376540541648864746e-02
4.417175427079200745e-03
7.758039981126785278e-02
-1.366248875856399536e-01
8.128918707370758057e-03
-1.049822894856333516e-03
4.134882707148789492e-03
-3.193419054150581360e-02
1.108928024768829207e-01
-1.586448699235916138e-01
-1.059088334441184998e-01
2.206665836274624218e-02
-6.502232514321804047e-03
9.994911961257457733e-03
7.631888985633850098e-02
8.786021173000335693e-02
-3.912968095391988754e-03
-3.566640987992286682e-02
1.166009437292814428e-02
-4.586062952876091003e-02
-2.892935182899237113e-03
4.972501844167708657e-02
-1.245193742215633392e-02
-4.835366830229758522e-02
1.575449109077453613e-02
-1.481356024742126465e-01
-5.151651427149772644e-02
-1.471548248082399368e-02
-6.855389475822448730e-02
-2.350288815796375622e-02
-4.256360977888106606e-02
-1.753063127398490906e-02
2.599149942398071636e-02
1.015861108899116377e-01
-2.104637585580348969e-02
-3.289205580949783325e-02
-1.065229699015617371e-01
-9.971845149993896484e-02
1.770280767232179642e-03
-2.826390787959098816e-02
-3.422086313366889954e-02
8.509036898612976074e-02
4.011552780866622925e-02
-3.338876739144325256e-02
-1.376246288418769836e-02
-1.691589802503585815e-01
-8.612610399723052979e-02
-3.265265375375748375e-02
-8.873499929904937744e-02
-1.674266755580902100e-01
-7.653523236513137817e-02
-3.482854366302490234e-02
-2.670562453567981720e-02
-2.927561290562153209e-02
-6.598168611526489258e-02
-7.445347309112548828e-02
-1.043503545224666595e-02
-2.125753834843635906e-02
1.324694696813821793e-02
9.261915460228919983e-03
5.391545966267586448e-02
-4.411315172910690308e-02
-2.700264158193022013e-04
-4.118161275982856750e-02
-3.200209885835648277e-02
-3.047851473093033184e-02
2.667242847383022655e-02
-3.458363190293312073e-02
-1.314765680581331253e-02
-8.966059982776641846e-02
-3.159717842936516502e-02
-9.162990748882293701e-02
-1.234902739524841309e-01
5.969360936433076859e-04
-9.161708503961563110e-02
-1.230663731694221497e-01
-1.149294152855873247e-01
-4.422198235988616943e-02
3.618647530674934387e-02
5.693055689334868691e-02
6.471415609121322632e-02
-1.798125542700291027e-02
-1.559394411742687225e-02
4.633289761841297150e-03
-1.652265153825283051e-02
8.266037702560424805e-02
-1.224221065640449524e-01
-8.085224777460096879e-02
-1.235085949301719527e-01
-2.330753020942210804e-02
4.316160455346108177e-02
1.473657786846160889e-02
-2.123925834894180298e-02
3.749462310224771933e-03
-4.972139745950698853e-02
1.851380802690982819e-02
-1.409984529018402100e-01
-1.073637008666992188e-01
2.004298567771911968e-02
-2.044657617807388306e-02
1.835121214389801025e-02
1.529325381852686622e-03
-7.183378934860229492e-02
-1.274943165481090546e-02
8.320742286741733551e-03
1.058229431509971619e-01
1.843366473913192749e-01
-3.966011479496956565e-02
-8.375129103660582108e-02
-4.784210026264191368e-02
-4.721275344491004944e-02
-2.108528837561607361e-02
1.080106943845748763e-01
1.988689601421355854e-02
1.743246428668498993e-02
-3.709478303790092468e-02
-3.195888921618461609e-02
-2.885891310870647430e-02
1.236191466450691223e-01
1.950540840625762939e-01
-1.175167411565780640e-02
-2.742211893200874329e-02
3.337658196687698364e-02
-2.646704018115997314e-02
-4.960766993463039398e-03
-1.170332543551921844e-02
-2.776588499546051025e-02
-2.553543262183666229e-02
1.155876927077770233e-02
1.348386853933334628e-01
-7.393508404493331909e-02
-2.133675664663314819e-01
-4.986602440476417542e-02
1.053014770150184458e-02
-1.773194596171379089e-02
-1.638729572296142578e-01
-1.105249449610710005e-01
1.069487910717725754e-02
-2.053249627351760864e-02
-3.416111320257186890e-02
1.168106794357299805e-01
3.237738832831383445e-02
-4.090987145900726318e-02
4.961687326431273720e-02
-7.609912008047103882e-02
-1.358239799737930575e-01
-1.730057597160339633e-01
-6.826419383287429810e-02
-3.688423335552216270e-02
2.377047901973128319e-03
-8.482556586386635900e-05
-1.278275847434997559e-01
-6.291499733924865723e-02
-2.267418615520000458e-02
-1.774390600621700287e-02
-1.525102406740188599e-01
-3.855444490909576416e-02
-1.986048184335231781e-02
-2.950537949800492027e-02
-2.010985463857651104e-02
-8.072762936353682084e-02
-6.392222363501786318e-03
3.069290891289711345e-02
-1.035159733146429062e-02
-1.066678166389465193e-01
