-3.039656765758991241e-02
1.861294498667121150e-03
-8.956617116928099198e-02
-9.018278797157107700e-04
-3.192694485187530518e-02
-7.467364892363548279e-03
-2.345165424048900951e-02
-1.906394027173519135e-02
-2.443425357341766357e-02
-2.988790627568960190e-03
-5.191005766391753457e-02
-2.174774371087550770e-02
-1.589854061603545865e-01
-1.372826285660266876e-02
1.119744870811700821e-02
-7.168564479798079404e-03
1.279676891863345926e-02
-6.702744960784912109e-02
-5.564531683921813965e-02
-3.581930696964263916e-02
-2.677299641072750092e-02
-2.074717879295349121e-01
8.508833497762680054e-02
2.808363735675811768e-02
-1.628636755049228668e-02
2.815737621858716011e-03
-2.978309243917464863e-02
-3.783116862177848816e-02
-4.296722635626792908e-02
-1.221841573715209961e-02
-4.116077348589897156e-02
-2.921848185360432018e-02
-2.460637316107749939e-02
-3.094739280641078602e-02
4.369255038909613544e-04
-1.329062283039093018e-01
-1.964204907417297363e-01
-2.968135476112365723e-02
1.636662334203720093e-02
-7.442724704742433028e-02
-6.135063245892524719e-02
-7.700061798095703125e-02
-7.655870169401168823e-02
-3.860488161444664001e-02
-5.756266787648200989e-02
-2.592255733907222748e-02
-2.099766768515110016e-02
-1.309243030846119100e-02
4.912665113806725242e-02
1.038627028465270996e-01
1.437034308910369873e-01
3.124993853271007538e-02
1.443304680287838156e-02
2.555395243689417839e-03
-5.422499030828475952e-03
-7.943831384181976318e-02
-2.027785591781139721e-02
-5.300549324601888657e-03
-4.177701845765113831e-02
1.010780781507492065e-02
2.346293441951274872e-02
-1.041863579303026199e-02
-3.004431910812855114e-02
-2.927936054766178131e-02
-1.534425839781761169e-02
8.159721270203590393e-03
-2.151828445494174957e-02
-3.012147359549999237e-02
-2.722870931029320110e-02
-3.668181598186492920e-02
3.808327764272689819e-02
5.582678318023681641e-02
-1.097723394632339616e-01
-2.037597000598907471e-01
-8.489659428596497970e-02
6.408745888620615005e-03
-9.408970945514740728e-04
9.238975495100019975e-02
4.997320100665092468e-02
9.722878783941267533e-02
-9.663234651088715987e-02
-1.125185713171958785e-01
-1.167790889739990234e-01
-2.011169940233230591e-01
-5.961472541093826294e-02
8.255273103713989258e-02
-3.514904761686921120e-03
-2.366275526583194733e-02
1.071047969162464142e-02
-1.784265786409378052e-02
-2.688769018277525902e-04
1.438607927411794662e-02
8.445221185684204102e-02
-9.277157485485076904e-02
-4.340953752398490906e-02
-1.848865002393722534e-01
-1.175925880670547485e-01
-1.551260892301798040e-02
-2.268854342401028026e-02
-8.835246413946153121e-02
-1.021290645003318787e-01
-4.147981759160757065e-03
9.368868172168733077e-02
1.440977454185485840e-01
1.048954129219055315e-01
2.803994528949261059e-02
-4.378150776028633118e-02
5.397481098771095276e-02
7.786872237920761108e-02
-4.291443154215813377e-02
-1.313637290149927139e-02
1.358394473791122437e-01
1.240791752934456010e-01
3.873682394623757103e-02
-8.239737898111341996e-02
-1.816637217998504639e-01
-7.591982930898666382e-02
-1.912686973810195923e-02
-5.558763816952705383e-02
-7.912024110555648804e-02
-1.745031028985976826e-02
-7.914281450212001801e-03
2.039337903261184692e-02
-2.250357158482074738e-02
-2.252484671771526337e-02
-9.907171875238419967e-02
-1.013849526643753052e-01
-2.126233279705047885e-01
-1.118292659521102766e-01
-1.555432826280593872e-01
-2.315257191658020020e-01
-4.586293920874596336e-02
-7.861877791583538055e-03
-1.341956108808517456e-01
-7.789362221956253052e-02
-1.988514699041843761e-02
-2.954067476093768727e-02
2.765944413840771068e-02
3.266360983252525330e-02
-9.044862538576126099e-02
1.025571301579475403e-02
7.234221696853637695e-02
-4.461926594376564026e-02
-3.241858258843421936e-02
-1.458954066038131540e-02
7.525638490915297074e-02
3.692942112684249878e-02
1.867522113025188446e-02
8.773421496152877808e-02
2.966715954244136810e-02
6.077169999480247498e-02
1.337864995002746582e-01
2.916058339178561817e-02
-9.163767099380491429e-03
-3.297472745180130005e-02
8.914153277873992920e-02
1.943449974060058594e-01
4.135311394929886558e-02
6.804048898629844189e-04
1.058784220367670059e-02
-8.682281523942947388e-02
-4.977386072278023460e-02
2.888922579586505890e-03
-1.146082505583763261e-01
-3.552405536174773476e-02
-9.242410957813264327e-02
-1.310679614543914795e-01
-6.695245951414106889e-02
6.263617426156997681e-02
4.064086824655532837e-02
-4.491554573178291321e-02
6.715825200080872970e-02
1.608158499002456665e-01
-6.701870355755090714e-03
-1.548058912158012564e-02
-4.283673688769340515e-02
-9.104940295219419999e-02
1.875612325966358532e-02
6.688352674245834351e-02
7.012114673852920532e-02
-9.061595052480697632e-02
-8.613307774066925049e-02
-4.006148502230643532e-02
-1.084721311926841597e-01
-1.575326174497604370e-01
-1.015751063823699951e-01
-4.142595455050468445e-02
-1.312865614891052246e-01
-4.020027071237564087e-02
-3.272958332672714753e-03
8.709200471639633179e-02
1.227464713156223124e-02
-7.878891378641128540e-02
-1.113933175802230696e-01
-6.375173479318618774e-02
-1.243133656680584127e-02
-1.344517469406127930e-01
-2.641510963439940851e-01
-2.506193518638610840e-02
-5.470972508192062378e-02
-1.790853291749954224e-01
-9.478882700204847855e-02
-1.137272547930479050e-02
-8.360131084918975830e-02
-2.765918672084808350e-01
-2.163053900003432672e-01
-7.274248450994492965e-02
4.565002769231796265e-02
-6.106938049197197654e-02
-5.403241887688636780e-02
1.037754677236080170e-02
2.165114134550094258e-02
2.087162248790264130e-02
-8.551326580345628911e-03
-9.327074140310287476e-02
-8.800559490919113159e-02
-5.390050634741783142e-02
-1.182738039642572403e-02
5.164780467748641968e-02
2.748978137969971050e-02
-4.563716426491737366e-02
-6.295109540224075317e-02
-4.445732105523347855e-03
-2.486364357173443188e-02
6.387231498956680298e-02
7.297897338867187500e-02
-3.105254285037517548e-02
-4.102796688675879738e-02
-9.771433472633361816e-02
4.640984907746315002e-02
-3.250150009989738464e-02
-1.512365192174911499e-01
-6.703802943229675293e-02
-2.556971088051795959e-02
-3.132038936018943787e-02
-1.426881365478038788e-02
-4.380113631486893394e-02
-7.719034701585769653e-02
-4.686207510530949506e-03
1.440573334693908691e-01
3.701097518205643394e-02
-5.978672206401824951e-02
-1.994725875556468964e-02
9.966569021344184875e-03
-1.159103936515748501e-03
-1.552297919988632202e-02
1.279917657375335416e-01
8.470661938190460205e-03
9.031381458044052124e-03
-4.414508119225502014e-02
-1.651512831449508667e-02
5.473284050822257996e-02
3.880318626761437156e-02
6.206730753183364868e-02
2.632386796176433910e-02
1.138262972235679488e-01
9.830140322446823120e-02
1.597701609134674072e-01
9.659324772655963898e-03
-4.879979416728019714e-02
-1.466340012848377228e-02
7.575687766075134277e-02
-1.408815085887908936e-01
-1.413824707269668579e-01
-9.279303252696992355e-02
-3.403038159012794495e-02
-9.176815301179885864e-02
-5.376173928380012512e-02
-9.705039113759995895e-02
-4.806936904788016579e-02
-8.417620509862899780e-02
-1.031602500006556511e-03
1.931149885058403015e-02
-4.819622728973627090e-03
-3.400140209123492241e-03
-1.825215481221675873e-02
1.360091380774974823e-02
6.204925104975701072e-02
1.395298391580581387e-01
1.234383732080459456e-01
6.383746862411499023e-02
6.888017803430557251e-02
6.353925913572311401e-02
2.284307330846786499e-01
2.595304548740386963e-01
1.740760207176208496e-01
1.754744201898574829e-01
5.862839892506600120e-02
4.043030366301536560e-02
1.257295757532119751e-01
1.227095052599906783e-01
5.934102460741997459e-02
1.074051111936569214e-02
2.556019462645054210e-02
1.052212193608283997e-01
4.841312766075133583e-02
3.071155771613121380e-02
4.263615980744361877e-02
1.151711195707321306e-01
-3.158445656299591064e-02
-6.612993031740188599e-02
6.157068163156508706e-02
9.077735245227813721e-02
4.005933552980422974e-02
-3.964048624038696289e-02
1.545301359146833420e-02
1.405803263187408447e-01
4.627835750579833984e-02
8.114264160394668579e-02
9.372711181640623612e-02
1.076084896922111650e-01
5.553100723773241043e-03
2.246554382145404816e-02
-5.126539617776870728e-03
-9.702883660793304443e-03
5.419149249792098999e-02
7.747138291597366333e-02
-3.070804290473461151e-03
8.815889805555343628e-02
6.079975888133049011e-02
-8.222700096666812897e-03
-2.933626994490623821e-02
-2.345121838152408600e-02
-8.036371320486068726e-03
-1.239325106143951416e-02
9.348644316196443038e-02
9.131866693496704102e-02
-4.247231408953666687e-02
-2.123534232378005981e-01
-7.533843163400887576e-03
1.392177939414978027e-01
5.107482522726058960e-02
-6.433378905057907104e-03
-8.479093760251998901e-02
-6.048923730850219727e-02
8.544506505131719762e-03
3.216761350631713867e-02
-4.384367167949677208e-02
-5.295610427856445312e-02
-6.079930812120437622e-02
-4.334486648440361023e-02
-4.694447293877601624e-02
5.986823886632918618e-02
7.029470801353454590e-02
1.256886310875415802e-02
4.240000620484352112e-02
5.551872774958610535e-02
3.789262101054191589e-02
6.093277409672737815e-02
6.306081078946589556e-03
8.504490368068218231e-03
1.312799900770187378e-01
1.388220489025115967e-01
1.643098890781402588e-01
1.347106415778398514e-02
-3.989252075552940369e-02
-3.897014260292053223e-02
-4.668068140745162964e-02
-7.591382414102554321e-02
-4.668012633919716575e-02
-9.986149147152900696e-03
-3.729939460754394531e-02
2.288126945495605469e-02
3.040707856416702617e-02
5.802544578909873962e-02
-2.863974310457706104e-02
-7.183981686830520630e-02
-1.252802908420562744e-01
-8.885465562343597412e-02
3.543793782591819763e-02
5.993674043565989408e-03
-3.669067472219467163e-02
-8.130763471126556396e-02
-5.373256653547286987e-02
3.714108467102051475e-02
-1.135794892907142500e-01
-1.986480504274368564e-01
-6.106302514672280052e-02
-3.511565923690796592e-02
-1.115742698311805552e-02
8.212038315832614899e-03
-1.117421686649322371e-01
-7.791413366794586182e-02
3.486102446913718483e-02
1.399829536676406860e-01
2.052596062421798706e-01
5.437991768121720054e-02
-2.219403907656669617e-02
-6.294042617082595825e-02
-6.137768551707267761e-02
-7.333931326866149902e-02
-2.901940792798996319e-02
-2.003867551684379925e-02
-4.038352053612471494e-03
5.470912531018257141e-02
5.765945464372634888e-02
-1.191002503037452871e-02
-4.676761105656623840e-03
-9.624023921787740535e-03
5.705584585666656494e-02
1.905316137708723545e-03
-5.026725586503744125e-03
-6.782256066799163818e-02
-1.765738055109977375e-02
-8.636587858200071854e-02
-5.322036892175673745e-02
2.349067479372024536e-02
-2.475345879793166767e-02
8.487057872116565704e-03
7.014269474893807498e-03
1.349500496871769428e-03
8.012930862605571747e-03
8.466671407222747803e-02
1.710456050932407379e-02
-2.116175927221775055e-02
-8.169447630643844604e-02
-5.475259199738503196e-02
1.198766659945249557e-02
-7.176370173692701859e-02
-4.527225717902183533e-02
2.307047508656978607e-02
1.625502668321132660e-02
3.578054904937743447e-02
4.464866966009140015e-02
-3.513254970312117836e-02
-6.454700976610183716e-02
4.255753941833972931e-03
-1.838280819356441151e-02
-1.317744702100753784e-01
-1.704453118145465851e-02
2.511764504015445709e-02
6.940867751836778121e-02
9.753909707069395585e-02
6.491807848215103149e-02
3.382722660899161599e-02
-3.084004484117031097e-02
-4.602823778986931541e-02
-1.850437223911285123e-01
-8.544314652681350708e-02
-1.939022168517112732e-02
-2.301372773945331920e-02
-4.413478076457976601e-02
1.275053471326828003e-01
3.349235281348228455e-02
-9.707091003656387329e-02
-1.424898058176040372e-01
-9.948368370532989502e-02
6.378237158060073853e-03
1.297293230891227722e-02
-5.562239140272140503e-02
1.862943172454833984e-02
4.173335433006287315e-02
5.978252366185187600e-02
2.791294641792774547e-02
3.795933723449707031e-02
1.836244016885757099e-02
-4.105186555534601212e-03
-2.219827473163604736e-02
-2.440398372709750782e-02
-1.284559816122055054e-02
5.751819908618927696e-02
1.328150629997253418e-01
1.443954743444919760e-02
-9.540647268295288086e-03
2.371837571263313293e-02
1.050194874405860762e-01
-1.626430079340934753e-02
-8.194764703512193160e-02
3.396037966012954712e-02
1.412043720483780185e-01
1.427626013755798617e-01
6.234465166926383972e-02
-6.295837461948394775e-02
-4.187491536140441895e-02
-1.156583055853843550e-01
8.928550779819488525e-02
-1.365392506122589111e-01
1.565753668546676636e-02
9.252580255270004272e-02
2.745667658746242523e-02
-7.755031436681747437e-02
-1.441308856010437012e-01
-7.792217284440994263e-02
-2.526432275772094727e-02
8.869478479027748108e-03
-1.224829182028770447e-01
7.403189688920974731e-02
1.485717147588730136e-01
-3.311409428715706565e-02
2.231138385832309723e-02
1.368535608053207397e-01
1.062405407428741594e-01
-2.115436829626559864e-02
-6.169955804944039085e-02
-1.016015931963920593e-01
4.632234107702970505e-03
1.227508112788200517e-01
5.838484037667512894e-03
-1.396295279264450073e-01
5.411553382873535156e-02
5.991047248244284890e-02
-6.123178824782372215e-02
-2.126493006944656372e-01
-1.008959561586380005e-01
-5.976255610585212708e-02
-5.185982212424278259e-02
-2.242087274789810458e-01
-2.238458096981048862e-01
-1.986367404460906982e-01
-9.937171638011932373e-02
-7.744787633419036865e-02
-1.188526526093482971e-01
-7.576893270015717941e-02
5.920947715640067360e-02
4.600760340690612793e-02
-5.633164662867785367e-03
-2.483591437339782715e-02
-8.753248304128646851e-02
-4.442470520734786987e-02
-2.419607527554035187e-02
4.484081268310546875e-02
1.831405982375144958e-02
1.253116410225629807e-02
3.371344134211540222e-02
2.729753777384757996e-02
-3.430681675672531128e-02
-5.872183293104172447e-02
-1.066297218203544617e-01
-9.902609139680862427e-02
-1.631328910589217862e-01
-6.219942867755889893e-02
-6.564470380544662476e-02
-2.302223071455955505e-02
3.692379221320151589e-02
-6.731803528964520368e-03
-4.578204825520514575e-03
6.976480782032012939e-02
3.962545841932296753e-02
-4.023993760347366333e-02
-2.661931142210960388e-02
-2.942424640059471130e-02
-2.017048653215169907e-03
3.920862078666687012e-02
-2.506932243704795837e-02
-6.300541013479232788e-02
-2.037551067769527435e-02
3.877161815762519836e-02
3.752614720724523067e-04
7.003447413444519043e-02
-3.633260354399681091e-02
-6.771793123334646225e-03
2.015224844217300415e-01
1.053301692008972307e-01
3.818146511912346580e-02
-4.106556251645088196e-02
-7.370375841856002808e-02
-5.495239049196243286e-02
-2.935956232249736786e-02
-1.463255733251571378e-01
-1.397207975387573242e-01
-1.609373688697814941e-01
-1.064156964421272417e-01
-5.986683815717697837e-02
-1.669973880052566528e-01
-7.603307068347930908e-02
-6.649313867092132568e-02
-1.527834385633468628e-01
-1.464862525463104248e-01
7.519407663494348526e-03
3.689789772033691406e-02
1.490711234509944916e-02
4.066959396004676819e-02
7.554693520069122314e-02
-7.721207290887832642e-02
-2.861377038061618805e-02
9.451833553612230474e-03
2.121257968246936798e-02
3.026605769991875042e-02
-1.217088196426630020e-02
-3.327661007642745972e-02
-1.159215494990348816e-01
-5.421370640397071838e-02
2.866510767489671707e-04
-1.552353799343109131e-01
-1.127255856990814209e-01
-1.469642971642315388e-03
-1.472978293895721262e-02
-4.860485345125198364e-02
-2.509172819554805756e-02
8.147105574607849121e-02
5.458632018417119980e-03
8.830276876688003540e-02
1.573351584374904633e-02
-5.355093628168106079e-02
6.216319650411606529e-02
2.305543869733810425e-01
1.931540518999100009e-01
1.209089308977127214e-01
1.152808740735054016e-01
-8.957823738455772400e-03
-6.723289936780929565e-02
-9.930598549544812984e-03
4.717992991209030151e-02
1.333705037832259854e-01
1.364561915397644043e-01
-2.463769167661666870e-02
-1.622171700000763286e-02
-1.977920345962048271e-02
-4.861543327569961548e-02
-1.319150030612945557e-01
-6.905567646026611328e-02
-2.004703879356384277e-02
-8.226760476827621460e-02
-2.553214691579341888e-02
7.126512378454206986e-02
5.196613259613513947e-03
3.667293488979340293e-02
4.712262004613876343e-02
4.390446841716766357e-02
2.031093835830688477e-02
7.281118631362915039e-02
-1.173719242215156555e-01
-9.471035003662109375e-02
3.594188392162322998e-02
-4.145896807312964699e-02
-4.025578033179045591e-03
-1.612218469381332397e-02
-4.298170655965805054e-02
-4.953972250223159790e-02
2.057967893779277455e-02
4.885271191596984863e-02
-2.518147043883800160e-02
9.202080778777599335e-03
-1.441002637147903442e-01
-3.754892619326711135e-03
-2.323590964078903198e-02
3.224746091291308403e-03
-6.363587826490402222e-02
-6.055531091988086700e-03
5.330527573823928833e-02
8.023460209369659424e-02
-1.170823946595191956e-01
-1.028111279010772705e-01
1.107217278331518173e-03
7.053027302026748657e-02
-1.318140886723995209e-02
8.651402592658997970e-02
9.829864138737320900e-04
1.488603949546813965e-01
5.670784041285514832e-02
1.450771838426589966e-02
-2.111074328422546387e-02
6.661252677440641923e-02
5.204204469919204712e-02
-3.637160733342171409e-02
-2.182053634896874428e-03
1.498963497579097574e-02
-4.165148735046386719e-02
6.837597489356994629e-02
1.846612617373466145e-02
-1.327757257968187159e-02
-2.441215515136718750e-02
-1.940439082682132721e-02
-4.759792238473892212e-02
-1.036560684442520003e-01
-9.326177649199964351e-03
2.256201803684234619e-01
1.652572751045227051e-01
2.462343871593475689e-02
8.247610926628112793e-02
5.192370712757111290e-02
6.195302680134772561e-02
7.209818065166472001e-02
-1.435029413551091801e-02
1.039608046412467957e-01
1.741585787385701916e-03
-5.558234453201293945e-02
1.915402896702289581e-02
6.111699156463146210e-03
-3.262153768446296453e-04
-5.220641195774078369e-02
4.703544545918703079e-03
-3.535944968461990356e-02
-7.698966562747955322e-02
-2.933943867683410645e-01
-4.320816323161125183e-02
-2.693520300090312958e-02
4.148771241307257912e-02
5.949420481920242310e-02
7.452024519443511963e-02
7.638640701770781603e-03
1.739907264709472656e-02
-5.784603953361511230e-02
-2.029749099165201187e-03
-2.829762641340494156e-03
-6.555652711540460587e-03
-1.764843761920928955e-01
7.769693434238433838e-02
-7.581339031457901001e-02
-1.713718473911285400e-01
-1.013982892036437988e-01
-3.547463566064834595e-02
-2.350390516221523632e-02
5.066986009478569031e-02
-2.175762876868247986e-02
-1.299389898777008057e-01
-2.390204966068268100e-01
-9.409288316965103149e-02
-4.187848418951034546e-02
3.765664994716643593e-02
2.863961830735206257e-02
1.534885168075561523e-01
-2.021324262022971760e-02
-9.202527999877929688e-02
-1.398046314716339111e-01
-2.925054542720318188e-02
-5.134388804435729980e-02
6.051012128591537476e-02
9.754160791635511918e-02
2.099735885858536044e-01
1.922735013067722668e-02
-1.457986142486333674e-02
7.914232462644577026e-02
3.973584249615668557e-02
4.870104044675827026e-02
-2.733574016019701958e-03
1.089759394526481628e-01
1.270439028739929199e-01
8.599128574132919312e-02
-2.472932683303951675e-04
-2.475410327315330158e-02
-8.181722462177277999e-02
-4.085417091846466064e-02
-2.932278811931610107e-02
7.036385592073202133e-03
1.113743782043457031e-01
1.174938157200813293e-01
4.065045341849327087e-02
3.439358621835708618e-02
4.120986163616180420e-02
4.227083642035722733e-03
8.448994718492031097e-03
1.784739270806312561e-02
5.208034813404083252e-02
2.948490902781486164e-02
-6.089347600936890342e-02
-2.286139279603958130e-01
-1.059970259666442732e-01
-1.383797675371170044e-01
-1.431130021810531616e-01
-2.394771436229348183e-03
-6.846825778484343095e-02
7.576822489500045776e-02
1.721426248550415039e-01
1.095010563731193681e-01
3.658850863575936058e-02
1.346728764474392111e-02
-3.494823724031448364e-02
-3.024791739881038666e-02
-2.651731669902800959e-01
-1.937571167945861539e-01
-1.558117270469665527e-01
-1.167115196585655212e-01
1.172405257821083069e-01
1.141024008393287659e-02
6.972164660692214966e-02
1.196639761328697205e-01
-2.901827543973922383e-02
6.978148967027664185e-02
-4.616820067167282104e-02
-7.356552034616470337e-02
-8.244309574365615845e-02
-1.640639901161193848e-01
-1.670064330101013184e-01
-1.189063340425491194e-01
-2.379189282655715942e-01
-9.028021246194839478e-02
-7.920997589826583862e-02
-2.049377001821994781e-02
3.592288121581077576e-02
2.279878780245780945e-02
5.492293462157249451e-02
5.003752186894416809e-02
-7.046540267765522003e-03
1.654179021716118206e-02
-1.488386839628219604e-02
4.336686059832572937e-02
-4.160334542393685081e-02
-6.154447421431541443e-02
6.223744247108697891e-03
3.062013769522308870e-03
4.103658720850945213e-02
6.692536920309068160e-02
-1.341073075309395790e-04
-1.177976373583078384e-02
-1.196264848113059998e-02
-1.067327633500099182e-01
-1.942593455314635953e-01
-2.744774147868156086e-02
-6.726203858852386475e-02
8.897662907838821411e-02
8.043265342712402344e-02
1.150808390229940414e-02
2.362269442528486252e-03
-5.136215686798096397e-02
1.535073295235634024e-02
-1.371572725474834442e-02
-1.171176880598068064e-02
-7.352409511804580688e-02
7.867876556701957095e-04
-6.254599988460540771e-02
-1.592209935188293804e-02
1.695531234145164490e-02
1.222346574068069458e-01
-9.942664206027983231e-02
-1.025410816073417664e-01
-3.730659186840057373e-02
3.370865061879158020e-02
-1.436014920473098755e-01
1.645908877253532410e-02
-1.249517127871513367e-02
-1.327480077743530551e-01
-1.971855312585830688e-01
-1.098786592483520369e-01
-1.124072074890136719e-01
-2.165929377079010010e-01
2.052806504070758820e-02
1.129462346434593201e-01
-4.031899198889732361e-02
-7.321244478225708008e-02
-1.173883900046348433e-01
-2.879444509744643818e-02
-2.858657017350196838e-02
-2.686588279902935028e-02
8.283624053001403809e-02
3.590260446071624756e-02
-4.993869923055171967e-03
4.551242664456368187e-02
1.358100026845932007e-02
3.810336440801620483e-02
-2.587032131850719799e-02
-6.066301837563514709e-02
-2.679766714572906147e-02
-6.554067879915237427e-02
-5.112487822771071694e-02
-1.623394899070263256e-02
-1.365161594003439123e-02
-3.557550907135009766e-02
-4.835847765207290649e-02
6.532037258148191972e-02
6.716918200254440308e-02
-2.488157525658607483e-02
7.162529043853282928e-03
4.002109915018081665e-02
-1.219197548925876617e-02
3.817322850227355957e-02
7.501953840255737305e-02
5.299360677599906921e-02
-4.834186285734177503e-03
2.111498266458511353e-03
-2.986105345189571728e-02
3.114039264619350780e-02
4.260466620326042175e-02
-2.072873339056968689e-02
-2.240500226616859783e-02
-4.282531514763832092e-02
-6.245553866028786399e-02
-6.494016200304031372e-02
-5.526073649525641701e-02
-8.303699642419815063e-02
1.199490427970886230e-01
2.032291889190674175e-02
-4.887393862009048462e-02
-1.697763651609420776e-01
-1.299478858709335327e-01
-2.257240861654281616e-01
-5.610513314604758522e-02
-4.378946125507354736e-02
5.275286734104157188e-02
8.612165600061418014e-02
5.314268171787261963e-02
3.973011299967766502e-02
-8.084850385785102844e-03
-1.248976886272430559e-01
1.737589389085769653e-02
1.363438833504915237e-02
2.138673700392246246e-02
3.850670158863068321e-02
2.027629315853118896e-02
3.040445968508720398e-03
-1.494805677793919823e-03
3.527173027396202087e-02
4.021526128053665161e-02
-7.458578795194625854e-02
-6.557969748973846436e-02
-1.328023374080657959e-01
-1.194481998682021956e-01
-5.852749943733215332e-02
2.616587653756141663e-02
-1.961407996714115143e-02
-1.037794277071952681e-01
-2.060923278331756869e-01
-2.327897995710372925e-01
-7.943293452262877030e-02
-6.445948779582977295e-02
-3.862200677394866943e-02
-3.644867101684213118e-03
-6.484966725111007690e-02
5.805607885122298500e-02
-2.181430906057357441e-02
-4.319632053375243447e-02
-1.423431783914566040e-01
-5.144401639699935913e-02
5.144440568983554840e-03
-1.604329049587249756e-02
-3.121339157223701130e-02
-1.211602538824081560e-01
-7.394002377986907959e-02
-2.849134057760237954e-02
-2.768253721296787609e-02
-1.395683139562606812e-01
-1.264387518167495450e-01
-3.356662765145301819e-02
-9.765690192580223083e-03
-1.554281413555145264e-01
-2.436740323901176106e-02
2.307080328464508057e-01
1.218204125761985779e-01
-9.148812294006347656e-02
3.818552941083908081e-02
5.063749477267265320e-02
-4.172155261039733887e-02
-4.207264259457588196e-02
-1.110359001904725855e-02
-7.452034205198287964e-02
-4.974016919732093811e-02
4.782012663781642914e-03
-1.444331109523773193e-01
5.118541885167360306e-03
-2.446492202579975128e-02
5.034600384533404437e-03
-1.486159861087799072e-01
-5.625073611736297607e-02
-5.812500789761542580e-02
5.455279722809791565e-02
1.220745220780372481e-01
5.520365387201308510e-02
1.601805910468101501e-02
-2.590970136225223888e-02
2.394936606287955891e-02
1.128259859979152853e-02
9.111497551202774048e-02
3.443705290555953979e-02
2.128309197723865162e-02
5.307039618492127159e-02
-1.613565906882286072e-02
4.270895943045616150e-02
-4.522801900748164004e-04
-3.419573232531547546e-02
-4.328120127320289612e-02
3.751191869378089905e-02
-1.109241768717765808e-01
1.639286577701568604e-01
1.054953634738921980e-01
1.474082749336958105e-02
-2.072363160550594330e-02
-3.739712759852409363e-02
7.446487247943878174e-02
1.667916774749756137e-01
-2.090482041239738464e-02
-4.936540871858596802e-02
2.858939208090304981e-02
1.473564282059669668e-02
1.125484053045511246e-02
1.367405205965042114e-01
1.561101526021957397e-01
8.250577747821807861e-02
4.368121176958083413e-02
4.990561306476593018e-02
-1.212206436321139336e-03
5.886382237076758644e-02
8.136732131242752075e-02
-1.187556535005569458e-01
-1.976438052952289581e-02
2.923624776303768158e-02
9.096368402242660522e-02
1.138836741447448730e-01
3.808083385229111412e-02
-1.398321092128753385e-01
-2.200143039226531982e-01
-2.142326831817626953e-01
-6.629367917776107788e-02
-4.686067253351211548e-02
-9.616890922188758850e-03
-1.216472163796424727e-01
-1.430023610591888428e-01
-1.063973754644394060e-01
-2.402761578559875488e-02
3.801970556378365257e-02
1.337389051914215088e-01
2.267979681491852084e-01
5.454281717538833618e-02
-4.247358068823814392e-02
-4.346116632223128579e-02
-4.789891681866720319e-05
-8.475532382726669312e-02
-1.412973701953887939e-01
-6.133572384715080261e-02
-1.688662357628345490e-02
8.610051125288009644e-03
3.272194787859916687e-02
-3.076802194118500103e-02
5.040475167334079742e-03
5.325686559081077576e-02
2.995234727859496723e-02
-8.047629892826080322e-02
-1.519399881362915039e-01
-1.427543759346008578e-01
-9.387744963169097900e-02
-5.508342385292053223e-02
-1.287338510155677795e-02
-8.114402741193771362e-02
-4.843758791685103676e-02
7.566615473479031649e-03
-3.292501717805862427e-02
-2.213726937770843506e-01
-7.738077640533447266e-02
1.169456820935010737e-02
-6.349416822195053101e-02
-2.951211296021937977e-02
-1.969023793935776104e-02
-2.593126334249973297e-02
-1.080487854778766632e-02
-4.187692701816558838e-02
1.412530243396759033e-01
3.249084576964378357e-02
-4.402375966310501099e-02
-6.679695099592208862e-02
-1.335016638040542603e-01
-2.090750634670257568e-01
-1.236096918582916537e-01
-2.468598634004593242e-02
5.710390955209732750e-02
3.630344581324607134e-04
-4.948207736015319824e-02
-1.087245345115661621e-02
-1.305563841015100479e-02
2.988185174763202667e-02
-2.903724648058414459e-02
-6.163707002997399070e-02
1.514421403408050364e-02
1.252795159816741943e-01
3.348331451416016180e-01
2.462785318493843079e-02
-7.322745770215988159e-02
-4.184526950120925903e-02
5.013344809412956238e-02
-4.378303512930870056e-02
-1.003642380237579207e-01
-1.850581318140030185e-01
-1.112313196063041687e-01
1.967874169349670410e-02
-4.243302717804908752e-02
-4.312806203961372375e-02
4.368212446570397117e-02
1.366077084094285965e-02
2.188646758440881968e-04
-4.218064621090888977e-02
-4.805829375982285240e-02
-1.245117336511611938e-01
-6.218076124787329934e-02
9.587650187313556671e-03
-1.237663254141807730e-02
-5.523413419723511436e-02
-3.105113282799720764e-02
6.159034743905067444e-02
6.753093097358942032e-03
-5.082267522811889648e-02
2.949037961661816337e-02
9.673306345939636230e-02
5.825532600283622742e-02
3.918935358524322510e-02
6.192551553249358437e-02
1.323947906494140625e-01
6.352916359901426835e-02
-3.288430720567703247e-02
-8.005174249410629272e-02
-1.326960772275924683e-01
-6.484267860651016235e-02
-7.560346275568007555e-03
-5.241991952061653137e-02
-1.789823919534683228e-02
-3.056803904473781933e-02
-6.040694937109947205e-02
-5.741785094141960144e-02
1.027649194002151628e-01
1.040881425142288208e-01
-4.836486186832189560e-03
4.017473198473453522e-03
-3.182812780141830444e-02
-1.258310526609420776e-01
-6.465993821620941162e-02
5.393120460212231550e-03
3.373002691660076380e-04
4.892496764659881592e-02
-3.134466335177421570e-02
-7.461757957935331864e-02
-5.734842643141746521e-02
-2.555481903254985462e-02
-2.678130008280277252e-02
-1.890455745160580028e-02
-3.812481462955474854e-02
-2.953429333865642548e-02
-4.977073520421981812e-02
-9.497558325529099899e-02
-4.376010224223136902e-02
1.312573323957622051e-03
-5.760060623288155296e-02
3.114526346325874329e-02
-1.219239667989313386e-03
-1.009084954857826233e-01
-7.931845635175704956e-02
4.799346439540386200e-03
-7.764600217342378097e-02
5.765688419342041016e-02
2.967556565999985088e-02
-5.196235328912734985e-02
-9.789289534091949463e-02
-8.221959695219993591e-03
1.649309694766998291e-02
-8.431021124124526978e-03
-2.825194410979748119e-02
4.462971165776253440e-02
3.477163240313529968e-02
6.092232838273047707e-02
-1.122783310711383820e-02
-1.567535549402236938e-01
-9.390010498464107513e-03
-6.814479827880859375e-02
2.164074964821338654e-02
-1.910026418045163371e-03
-6.781058013439177079e-02
-6.129141896963120201e-02
1.089263111352920393e-01
4.620871506631374359e-03
-7.199347764253616333e-02
-1.271054297685623169e-01
-8.485499024391174316e-02
5.087445303797721863e-02
-4.698654636740685203e-02
-1.187129691243171553e-01
-4.325677454471588135e-02
5.060128495097160339e-02
3.341572731733322144e-02
-9.671462699770927429e-03
2.855911664664744984e-02
2.436893992125988007e-02
-6.369183957576753097e-02
-6.418295204639434814e-02
-3.303717449307441711e-02
2.101268060505390167e-02
-2.820272743701935161e-02
-7.360889762639999390e-02
-5.348230898380280235e-02
-5.586613342165946960e-02
-1.744024828076362610e-02
-2.072169445455074310e-02
3.073837794363498688e-02
-5.173818022012711265e-02
-1.031850054860115051e-01
-4.661145806312561035e-02
-8.152012713253498077e-03
2.413207665085792542e-03
-3.062564507126808167e-02
-2.070903778076171875e-03
-3.765682503581047058e-02
-9.125623619183897972e-04
-2.141932398080825459e-02
-1.400625985115766352e-02
-4.035490751266480186e-02
-1.078117359429598028e-02
-2.066417597234249115e-02
-2.748318016529083599e-02
-4.006733186542988691e-03
-1.662333123385906219e-02
3.840488940477371216e-02
6.469018012285232544e-02
6.499487161636352539e-02
-1.259217038750648499e-02
-6.432874128222465515e-03
-3.012983687222003590e-02
-5.415561422705650330e-02
-8.816088736057281494e-02
-2.237123437225818287e-02
-3.694255277514458397e-02
-4.594003409147263267e-02
-2.673791348934173584e-02
-5.613384768366813660e-02
-4.144501686096192100e-02
-6.814171094447374344e-03
-8.868069946765899658e-02
7.523051463067531586e-03
2.354850620031356812e-02
-1.003280747681856329e-02
-9.950064867734907670e-02
-1.364625841379165372e-01
-8.658587187528610229e-02
-8.131068944931030273e-02
4.664074257016181946e-02
1.305114477872848511e-02
-1.476970594376325607e-02
-9.515552781522274017e-03
1.335642882622778416e-03
-3.794404864311218262e-02
-1.545419078320264643e-02
-4.762125760316848755e-02
-1.799032837152481079e-01
-7.408847659826278687e-02
9.634025394916534424e-03
-5.569808185100554726e-02
-8.984599262475967407e-02
-2.169478870928287506e-02
-4.223744571208953857e-02
-4.286028444766998291e-02
-4.231274127960205078e-02
-1.859440654516220093e-02
2.515824045985937119e-03
-1.208186964504420757e-03
-3.259625984355807304e-03
-2.095156535506248474e-02
-1.656273193657398224e-02
-4.212545976042748191e-02
-1.412780862301588058e-02
-1.794191822409629822e-02
1.008316352963447571e-01
-1.949916593730449677e-02
-2.395266853272914886e-02
7.645684480667114258e-02
1.135642677545547485e-01
1.609908789396286011e-02
-1.706055924296379089e-02
-1.769499940564855933e-04
-3.996080160140991211e-02
-6.375408172607421875e-02
-5.462516844272613525e-02
-3.747542947530746460e-02
-8.008712902665138245e-03
2.185072517022490501e-03
6.120420992374420166e-02
7.280143350362777710e-02
-6.133604329079389572e-03
4.046459798701108044e-04
-4.020216688513756492e-02
4.872718360275029269e-03
-8.993666619062423706e-02
-1.843394041061401367e-01
-5.568012967705727317e-02
-3.189785033464431763e-02
-9.590111672878263993e-02
-6.905897753313183784e-04
-1.054032593965530396e-01
-6.969884037971497970e-02
1.159564852714538435e-01
1.383090913295745850e-01
-1.202558632940054113e-02
2.113115187967196107e-04
-3.140022605657577515e-02
-1.598244160413741718e-02
8.729814738035202026e-02
4.086134955286979675e-02
3.442434594035148621e-02
1.597760803997516632e-02
-5.734513327479362488e-02
-2.938793227076530457e-02
-6.095444317907094955e-03
3.500230610370635986e-02
8.198140189051628113e-03
-4.729743674397468567e-02
1.442239590687677264e-04
-1.347815245389938354e-02
-2.543741092085838318e-02
-2.452567918226122856e-03
-6.020830199122428894e-02
-1.177323907613754550e-01
-6.354615837335587936e-02
-3.693574294447898865e-02
-4.018541797995566628e-02
-1.077865883708000183e-01
-9.697299450635910034e-02
-8.792631328105927901e-02
-1.432911306619644165e-01
-1.148418337106704712e-01
-4.711448401212691567e-02
-5.680278688669204712e-02
-1.196736097335815430e-02
-1.460215821862220938e-02
-5.225453060120344162e-03
-4.551478661596775055e-03
1.977746747434139599e-02
-1.284064818173647100e-02
2.416989067569375038e-03
-2.706990577280521393e-02
-5.386387184262276390e-02
-1.760418713092803955e-02
1.877635158598423004e-02
1.014057323336601257e-01
3.010683879256248127e-02
-5.253294855356216431e-02
5.174687132239342603e-03
3.041083551943301808e-02
8.116443455219268799e-02
7.949353754520416260e-02
4.880514368414878845e-02
4.197121039032936096e-02
4.423982277512550354e-02
-3.463250026106834412e-02
-1.998355053365230213e-02
-3.783255070447921753e-02
-1.025653928518295288e-01
-5.764789134263992310e-02
-5.252584069967269897e-02
-4.906494542956351540e-02
-1.606106571853160858e-02
6.232522055506706238e-02
4.443116858601570129e-02
5.947132036089897156e-02
-1.237975805997848511e-02
-6.613691896200180054e-02
-1.036603003740310842e-02
-3.258121386170386574e-02
5.219947546720504761e-02
1.145734712481498718e-01
1.235688775777816772e-01
-8.761679753661155701e-03
-1.367658376693725586e-02
8.034908096306025982e-04
-2.815637504681944847e-03
-7.329408824443817139e-02
-3.348753601312636635e-02
6.944921612739562988e-02
5.121402442455291748e-02
-4.042552411556243896e-02
-9.050305932760240035e-02
-8.285002410411834717e-02
-1.124945133924484392e-01
-3.745683655142783425e-02
-7.190652191638947921e-02
-5.250461399555206299e-02
3.947265911847352982e-03
-2.842592447996139526e-02
-1.193359680473804300e-02
-1.575092226266860962e-02
8.220110088586807251e-02
5.570094659924507141e-02
-1.149863656610250473e-02
-8.924628794193267822e-02
-1.308210194110870578e-03
3.574214503169059753e-02
2.524861833080648942e-03
8.747831732034681840e-02
1.067233160138130188e-01
1.299770772457122803e-01
5.413252860307693481e-02
-1.020281296223402023e-02
2.161109074950218548e-02
-7.416751235723495483e-02
-6.844724714756011963e-02
-1.656525209546089172e-02
-1.514188647270202637e-01
-9.817675501108169556e-02
4.855117294937372208e-03
1.421864889562129974e-02
-5.044650658965111473e-02
-1.126431226730346818e-01
-3.632663935422896645e-02
1.342008411884307861e-01
1.017034798860550066e-01
5.279160290956497192e-02
-2.029873803257942547e-02
-2.634813636541366230e-02
9.052212536334992843e-02
2.240309305489063610e-02
-6.189047917723656395e-02
-9.003613889217378097e-02
-9.484970569610595703e-02
7.125284522771834460e-03
3.111412376165390015e-02
-6.858873646706342697e-03
-3.274082904681563811e-03
-8.413665741682052612e-02
-1.860191375017166138e-01
-5.830329284071922302e-02
-1.272782385349273404e-01
-9.185642004013062911e-02
-1.408494915813207453e-02
-4.172249883413314819e-02
-3.979768976569176414e-02
-8.109674789011478424e-03
9.554521739482879639e-02
3.740863129496574402e-02
9.304220229387283325e-02
2.411152422428131104e-02
-8.035562187433242798e-02
-5.563452467322349548e-02
1.241018250584602356e-02
9.945791214704513550e-02
3.659962862730026245e-02
6.657190620899200439e-02
6.343107670545578003e-02
1.098221167922019958e-02
-2.740593627095222473e-02
-2.635760046541690826e-02
5.209453403949737549e-02
7.515419274568557739e-02
-1.570579409599304199e-02
-1.345151215791702548e-01
-1.016414258629083633e-02
-4.507798701524735191e-02
-8.622392266988754272e-02
6.731650233268737793e-02
2.760303579270840038e-02
6.461602449417114258e-02
-3.807763382792472839e-02
-2.860627323389052998e-02
5.606674030423165062e-02
5.562625825405120850e-03
-2.847216278314590454e-02
-1.326370388269424438e-01
-1.054841950535774231e-01
-6.485029309988021851e-02
-5.541750416159629822e-02
-5.774336750619113445e-05
1.907281391322612762e-02
-1.221564039587974548e-01
-8.927142620086669922e-02
-1.086098374798893929e-03
3.900825604796409607e-02
-2.861486375331878662e-02
9.046623855829240279e-02
-1.589736319147050598e-03
7.026003301143646240e-02
1.290038228034973145e-01
8.802526444196701050e-02
2.871487289667129517e-02
-7.742098718881607056e-02
7.221653312444686890e-02
8.075084537267684937e-02
-6.489206105470657349e-03
1.851361989974975933e-02
9.349649399518968063e-02
-7.286319881677627563e-02
-2.638596855103969574e-02
-2.155644074082374226e-02
-4.744905233383178711e-02
9.341669082641602950e-02
-2.757682278752326965e-02
-6.362609565258026123e-03
1.169218495488166809e-01
1.095507070422172408e-01
1.148289218544960022e-01
-9.795248508453370875e-03
-3.330029547214508057e-02
1.379908174276351929e-01
1.655162721872329434e-01
8.551681786775588989e-02
-4.130055382847785950e-02
-1.177027523517608504e-01
-9.419976174831390381e-02
-1.833748817443848003e-02
-4.789443314075469971e-02
-1.561507582664489746e-02
2.014315919950604872e-03
-1.335787028074264526e-01
-4.147972911596298218e-02
-7.394234836101531982e-02
-6.031161919236182473e-02
-1.836781390011310230e-02
9.557650424540044612e-03
5.316389724612236023e-04
-3.984095901250838540e-02
-7.883247919380664825e-03
-1.104231271892785853e-02
4.140077158808708191e-02
5.361832678318023682e-02
-1.691775210201740265e-02
-6.660733371973037720e-02
-1.625380218029022217e-01
-4.271972179412841797e-02
-3.205464745406060869e-04
4.258990287780761719e-02
4.973799362778663635e-02
5.665069073438645103e-02
3.345738723874092102e-02
-2.307710610330104828e-02
-9.348772466182707352e-02
-4.120497032999991677e-02
2.701452933251857411e-02
5.227067694067955017e-02
-2.380877267569303513e-03
-8.019934594631195068e-02
9.350703330710529197e-04
9.978072345256804032e-02
1.322749704122543335e-01
-1.579537056386470795e-02
-2.588242292404174805e-02
6.271817535161972046e-02
-1.149370074272155762e-01
-1.287655830383300781e-01
2.316258288919925690e-02
3.969183936715126038e-02
6.149162352085113525e-02
1.192217040807008743e-02
1.602415461093187332e-03
4.584250971674918435e-02
2.797321416437625885e-02
-1.054886057972908020e-01
8.338706940412521362e-02
6.227077543735503457e-02
1.312158815562725067e-02
-5.997289903461933136e-03
-1.743944883346557617e-01
-2.792264148592948914e-02
-1.230203956365585188e-01
-6.326424330472946167e-02
-3.976595774292946556e-02
-2.635069750249385834e-02
-1.189338322728872299e-02
-1.426287647336721247e-02
-1.685516089200973511e-01
-9.126780927181243896e-02
-3.352586179971694946e-02
1.702010259032249798e-02
-4.578648880124092102e-02
-1.225337982177734514e-01
-1.625596284866333008e-01
-3.664190173149108887e-01
-2.156377434730529508e-01
-1.962960883975028992e-02
-6.467093527317047119e-02
5.051481071859597292e-03
3.762571513652802208e-02
-1.096095070242881775e-01
-8.381693810224533081e-02
-5.535259377211332321e-03
-8.352754637598991394e-03
4.705255851149559021e-02
2.126328274607658386e-02
-2.915593422949313770e-02
-1.031320989131927629e-01
-2.550283074378967632e-02
-4.388567060232162476e-02
-7.394497096538543701e-02
-1.496082246303558627e-01
-9.230254590511322021e-02
-8.898722007870674133e-03
1.183081418275833130e-02
1.428302843123674393e-02
1.144836284220218832e-02
-3.317990526556968689e-02
9.706845134496687455e-02
-2.130025252699851990e-02
-3.534850478172301552e-02
1.529550831764936274e-02
1.996497437357902527e-02
-3.060411661863327026e-03
-6.125370413064957359e-02
-1.678655445575714111e-01
-3.239971101284027100e-01
-3.044952750205993652e-01
-6.469237059354782104e-02
1.911395043134688984e-02
-2.019854821264744152e-02
-2.966277487576008190e-02
-1.348571479320525950e-02
-2.688719704747200012e-02
1.016204357147216797e-01
-2.452084235846996307e-02
-2.428461983799934387e-02
7.417939603328704834e-02
-5.812892224639654160e-03
-2.816977724432944905e-02
-1.327373273670673370e-02
3.782744333148002625e-02
-1.438325792551040372e-01
-9.737002849578856034e-02
1.532823890447616577e-01
6.707751750946044922e-02
1.731459610164165497e-02
-1.847725547850131989e-02
9.843181818723680324e-03
-1.629742830991744995e-01
-1.963291019201278687e-01
-2.026401832699776043e-02
5.679474398493767479e-02
8.527433499693870544e-03
6.378839164972305298e-02
1.053264364600181580e-02
5.742978304624557495e-03
7.665078341960906982e-02
1.389447133988142014e-02
-5.743827670812607505e-02
-3.139937669038772583e-02
-1.202085986733436584e-02
7.098496705293655396e-02
-8.778081089258193970e-02
-5.355675891041756370e-02
2.902128361165523876e-02
-2.438647858798504223e-02
1.452094316482544119e-02
1.408727616071701050e-01
1.062810346484184404e-01
-7.837589085102081299e-02
-1.293165385723114014e-01
6.409505847841500369e-03
1.455713529139757156e-02
-4.111391305923461914e-02
8.709216117858888107e-02
-1.521256845444441015e-02
-1.765822344168554991e-05
-4.379218071699143150e-02
2.447870373725890766e-02
1.681732386350631714e-02
9.482760913670064754e-03
-5.075713247060776451e-02
-9.147110581398010254e-02
-2.500883042812347412e-01
-8.466549217700956864e-02
3.073812276124954224e-02
-5.717814713716507652e-02
-2.080915495753288269e-02
-6.970171630382537842e-02
-1.538051962852478027e-01
-2.538534067571163177e-02
-2.591443993151188244e-02
-2.507848851382732391e-02
8.550711907446384430e-03
1.072046067565679550e-02
-1.131838634610175948e-01
-5.951324477791786194e-02
-2.333089336752891541e-02
-2.710694074630736750e-01
-1.325081139802932739e-01
-5.331217776983975497e-03
1.545522548258304769e-02
-2.692439034581184387e-02
-7.570378016680479917e-03
4.031381383538246155e-02
2.079147100448608398e-02
-2.580687403678894043e-02
-4.646504670381546021e-02
-2.060411032289266586e-03
-1.745791174471378543e-03
-5.673994775861502561e-03
-2.117548510432243694e-02
-3.352301567792892456e-02
3.033578163012862206e-03
5.430923309177160263e-03
-4.593152925372123718e-02
-2.302925102412701000e-02
2.029446419328451157e-03
-2.067749947309494019e-02
-8.233120897784829140e-04
-2.927394770085811962e-02
-2.689554914832115173e-02
4.096221178770065308e-02
-1.534641683101654053e-01
-4.793660715222358704e-02
1.063767895102500777e-01
-5.732071772217751243e-02
-4.078844934701920250e-02
-7.372315973043441772e-03
-1.993045769631862640e-02
-9.479521960020063920e-02
-4.670051112771033547e-02
8.073125034570693970e-02
1.214847154915332794e-02
-2.566599845886230469e-01
-1.071614474058151245e-01
-3.036836348474025726e-02
-1.463154610246420080e-02
-2.402273239567876296e-03
-2.102587558329105377e-02
1.077529392205178738e-03
-6.019193306565284729e-02
-9.444264695048330480e-03
-4.522821307182312012e-02
-8.600085228681564331e-02
-9.884797036647796631e-02
-2.716128714382648468e-02
5.804000794887542725e-02
7.056010514497756958e-02
1.245089694857597490e-01
2.465032786130905151e-02
-3.460053727030754089e-02
5.035907775163650513e-02
1.649832003749907017e-03
-8.861485868692398071e-02
5.651770159602165222e-03
-1.351322047412395651e-02
-3.484768047928810120e-02
2.134026028215885162e-02
1.247108429670334001e-01
-8.095695823431015015e-02
-5.600560083985328674e-02
2.842852845788002014e-02
-3.097002394497394215e-02
9.168180078268052535e-02
2.207367420196532648e-01
6.046944111585617759e-02
-2.208948880434036255e-02
1.030707955360412598e-01
1.617465764284133911e-01
5.897403880953788757e-02
-8.341439813375473022e-02
-1.441681534051895142e-01
6.806456018239260587e-03
1.988836005330085754e-02
-1.946703717112540852e-02
-2.976286970078945160e-02
3.209463506937026978e-02
6.272855401039123535e-02
-6.129277870059012673e-02
-2.780469134449958801e-02
5.120895802974700928e-02
5.920789763331412575e-02
-2.918892726302146912e-02
-4.418263956904411316e-02
2.696609310805797577e-02
4.378332197666168213e-02
6.368507444858551025e-02
-4.024537652730941772e-02
-7.964237034320831299e-02
-1.119284704327583140e-02
4.087616875767707825e-02
-6.353654433041810989e-03
-9.773946553468704224e-02
4.030666872859001160e-02
4.606210440397263267e-02
-2.631621062755584717e-02
-1.789568923413753856e-02
-1.044340208172798296e-01
4.838250577449799278e-02
3.440396860241889954e-02
6.363888829946517944e-02
5.852732807397841019e-02
9.330222755670547485e-02
-8.955234289169312911e-02
-1.158414185047149519e-01
-9.952110052108763261e-02
-7.078089565038681030e-02
8.331370353698730469e-02
-9.070316329598428554e-03
-1.040234602987766439e-02
-9.933593124151229858e-02
-2.477572485804557453e-02
-2.773466892540454865e-02
1.347909588366746902e-02
-3.776061534881591797e-02
2.698967605829238892e-02
-2.937063807621598244e-03
3.699488565325737000e-02
-1.169115398079156876e-02
-1.421266496181488037e-01
3.619696572422981262e-02
-9.943557530641555786e-02
-3.794379159808158875e-02
-7.077073305845260620e-02
1.436556037515401840e-02
-1.104880776256322861e-02
-4.840936511754989624e-02
-2.365410327911376953e-02
-3.385810647159814835e-03
-2.389168366789817810e-03
-3.877165913581848145e-02
-4.384903609752655029e-02
8.327493071556091309e-02
9.847214072942733765e-02
-3.558240458369255066e-02
-2.241636440157890320e-02
-2.372295968234539032e-02
1.125665102154016321e-02
9.304966032505036788e-02
2.426749765872955600e-01
4.228863492608070374e-02
-1.588485436514019966e-03
2.581689134240150452e-02
-1.326426714658737183e-01
-1.291124522686004639e-01
-4.297710955142974854e-02
-3.286547213792800903e-02
-4.491559416055678627e-02
-3.471669927239418030e-02
5.867997929453849792e-02
2.585268020629882812e-02
-2.717373147606849670e-02
2.022925950586795807e-02
9.572243317961692810e-03
-1.516245305538177490e-02
-1.240197122097015520e-01
1.171319279819727117e-02
-9.623149409890176600e-03
3.569974377751350403e-02
1.436181217432022095e-01
1.485076360404491251e-02
-2.485201926901936531e-03
2.941447682678699493e-02
3.507120162248612144e-02
-3.048993647098541260e-02
-7.958218455314636230e-02
-9.688054770231246948e-02
5.885708611458539963e-03
-5.337622389197349548e-02
-1.215006038546562195e-02
-1.184139698743820190e-01
-9.008260816335678101e-02
4.994271695613861084e-02
5.001713335514068604e-02
7.035209983587265015e-02
1.828128844499588013e-02
7.983098924160003662e-02
-2.350948564708233227e-02
8.246973156929016113e-02
6.234323605895041032e-02
-1.338109374046325684e-02
-1.165742427110671997e-02
1.045852378010749817e-01
1.561916172504425049e-01
1.523126661777496164e-02
-2.053309828042984009e-01
-4.145495593547821045e-02
-8.985674940049648285e-03
-4.040956869721413353e-02
7.771755754947662354e-02
1.755507290363311768e-01
-5.408060178160667419e-02
2.805776894092560161e-02
4.314337298274040222e-02
6.045093294233084592e-03
-1.364189013838768005e-02
-4.706903919577599266e-02
-4.780614376068115234e-02
-1.113094016909599304e-01
6.812942028045654297e-02
-1.437845826148986816e-01
-1.258779913187026978e-01
-3.673683851957321167e-02
-2.699572779238224030e-02
-3.455536812543869019e-02
-2.563839778304100037e-02
-3.369616344571113586e-02
-1.013401988893747156e-02
-2.913542687892913818e-01
-2.713408470153809149e-01
-1.627278774976730624e-01
-6.457851827144622803e-02
2.506194449961185455e-02
-3.441625460982323387e-02
-1.422337293624877930e-01
-6.604176759719848633e-02
-4.509222880005837181e-02
-1.041356101632118225e-01
-2.459236420691012989e-02
-1.224744021892547469e-01
-4.148761555552482605e-02
-2.767272666096687664e-02
6.088333204388618469e-02
1.090251505374908308e-01
2.879814617335796356e-02
1.022450774908065796e-01
1.440145671367645264e-01
1.609502546489238739e-02
-1.620098599232733250e-03
-1.841296255588531494e-01
-1.261102110147476196e-01
-1.042939275503158569e-01
-5.696690082550048828e-02
1.643569790758192539e-03
-1.805267035961151123e-01
-2.776565849781036377e-01
-8.223643898963926835e-02
-9.184106253087520599e-03
-5.326367914676666260e-02
-1.167347840964794159e-02
-1.201205048710107803e-02
-1.205362901091575484e-01
-7.739466428756713867e-02
-3.209291025996208191e-02
-2.213812246918678284e-02
-1.235568597912788530e-01
-1.435563564300537109e-01
-6.933619827032089233e-02
3.317302465438843467e-02
-1.511140614748001099e-01
-2.934024035930632990e-01
-1.907230764627456665e-01
-4.911180585622788169e-02
7.038258761167526245e-02
-1.207283139228820801e-01
-5.859061703085898659e-02
4.936578124761580727e-02
1.710807830095291138e-01
-3.346469998359680176e-02
1.451487541198730469e-01
1.751670986413955411e-01
2.661592559888958931e-03
-1.460354179143905362e-01
6.207830086350440979e-02
2.260638028383255005e-02
3.982851654291152954e-02
-7.439106702804565430e-02
-6.739214807748794556e-02
-9.865973889827726884e-02
-3.203484788537024758e-02
-1.159750744700431685e-01
-6.606749445199966431e-02
-9.681089967489243941e-02
1.918047480285168041e-02
-3.060780465602875103e-02
-8.423936367034912109e-02
-1.557313054800033569e-01
-8.737659454345703125e-02
-6.265871971845626831e-02
-6.508839130401611328e-02
-1.665395051240921021e-01
-8.756016939878463745e-02
-4.150539825786837123e-05
6.973069626837968826e-03
-7.931888103485105687e-03
-3.274281695485115051e-02
-5.201098322868347168e-02
-5.442093312740325928e-02
-8.278150111436843872e-02
-4.569947347044944763e-02
-4.012627154588698647e-02
1.082849781960249121e-02
-1.127905547618865967e-01
-2.400703430175780972e-01
-1.185341924428939819e-01
-3.390728309750556946e-02
-9.633416682481765747e-02
-5.902524292469024658e-02
1.471598446369171143e-01
2.020385861396789551e-01
2.985753864049911846e-02
4.865958821028470993e-03
6.410895287990570068e-02
2.380829676985741009e-02
-5.592582374811172485e-02
-5.595386773347855308e-02
-6.209031865000724792e-02
1.366627868264913559e-02
-4.394368082284928062e-02
1.087596416473388811e-01
-3.341643884778023460e-02
-4.483769834041596153e-02
3.083529323339462627e-02
-9.178456664085388184e-02
-3.307757154107093811e-02
-1.015384681522846222e-02
1.941179111599922527e-02
7.558701932430267334e-02
5.130343511700630188e-02
-3.939809650182723999e-02
-7.072435691952704516e-03
2.409611642360687603e-02
3.712063282728195190e-02
8.846194297075272994e-02
1.521606743335723877e-01
9.313239715993404388e-04
1.144889816641807556e-01
-1.080938875675201416e-01
-8.445614576339723067e-02
9.207995980978012085e-02
1.308239996433258057e-01
-3.550607943907379670e-03
-9.673287160694599152e-03
9.211567789316175980e-02
1.394031196832656860e-01
-1.500387489795684641e-02
-1.181698516011237959e-01
-2.311562933027744293e-02
4.506999626755713723e-02
1.098584085702895979e-01
1.416133791208267212e-01
1.473175548017024994e-02
-1.934707611799239835e-01
-1.100606918334960938e-01
-1.740279421210289001e-02
-2.312451228499412537e-02
-2.488986775279045105e-02
-8.419404178857801957e-02
-1.178390830755233765e-01
-1.311369985342025757e-01
-2.658408284187316895e-01
-6.714414805173873901e-02
4.765988886356353760e-02
1.195663027465343649e-02
-2.966189570724963795e-02
3.240461228415369987e-03
1.710047721862792969e-01
8.226551860570907593e-02
-3.484115703031421141e-03
1.376709621399640864e-02
6.924119591712953048e-02
-2.075116150081157337e-02
-8.308758586645126343e-02
-2.797947451472282410e-02
2.473081275820731770e-02
2.698517218232154846e-02
-2.304324880242348064e-02
-2.748000621795654297e-02
-7.068107370287179947e-03
-4.198302328586577675e-02
-1.100841015577316423e-01
-8.243050426244735718e-02
-5.361477658152580261e-02
-1.248022466897964478e-01
-4.872344434261322021e-02
-5.403151735663414001e-02
-4.554584994912148216e-02
-1.668599806725979198e-02
4.639706388115882874e-02
8.019348606467247009e-03
-1.062826365232467651e-01
-3.673439100384712219e-02
-4.383662715554236672e-02
-7.466176897287368774e-02
-6.446930766105651855e-02
-5.378941446542739868e-02
-1.052272245287895203e-01
-1.262312680482864380e-01
-1.755108870565891266e-02
3.830482065677642822e-02
-5.885696038603782654e-02
-7.170323282480239868e-02
-7.877542078495025635e-02
-1.545572932809591293e-02
-8.731743320822715759e-03
-4.874222725629807212e-02
3.770454600453376770e-02
4.006586223840713501e-02
1.303358376026153564e-01
3.273255005478858948e-02
5.656281113624572754e-02
4.732753336429595947e-02
5.447870120406151512e-02
-2.762072384357452393e-01
2.242358401417732239e-03
2.565215229988098145e-01
1.624405533075332364e-01
1.872256584465504040e-02
-5.603959318250417709e-03
1.252849698066711426e-01
1.768765300512313843e-01
4.728755354881287315e-02
3.554206714034080505e-02
-5.039493367075920105e-02
5.354602262377738953e-02
8.228672295808792114e-02
-6.930498033761978149e-02
-7.637506723403930664e-02
2.599943615496158600e-02
-4.914881661534308693e-02
-2.977761253714561115e-02
1.127213388681411466e-01
2.130642905831336975e-02
2.464235760271548878e-02
2.914782613515853882e-02
5.861101206392049789e-03
4.011725261807441711e-02
-2.796984650194644928e-02
-8.948506414890289307e-02
-1.398848742246627808e-01
-4.193745180964469910e-02
-5.024282261729239724e-02
-1.424102764576673681e-02
6.374971568584442139e-02
5.646913778036832809e-03
1.037590391933917999e-02
-5.038771778345108032e-03
-1.253868546336889267e-02
2.113339863717556000e-02
-3.018325194716453899e-02
-3.617891669273377159e-02
-4.571273922920227051e-02
-4.233419895172118447e-02
-1.905037835240364075e-02
-7.125023752450942993e-02
3.070509992539882660e-02
-9.736113995313644409e-02
-6.346814334392547607e-02
-1.145819872617721558e-01
-1.285492479801177979e-01
-9.021095186471940475e-02
-3.988752886652946472e-02
6.204458326101302407e-02
5.913078412413597801e-02
-1.679982431232929230e-02
-1.576490402221679410e-01
-7.515921443700790405e-02
5.474345758557320335e-02
1.135006640106439590e-02
-1.464885286986828197e-02
1.379717290401458740e-01
3.695841878652572632e-02
-1.443613618612289429e-01
-1.487404257059097290e-01
-9.360157698392868042e-02
-2.931853756308556297e-02
-7.194311171770095825e-02
-1.241757050156593184e-01
-3.270756080746651390e-02
5.635019764304161072e-02
2.849706076085567474e-02
-2.943129464983940125e-02
-1.281208079308271408e-02
2.426633052527904510e-02
-6.527586281299591064e-02
3.843560069799423218e-02
4.701881203800439835e-03
5.879412870854139328e-03
-1.234374474734067917e-02
3.881579264998435974e-02
8.601278066635131836e-02
7.092998921871185303e-02
1.121130585670471191e-01
2.609248161315917969e-01
7.590343803167343140e-02
1.139076426625251943e-02
8.960732817649841309e-02
6.394010782241821289e-02
1.081557273864745955e-01
8.851559460163116455e-02
-9.025895036756992340e-03
-4.685544595122336647e-02
-4.348358139395713806e-02
-8.485949784517286820e-02
-2.990243956446647991e-02
-1.242070198059082031e-01
8.221300691366195679e-02
4.923845455050468445e-02
1.133129075169563293e-01
1.333977878093719482e-01
1.304029673337936401e-01
9.279123693704603715e-02
1.144734099507331709e-01
-1.282146759331226349e-02
-3.225894272327423096e-02
7.962248474359512329e-02
-2.317853830754756927e-02
-1.040176227688789368e-01
-3.364051505923271179e-02
-1.034451350569725037e-01
-6.163318082690238953e-02
-7.519244402647017045e-02
-6.235551461577416160e-02
-6.884980946779251099e-02
-1.219149027019739151e-02
1.314080506563186368e-01
3.809192776679993370e-02
9.331730753183363480e-02
5.677073448896407387e-02
-2.340792119503020893e-02
-2.033861167728900909e-02
4.480318352580071189e-02
1.197935268282890493e-02
4.332326725125312805e-02
5.770686268806457520e-02
-4.643198847770690918e-02
-1.321996301412582397e-01
-4.569499939680100181e-02
1.252653449773788452e-01
5.811678245663642883e-03
-2.905223891139030457e-02
4.912812262773513794e-02
1.159132272005081316e-01
3.045033104717731823e-02
-8.009256422519683838e-02
-1.301468908786773404e-01
-6.418257206678390503e-02
1.602730527520179749e-02
-1.462906412780284708e-02
-8.564670383930206299e-02
-6.308344006538391113e-02
-2.739689126610755920e-02
2.971994318068027496e-02
-5.203943583182991635e-04
-2.393372170627116810e-02
1.653805971145630160e-01
4.511716961860656738e-02
-8.827831596136093140e-02
-1.873370260000228882e-01
-9.319578111171722412e-02
5.381376948207616806e-03
2.728574909269809289e-03
-7.248206436634063721e-02
4.593254625797271729e-02
6.369657814502716064e-02
1.796587370336056103e-02
3.561291098594664833e-02
9.238984435796737671e-02
1.067139878869056702e-01
1.862077973783015858e-02
-1.323938928544521332e-02
-1.535650435835123062e-02
-2.715962380170821797e-02
7.251682877540586991e-02
4.974820092320442200e-02
-1.097323223948478699e-01
-1.283916234970092773e-01
-6.309115886688232422e-02
-6.921255588531494141e-02
-6.446603685617446899e-02
2.400871831923723221e-03
8.695036917924880981e-02
-2.102659083902835846e-02
6.911994423717260361e-03
2.803117409348488201e-02
7.852382026612758636e-03
1.096273772418498993e-02
3.761679306626319885e-02
-3.838959708809852600e-02
-9.226045012474060059e-02
3.393546119332312844e-02
-3.273470327258110046e-03
1.244313269853592092e-02
-4.377720877528190613e-03
-3.078980557620525013e-02
2.298767305910587658e-02
7.136515527963636918e-02
3.661551978439093070e-03
9.320341981947422028e-03
2.087477035820484161e-02
1.607363522052764893e-01
2.312886118888854980e-01
1.740924715995788574e-01
1.692209579050540924e-02
-5.309585109353065491e-02
-4.170641303062438965e-02
1.040900051593780379e-01
1.472643017768859863e-01
7.498302310705184937e-02
-6.445858627557754517e-02
-7.405313849449157715e-02
3.089912980794906269e-02
2.926727384328841816e-02
-5.602300167083740234e-03
-1.238124519586563249e-01
-1.331736147403717041e-01
9.946104139089584351e-03
2.319303601980209073e-01
1.517226397991180420e-01
-8.382744342088700729e-02
-1.961904913187026978e-01
-8.841938525438308716e-02
8.511669584549962390e-04
2.228859439492225647e-02
3.615214303135871887e-02
-2.794759720563888550e-02
4.358803387731313705e-03
-3.346880897879600525e-02
2.838476747274398804e-02
5.520897358655929565e-02
3.600757941603660583e-02
1.026621367782354355e-02
8.135066367685794830e-03
-3.569095954298973083e-02
-2.795304730534553181e-02
1.869567669928073449e-03
-4.748060926795006492e-02
-5.739967897534369728e-02
-2.939960546791553150e-02
-2.783732488751411438e-02
1.131872273981571198e-02
2.101048454642295837e-02
-1.404416933655738831e-02
-3.493920341134072044e-02
8.341746777296066284e-02
8.921628445386887984e-02
-1.267126947641372854e-02
-7.989041507244110107e-02
-2.771409228444099773e-02
-1.760560721158981323e-01
-2.310318946838378906e-01
-1.091712415218353271e-01
2.633483894169330250e-02
1.117025762796401978e-01
1.097731888294219971e-01
-1.563807018101215363e-02
-5.543081462383270264e-02
-4.005625471472740173e-02
-6.196032091975212791e-02
-5.711395642720161784e-04
-8.940998464822769165e-02
-8.353717625141143799e-02
-3.144185990095137856e-02
-2.174140140414237976e-02
-1.261547803878784180e-01
-3.133622556924819946e-02
-3.146825358271598816e-02
1.576012559235095978e-02
3.597494214773178101e-02
-1.428634673357009888e-01
-1.332767158746719638e-01
-1.601263284683227539e-01
-1.353308111429214478e-01
-3.219041973352431557e-02
2.010100521147250782e-02
7.456956803798676925e-02
1.093658804893493652e-01
1.292865816503763199e-02
-8.346673101186752319e-02
-1.355351358652114868e-01
-9.133607149124146896e-02
-1.295384857803583145e-02
-6.370808929204940796e-02
-4.403548315167427063e-02
-3.768067108467221260e-03
-7.817761041224002838e-03
-7.088843733072280884e-02
1.186788175255060196e-02
3.494011005386710167e-03
4.115159064531326294e-02
9.011395275592803955e-02
3.276754543185234070e-02
-2.930792048573493611e-02
2.129602991044521332e-02
6.810491532087326050e-02
6.638337671756744385e-02
-4.497678577899932861e-02
-6.212528422474861145e-02
-8.214280754327774048e-02
-2.743637561798096050e-02
-5.898745357990264893e-02
-2.141602784395217896e-01
-2.138954102993011475e-01
-1.675113290548324585e-01
-2.165657728910446445e-01
-2.790636122226715088e-01
-1.647719293832778931e-01
-5.260741338133811951e-02
-4.372332617640495300e-02
6.342865526676177979e-02
1.593653671443462372e-02
-4.599990323185920715e-03
8.022804558277130127e-02
7.530914247035980225e-02
4.200088605284691551e-02
-3.285463899374008179e-04
1.443163864314555948e-02
-8.512574131600558758e-04
7.660730928182601929e-02
2.524690935388207436e-03
2.913449332118034363e-02
-6.339453905820847945e-02
-3.888411447405814691e-03
2.386583480983972549e-03
1.527565158903598785e-02
-1.723381876945495605e-02
-7.389670936390757561e-04
-5.972087010741233826e-02
-1.149261966347694536e-01
-2.250745743513107577e-01
-7.666457444429397583e-02
5.619199573993682861e-02
1.148966401815414567e-01
5.467624962329865196e-02
-8.201378583908081055e-02
-8.955907821655272050e-02
-2.102449536323547363e-02
-1.928969286382198334e-02
-1.829918287694454540e-02
-5.426922813057900169e-02
8.389565162360668182e-03
1.804533996619283936e-03
2.794224768877029072e-02
-9.105524420738220215e-02
-7.621659338474273682e-02
-1.813644729554653168e-02
3.324139490723609924e-02
1.202460378408432007e-02
8.768089860677719116e-02
6.393196433782577515e-02
-5.035761371254920959e-02
-6.122328713536263900e-02
-2.234668238088488579e-03
-3.043997846543788910e-02
-4.275015741586685181e-02
-2.332879044115543712e-02
-1.750238426029681812e-02
-3.195463865995407104e-02
-4.488848894834518433e-02
1.443803310394287109e-01
2.439354062080383578e-01
1.742497533559799194e-01
1.259548366069793424e-01
-1.878071110695600293e-03
4.307931289076805115e-03
3.372242301702499390e-02
-6.100141326896846294e-04
1.148358434438705444e-01
1.198843792080879211e-01
3.840304538607596657e-02
-1.670540869235992432e-02
-8.842097222805023193e-02
-3.162832930684089661e-02
-1.130352392792701444e-01
-5.792370066046714783e-02
-1.011292263865470713e-02
2.072756178677081715e-02
3.004218637943268169e-02
-1.595033146440982819e-02
-7.768540084362030029e-02
-1.187158972024917464e-01
-1.502592861652374545e-01
-7.259421795606613159e-02
-6.792903877794742584e-03
1.202564090490341187e-01
1.691878139972686768e-01
1.385291665792465210e-01
3.529614955186843872e-02
-4.582169651985168457e-02
-3.494489565491676331e-02
-5.617449642159044743e-04
-8.491388522088527679e-03
-8.908864855766296387e-02
-1.730955094099044800e-01
-8.239668607711791992e-02
-6.724116951227188110e-02
-8.938831277191638947e-03
-6.791568547487258911e-02
-3.830406814813613892e-02
5.189651995897293091e-02
5.258985236287117004e-02
-2.365356311202048908e-02
-1.812642440199851990e-02
5.784189794212579727e-03
2.621938474476337086e-02
-1.590475142002105435e-01
1.930299401283264160e-02
4.972980171442031860e-02
5.897276569157838821e-03
-9.272608160972596603e-02
-1.851219534873962402e-01
-2.158778719604015697e-02
6.158460676670075157e-02
1.054420694708824296e-01
3.657953068614006042e-02
2.874222397804260601e-02
-5.778362974524497986e-03
-4.853225126862525940e-02
1.566442660987377384e-03
2.675096690654754292e-02
-5.797330290079117515e-02
-1.926326453685760498e-01
-8.562814444303512573e-03
2.131512574851513256e-02
4.032472148537636497e-02
-6.578481197357177734e-02
7.472681999206542969e-02
-4.801648482680321434e-02
1.590738445520401001e-02
-3.631116822361946106e-02
-1.867790892720222473e-02
4.262311384081840515e-03
-1.378908473998308182e-02
-1.101168915629386763e-01
-1.289316117763519287e-01
-8.223824203014373779e-03
5.437609180808066628e-02
-3.511816263198852539e-02
1.010924056172370772e-01
-1.790508329868316650e-01
-9.534427523612976074e-02
-1.496649254113435572e-02
4.393152520060538552e-02
3.133740276098251343e-02
-5.287543684244156578e-02
1.059679873287677765e-02
-6.715234369039536910e-02
-4.258845373988151550e-02
-3.907603770494461060e-02
-1.131045538932085037e-02
4.741766024380921450e-03
-1.786581426858901978e-01
-1.124000251293182373e-01
-4.404363408684730530e-02
-1.861095055937767029e-02
-5.431108176708220742e-02
-3.271293640136718750e-02
1.264920458197593515e-02
-2.892202325165271759e-02
5.663641169667243958e-02
9.808542579412460327e-02
1.220935676246881485e-02
-5.820462107658386230e-02
-1.075724065303802351e-01
-9.564235806465147538e-02
-1.881024241447448730e-02
5.449242517352103493e-02
-7.624273747205734253e-02
-1.306024640798568726e-01
-9.009636938571929932e-03
-2.245349436998367657e-02
-9.983424097299575806e-02
-3.516891971230506897e-02
-7.567498832941055298e-02
-3.265476599335670471e-02
-8.088431507349014282e-02
3.080954309552907944e-03
-6.646978110074996948e-02
1.241795718669891357e-02
1.980698853731155742e-02
4.341196268796921470e-02
4.454455897212028503e-02
-1.773712970316410065e-02
-3.948134183883666992e-02
-2.079010196030139923e-02
-7.144689559936523438e-03
-1.282442733645439148e-02
-7.105410099029541016e-02
-1.122488602995872359e-01
4.998003691434860229e-02
1.472952812910079956e-01
7.114691287279129028e-02
-1.147014275193214417e-02
-4.078428074717521667e-02
-1.254832721315324306e-03
-2.960088290274143219e-02
-1.004936322569847246e-01
-1.378877907991409302e-01
-1.031799465417861938e-01
7.122011482715608077e-02
1.351040899753570557e-01
1.676509380340576172e-01
-3.069646470248699535e-02
-5.155843868851661682e-02
-9.953351318836212158e-02
-6.223076581954956055e-02
-2.333673182874917984e-04
-3.197870776057244041e-02
-3.310785442590712807e-02
1.993664773181080479e-05
7.542693614959718185e-02
4.419014323502779007e-03
-1.225296640768647194e-03
5.485678836703300476e-02
-4.147705156356096268e-03
-1.146977767348289490e-02
-4.588335007429122925e-02
-2.866357564926147461e-02
2.258903160691261292e-02
2.868442388717085123e-04
6.418992578983306885e-02
-3.163397684693336487e-02
-1.745066232979297638e-02
-1.325349807739257812e-01
-1.427371054887771606e-01
-4.376134648919105530e-02
-3.014450706541538239e-02
-4.678786545991897583e-02
-1.156028881669044495e-01
-3.925181552767753601e-02
-1.141311004757881303e-01
-1.332285106182098389e-01
-8.274487406015396118e-02
-3.671901300549507141e-02
1.983094215393066406e-02
-2.044566534459590912e-02
-1.082884222269058228e-01
-5.132837593555449052e-02
-1.467141788452863476e-03
-9.187619434669612754e-04
-3.279450908303261497e-02
2.345853857696056366e-02
-3.793130815029143593e-02
7.427915930747985840e-02
-1.437801634892821312e-03
-7.793394476175306840e-02
1.290732473134994507e-01
-3.233021125197410583e-02
6.755765527486801147e-02
9.344531223177909851e-03
-3.990727290511131287e-02
9.239898622035980225e-02
4.923471063375473022e-02
-5.834043025970458984e-02
-3.925237059593201377e-02
2.153851091861724854e-02
1.581172458827495575e-02
-6.203053519129753113e-03
2.222146140411496162e-03
-3.208989277482032776e-03
-2.561933919787406921e-02
-2.737519331276416779e-02
1.048137843608856201e-01
1.186730414628982544e-01
1.239453926682472229e-01
5.975188687443732521e-02
-5.312584713101387024e-02
1.122433841228485246e-01
-5.920912139117717743e-03
-1.639866642653941761e-02
7.536584045737980929e-03
-3.317408263683319092e-02
-5.768049508333206177e-02
-5.915390700101852417e-02
-8.195967227220535278e-02
2.843780443072318684e-02
-4.347484558820725181e-02
-3.284126147627830505e-02
5.180620402097702026e-02
6.452695280313491821e-02
1.615614630281925201e-02
-5.215733498334885337e-02
-8.373862132430076599e-03
-2.205449901521205902e-02
4.957312718033791282e-02
-1.438113581389188766e-02
6.538265850394964218e-03
-1.035819128155708313e-01
-1.491221189498901367e-01
-2.803555503487586975e-02
-1.500001456588506872e-02
1.140221953392028809e-02
1.394418776035308838e-01
-9.259752184152603149e-02
-3.614067658782005310e-02
-6.084842607378959656e-02
-5.727557931095361710e-03
3.681695554405450821e-03
1.008124500513076782e-01
8.589690551161766052e-03
-5.560110881924628518e-02
-1.738009974360466003e-02
-1.575565151870251049e-02
1.665298640727996826e-02
-7.005152292549610138e-04
-1.000855714082718034e-01
-2.837073802947998047e-02
3.388883545994757912e-02
-5.177312716841698387e-02
-6.321012973785400391e-02
-9.037698805332183838e-02
-3.094677813351154327e-02
-1.145129725337028503e-01
-9.013769775629043579e-02
-5.941899120807647705e-02
-2.862922474741936077e-02
3.068972192704677582e-02
1.126561537384986739e-01
9.197352826595306396e-02
9.946490079164503617e-02
4.544118419289588928e-02
1.953392056748270988e-03
-5.098785622976719249e-04
4.044266790151596069e-02
-3.530612960457801819e-02
-1.353557407855987549e-01
-5.526026338338851929e-02
-3.941740840673446655e-03
-3.986479714512825012e-03
-1.531517952680587769e-01
-1.971645355224609375e-01
7.418451365083456039e-03
-4.003706574440001748e-02
-9.294003993272779984e-02
-7.282385975122453170e-02
-4.034490790218114853e-03
-2.860517986118793141e-02
-1.179518923163414001e-01
2.259671688079833984e-02
-1.034867092967033386e-01
-1.622695662081241608e-02
-6.283036619424819946e-02
-1.302649080753326416e-01
-1.846784353256225586e-02
-4.843797162175177834e-02
-4.423245415091514587e-02
-4.042303562164305947e-02
-1.882364749908447543e-01
4.101137071847916343e-02
3.366006165742873452e-02
-1.946791447699069977e-02
-3.145167976617813110e-02
-9.682818502187727494e-02
-4.444755986332892678e-02
-2.542127855122089039e-02
-1.120914146304130693e-01
-5.307467654347419739e-02
-2.487831190228462566e-02
-6.026766262948513031e-03
-1.956359669566154480e-02
-3.076931461691856384e-02
-1.032595783472061296e-01
-4.991063848137856224e-02
-9.899519383907318115e-02
-2.425194680690765103e-01
-2.906616330146789551e-01
-1.072019413113594055e-01
-5.359380319714546204e-02
-5.604950338602066040e-02
-5.716823413968086243e-02
-1.024981662631034712e-01
-2.233444303274154663e-01
-2.033231034874916077e-02
-5.359067395329474709e-02
-1.070277206599712372e-02
-1.484532356262207031e-01
4.764153435826301575e-02
6.833551079034805298e-02
-1.033471599221229692e-01
-5.345961824059486389e-02
6.581839919090270996e-02
-5.091064423322677612e-02
-2.307714521884918560e-02
-3.051098994910717010e-02
3.664574399590491555e-02
1.016652062535285950e-01
3.614268451929092407e-02
-7.737180683761834231e-03
8.388216793537139893e-02
9.738219529390336471e-02
1.132877096533775191e-01
8.686522953212261200e-03
-1.563452035188674927e-01
-5.732725188136101463e-02
5.305331200361251831e-02
1.862430013716220856e-02
-1.860393583774566997e-02
-3.014927543699741364e-02
5.108584649860859785e-03
-1.822534948587417603e-02
-4.414897412061690417e-03
1.065102145075798035e-01
6.103971041738986969e-03
1.105349697172641928e-02
3.006074018776416779e-02
-4.414722323417663574e-02
1.218202114105224471e-01
2.611452341079711914e-02
-1.607162691652774811e-02
-3.325596451759338813e-03
6.858398020267487960e-02
-1.412076689302921295e-02
-3.996765706688165665e-03
-2.219101786613464355e-02
-3.838311647996305552e-03
-1.589128971099853516e-01
-7.795967906713485718e-02
-1.653731800615787506e-02
-1.364401687169447541e-04
-1.177957355976104736e-01
-4.486820474267005920e-02
-2.573725581169128418e-02
-4.583302512764931419e-02
-4.266647621989250183e-02
-1.384693291038274765e-02
2.925068512558936726e-02
-1.356525346636772156e-02
-1.578206717967987061e-01
-2.210244983434677124e-01
-8.230377733707427979e-02
1.650173682719468854e-03
-1.365170925855636597e-01
-1.765456497669219971e-01
-6.395360082387924194e-02
-6.943697575479745865e-03
-7.669132901355624199e-04
-1.982070207595824640e-01
-4.790108278393745422e-02
-3.066499531269073139e-02
-1.136108711361885210e-01
-2.760934829711914062e-02
-2.701691724359989166e-02
-2.628096565604209900e-02
-5.971798673272132180e-02
-1.305895149707794189e-01
-3.684079647064208984e-02
-4.453138262033463218e-02
-5.430619791150093079e-02
-9.971352666616439819e-02
-1.099770590662956238e-01
-8.821537345647811890e-02
-1.608600281178951263e-02
-5.272712185978889465e-02
-2.378694340586662639e-02
-5.909894779324532249e-02
-2.873104996979236950e-02
-8.801948279142379761e-02
-2.368808537721633911e-02
-7.162798941135406494e-02
-8.564806729555130005e-02
-1.472811400890350619e-01
-7.252600789070129395e-02
-8.501023799180983109e-02
-4.541288688778876564e-02
-1.640750616788864136e-01
-1.294105350971221924e-01
-4.617566615343093872e-02
-2.554092323407530785e-03
1.177177205681800704e-01
8.698623627424240112e-02
9.403572417795658112e-03
-3.464256227016448975e-02
4.539426881819964323e-03
-3.836680902168154716e-03
-6.944497674703598022e-02
-1.931218989193439831e-02
-3.716630488634109497e-02
-8.028194308280944824e-02
-1.533896774053573608e-01
-1.299761384725570679e-01
1.213643420487642288e-02
1.820276975631713867e-01
-4.004622343927621841e-03
-2.284145914018154144e-02
3.142279386520386436e-02
-3.034106455743312836e-03
1.167661249637603760e-01
-2.676247153431177139e-03
-8.987043984234333038e-03
-3.950764983892441490e-02
1.881120493635535240e-03
-4.812213033437728882e-02
-7.210178673267364502e-02
-2.173871845006942749e-01
-1.391959935426712036e-01
-1.008895188570022583e-01
-9.322596713900566101e-03
-3.220776095986366272e-02
-9.438580274581907792e-02
-9.199070930480955643e-02
-6.067221611738204956e-02
-2.122488245368004192e-02
-4.674892872571945190e-02
-6.380069255828857422e-02
-9.833006560802459717e-02
-6.434380263090133667e-02
-1.831613630056380670e-01
-4.428668320178985596e-02
-3.715715929865837097e-02
-3.595799952745437622e-02
-1.078269071877002890e-02
1.164450217038393021e-02
-3.582154586911201477e-02
7.460194826126098633e-02
1.370932441204786474e-02
-9.376644738949836385e-04
2.338013984262943615e-02
-5.024897679686546326e-02
-6.268654018640518188e-02
-2.988060377538203846e-02
3.561815246939658425e-02
-1.649909093976020813e-02
-1.614827848970890045e-02
-2.124636992812157024e-02
2.136404626071453094e-02
-4.492586478590965271e-03
-3.506295755505561829e-02
6.731244921684265137e-02
1.207115054130554199e-01
3.974740579724311829e-02
3.523357212543487549e-02
-3.017417155206203808e-02
3.138800337910652161e-02
-5.806956440210342407e-02
-2.433728985488414764e-02
-1.061758399009704590e-01
-6.124726682901382446e-02
-3.748619183897972107e-02
-1.423176229000091553e-01
-2.443504631519317627e-01
-5.423055589199066162e-02
-3.258652286604046822e-03
-9.231811016798019409e-02
4.237351939082146385e-02
4.449595138430594704e-02
-2.822075411677360535e-02
-4.403357580304146507e-02
-5.700202658772468567e-02
7.787074148654937744e-02
-2.621546760201454163e-02
-5.895287171006202698e-02
-2.296511456370353699e-02
-1.279842257499694824e-01
-1.540383696556091309e-01
-4.622549191117286682e-02
-4.600275307893753052e-02
-1.581164747476577759e-01
-1.586752533912658691e-01
-9.333722293376923995e-02
-1.861211284995079041e-02
-1.219398602843284468e-01
-1.702310144901275635e-01
-6.893000751733779907e-02
-5.105517059564591148e-02
-1.026471778750419617e-01
-5.719950795173645020e-02
-4.013342782855033875e-02
-4.410142824053763649e-02
5.539282225072384748e-03
-9.606578201055528121e-02
-4.591720178723335266e-03
-2.736508660018444061e-02
-7.953228056430818038e-02
-2.438562922179698944e-02
-8.650641143321990967e-02
-1.136344596743583540e-01
-3.759858198463917212e-03
2.831230685114860535e-02
-6.227259710431098938e-02
-1.521139144897460938e-01
-9.870941936969755692e-02
-9.893290698528289795e-02
-4.536298289895058372e-02
-8.540719002485275269e-02
-5.101768765598535538e-03
-5.284795910120009682e-02
-9.832218289375303788e-02
-1.299739331007003784e-01
2.107917889952659954e-02
9.296935051679612941e-03
-1.064298376441002031e-01
-9.861386567354202271e-02
-2.375519834458827972e-02
-4.417870193719863892e-02
-1.477401554584503174e-01
-9.712462872266769409e-02
-4.741766676306725242e-02
-1.014112681150436401e-02
-1.119672879576683044e-01
-1.207492277026176453e-01
-9.880160540342332320e-02
3.893672302365303040e-02
-5.997643992304802635e-02
-4.154905676841736534e-02
5.692149326205253601e-02
2.230869047343730927e-02
-1.126224268227815628e-02
-9.044695645570756393e-02
-6.580393016338347001e-02
-1.642123609781265259e-02
-1.735358312726020813e-02
-2.915315143764018666e-02
-1.882045418024063110e-01
-2.331231720745563854e-02
-1.173808705061674118e-02
-2.224088460206985474e-02
6.276109814643859863e-02
-3.578742146492004395e-01
-1.456927508115768433e-01
-8.103922009468080348e-03
8.977455645799636841e-02
2.099581062793732036e-02
-1.563802808523178101e-01
-7.082455605268477006e-02
2.720422670245170246e-02
9.602752979844806410e-04
-2.862044982612133026e-02
6.673694401979446411e-02
-9.332148730754852295e-02
-3.325198218226432800e-02
2.706801332533359528e-02
1.531479414552450354e-02
-4.863892868161202171e-02
-4.100601747632026672e-02
-9.987162053585052490e-02
-3.382910788059234619e-02
2.020136686041951180e-03
7.780804485082626343e-02
-6.901674717664718628e-02
-1.592976748943328857e-01
-5.483760684728622437e-02
-3.062848001718521118e-02
-3.956449776887893677e-02
1.020296709612011909e-03
-2.729767560958862305e-01
-3.013205826282501221e-01
-8.537100255489349365e-02
-2.837008610367774963e-02
-3.247389197349548340e-02
-2.287097740918397903e-03
-6.857419013977050781e-02
-1.352319568395614624e-01
-2.258890453958884153e-04
1.018488593399524862e-02
-1.499102171510458166e-02
-8.940887637436389923e-03
4.909287393093108437e-02
3.723304718732833862e-02
5.348783731460571289e-02
-2.466209698468446732e-03
4.335767123848199844e-03
-2.644387818872928619e-02
-5.840662121772766113e-02
2.311314642429351807e-02
-6.733421981334686279e-02
-6.841555982828140259e-02
-7.271362841129302979e-02
-4.685905575752258301e-02
