4.007049560546875000e+00
4.008602142333983487e+00
4.008234500885009766e+00
4.009192943572998047e+00
4.006169795989990234e+00
4.005466938018798828e+00
4.005439758300781250e+00
4.005661487579346591e+00
4.005889892578125000e+00
4.005736827850341797e+00
4.007460117340087891e+00
4.009044647216796875e+00
4.009931564331055576e+00
4.020025730133056641e+00
4.019104957580566406e+00
4.020383358001708984e+00
4.021007537841796875e+00
4.020783901214600498e+00
4.022373676300048828e+00
4.024009227752685547e+00
4.026550769805908203e+00
4.025662422180176669e+00
4.028638839721680576e+00
4.029567718505858487e+00
4.030575752258301669e+00
4.029491901397705078e+00
4.029766559600830078e+00
4.031466007232666016e+00
4.031950473785399502e+00
4.036236763000488281e+00
4.035962581634521484e+00
4.035887718200683594e+00
4.035419464111328125e+00
4.035137653350830078e+00
4.036226749420166016e+00
4.038572311401366299e+00
4.040463924407958984e+00
4.042509078979491299e+00
4.043735980987548828e+00
4.043935775756836826e+00
4.048392772674560547e+00
4.045030117034912109e+00
4.046770095825194424e+00
4.046317577362060547e+00
4.047353744506836826e+00
4.048230648040772373e+00
4.049193382263183594e+00
4.049751281738281250e+00
4.048875331878662109e+00
4.049138069152832031e+00
4.047947406768798828e+00
4.047516822814941406e+00
4.047678470611571377e+00
4.048122882843018466e+00
4.050804615020751953e+00
4.050594329833983487e+00
4.051648139953613281e+00
4.051729202270508701e+00
4.051638126373291016e+00
4.052700519561768466e+00
4.052103042602538174e+00
4.051891326904296875e+00
4.053481578826903409e+00
4.053348064422606534e+00
4.056173324584961826e+00
4.056030273437500000e+00
4.057119846343993252e+00
4.056028366088866299e+00
4.058140754699707031e+00
4.060404777526856357e+00
4.060877799987792969e+00
4.061575889587401456e+00
4.062354087829589844e+00
4.061939239501953125e+00
4.063540458679198331e+00
4.062316894531250000e+00
4.064769268035888672e+00
4.066211700439453125e+00
4.066071033477783203e+00
4.065748691558837891e+00
4.065871238708496094e+00
4.066880226135253906e+00
4.067510128021240234e+00
4.068962574005126953e+00
4.072315216064453125e+00
4.072054862976073331e+00
4.074788570404053623e+00
4.073646068572998047e+00
4.073504447937011719e+00
4.073812484741211826e+00
4.074476718902587891e+00
4.076425552368163174e+00
4.077611446380615234e+00
4.077021121978759766e+00
4.078594684600830078e+00
4.078277111053466797e+00
4.080760955810546875e+00
4.080501079559326172e+00
4.082973003387451172e+00
4.084584236145020419e+00
4.085031986236571377e+00
4.085801601409912109e+00
4.085977077484131748e+00
4.087558746337891513e+00
4.088327407836913174e+00
4.089879035949707031e+00
4.091795921325683594e+00
4.091997146606444424e+00
4.093731403350830078e+00
4.094639301300048828e+00
4.097036838531493252e+00
4.097622394561768466e+00
4.097392082214356357e+00
4.098033905029296875e+00
4.099060535430908203e+00
4.099791049957274502e+00
4.100254058837891513e+00
4.100715637207031250e+00
4.102279663085937500e+00
4.103558063507080078e+00
4.104516029357910156e+00
4.105152606964111328e+00
4.105170249938964844e+00
4.105123519897461826e+00
4.104862689971923828e+00
4.104438304901123047e+00
4.104839324951171875e+00
4.105240345001221591e+00
4.106818199157714844e+00
4.107189655303955078e+00
4.107652664184569424e+00
4.108072757720946377e+00
4.108197689056396484e+00
4.107030391693115234e+00
4.108564376831055576e+00
4.107926368713378906e+00
4.108002185821533203e+00
4.107074737548828125e+00
4.107718467712401456e+00
4.108130455017089844e+00
4.109477996826171875e+00
4.109817504882812500e+00
4.110318183898926669e+00
4.110284805297852451e+00
4.110675334930419922e+00
4.110953807830810547e+00
4.111880302429198331e+00
4.112021446228026456e+00
4.112968921661376953e+00
4.112466812133788174e+00
4.113600254058837891e+00
4.114265918731689453e+00
4.113667964935303623e+00
4.114395618438721591e+00
4.114222049713134766e+00
4.114918231964111328e+00
4.113601684570312500e+00
4.113988876342772549e+00
4.114101886749268466e+00
4.114446640014647549e+00
4.115969181060791016e+00
4.116144180297852451e+00
4.116155624389647549e+00
4.117135524749756748e+00
4.116754055023193359e+00
4.118003845214843750e+00
4.118641853332520419e+00
4.120128154754638672e+00
4.120351314544678623e+00
4.119697093963623047e+00
4.119686603546143466e+00
4.119635105133056641e+00
4.120808124542236328e+00
4.120790958404541016e+00
4.120786190032958984e+00
4.122337818145751953e+00
4.122502326965332031e+00
4.122845649719238281e+00
4.123496055603026456e+00
4.123477458953856534e+00
4.124232292175292969e+00
4.123693943023681641e+00
4.123003482818604404e+00
4.122881889343261719e+00
4.122323036193848544e+00
4.124194622039794922e+00
4.123738765716553623e+00
4.125072479248046875e+00
4.126039505004883701e+00
4.126585960388183594e+00
4.126753330230712891e+00
4.126526832580566406e+00
4.127405643463134766e+00
4.127327919006348544e+00
4.126832962036133701e+00
4.128217220306396484e+00
4.127731323242188388e+00
4.129220008850098544e+00
4.129300594329833984e+00
4.131233692169189453e+00
4.131587982177733487e+00
4.131625175476073331e+00
4.131829261779785156e+00
4.131341457366943359e+00
4.131322383880615234e+00
4.130938053131104404e+00
4.130695343017578125e+00
4.131198883056641513e+00
4.131950855255126953e+00
4.132564067840576172e+00
4.132648468017578125e+00
4.133540630340576172e+00
4.133657932281493252e+00
4.131718158721923828e+00
4.131994724273681641e+00
4.131036758422852451e+00
4.131136417388916016e+00
4.131730556488037109e+00
4.131865978240966797e+00
4.132751464843750000e+00
4.132526874542236328e+00
4.132291793823241299e+00
4.132553577423096591e+00
4.131761550903319424e+00
4.131932258605957031e+00
4.131739139556884766e+00
4.131601810455321377e+00
4.132196903228759766e+00
4.131937503814696377e+00
4.134389877319336826e+00
4.135222434997558594e+00
4.133515834808350498e+00
4.133621692657471591e+00
4.133615493774413174e+00
4.134026527404785156e+00
4.132170200347899502e+00
4.132953166961669922e+00
4.132790088653564453e+00
4.133112430572509766e+00
4.132606506347656250e+00
4.132073879241943359e+00
4.133730888366698331e+00
4.134464263916016513e+00
4.133926868438721591e+00
4.134867191314696377e+00
4.135306358337401456e+00
4.136697769165038174e+00
4.136197566986083984e+00
4.135900020599365234e+00
4.136563777923583984e+00
4.137364864349365234e+00
4.138252258300781250e+00
4.139127731323241299e+00
4.138825893402100498e+00
4.140195846557616299e+00
4.140044689178466797e+00
4.140077114105225498e+00
4.141256332397461826e+00
4.142393589019774502e+00
4.143293380737305576e+00
4.144822120666503906e+00
4.145593643188477451e+00
4.145335197448730469e+00
4.145330429077147549e+00
4.146283149719238281e+00
4.146013259887694424e+00
4.145435333251953125e+00
4.147283077239990234e+00
4.147381782531738281e+00
4.147781848907471591e+00
4.148406028747558594e+00
4.149560451507568359e+00
4.149550437927246094e+00
4.148591041564941406e+00
4.150393009185791016e+00
4.149139404296875000e+00
4.150064945220946377e+00
4.151643753051758701e+00
4.152287960052490234e+00
4.154244422912598544e+00
4.154171943664551669e+00
4.155585289001464844e+00
4.155919075012207031e+00
4.155559062957763672e+00
4.155118942260741299e+00
4.155484676361083984e+00
4.154955863952636719e+00
4.155000686645508701e+00
4.155460357666016513e+00
4.154896736145020419e+00
4.155670166015625000e+00
4.156222343444823331e+00
4.156529903411865234e+00
4.156730651855468750e+00
4.157050609588623047e+00
4.156988143920897549e+00
4.158520698547363281e+00
4.157876968383788174e+00
4.157000541687011719e+00
4.157570838928223544e+00
4.158483505249022549e+00
4.159344673156738281e+00
4.159568309783936435e+00
4.158977508544921875e+00
4.159985065460205078e+00
4.158726692199707031e+00
4.159840106964111328e+00
4.160560131072998047e+00
4.159979820251464844e+00
4.160521030426024502e+00
4.159448623657227451e+00
4.158452510833740234e+00
4.159352779388428623e+00
4.158782482147216797e+00
4.159317493438721591e+00
4.159464359283446377e+00
4.158945560455321377e+00
4.158428668975830078e+00
4.159678459167480469e+00
4.159283161163330078e+00
4.159567356109618252e+00
4.159535884857178623e+00
4.160585880279541016e+00
4.161262989044189453e+00
4.161626338958740234e+00
4.162117004394531250e+00
4.161715030670166016e+00
4.161429405212401456e+00
4.161775112152100498e+00
4.162423610687256748e+00
4.163227558135986328e+00
4.165524005889893466e+00
4.164810657501221591e+00
4.165781497955321377e+00
4.166145801544189453e+00
4.166054725646973544e+00
4.167632579803466797e+00
4.168004512786865234e+00
4.168885707855225498e+00
4.169132232666016513e+00
4.169578075408936435e+00
4.170415401458740234e+00
4.171257019042968750e+00
4.171407699584961826e+00
4.171629905700683594e+00
4.173295021057128906e+00
4.174230575561522549e+00
4.174784660339356357e+00
4.176689147949218750e+00
4.176028251647948331e+00
4.176341056823730469e+00
4.178759098052978516e+00
4.178734302520751953e+00
4.180032253265381748e+00
4.180455684661865234e+00
4.181747913360596591e+00
4.183376789093018466e+00
4.182846546173096591e+00
4.183746337890625000e+00
4.183803081512451172e+00
4.184114933013916016e+00
4.184260845184326172e+00
4.184932231903076172e+00
4.185311317443848544e+00
4.185472965240479404e+00
4.188288211822509766e+00
4.187609195709228516e+00
4.187522888183593750e+00
4.189185142517089844e+00
4.188295364379883701e+00
4.188783645629883701e+00
4.190158843994141513e+00
4.190229415893555576e+00
4.190388679504394531e+00
4.191953182220458984e+00
4.192364215850830078e+00
4.192019939422606534e+00
4.192580223083496094e+00
4.192462921142578125e+00
4.192499160766602451e+00
4.193499088287353516e+00
4.193197250366211826e+00
4.193476200103759766e+00
4.193522930145263672e+00
4.193797111511231357e+00
4.192951202392578125e+00
4.192960739135741299e+00
4.193447113037108487e+00
4.192953586578368252e+00
4.194243431091308594e+00
4.194743633270263672e+00
4.195534229278564453e+00
4.195910453796386719e+00
4.195622920989990234e+00
4.194526195526123047e+00
4.194680213928223544e+00
4.195101261138916016e+00
4.194700241088866299e+00
4.193773746490479404e+00
4.192922115325928623e+00
4.194032192230225498e+00
4.193478584289551669e+00
4.193888664245605469e+00
4.194527149200440341e+00
4.194356918334961826e+00
4.194484710693358487e+00
4.194028854370116299e+00
4.193397521972656250e+00
4.193101406097412109e+00
4.192537784576416016e+00
4.192474365234375000e+00
4.191462516784667969e+00
4.191029071807861328e+00
4.190198898315430576e+00
4.190773487091064453e+00
4.190188884735106534e+00
4.189569473266602451e+00
4.189688205718993252e+00
4.190042972564696377e+00
4.189434051513671875e+00
4.188928604125977451e+00
4.188155651092528409e+00
4.188692092895508701e+00
4.187659263610839844e+00
4.188296794891356534e+00
4.188085079193115234e+00
4.187972068786621094e+00
4.187528610229491299e+00
4.186895847320556641e+00
4.186200141906738281e+00
4.185720443725586826e+00
4.186232089996337891e+00
4.186711311340332031e+00
4.186381340026856357e+00
4.186257362365723544e+00
4.186604022979736328e+00
4.186223983764647549e+00
4.185690402984618252e+00
4.184795856475830078e+00
4.184941291809082031e+00
4.185685634613037109e+00
4.186583995819091797e+00
4.184372901916503906e+00
4.184305667877196377e+00
4.184715270996093750e+00
4.182548046112060547e+00
4.181065082550048828e+00
4.182317256927490234e+00
4.181986331939696377e+00
4.183171272277832031e+00
4.182920932769774502e+00
4.182108879089356357e+00
4.180746555328368252e+00
4.179435253143311435e+00
4.180534362792968750e+00
4.178219318389893466e+00
4.179108142852783203e+00
4.177912235260009766e+00
4.176787853240966797e+00
4.176569461822509766e+00
4.175894737243651456e+00
4.175691604614258701e+00
4.173080921173096591e+00
4.173454761505126953e+00
4.172489643096923828e+00
4.171154022216796875e+00
4.174089908599853516e+00
4.171868801116943359e+00
4.172568321228026456e+00
4.171208381652832031e+00
4.169733524322509766e+00
4.168170928955078125e+00
4.165557384490966797e+00
4.164791584014893466e+00
4.164126396179198331e+00
4.163853645324707031e+00
4.163587570190430576e+00
4.162024497985839844e+00
4.161361217498778409e+00
4.161152362823486328e+00
4.159936428070068359e+00
4.159588813781738281e+00
4.159129619598388672e+00
4.158798694610596591e+00
4.158602237701416016e+00
4.158096313476562500e+00
4.158779621124268466e+00
4.156989097595214844e+00
4.157859325408936435e+00
4.155268669128417969e+00
4.154119491577147549e+00
4.154074192047118252e+00
4.152835369110106534e+00
4.153321266174316406e+00
4.151322364807128906e+00
4.149431705474853516e+00
4.149164676666259766e+00
4.147361278533936435e+00
4.147062301635741299e+00
4.146033763885498047e+00
4.144173622131348544e+00
4.143181324005126953e+00
4.142278671264647549e+00
4.141592502593993252e+00
4.140568256378173828e+00
4.139457225799560547e+00
4.138163089752196377e+00
4.136612415313721591e+00
4.136743068695068359e+00
4.135247230529785156e+00
4.132695674896240234e+00
4.132542133331298828e+00
4.131507396697998047e+00
4.132017135620116299e+00
4.131607532501221591e+00
4.131797313690185547e+00
4.131483078002930576e+00
4.128839492797852451e+00
4.128917217254638672e+00
4.127860069274901456e+00
4.126906871795653409e+00
4.125867843627930576e+00
4.124231815338134766e+00
4.125017642974853516e+00
4.123058795928955078e+00
4.123739719390868252e+00
4.122283458709716797e+00
4.121482849121093750e+00
4.120469570159912109e+00
4.120192050933837891e+00
4.120676040649413174e+00
4.120324134826660156e+00
4.118875503540038174e+00
4.119377613067626953e+00
4.118962764739990234e+00
4.117657661437988281e+00
4.117731571197509766e+00
4.116230487823486328e+00
4.118835926055908203e+00
4.118561267852783203e+00
4.117531776428223544e+00
4.116783618927001953e+00
4.116370201110839844e+00
4.115777015686035156e+00
4.116082191467285156e+00
4.115241050720214844e+00
4.116026878356933594e+00
4.115799427032471591e+00
4.115879058837891513e+00
4.115995883941649502e+00
4.115678310394287109e+00
4.115846633911133701e+00
4.114943981170653409e+00
4.114984512329102451e+00
4.114995479583740234e+00
4.113424777984618252e+00
4.113780021667480469e+00
4.114209651947021484e+00
4.113422393798828125e+00
4.112839221954346591e+00
4.113039493560791016e+00
4.112956523895263672e+00
4.111937046051024502e+00
4.112584114074707031e+00
4.110442638397216797e+00
4.111436843872069424e+00
4.111850738525391513e+00
4.112513542175292969e+00
4.113596439361571377e+00
4.112489223480225498e+00
4.113003730773926669e+00
4.112898349761962891e+00
4.113096714019774502e+00
4.112457275390625000e+00
4.111732959747314453e+00
4.111713886260986328e+00
4.111245155334473544e+00
4.111289501190185547e+00
4.110884189605712891e+00
4.110278606414794922e+00
4.111706256866455078e+00
4.113089561462401456e+00
4.113295555114746094e+00
4.112602233886718750e+00
4.111900806427001953e+00
4.110703468322753906e+00
4.110795021057128906e+00
4.109289646148681641e+00
4.107911109924316406e+00
4.109167575836181641e+00
4.107942581176758701e+00
4.107247352600098544e+00
4.107495784759521484e+00
4.107647895812988281e+00
4.108301639556884766e+00
4.108528614044189453e+00
4.107620239257812500e+00
4.108325004577636719e+00
4.107867717742919922e+00
4.107359886169433594e+00
4.106617927551269531e+00
4.106650829315185547e+00
4.106460571289063388e+00
4.107365131378173828e+00
4.107009410858153409e+00
4.106335639953613281e+00
4.106354236602783203e+00
4.106534004211426669e+00
4.106877803802490234e+00
4.106136322021483487e+00
4.105706691741943359e+00
4.105859279632568359e+00
4.106414794921875000e+00
4.105967044830321377e+00
4.105185508728026456e+00
4.105690956115723544e+00
4.106030464172363281e+00
4.106414318084716797e+00
4.105737686157227451e+00
4.105528831481933594e+00
4.104949951171875000e+00
4.104201793670653409e+00
4.104901790618896484e+00
4.104325771331787109e+00
4.104053974151611328e+00
4.104593753814696377e+00
4.102863311767578125e+00
4.103050231933593750e+00
4.101857662200928623e+00
4.101622104644774502e+00
4.100777149200440341e+00
4.100581169128417969e+00
4.099506378173828125e+00
4.099673748016356534e+00
4.100191116333008701e+00
4.099533557891846591e+00
4.099772453308105469e+00
4.100301742553711826e+00
4.100488185882568359e+00
4.099472522735596591e+00
4.100189208984375000e+00
4.098307132720946377e+00
4.098647117614746094e+00
4.098073005676269531e+00
4.097682476043701172e+00
4.097720623016356534e+00
4.098504066467285156e+00
4.098594188690185547e+00
4.098384857177733487e+00
4.097296237945556641e+00
4.097605228424071377e+00
4.096993923187256748e+00
4.096253871917725498e+00
4.095468044281006748e+00
4.095047473907471591e+00
4.095618724822998047e+00
4.096497058868408203e+00
4.097255706787108487e+00
4.096928119659423828e+00
4.098059177398681641e+00
4.096519947052001953e+00
4.096396923065185547e+00
4.095945358276366299e+00
4.096096992492676669e+00
4.096800327301024502e+00
4.096665859222412109e+00
4.097433090209961826e+00
4.097645759582520419e+00
4.098122596740723544e+00
4.097640037536621094e+00
4.096325874328613281e+00
4.096933841705321377e+00
4.096161842346191406e+00
4.096174240112305576e+00
4.096707344055176669e+00
4.097879409790038174e+00
4.098862171173096591e+00
4.098650455474853516e+00
4.098316669464111328e+00
4.098251819610596591e+00
4.097236633300781250e+00
4.097903251647948331e+00
4.099278450012207031e+00
4.098203659057616299e+00
4.099048137664794922e+00
4.098933696746826172e+00
4.099360942840576172e+00
4.099367141723633701e+00
4.099854946136475498e+00
4.100554943084716797e+00
4.100649833679198331e+00
4.100876808166503906e+00
4.099550724029541016e+00
4.098495483398437500e+00
4.099685668945312500e+00
4.098111629486083984e+00
4.098081588745116299e+00
4.098755359649658203e+00
4.099802017211913174e+00
4.100304126739501953e+00
4.098851203918457031e+00
4.098847866058350498e+00
4.097614765167236328e+00
4.097840785980225498e+00
4.097805976867676669e+00
4.097782611846923828e+00
4.097373962402343750e+00
4.097841262817383701e+00
4.098242759704589844e+00
4.097119331359863281e+00
4.096819400787353516e+00
4.094896793365479404e+00
4.094118595123291016e+00
4.093575954437256748e+00
4.094133853912353516e+00
4.094277381896973544e+00
4.093956470489501953e+00
4.091850757598876953e+00
4.091165542602538174e+00
4.091222763061522549e+00
4.090791702270508701e+00
4.089951515197753906e+00
4.088831901550292969e+00
4.088445186614990234e+00
4.088461875915526456e+00
4.087615013122558594e+00
4.087120056152343750e+00
4.085930824279785156e+00
4.085205078125000000e+00
4.083949565887451172e+00
4.084581375122069424e+00
4.083579063415526456e+00
4.082949161529541016e+00
4.081933498382568359e+00
4.081553459167480469e+00
4.081504821777343750e+00
4.081935405731201172e+00
4.080722808837891513e+00
4.079958438873291016e+00
4.079713821411133701e+00
4.079412460327147549e+00
4.077712059020996094e+00
4.078824043273926669e+00
4.077716827392578125e+00
4.077008247375488281e+00
4.078712463378906250e+00
4.077877044677733487e+00
4.078836917877196377e+00
4.078619003295897549e+00
4.077740192413330078e+00
4.077195644378662109e+00
4.077297687530518466e+00
4.076988220214843750e+00
4.076434612274169922e+00
4.076383113861083984e+00
4.076304435729980469e+00
4.075498104095458984e+00
4.073465347290038174e+00
4.073503971099853516e+00
4.072626590728759766e+00
4.073163509368896484e+00
4.073485374450683594e+00
4.072173595428466797e+00
4.071979045867919922e+00
4.070643424987792969e+00
4.069935321807861328e+00
4.069173336029053623e+00
4.066884994506836826e+00
4.067670822143555576e+00
4.066377639770508701e+00
4.065811634063721591e+00
4.064262390136718750e+00
4.063646793365479404e+00
4.061743259429931641e+00
4.061058044433593750e+00
4.061556816101073331e+00
4.060619354248046875e+00
4.060576438903808594e+00
4.060617923736571377e+00
4.060738563537598544e+00
4.060644149780272549e+00
4.060747146606444424e+00
4.060235500335693359e+00
4.059395790100098544e+00
4.058721542358397549e+00
4.057936668395996094e+00
4.056848049163818359e+00
4.056727409362792969e+00
4.056712150573730469e+00
4.055373668670653409e+00
4.055873394012451172e+00
4.055810451507568359e+00
4.056075096130371094e+00
4.055406093597412109e+00
4.053975105285644531e+00
4.054257869720458984e+00
4.053987979888916016e+00
4.054617404937743252e+00
4.054702281951903409e+00
4.055464267730712891e+00
4.055737495422363281e+00
4.055087089538573331e+00
4.054814338684082031e+00
4.055203437805176669e+00
4.055309772491455078e+00
4.055385112762451172e+00
4.054810047149658203e+00
4.055136203765868252e+00
4.055951118469238281e+00
4.057593822479248047e+00
4.056998252868651456e+00
4.057857513427733487e+00
4.058200359344481534e+00
4.056008338928223544e+00
4.056868553161621094e+00
4.057770252227783203e+00
4.058560371398926669e+00
4.058489799499511719e+00
4.059139251708983487e+00
4.058130264282227451e+00
4.057342052459716797e+00
4.059686183929443359e+00
4.062313556671143466e+00
4.062273502349853516e+00
4.062589168548583984e+00
4.062637329101562500e+00
4.062739372253417969e+00
4.064573287963866299e+00
4.065269947052001953e+00
4.068356037139893466e+00
4.067986011505126953e+00
4.067566394805908203e+00
4.067386627197266513e+00
4.067674160003662109e+00
4.068699836730957031e+00
4.069818496704102451e+00
4.070475101470946377e+00
4.071092605590819424e+00
4.071327686309815341e+00
4.072216033935546875e+00
4.071752548217772549e+00
4.072995662689208984e+00
4.072364330291748047e+00
4.074347496032714844e+00
4.075469017028808594e+00
4.075329780578613281e+00
4.075713157653808594e+00
4.075206756591796875e+00
4.075410366058350498e+00
4.076231002807616299e+00
4.075256347656250000e+00
4.076342105865479404e+00
4.076533794403076172e+00
4.077514171600341797e+00
4.077612400054931641e+00
4.077950000762940341e+00
4.078040122985839844e+00
4.078891754150391513e+00
4.080786228179931641e+00
4.080620288848876953e+00
4.081934928894042969e+00
4.081924915313721591e+00
4.081737041473388672e+00
4.081747531890868252e+00
4.082219600677490234e+00
4.081169605255126953e+00
4.081934928894042969e+00
4.083643436431884766e+00
4.084007740020751953e+00
4.084671497344971591e+00
4.083793163299560547e+00
4.083505630493163174e+00
4.083382129669189453e+00
4.084340095520020419e+00
4.084256649017333984e+00
4.085445404052733487e+00
4.084134578704833984e+00
4.084805488586426669e+00
4.085860729217528409e+00
4.085694789886475498e+00
4.087177276611328125e+00
4.087871074676513672e+00
4.087729930877685547e+00
4.086725234985352451e+00
4.087238311767578125e+00
4.086533546447753906e+00
4.087024688720703125e+00
4.087225914001464844e+00
4.088984966278076172e+00
4.089243412017821377e+00
4.088667869567871094e+00
4.089169502258301669e+00
4.088945865631104404e+00
4.089900970458983487e+00
4.090760707855225498e+00
4.091162204742431641e+00
4.092060565948486328e+00
4.092173576354980469e+00
4.093003749847412109e+00
4.094274520874022549e+00
4.094061851501464844e+00
4.095399856567383701e+00
4.095815181732178623e+00
4.096132755279541016e+00
4.095921039581298828e+00
4.095373153686522549e+00
4.095899105072021484e+00
4.094516754150391513e+00
4.095590114593506748e+00
4.095261573791503906e+00
4.096665382385253906e+00
4.097173690795897549e+00
4.097446441650391513e+00
4.097686767578125000e+00
4.098950862884521484e+00
4.098019123077393466e+00
4.097566127777100498e+00
4.098515987396240234e+00
4.098316669464111328e+00
4.098805427551269531e+00
4.099632740020751953e+00
4.099384784698486328e+00
4.099523544311522549e+00
4.100884437561035156e+00
4.100512504577636719e+00
4.100879192352294922e+00
4.101200103759766513e+00
4.101818561553955078e+00
4.101313114166259766e+00
4.101684570312500000e+00
4.102005004882812500e+00
4.101644515991211826e+00
4.103116512298583984e+00
4.101988315582274502e+00
4.101922512054443359e+00
4.101988315582274502e+00
4.102215290069580078e+00
4.102590560913086826e+00
4.102085590362548828e+00
4.101381301879883701e+00
4.101158142089843750e+00
4.101282596588134766e+00
4.102456092834473544e+00
4.102181434631348544e+00
4.102288246154785156e+00
4.102673530578613281e+00
4.101926326751708984e+00
4.101716995239258701e+00
4.102314949035644531e+00
4.100580692291259766e+00
4.099518299102783203e+00
4.099072933197021484e+00
4.098609924316406250e+00
4.098483562469481534e+00
4.096222877502441406e+00
4.096219062805176669e+00
4.096364498138428623e+00
4.096748352050781250e+00
4.097145557403564453e+00
4.097356796264647549e+00
4.096805095672606534e+00
4.096425056457520419e+00
4.095759868621826172e+00
4.096566200256348544e+00
4.094863414764403409e+00
4.094382286071776456e+00
4.093128204345703125e+00
4.092923641204833984e+00
4.092133522033691406e+00
4.092426300048828125e+00
4.091912269592285156e+00
4.091619014739990234e+00
4.092021465301513672e+00
4.091611862182616299e+00
4.091511249542236328e+00
4.090544700622558594e+00
4.091286182403564453e+00
4.091590881347656250e+00
4.091334342956542969e+00
4.091780185699462891e+00
4.091736793518066406e+00
4.091528892517089844e+00
4.091664791107178623e+00
4.092604160308837891e+00
4.091800689697266513e+00
4.091299057006836826e+00
4.091547489166259766e+00
4.091337680816649502e+00
4.091113567352294922e+00
4.090524673461913174e+00
4.090476989746093750e+00
4.090584754943848544e+00
4.088899612426758701e+00
4.088710784912108487e+00
4.088605403900146484e+00
4.088676929473876953e+00
4.088130474090576172e+00
4.088088989257812500e+00
4.087985515594481534e+00
4.086636066436768466e+00
4.087223052978516513e+00
4.087172508239746094e+00
4.086636543273926669e+00
4.088607788085937500e+00
4.089877128601073331e+00
4.089769840240479404e+00
4.087626934051513672e+00
4.086862564086913174e+00
4.086056709289551669e+00
4.086265087127685547e+00
4.085960865020751953e+00
4.086244106292725498e+00
4.086776733398437500e+00
4.087067127227783203e+00
4.088175296783446377e+00
4.087570190429688388e+00
4.087881088256836826e+00
4.086378097534180576e+00
4.086570739746093750e+00
4.085759162902832031e+00
4.085904121398926669e+00
4.086752891540526456e+00
4.085259914398193359e+00
4.084922790527343750e+00
4.084258079528808594e+00
4.084056854248046875e+00
4.084321975708008701e+00
4.084693908691406250e+00
4.085085391998291016e+00
4.084550380706787109e+00
4.082920551300048828e+00
4.082716464996337891e+00
4.082246780395508701e+00
4.083961009979248047e+00
4.083637714385986328e+00
4.082895755767821377e+00
4.082397460937500000e+00
4.081101417541503906e+00
4.081275463104248047e+00
4.080681324005126953e+00
4.080417633056641513e+00
4.080028057098388672e+00
4.081250667572021484e+00
4.079953670501708984e+00
4.078028678894042969e+00
4.079144954681396484e+00
4.079164505004883701e+00
4.078701496124268466e+00
4.078685283660888672e+00
4.078393459320068359e+00
4.077658653259276456e+00
4.076584339141846591e+00
4.076252937316895419e+00
4.075774669647216797e+00
4.075401782989501953e+00
4.075032711029053623e+00
4.075316905975341797e+00
4.074985027313231534e+00
4.073415756225586826e+00
4.072942256927490234e+00
4.073347568511962891e+00
4.071949958801269531e+00
4.071646690368651456e+00
4.071504592895508701e+00
4.071285724639893466e+00
4.072473049163818359e+00
4.072678565979003906e+00
4.070687770843506748e+00
4.071739673614501953e+00
4.071300983428955078e+00
4.067271232604980469e+00
4.066942214965819424e+00
4.065955162048339844e+00
4.064793586730957031e+00
4.063879489898681641e+00
4.064271926879883701e+00
4.064082145690917969e+00
4.064486980438231534e+00
4.064016819000243252e+00
4.063471794128417969e+00
4.063057899475098544e+00
4.062736034393311435e+00
4.061511039733886719e+00
4.061548233032227451e+00
4.060938835144042969e+00
4.060877799987792969e+00
4.059589385986328125e+00
4.060072898864746094e+00
4.061150550842285156e+00
4.060756206512451172e+00
4.060416698455810547e+00
4.060083389282227451e+00
4.060374736785888672e+00
4.059908866882323331e+00
4.057545185089111328e+00
4.056907653808593750e+00
4.052247524261475498e+00
4.054722309112548828e+00
4.054621219635009766e+00
4.053471565246582031e+00
4.052884578704833984e+00
4.051890373229980469e+00
4.052584648132323331e+00
4.052161693572998047e+00
4.052071571350098544e+00
4.050823211669921875e+00
4.051445007324218750e+00
4.050824165344238281e+00
4.051295757293701172e+00
4.049922943115233487e+00
4.049890995025634766e+00
4.049929618835448331e+00
4.050043106079102451e+00
4.049264430999756748e+00
4.049272537231444424e+00
4.049779891967772549e+00
4.049073696136475498e+00
4.048366546630858487e+00
4.047143459320068359e+00
4.043694496154785156e+00
4.042854309082031250e+00
4.042399883270263672e+00
4.041713714599608487e+00
4.042336940765381748e+00
4.042536258697509766e+00
4.043701171875000000e+00
4.043806076049805576e+00
4.044039249420166016e+00
4.044564247131348544e+00
4.043621063232421875e+00
4.042617321014403409e+00
4.042524337768555576e+00
4.042956829071044922e+00
4.042140960693358487e+00
4.041554927825928623e+00
4.043259620666503906e+00
4.044384002685546875e+00
4.044459342956542969e+00
4.045667648315430576e+00
4.046644687652587891e+00
4.046220302581787109e+00
4.047151088714600498e+00
4.047718524932861328e+00
4.047192096710205078e+00
4.048147201538086826e+00
4.047009468078613281e+00
4.046211719512940341e+00
4.047974586486816406e+00
4.047774791717528409e+00
4.048755645751953125e+00
4.049596309661865234e+00
4.050562381744384766e+00
4.050531387329102451e+00
4.050024032592772549e+00
4.050247192382812500e+00
4.048713684082031250e+00
4.048971176147461826e+00
4.048300266265868252e+00
4.049940109252930576e+00
4.050823688507080078e+00
4.051520347595214844e+00
4.053296089172363281e+00
4.054662227630615234e+00
4.052700519561768466e+00
4.052958965301513672e+00
4.052675724029541016e+00
4.052985191345214844e+00
4.053182601928711826e+00
4.054710865020751953e+00
4.056246757507323331e+00
4.054317474365233487e+00
4.053781032562256748e+00
4.055092811584473544e+00
4.054214000701903409e+00
4.055964469909667969e+00
4.055294513702393466e+00
4.056468486785888672e+00
4.057013511657714844e+00
4.056162357330321377e+00
4.056752681732178623e+00
4.055802822113037109e+00
4.054383277893066406e+00
4.054289817810058594e+00
4.053583145141602451e+00
4.055659294128417969e+00
4.056242465972899502e+00
4.056629180908203125e+00
4.056618213653564453e+00
4.055413246154785156e+00
4.055585861206055576e+00
4.054883480072021484e+00
4.055617809295653409e+00
4.056872367858886719e+00
4.056390285491943359e+00
4.059473991394042969e+00
4.060225963592528409e+00
4.061031341552733487e+00
4.063707351684569424e+00
4.063727378845214844e+00
4.066082954406738281e+00
4.067560195922852451e+00
4.066872119903564453e+00
4.065419197082520419e+00
4.064792633056641513e+00
4.064482688903808594e+00
4.064348220825194424e+00
4.068190097808837891e+00
4.068574428558350498e+00
4.070082187652587891e+00
4.071482658386231357e+00
4.072033882141113281e+00
4.072818279266356534e+00
4.072707176208496094e+00
4.072119235992431641e+00
4.071850776672363281e+00
4.072641849517821377e+00
4.074411392211913174e+00
4.074900150299071377e+00
4.075907707214356357e+00
4.076186180114746094e+00
4.077467441558837891e+00
4.077054500579833984e+00
4.076442241668701172e+00
4.079707622528076172e+00
4.081706523895263672e+00
4.082858085632323331e+00
4.083270549774169922e+00
4.081634521484375000e+00
4.079804897308350498e+00
4.078110694885253906e+00
4.078677177429198331e+00
4.079397201538086826e+00
4.079833507537841797e+00
4.080717086791991299e+00
4.079037189483643466e+00
4.078283786773681641e+00
4.078964233398437500e+00
4.078490257263183594e+00
4.079318523406981534e+00
4.079789638519287109e+00
4.077489376068115234e+00
4.077006340026856357e+00
4.077657699584961826e+00
4.076056957244873047e+00
4.076658248901366299e+00
4.077939987182616299e+00
4.078807353973388672e+00
4.080011844635009766e+00
4.080877304077147549e+00
4.079862117767333984e+00
4.080556869506836826e+00
4.080240726470946377e+00
4.079503059387207031e+00
4.080407619476318359e+00
4.080032825469971591e+00
4.078464031219481534e+00
4.082626342773437500e+00
4.082853794097899502e+00
4.084613323211669922e+00
4.083908557891846591e+00
4.085127830505371094e+00
4.086565494537353516e+00
4.084950447082520419e+00
4.084217071533203125e+00
4.084740161895751953e+00
4.085741996765136719e+00
4.085146903991698331e+00
4.085389614105225498e+00
4.086899280548096591e+00
4.088559627532958984e+00
4.087980747222899502e+00
4.086547851562500000e+00
4.085992336273193359e+00
4.085486888885498047e+00
4.085857868194580078e+00
4.085185527801513672e+00
4.084597587585448331e+00
4.084424972534180576e+00
4.084229469299316406e+00
4.086240291595458984e+00
4.086894512176513672e+00
4.085472106933593750e+00
4.084633827209473544e+00
4.084534168243408203e+00
4.082764625549316406e+00
4.080972671508788174e+00
4.080755710601806641e+00
4.079459190368651456e+00
4.079918384552001953e+00
4.080237865447998047e+00
4.081403732299805576e+00
4.081186771392821377e+00
4.082559108734131748e+00
4.081029415130615234e+00
4.080345153808593750e+00
4.078851699829102451e+00
4.079645633697509766e+00
4.079678535461426669e+00
4.079394817352294922e+00
4.080046653747558594e+00
4.080111980438231534e+00
4.079165935516356534e+00
4.078490734100341797e+00
4.078832626342772549e+00
4.078827381134033203e+00
4.079455375671386719e+00
4.079806804656981534e+00
4.080744743347167969e+00
4.079493999481201172e+00
4.078036308288573331e+00
4.076684474945068359e+00
4.075795173645020419e+00
4.075569152832031250e+00
4.075735092163086826e+00
4.075839519500731534e+00
4.075205326080321377e+00
4.074782848358153409e+00
4.076530933380126953e+00
4.074648857116698331e+00
4.075361251831055576e+00
4.075902462005615234e+00
4.075813770294189453e+00
4.075261592864990234e+00
4.074071884155272549e+00
4.073478698730468750e+00
4.076031208038330078e+00
4.076587200164794922e+00
4.077798843383788174e+00
4.078565597534180576e+00
4.081164836883544922e+00
4.082154750823975498e+00
4.083946704864501953e+00
4.084136962890625000e+00
4.083981037139893466e+00
4.084519863128662109e+00
4.084212779998778409e+00
4.084470272064208984e+00
4.086035251617431641e+00
4.086445331573486328e+00
4.087534904479980469e+00
4.087579727172852451e+00
4.088283538818358487e+00
4.088947772979736328e+00
4.087491035461426669e+00
4.087745666503906250e+00
4.087626457214356357e+00
4.088008880615233487e+00
4.090527057647705078e+00
4.090162754058837891e+00
4.090221405029296875e+00
4.091368198394774502e+00
4.091174125671386719e+00
4.092095375061035156e+00
4.090750694274901456e+00
4.091231346130371094e+00
4.090294361114501953e+00
4.090790271759033203e+00
4.091011524200440341e+00
4.092088222503662109e+00
4.093371868133544922e+00
4.092556476593018466e+00
4.093040943145751953e+00
4.092518806457520419e+00
4.091702938079833984e+00
4.091967105865479404e+00
4.093901157379149502e+00
4.093254566192626953e+00
4.093870639801024502e+00
4.092421054840087891e+00
4.094374656677246094e+00
4.093671798706055576e+00
4.093723297119141513e+00
4.094292640686035156e+00
4.093101501464843750e+00
4.093474388122558594e+00
4.092459201812743252e+00
4.089722156524658203e+00
4.089533805847167969e+00
4.088982582092285156e+00
4.087816238403319424e+00
4.088019371032714844e+00
4.088092803955078125e+00
4.086466789245605469e+00
4.086259841918944424e+00
4.085330486297606534e+00
4.084672451019287109e+00
4.083424091339111328e+00
4.081439495086669922e+00
4.078681468963623047e+00
4.078759670257568359e+00
4.075359344482421875e+00
4.074807643890381748e+00
4.072695255279541016e+00
4.069257736206055576e+00
4.069535255432128906e+00
4.066834449768066406e+00
4.065052509307861328e+00
4.064614772796631748e+00
4.063766479492188388e+00
4.061154365539551669e+00
4.059909343719481534e+00
4.058499336242676669e+00
4.055640697479248047e+00
4.053496360778808594e+00
4.052459716796875000e+00
4.053113937377930576e+00
4.052444458007812500e+00
4.049903392791748047e+00
4.051376342773437500e+00
4.051349639892578125e+00
4.047268867492676669e+00
4.045589923858643466e+00
4.045080661773681641e+00
4.045468807220458984e+00
4.044888496398926669e+00
4.044706344604491299e+00
4.044126033782958984e+00
4.042595863342285156e+00
4.043052673339843750e+00
4.041292667388916016e+00
4.039361476898193359e+00
4.040054798126221591e+00
4.037409305572509766e+00
4.036821842193604404e+00
4.034995555877685547e+00
4.034355163574218750e+00
4.033363819122314453e+00
4.032412052154541016e+00
4.032889842987060547e+00
4.030949592590332031e+00
4.032282829284667969e+00
4.032978057861328125e+00
4.031936168670653409e+00
4.032379627227783203e+00
4.031696319580078125e+00
4.030179023742676669e+00
4.030593872070312500e+00
4.029938697814941406e+00
4.031179904937743252e+00
4.031228065490723544e+00
4.030778884887694424e+00
4.030249118804931641e+00
4.029579162597656250e+00
4.030113697052001953e+00
4.028633117675781250e+00
4.028090000152587891e+00
4.027245521545410156e+00
4.026556491851806641e+00
4.026247024536133701e+00
4.026587009429931641e+00
4.025975227355957031e+00
4.026144504547118252e+00
4.024518966674805576e+00
4.023962974548339844e+00
4.023203849792480469e+00
4.021780014038086826e+00
4.024564743041991299e+00
4.023298263549805576e+00
4.022656440734863281e+00
4.022949218750000000e+00
4.022625446319580078e+00
4.022571563720703125e+00
4.021984100341796875e+00
4.021747112274169922e+00
4.018807888031006748e+00
4.019473075866698331e+00
4.020133495330810547e+00
4.019613265991211826e+00
4.019770622253417969e+00
4.018703460693358487e+00
4.019683837890625000e+00
4.019886970520020419e+00
4.020053863525391513e+00
4.019412040710448331e+00
4.019084453582763672e+00
4.019082069396973544e+00
4.017867088317871094e+00
4.018175601959228516e+00
4.018182754516602451e+00
4.018163681030272549e+00
4.017426967620850498e+00
4.016834259033203125e+00
4.015923023223876953e+00
4.015141487121582031e+00
4.013772964477538174e+00
4.014421939849853516e+00
4.015675067901611328e+00
4.012337684631348544e+00
4.012807846069336826e+00
4.009307384490966797e+00
4.010214805603026456e+00
4.008595466613769531e+00
4.006870746612548828e+00
4.008294105529785156e+00
4.006725311279296875e+00
4.006354808807373047e+00
4.003505229949951172e+00
4.002368927001953125e+00
4.000002384185791016e+00
3.999913454055786133e+00
3.999232292175292969e+00
3.997000932693481445e+00
3.996479034423828125e+00
3.996695995330810547e+00
3.996847867965697798e+00
3.998079061508178267e+00
3.997003555297852007e+00
3.996261596679687944e+00
3.996689558029174805e+00
3.995064496994018555e+00
3.994811773300171343e+00
3.993679523468017578e+00
3.994091749191283736e+00
3.994020462036133257e+00
3.993087053298950195e+00
3.991785287857056108e+00
3.991627216339111328e+00
3.991872310638428178e+00
3.992051124572753906e+00
3.991111755371093750e+00
3.990952491760253906e+00
3.989838123321533203e+00
3.989421606063842329e+00
3.987843275070190430e+00
3.986988067626953125e+00
3.986315250396728960e+00
3.984719276428223100e+00
3.985112428665161133e+00
3.984307050704956055e+00
3.985038042068481445e+00
3.983470201492309570e+00
3.982645273208618164e+00
3.982966423034667969e+00
3.981700420379639116e+00
3.982000350952148882e+00
3.981730699539185014e+00
3.979638099670410156e+00
3.980012178421020952e+00
3.978774547576903853e+00
3.979257106781006303e+00
3.978686809539794922e+00
3.979087829589844194e+00
3.978928089141845703e+00
3.978313922882080078e+00
3.977951288223266602e+00
3.977295398712158203e+00
3.977362871170043945e+00
3.976983070373535156e+00
3.976074695587158203e+00
3.976132869720458984e+00
3.975974321365356889e+00
3.975611209869384766e+00
3.976529359817504883e+00
3.975841999053955078e+00
3.975044727325439897e+00
3.974991083145141602e+00
3.975246667861938477e+00
3.975903034210205078e+00
3.975587368011474609e+00
3.975823163986206055e+00
3.973965406417847124e+00
3.972617864608764648e+00
3.972975730895996094e+00
3.972342729568481445e+00
3.972462177276611328e+00
3.971072673797607866e+00
3.971378803253173828e+00
3.968531608581542969e+00
3.967482328414916992e+00
3.967722892761231357e+00
3.967573165893554243e+00
3.967585563659667969e+00
3.967676877975463867e+00
3.966299295425415039e+00
3.965845823287963867e+00
3.964592456817626953e+00
3.964898109436035156e+00
3.964861392974853516e+00
3.963189125061035156e+00
3.963503599166870117e+00
3.961448192596435991e+00
3.961308956146239790e+00
3.959724903106689453e+00
3.958044528961181641e+00
3.958018064498900923e+00
3.955901861190796343e+00
3.956308364868163618e+00
3.956331253051758257e+00
3.955386161804198775e+00
3.955939292907714844e+00
3.955510139465332031e+00
3.955877304077148882e+00
3.954544305801392046e+00
3.954514503479003906e+00
3.953733205795288086e+00
3.952230930328368697e+00
3.950415134429932085e+00
3.949485301971435991e+00
3.949203968048096147e+00
3.948413372039794922e+00
3.946383237838745117e+00
3.946939706802368164e+00
3.945831060409546343e+00
3.946192741394042969e+00
3.944038152694701704e+00
3.942139387130736861e+00
3.941086053848266602e+00
3.938986301422118697e+00
3.938849925994873047e+00
3.937655925750732866e+00
3.936682939529418945e+00
3.936367750167847124e+00
3.934882164001464844e+00
3.935835838317871094e+00
3.935705900192260742e+00
3.933917522430419922e+00
3.933447360992432085e+00
3.931432962417602539e+00
3.930399417877196822e+00
3.930212974548339844e+00
3.930057764053344727e+00
3.930772304534912109e+00
3.930205345153808594e+00
3.930324077606201172e+00
3.930098295211791992e+00
3.927931547164916992e+00
3.928084135055541992e+00
3.927692651748656782e+00
3.927455902099609819e+00
3.927068471908568892e+00
3.927144765853881836e+00
3.927031993865966797e+00
3.926290750503540039e+00
3.927007198333739790e+00
3.926529645919799805e+00
3.925745964050292969e+00
3.925967931747436968e+00
3.925518035888671875e+00
3.925276279449462891e+00
3.924303054809569424e+00
3.925477504730224609e+00
3.924906253814696822e+00
3.923571825027466264e+00
3.923676729202271396e+00
3.922758579254150391e+00
3.921664953231811968e+00
3.921810150146484819e+00
3.920384168624877930e+00
3.918749809265136719e+00
3.918011665344238281e+00
3.918006896972655806e+00
3.917135000228881836e+00
3.915438890457152876e+00
3.915420532226562500e+00
3.913705110549927202e+00
3.913401603698730469e+00
3.911797285079956055e+00
3.911391258239746094e+00
3.911073684692383257e+00
3.910484313964844194e+00
3.910692453384399858e+00
3.910801172256469727e+00
3.910603284835815874e+00
3.909952640533447266e+00
3.908496379852294922e+00
3.908418178558349609e+00
3.907551050186156782e+00
3.907283067703247070e+00
3.906466245651245117e+00
3.905171632766724077e+00
3.904606580734252930e+00
3.903166294097900835e+00
3.903617382049560991e+00
3.902060985565185547e+00
3.900512456893921343e+00
3.900169372558593750e+00
3.898624420166016069e+00
3.898850440979003906e+00
3.898494958877563921e+00
3.897183179855346236e+00
3.895986795425415039e+00
3.895879268646239790e+00
3.896872758865356889e+00
3.897219896316527876e+00
3.896309852600097656e+00
3.896124839782714844e+00
3.896286487579345703e+00
3.896274566650391069e+00
3.896283626556396928e+00
3.896438837051392046e+00
3.896953821182251421e+00
3.896407365798950195e+00
3.896749496459961382e+00
3.895838022232056108e+00
3.895619153976439986e+00
3.893960237503052202e+00
3.893440246582031250e+00
3.894187688827514204e+00
3.894279241561889648e+00
3.894090414047241211e+00
3.894670009613037109e+00
3.892845392227173296e+00
3.893584251403808594e+00
3.893014430999756303e+00
3.892277956008911133e+00
3.891708135604857510e+00
3.891228675842285156e+00
3.892046689987183061e+00
3.892111778259276900e+00
3.892527341842651367e+00
3.892004489898681641e+00
3.891038894653319868e+00
3.892039537429809570e+00
3.891219854354857510e+00
3.891007184982299805e+00
3.889910459518432617e+00
3.889501333236694336e+00
3.889917612075805664e+00
3.887728929519652876e+00
3.888226985931396928e+00
3.888757944107056108e+00
3.888241529464721680e+00
3.888606548309326172e+00
3.888295650482177734e+00
3.888592481613158736e+00
3.888041257858276811e+00
3.887261390686035156e+00
3.887676000595092773e+00
3.886924028396606445e+00
3.887421369552611861e+00
3.886566638946533203e+00
3.887141466140747070e+00
3.886700391769408736e+00
3.886592626571655273e+00
3.887367486953735796e+00
3.887211084365844727e+00
3.887297630310058594e+00
3.886033058166503906e+00
3.885311365127563921e+00
3.885635375976562500e+00
3.886037111282348633e+00
3.885855674743651900e+00
3.885843992233276811e+00
3.884202718734741211e+00
3.883233785629272905e+00
3.882351398468017578e+00
3.882798910140991211e+00
3.883668661117553711e+00
3.884073734283447266e+00
3.884200572967528853e+00
3.884701251983642578e+00
3.884615659713745117e+00
3.883763790130615234e+00
3.882733345031737393e+00
3.882825374603271928e+00
3.881060123443603960e+00
3.881422519683837891e+00
3.880870103836060014e+00
3.880875110626220703e+00
3.879824161529541016e+00
3.878296613693236861e+00
3.877509117126464844e+00
3.877910614013671875e+00
3.876507997512817383e+00
3.876114845275878906e+00
3.875088214874268022e+00
3.874190568923950195e+00
3.873394489288330078e+00
3.873472690582275391e+00
3.873702049255371094e+00
3.873585462570190430e+00
3.874244451522826704e+00
3.874019145965576172e+00
3.872193813323975053e+00
3.872542142868041992e+00
3.871751546859741211e+00
3.871653795242309570e+00
3.870795488357543945e+00
3.870931148529052734e+00
3.870528459548950195e+00
3.870900392532348633e+00
3.872055053710937500e+00
3.871630907058716264e+00
3.870453834533691406e+00
3.870388746261596680e+00
3.869419813156127930e+00
3.869590044021606445e+00
3.869382858276366743e+00
3.870139360427856001e+00
3.870492458343506303e+00
3.870013713836669922e+00
3.870201826095581055e+00
3.868157625198363814e+00
3.868568658828735796e+00
3.868589162826538086e+00
3.867432832717895952e+00
3.867445468902587891e+00
3.867273807525634322e+00
3.867914915084838867e+00
3.868203163146972656e+00
3.868280887603760210e+00
3.867579936981201172e+00
3.866677999496459961e+00
3.866714954376220703e+00
3.867322206497191939e+00
3.867857694625855380e+00
3.867185831069945401e+00
3.866029024124145508e+00
3.866769552230834961e+00
3.865969181060791016e+00
3.866211891174316850e+00
3.866025447845458984e+00
3.865114450454711914e+00
3.866376399993896928e+00
3.865623235702514204e+00
3.866161108016968218e+00
3.866209268569945401e+00
3.864561080932616743e+00
3.864807128906250000e+00
3.864305257797241211e+00
3.864479303359985796e+00
3.864385128021239790e+00
3.863697767257689542e+00
3.863724946975708008e+00
3.863602876663208008e+00
3.863231897354126421e+00
3.862799406051636186e+00
3.862745285034180132e+00
3.862754106521606445e+00
3.860787153244018555e+00
3.860847949981689453e+00
3.860009431838988814e+00
3.859934091567993164e+00
3.859843969345092773e+00
3.858917951583862305e+00
3.859137296676636186e+00
3.857895612716674805e+00
3.858107566833496094e+00
3.857766389846801758e+00
3.856821537017822266e+00
3.857210874557495117e+00
3.856617689132689542e+00
3.855150461196899414e+00
3.854902029037476030e+00
3.853709697723388672e+00
3.854379892349243164e+00
3.854126691818236861e+00
3.854135036468506303e+00
3.852712154388428178e+00
3.851628303527832031e+00
3.852135419845581055e+00
3.851661443710326704e+00
3.851819038391112837e+00
3.850699186325072798e+00
3.849718809127808061e+00
3.849748373031616211e+00
3.847896099090576172e+00
3.848731279373168945e+00
3.848897695541381836e+00
3.848390817642211914e+00
3.848573923110961914e+00
3.846506595611571822e+00
3.847499847412108931e+00
3.846798658370972124e+00
3.847418308258056641e+00
3.847470760345458984e+00
3.846641540527344194e+00
3.848153591156006303e+00
3.847378492355346236e+00
3.847378730773926225e+00
3.846875905990600586e+00
3.846992492675780806e+00
3.847916126251220703e+00
3.848139524459838867e+00
3.847632408142089844e+00
3.847574949264526367e+00
3.847184658050537109e+00
3.848206996917724609e+00
3.847934484481811968e+00
3.847966194152832031e+00
3.846778154373168945e+00
3.846659183502196822e+00
3.846616506576538086e+00
3.846020221710205078e+00
3.845930814743041992e+00
3.846665620803833008e+00
3.845915079116820845e+00
3.845599651336669922e+00
3.845024108886719194e+00
3.845196485519408736e+00
3.844730854034423828e+00
3.843968152999877930e+00
3.844077110290527344e+00
3.843878507614136186e+00
3.843795299530028853e+00
3.842926979064940962e+00
3.842845678329468218e+00
3.841917753219604936e+00
3.841125011444091797e+00
3.841479301452636719e+00
3.841234683990479404e+00
3.841215610504150391e+00
3.840268373489379883e+00
3.840431213378905806e+00
3.841507911682128906e+00
3.840929985046386275e+00
3.842115640640258789e+00
3.841279745101928711e+00
3.840757846832275391e+00
3.841206312179564986e+00
3.842257022857666016e+00
3.842130184173583984e+00
3.842220544815063921e+00
3.841439008712768999e+00
3.842880249023437500e+00
3.842303991317748579e+00
3.841113805770873579e+00
3.840562105178833008e+00
3.840252161026001421e+00
3.841252326965332031e+00
3.841377735137939897e+00
3.840890407562256303e+00
3.840609788894652876e+00
3.840020895004272905e+00
3.839705467224121094e+00
3.839623928070068803e+00
3.839663982391356978e+00
3.840611457824707031e+00
3.839911222457885742e+00
3.840099811553955078e+00
3.839425563812256303e+00
3.838681459426879883e+00
3.839048147201538086e+00
3.839050292968750000e+00
3.839153766632080078e+00
3.838308334350586382e+00
3.838111877441406250e+00
3.837541103363037109e+00
3.836890220642089844e+00
3.836024284362792969e+00
3.834465265274048296e+00
3.834480762481689453e+00
3.834004640579224077e+00
3.833783388137817383e+00
3.833703041076660156e+00
3.832507610321044922e+00
3.832996845245360884e+00
3.832417964935303178e+00
3.832535743713378906e+00
3.831972360610961914e+00
3.831622600555419922e+00
3.831801652908325195e+00
3.831449747085571289e+00
3.831430196762084961e+00
3.830984354019165039e+00
3.830258131027221680e+00
3.830947637557983843e+00
3.830419063568115234e+00
3.830020666122436968e+00
3.829958677291870117e+00
3.829335689544677734e+00
3.828613996505736861e+00
3.829033374786376953e+00
3.829505443572998047e+00
3.829116821289063388e+00
3.827854871749877930e+00
3.828061342239379883e+00
3.827321290969848633e+00
3.827413320541381836e+00
3.827421903610229492e+00
3.826705932617187944e+00
3.827167272567748579e+00
3.825077056884765625e+00
3.824503660202025479e+00
3.824044942855834961e+00
3.823411226272583008e+00
3.822979927062987837e+00
3.821498155593872070e+00
3.821259021759033203e+00
3.819807291030883789e+00
3.820157051086426225e+00
3.819328308105468750e+00
3.818381547927856001e+00
3.818166255950928178e+00
3.818039417266845703e+00
3.818410634994506836e+00
3.817649126052856001e+00
3.816326856613158736e+00
3.816104173660278320e+00
3.814536094665527344e+00
3.814314365386962891e+00
3.814150094985961914e+00
3.812902927398681641e+00
3.812749147415161133e+00
3.812362909317016602e+00
3.812973022460937500e+00
3.811526298522948775e+00
3.809735774993896928e+00
3.809015989303588867e+00
3.807186841964721680e+00
3.806638479232788086e+00
3.807227611541748047e+00
3.807384014129639116e+00
3.807844400405883789e+00
3.806278705596923828e+00
3.806602001190185547e+00
3.806595325469970259e+00
3.805822372436522993e+00
3.805720090866088867e+00
3.805495738983153409e+00
3.806778669357299805e+00
3.806335210800171343e+00
3.805888414382935014e+00
3.805976152420043945e+00
3.805013418197631836e+00
3.804309368133544922e+00
3.804125547409057617e+00
3.804054021835326704e+00
3.804118871688842329e+00
3.803326606750487837e+00
3.802079677581787109e+00
3.802623748779296875e+00
3.801546573638916016e+00
3.801270723342895952e+00
3.800165414810180664e+00
3.800962448120116743e+00
3.800938844680786133e+00
3.802358627319336382e+00
3.801266431808472124e+00
3.799152851104735884e+00
3.799876451492309570e+00
3.800771951675415039e+00
3.800798416137695312e+00
3.800189256668091264e+00
3.798832416534423828e+00
3.798626661300658736e+00
3.798308610916137695e+00
3.799216032028198242e+00
3.798165082931518999e+00
3.799004316329956055e+00
3.800536870956421343e+00
3.800750970840453657e+00
3.801509380340576172e+00
3.800956249237060991e+00
3.799809455871582031e+00
3.801695346832275391e+00
3.799039840698241743e+00
3.799170494079589844e+00
3.799526929855346236e+00
3.797892093658447266e+00
3.797289133071899414e+00
3.797251939773560014e+00
3.796552419662476030e+00
3.796597480773926225e+00
3.798331022262572798e+00
3.798531055450439897e+00
3.798041582107543945e+00
3.797845840454101562e+00
3.797216892242432085e+00
3.800200223922729492e+00
3.798641204833983931e+00
3.801189899444580078e+00
3.804416656494140625e+00
3.805909872055053711e+00
3.807443141937256303e+00
3.807538032531737393e+00
3.809325456619263139e+00
3.809430360794067383e+00
3.808091640472412109e+00
3.811999320983887163e+00
3.811549425125122070e+00
3.811599016189575195e+00
3.815283775329589844e+00
3.816544055938720703e+00
3.817382097244263139e+00
3.819831132888793945e+00
3.821290493011474609e+00
3.824034690856933594e+00
3.824825763702392578e+00
3.828050374984741211e+00
3.832479000091552734e+00
3.833260774612426314e+00
3.834459781646728960e+00
3.836996078491211382e+00
3.839719533920288086e+00
3.843589067459105557e+00
3.848245143890381303e+00
3.849940538406372070e+00
3.850230216979980913e+00
3.853738307952881303e+00
3.853977441787720171e+00
3.854336738586426225e+00
3.858558177947998047e+00
3.860447645187377930e+00
3.862296819686889648e+00
3.868468523025512695e+00
3.871696233749389648e+00
3.875619888305663618e+00
3.876834869384765625e+00
3.880067110061645508e+00
3.880428314208983931e+00
3.882043600082397461e+00
3.882219552993774414e+00
3.884812116622924805e+00
3.885514497756958008e+00
3.885492324829101562e+00
3.890469551086426225e+00
3.894476890563964844e+00
3.895902872085571289e+00
3.898089170455932617e+00
3.898594617843627930e+00
3.898315429687500000e+00
3.898441553115844727e+00
3.898396015167235884e+00
3.899364233016968218e+00
3.900223255157471147e+00
3.901043415069580078e+00
3.901187896728516069e+00
3.901610851287841797e+00
3.902821302413940874e+00
3.900258779525756836e+00
3.901716947555541992e+00
3.901850938796997070e+00
3.901864528656006303e+00
3.901586532592772993e+00
3.900332450866698775e+00
3.897727966308593750e+00
3.899215221405028853e+00
3.897208213806151900e+00
3.897231101989746094e+00
3.896521329879760742e+00
3.897630453109741211e+00
3.896197319030761719e+00
3.895696878433227983e+00
3.896795511245727983e+00
3.894957542419433594e+00
3.895824670791626421e+00
3.895478010177611861e+00
3.894959211349487305e+00
3.896278858184815341e+00
3.892107009887695312e+00
3.892782211303711382e+00
3.892463684082031250e+00
3.890820980072021484e+00
3.889453649520873579e+00
3.886877059936522993e+00
3.886591672897338867e+00
3.884680271148681641e+00
3.885787725448607954e+00
3.885748386383056641e+00
3.886132478713988814e+00
3.888144731521606445e+00
3.881425857543944868e+00
3.882969379425048828e+00
3.881102323532104936e+00
3.879685878753662109e+00
3.879960060119628906e+00
3.878225326538086382e+00
3.877218484878540039e+00
3.876953125000000000e+00
3.876760959625243697e+00
3.876869440078735796e+00
3.873730897903441495e+00
3.875737905502319336e+00
3.874932765960692915e+00
3.871528387069701704e+00
3.870866060256958008e+00
3.869052886962890181e+00
3.867291688919067383e+00
3.869368553161621094e+00
3.867880582809447798e+00
3.869501352310180664e+00
3.868655204772948775e+00
3.868779659271239790e+00
3.868786573410033736e+00
3.867726087570190430e+00
3.867437601089477539e+00
3.866043806076049805e+00
3.866580247879027876e+00
3.866582393646239790e+00
3.868685483932495117e+00
3.869563102722167969e+00
3.868053913116455078e+00
3.868555784225463867e+00
3.869414329528808594e+00
3.869568824768065518e+00
3.868978261947631836e+00
3.867990016937256303e+00
3.867592096328735796e+00
3.866942644119263139e+00
3.866034746170043945e+00
3.867662668228148970e+00
3.867012500762939897e+00
3.867027282714844194e+00
3.866945981979370117e+00
3.866931438446044922e+00
3.867271423339844194e+00
3.865525960922241211e+00
3.866499662399291992e+00
3.865648746490479404e+00
3.866083621978760210e+00
3.865528345108031782e+00
3.863692522048950195e+00
3.863284349441527876e+00
3.861730098724364790e+00
3.862176179885863814e+00
3.858125686645508257e+00
3.857658624649048296e+00
3.856711626052856001e+00
3.854976654052734375e+00
3.855273008346557617e+00
3.852889537811279297e+00
3.852248191833496094e+00
3.853494882583618164e+00
3.851463317871093750e+00
3.851712942123413086e+00
3.849753618240356889e+00
3.849885463714600053e+00
3.849190473556518999e+00
3.847190618515015093e+00
3.846133947372436968e+00
3.845418930053711382e+00
3.846672773361206055e+00
3.846359014511108843e+00
3.844817161560058594e+00
3.844486236572265625e+00
3.843466281890868697e+00
3.843233346939086914e+00
3.840735197067260742e+00
3.840070962905883789e+00
3.839506149291991743e+00
3.838257312774658203e+00
3.837163448333739790e+00
3.836284399032592773e+00
3.836371898651123047e+00
3.834250211715697798e+00
3.834580659866333008e+00
3.833477497100830078e+00
3.833072423934936968e+00
3.832441806793212891e+00
3.832308769226073775e+00
3.830581903457641602e+00
3.830487012863158736e+00
3.829957246780395952e+00
3.830479621887207031e+00
3.829557895660399947e+00
3.828559637069701704e+00
3.828867912292480913e+00
3.828936100006103960e+00
3.828702688217163086e+00
3.828271150588988814e+00
3.825656175613403320e+00
3.825220108032226562e+00
3.826122045516968218e+00
3.824800491333008257e+00
3.823793649673461914e+00
3.821604728698730469e+00
3.821594238281250000e+00
3.819423675537108931e+00
3.818766117095947266e+00
3.816690444946288618e+00
3.815837144851685014e+00
3.814046144485473633e+00
3.813881874084472656e+00
3.812687397003173828e+00
3.810979604721068892e+00
3.809259891510009766e+00
3.809477806091308594e+00
3.808657646179198775e+00
3.807915210723876953e+00
3.807324647903441495e+00
3.806857347488403320e+00
3.808095693588256836e+00
3.806346416473388672e+00
3.805110931396484819e+00
3.803121328353881836e+00
3.800456285476685014e+00
3.799158811569213867e+00
3.797275781631469727e+00
3.797850847244263139e+00
3.796872854232788086e+00
3.795439004898071289e+00
3.796565294265747070e+00
3.794399738311768022e+00
3.795246601104735884e+00
3.795757293701171875e+00
3.791630268096923828e+00
3.790908575057983843e+00
3.789588212966918945e+00
3.790518283843993697e+00
3.789123773574828657e+00
3.789896965026855913e+00
3.788670539855957031e+00
3.788497686386108843e+00
3.789735555648804155e+00
3.788024902343750000e+00
3.786134004592895952e+00
3.783512830734252930e+00
3.785877943038940874e+00
3.786371469497680664e+00
3.785498142242432085e+00
3.785547018051147905e+00
3.785374164581298828e+00
3.783838987350463867e+00
3.783247470855712891e+00
3.784913301467895952e+00
3.783866167068481445e+00
3.783687114715576172e+00
3.782674789428711382e+00
3.782285690307616743e+00
3.781386852264403853e+00
3.781632900238037109e+00
3.782414197921752930e+00
3.783458948135376421e+00
3.783414840698241743e+00
3.783504247665404829e+00
3.782333850860596147e+00
3.782674789428711382e+00
3.782360792160033736e+00
3.781411886215209961e+00
3.781429529190063921e+00
3.781096935272216797e+00
3.780450344085692915e+00
3.780697345733642578e+00
3.781479597091674805e+00
3.780495882034301758e+00
3.780662059783935991e+00
3.779300212860107422e+00
3.780013561248779297e+00
3.780144691467285156e+00
3.779039382934569424e+00
3.778497695922852007e+00
3.776891946792602539e+00
3.776028156280517578e+00
3.777217864990233487e+00
3.777517557144165039e+00
3.777637243270873579e+00
3.776971817016601562e+00
3.774650096893310991e+00
3.775216102600097656e+00
3.775263786315917969e+00
3.776639699935913086e+00
3.775800704956055132e+00
3.777372360229491743e+00
3.777871131896972656e+00
3.776061058044433594e+00
3.775730848312377930e+00
3.775692939758301225e+00
3.773665428161621094e+00
3.774511098861694336e+00
3.774653196334838867e+00
3.775456905364990234e+00
3.773988962173461914e+00
3.774313926696776900e+00
3.774184942245483398e+00
3.773344039916991743e+00
3.774043560028076172e+00
3.772733449935913086e+00
3.772958040237426314e+00
3.772688865661621094e+00
3.773170471191406250e+00
3.772059440612792969e+00
3.770889282226562500e+00
3.770839929580688921e+00
3.769959926605224609e+00
3.769495964050292969e+00
3.767913341522216797e+00
3.767562389373779297e+00
3.767997264862060991e+00
3.767712116241455078e+00
3.768708705902100053e+00
3.767317533493041992e+00
3.766871929168701172e+00
3.766336441040038618e+00
3.764869451522826704e+00
3.765301704406737393e+00
3.765263080596923828e+00
3.764480829238892046e+00
3.765179395675658736e+00
3.763526678085326704e+00
3.762679815292358398e+00
3.761859416961669922e+00
3.761163711547852007e+00
3.760369062423706055e+00
3.759611606597900835e+00
3.759915351867676225e+00
3.760470151901245117e+00
3.760100364685058594e+00
3.759884357452392578e+00
3.760256528854370117e+00
3.761698722839355913e+00
3.760776519775391069e+00
3.761008262634276900e+00
3.762053728103637695e+00
3.760862588882446289e+00
3.760777473449707031e+00
3.761903047561645508e+00
3.762263774871826172e+00
3.762505054473876953e+00
3.761206626892089844e+00
3.761250495910644975e+00
3.761041402816772905e+00
3.760030984878540039e+00
3.761815309524536133e+00
3.760965585708618164e+00
3.762311220169067383e+00
3.761754274368286133e+00
3.761389970779418945e+00
3.761899948120116743e+00
3.761945724487304688e+00
3.762817859649658203e+00
3.762677907943725586e+00
3.763272762298583984e+00
3.763559341430663618e+00
3.763807773590087891e+00
3.764978408813477007e+00
3.764209270477294922e+00
3.763993263244628906e+00
3.766086578369140625e+00
3.765590906143188921e+00
3.765565395355224609e+00
3.765223026275634322e+00
3.765800714492798296e+00
3.766201257705688921e+00
3.766509056091308594e+00
3.766432285308837891e+00
3.766026973724364790e+00
3.766436338424682617e+00
3.765883922576903853e+00
3.766268491744995117e+00
3.766679048538208008e+00
3.767081499099731001e+00
3.767728328704833984e+00
3.767065286636352983e+00
3.766379117965697798e+00
3.765505790710448775e+00
3.764740228652953657e+00
3.764895915985107422e+00
3.764763593673706055e+00
3.764961242675780806e+00
3.764589786529541016e+00
3.763431310653687412e+00
3.764158964157104936e+00
3.762585163116455078e+00
3.763569831848144975e+00
3.763780593872070312e+00
3.763608694076538086e+00
3.763118267059326172e+00
3.760997533798217773e+00
3.760836362838745117e+00
3.760333776473998579e+00
3.760062217712401456e+00
3.758848190307616743e+00
3.757264614105224609e+00
3.757528305053711382e+00
3.756803989410399947e+00
3.756599187850951704e+00
3.755998611450195312e+00
3.755291938781737393e+00
3.754894733428955078e+00
3.755412340164185014e+00
3.755391359329224077e+00
3.756329059600830078e+00
3.756713390350341797e+00
3.756785392761231357e+00
3.756258964538573775e+00
3.756018161773681641e+00
3.756875991821288618e+00
3.756723880767822266e+00
3.757095813751220703e+00
3.757303476333618164e+00
3.757933616638184038e+00
3.757344961166381836e+00
3.756619930267333984e+00
3.756635904312133789e+00
3.755722045898437500e+00
3.756205558776855913e+00
3.755770206451416016e+00
3.755196094512939897e+00
3.755717992782592773e+00
3.755447149276732954e+00
3.755341053009033203e+00
3.756284713745116743e+00
3.755804061889647993e+00
3.757046461105346236e+00
3.757219076156616211e+00
3.756998538970947266e+00
3.756716728210448775e+00
3.756470203399658203e+00
3.757207870483398438e+00
3.756412744522095171e+00
3.756225347518921343e+00
3.756829023361206055e+00
3.755205869674682617e+00
3.757896900177001953e+00
3.757311344146728960e+00
3.756184816360473633e+00
3.756515264511108843e+00
3.756280660629272905e+00
3.756300926208496094e+00
3.755401372909546343e+00
3.755595445632935014e+00
3.754827737808227983e+00
3.755855798721313477e+00
3.755496740341186523e+00
3.754901170730591264e+00
3.755261182785033736e+00
3.755141496658325195e+00
3.755915403366088867e+00
3.755645036697388139e+00
3.754742145538330078e+00
3.754490852355957031e+00
3.753334522247314453e+00
3.753864049911498579e+00
3.754025936126708984e+00
3.754964113235473633e+00
3.755391836166381836e+00
3.753866195678711382e+00
3.755042314529418945e+00
3.755275487899779829e+00
3.753902435302734375e+00
3.754775047302246094e+00
3.753502130508423296e+00
3.755084514617919922e+00
3.754842996597290039e+00
3.754682064056396928e+00
3.755319356918334961e+00
3.757324457168578657e+00
3.757794857025146484e+00
3.757529735565185547e+00
3.757502794265747070e+00
3.756770610809326172e+00
3.757649421691895419e+00
3.758409738540649414e+00
3.757266044616698775e+00
3.757196903228760210e+00
3.756517648696899414e+00
3.757896661758423296e+00
3.758310079574584961e+00
3.756828546524048296e+00
3.757212400436401811e+00
3.756499290466308594e+00
3.756785154342651367e+00
3.757887840270996094e+00
3.758852481842041016e+00
3.759657621383666992e+00
3.759988307952881303e+00
3.759289979934692827e+00
3.759696722030640093e+00
3.759525060653687412e+00
3.760832548141479936e+00
3.760905742645264116e+00
3.760450839996337891e+00
3.760403871536254883e+00
3.760857582092285156e+00
3.761474609375000000e+00
3.760903835296631303e+00
3.759855031967163086e+00
3.759189128875732866e+00
3.757951259613037109e+00
3.758868455886841264e+00
3.758186101913451704e+00
3.758374452590942383e+00
3.758267164230346236e+00
3.756548166275023970e+00
3.756380081176758257e+00
3.756591081619263139e+00
3.755927801132201704e+00
3.756475448608398438e+00
3.755925178527832031e+00
3.755844116210937500e+00
3.757198572158813477e+00
3.755652666091918945e+00
3.756684541702271396e+00
3.755326509475708008e+00
3.755901813507080078e+00
3.756518125534057617e+00
3.757083892822265625e+00
3.757152080535888672e+00
3.756698131561279297e+00
3.757266521453857422e+00
3.757050752639770508e+00
3.757604122161864790e+00
3.756847620010376421e+00
3.758087158203125000e+00
3.758392333984375000e+00
3.758681297302246094e+00
3.757400274276732954e+00
3.757054805755615234e+00
3.756649732589721680e+00
3.756293773651123047e+00
3.755455970764160156e+00
3.756404638290404829e+00
3.756473541259765625e+00
3.754850149154663086e+00
3.754204273223876953e+00
3.753380775451660156e+00
3.753612756729126421e+00
3.753879547119140625e+00
3.752851009368896928e+00
3.752027988433837891e+00
3.751563310623168945e+00
3.751061916351318359e+00
3.750504255294799805e+00
3.750215530395508257e+00
3.750232696533203125e+00
3.749289274215697798e+00
3.749948978424071822e+00
3.749086141586304155e+00
3.748512744903564897e+00
3.748463869094848633e+00
3.749122619628905806e+00
3.749634027481078657e+00
3.749250411987304688e+00
3.749423503875732866e+00
3.750293016433716264e+00
3.750515937805176225e+00
3.750101566314696822e+00
3.750402450561522993e+00
3.750106811523437500e+00
3.749296665191649502e+00
3.748745918273926225e+00
3.748773097991943803e+00
3.749467611312866211e+00
3.750400543212890181e+00
3.749824285507201704e+00
3.749290227890015093e+00
3.749781370162963867e+00
3.749095678329468218e+00
3.749654293060303178e+00
3.749763965606689453e+00
3.749523162841796875e+00
3.750492095947265625e+00
3.750257492065429688e+00
3.751211166381836382e+00
3.751842498779296875e+00
3.751783609390258789e+00
3.752242565155028853e+00
3.751347064971923828e+00
3.752438783645629883e+00
3.751837968826293945e+00
3.750777721405028853e+00
3.750974655151366743e+00
3.750428915023804155e+00
3.750644922256469727e+00
3.751095533370972124e+00
3.751247406005859375e+00
3.751492500305176225e+00
3.750310659408568892e+00
3.750746965408325195e+00
3.750834941864013672e+00
3.750079154968261719e+00
3.750150442123413086e+00
3.750178337097167969e+00
3.751296520233153409e+00
3.751529932022095171e+00
3.751317501068115234e+00
3.750798940658568892e+00
3.749032974243163618e+00
3.748710870742798296e+00
3.747385025024413618e+00
3.748176336288451704e+00
3.747774600982666016e+00
3.748827457427978516e+00
3.748653650283813477e+00
3.748668909072876421e+00
3.750125646591186523e+00
3.750871181488037109e+00
3.750880956649779829e+00
3.750390291213988814e+00
3.748816728591918945e+00
3.748911857604980913e+00
3.748036623001098189e+00
3.747012376785278320e+00
3.747890949249268022e+00
3.746172428131103960e+00
3.746448993682860884e+00
3.745654344558716264e+00
3.744009733200072798e+00
3.743696689605712891e+00
3.742457866668701172e+00
3.743012428283691406e+00
3.742110013961791992e+00
3.743106603622436968e+00
3.744714021682739258e+00
3.744932651519775835e+00
3.745537757873535156e+00
3.745996952056884766e+00
3.746927499771118164e+00
3.747960090637207031e+00
3.747263669967651367e+00
3.747300386428833008e+00
3.747040748596191850e+00
3.746230840682983843e+00
3.746545314788817471e+00
3.745047569274902344e+00
3.746194601058959961e+00
3.743973016738892046e+00
3.744643449783325195e+00
3.745244979858398438e+00
3.744387865066527876e+00
3.744849205017089844e+00
3.743885755538940874e+00
3.744334220886231357e+00
3.745044946670531782e+00
3.745152711868286133e+00
3.744752168655395952e+00
3.746534585952758789e+00
3.747143507003783736e+00
3.745959520339966264e+00
3.746646642684936968e+00
3.746606111526488814e+00
3.747337102890015093e+00
3.747596979141235352e+00
3.747539520263671875e+00
3.747684001922607866e+00
3.746814489364623579e+00
3.745789527893065518e+00
3.746456861495972124e+00
3.746739149093627930e+00
3.746480226516724077e+00
3.746883869171143022e+00
3.746852159500122070e+00
3.747261762619018555e+00
3.747879505157471147e+00
3.748045206069945401e+00
3.747917890548706055e+00
3.747211456298828125e+00
3.747001647949218306e+00
3.747080802917480913e+00
3.747745275497436968e+00
3.748724460601807085e+00
3.748757362365722212e+00
3.749115705490111861e+00
3.748840332031250000e+00
3.748931169509888139e+00
3.748433589935303178e+00
3.745808124542235884e+00
3.746398210525512695e+00
3.745042085647583008e+00
3.745501041412353516e+00
3.745231866836548296e+00
3.745230674743651900e+00
3.745729923248291016e+00
3.745928764343261719e+00
3.746528863906860796e+00
3.746561050415038618e+00
3.746416091918944868e+00
3.745895147323607954e+00
3.745190858840942383e+00
3.746308088302611861e+00
3.745923280715942383e+00
3.745738744735717773e+00
3.745755195617676225e+00
3.745066642761231357e+00
3.745268821716308594e+00
3.745726346969604936e+00
3.745621919631958008e+00
3.745581388473511186e+00
3.744966268539428711e+00
3.745377302169799805e+00
3.744208097457885742e+00
3.744110584259033203e+00
3.744170904159546343e+00
3.743151187896728960e+00
3.743288278579711914e+00
3.742911577224731001e+00
3.743171215057373047e+00
3.743266344070434570e+00
3.742687940597533736e+00
3.742740631103516069e+00
3.742442607879639116e+00
3.742336273193359819e+00
3.743091106414794922e+00
3.743257045745849609e+00
3.743557929992676225e+00
3.742978572845458984e+00
3.743628740310668945e+00
3.744073629379272905e+00
3.744137525558472124e+00
3.744726896286010298e+00
3.744033813476562500e+00
3.744737863540649414e+00
3.744431018829345703e+00
3.744503736495972124e+00
3.743518114089966264e+00
3.742712497711181641e+00
3.742695331573486328e+00
3.743655681610107422e+00
3.743043422698975053e+00
3.743600368499756303e+00
3.743183851242065430e+00
3.743681907653808594e+00
3.743652582168578657e+00
3.743762969970703125e+00
3.743869543075561523e+00
3.743402719497680664e+00
3.743258476257323775e+00
3.742413282394408736e+00
3.742376327514647993e+00
3.742303848266601562e+00
3.741706609725951704e+00
3.742563724517822266e+00
3.742537736892700195e+00
3.742301464080810547e+00
3.742465496063231978e+00
3.742512464523314986e+00
3.743673324584961382e+00
3.743690490722655806e+00
3.743891716003417969e+00
3.743535995483398438e+00
3.743158817291260210e+00
3.744125843048096147e+00
3.744114398956298828e+00
3.744361162185668945e+00
3.744553089141845703e+00
3.744958400726318359e+00
3.744801282882689542e+00
3.743977069854735884e+00
3.744077205657958984e+00
3.743995666503905806e+00
3.744811296463012695e+00
3.745352506637572798e+00
3.746043682098388672e+00
3.746582508087158203e+00
3.746125698089600053e+00
3.745817899703979936e+00
3.746421098709105557e+00
3.746237039566040039e+00
3.746021270751953125e+00
3.747155666351318359e+00
3.747304439544677734e+00
3.748052120208739790e+00
3.747920274734497070e+00
3.748057842254639116e+00
3.748514652252196822e+00
3.748425245285033736e+00
3.747807025909423828e+00
3.746439933776855913e+00
3.746856689453125000e+00
3.745709657669067383e+00
3.746014118194580078e+00
3.746320247650146484e+00
3.745401859283447266e+00
3.746002674102783203e+00
3.745769977569580078e+00
3.745146989822388139e+00
3.744854688644408736e+00
3.745357275009155273e+00
3.746422290802001953e+00
3.744863748550415039e+00
3.745786905288695845e+00
3.746978521347046343e+00
3.747066497802734375e+00
3.750010490417480913e+00
3.750940084457397461e+00
3.751248121261596680e+00
3.750420570373535156e+00
3.749925136566162109e+00
3.750211000442504883e+00
3.750295162200928178e+00
3.751266002655028853e+00
3.751809358596801758e+00
3.752052783966064897e+00
3.751879215240479404e+00
3.752230644226073775e+00
3.752296209335326704e+00
3.752374172210692915e+00
3.752262592315673828e+00
3.752040863037108931e+00
3.751287221908568892e+00
3.751728773117065430e+00
3.752199649810791016e+00
3.752444028854370117e+00
3.752797126770019975e+00
3.752660274505615234e+00
3.753239870071411133e+00
3.751990795135498047e+00
3.752245426177978516e+00
3.751151084899902344e+00
3.750600099563599077e+00
3.750845193862915039e+00
3.750847578048706055e+00
3.750627517700195312e+00
3.750263929367065430e+00
3.750938653945923296e+00
3.751793384552001953e+00
3.750920534133911133e+00
3.750085353851318359e+00
3.750248193740844727e+00
3.749998807907104936e+00
3.749380111694336382e+00
3.748375892639160156e+00
3.748595237731933594e+00
3.749134540557860884e+00
3.750517606735229492e+00
3.750688791275023970e+00
3.750606298446655273e+00
3.750987291336060014e+00
3.750184774398804155e+00
3.747990608215332031e+00
3.747544288635253906e+00
3.747078895568848100e+00
3.747166872024536133e+00
3.746076822280883789e+00
3.746455192565917969e+00
3.747138261795043945e+00
3.747433423995972124e+00
3.747302770614623579e+00
3.746487617492676225e+00
3.746541261672973633e+00
3.746007919311522993e+00
3.745304346084594282e+00
3.746213197708129883e+00
3.745676994323730469e+00
3.746429681777953657e+00
3.746929645538330078e+00
3.746850728988647905e+00
3.745842456817626953e+00
3.744525194168091264e+00
3.745021104812622070e+00
3.745098352432251421e+00
3.746117830276488814e+00
3.745573282241820845e+00
3.744791984558105469e+00
3.745196342468261719e+00
3.744277954101562500e+00
3.743448257446288618e+00
3.743731975555419922e+00
3.743301630020141602e+00
3.744367837905883789e+00
3.743406534194945401e+00
3.742759704589844194e+00
3.743018865585326704e+00
3.742419004440308061e+00
3.742765188217163086e+00
3.741802215576171875e+00
3.743255138397216797e+00
3.742535591125487837e+00
3.741926431655883789e+00
3.742151260375977007e+00
3.741262674331665039e+00
3.741195678710937500e+00
3.741498231887817383e+00
3.740409374237060991e+00
3.740690231323241743e+00
3.740337133407592773e+00
3.741839647293091264e+00
3.741208553314208984e+00
3.740398883819580078e+00
3.740358829498291016e+00
3.738709211349487305e+00
3.738765954971313477e+00
3.738505840301513672e+00
3.738339185714721680e+00
3.738925695419311968e+00
3.738334178924560991e+00
3.738599538803100586e+00
3.738547325134276900e+00
3.739673852920531782e+00
3.739699602127075195e+00
3.739285469055176225e+00
3.740531921386719194e+00
3.740476846694945401e+00
3.740427494049071822e+00
3.740772485733031782e+00
3.740265846252441406e+00
3.741413593292235884e+00
3.740596294403076172e+00
3.741184711456298828e+00
3.741638660430908203e+00
3.741206169128417969e+00
3.741723775863647905e+00
3.740229606628417969e+00
3.740354776382446289e+00
3.740978717803955078e+00
3.741164207458496094e+00
3.741645574569701704e+00
3.740503787994384766e+00
3.739872694015502930e+00
3.740018129348754883e+00
3.738897085189819336e+00
3.738184213638305664e+00
3.737288951873779297e+00
3.737769603729248047e+00
3.737849712371826172e+00
3.737309217453002930e+00
3.737828969955443892e+00
3.737192630767822266e+00
3.737262725830078125e+00
3.736834526062012163e+00
3.735939741134643999e+00
3.735875844955443892e+00
3.735528469085692915e+00
3.736068725585937500e+00
3.737480640411376953e+00
3.737049102783203125e+00
3.737168550491333008e+00
3.737000226974487305e+00
3.736817359924316850e+00
3.736803293228148970e+00
