2.102732419967651811e+00
2.113955736160278320e+00
2.097597360610961914e+00
2.076967239379883257e+00
1.964968681335448775e+00
1.974989056587219238e+00
1.954514265060424805e+00
1.953867554664612038e+00
1.978659987449645996e+00
1.936640024185180886e+00
1.924560666084289551e+00
1.951118111610412820e+00
1.904035091400146484e+00
2.163310527801513672e+00
2.066410064697265625e+00
1.967750310897827148e+00
1.864242196083068848e+00
1.792077183723449707e+00
1.783345937728881836e+00
1.727868556976318359e+00
1.678947210311889648e+00
1.640702366828918457e+00
1.616101980209350586e+00
1.568716406822204590e+00
1.519512653350830078e+00
1.463165640830993652e+00
1.422459840774535911e+00
1.399502515792846902e+00
1.411065220832824707e+00
1.394570231437682883e+00
1.358770608901977539e+00
1.336117506027221680e+00
1.323088288307189941e+00
1.316652894020080566e+00
1.312867760658264160e+00
1.313092112541198730e+00
1.311388611793518066e+00
1.296244382858276367e+00
1.253101468086242898e+00
1.272610187530517578e+00
1.254361271858215110e+00
1.140069842338562012e+00
1.218196034431457520e+00
1.189158797264099121e+00
1.175597310066223145e+00
1.164006590843200906e+00
1.135664939880370872e+00
1.165532827377319114e+00
1.125917196273803711e+00
1.091086745262145996e+00
1.096317768096923828e+00
1.070746660232544167e+00
1.061352610588073508e+00
1.038688302040099876e+00
1.017574310302734375e+00
1.024882078170776367e+00
1.003875494003295898e+00
9.675303697586059570e-01
9.692403078079223633e-01
9.449244737625122070e-01
9.144016504287719727e-01
9.181643724441528320e-01
8.887022733688354492e-01
8.857908844947814941e-01
8.620958924293518066e-01
8.515260219573974609e-01
8.559296131134033203e-01
8.603806495666503906e-01
8.363498449325561523e-01
8.362396359443664551e-01
8.149726390838623047e-01
7.922039031982421875e-01
7.957843542098999023e-01
7.952606678009033203e-01
7.807218432426452637e-01
7.777283191680908203e-01
7.507995367050170898e-01
7.283768653869628906e-01
7.100301384925842285e-01
6.916427016258239746e-01
7.161431312561035156e-01
7.164974212646484375e-01
7.166222929954528809e-01
7.215397357940673828e-01
7.197825908660888672e-01
7.330201268196105957e-01
7.093895077705383301e-01
7.486831545829772949e-01
7.648330926895141602e-01
7.810179591178894043e-01
7.773139476776123047e-01
8.013873696327209473e-01
8.365627527236938477e-01
8.857347965240478516e-01
9.306353330612183727e-01
9.810131788253784180e-01
1.034873962402343750e+00
1.082726359367370605e+00
1.115082502365112305e+00
1.183620452880859375e+00
1.255622386932373047e+00
1.321418642997741699e+00
1.384786128997802734e+00
1.433735013008117676e+00
1.490939617156982422e+00
1.544184684753418191e+00
1.602227568626403809e+00
1.671782255172729492e+00
1.743031620979309082e+00
1.825048446655273215e+00
1.885209798812866433e+00
1.951764464378356934e+00
2.018691062927245650e+00
2.094171047210693359e+00
2.157188892364501953e+00
2.226258277893066406e+00
2.293951749801636186e+00
2.357128143310546875e+00
2.415753841400146484e+00
2.486723899841308594e+00
2.540396690368652344e+00
2.607493400573730469e+00
2.657342910766601562e+00
2.707607030868530273e+00
2.763421058654785156e+00
2.821625947952270508e+00
2.874872446060180664e+00
2.926898956298828125e+00
2.965070486068725586e+00
3.000799894332885742e+00
3.038457393646239790e+00
3.077883243560791016e+00
3.103848457336426225e+00
3.151166677474976030e+00
3.155834436416626421e+00
3.185506582260131836e+00
3.209121704101562500e+00
3.237182378768921343e+00
3.245314836502075195e+00
3.253561019897461382e+00
3.252366542816162109e+00
3.268293142318725586e+00
3.280346155166626421e+00
3.281479358673096147e+00
3.276128768920898438e+00
3.269609451293945312e+00
3.266703844070434570e+00
3.254977464675903764e+00
3.249708652496337891e+00
3.244366884231567383e+00
3.242012977600097656e+00
3.242706060409546343e+00
3.237108469009399414e+00
3.220824241638184038e+00
3.211267709732056108e+00
3.194627523422241211e+00
3.185704469680786133e+00
3.166142940521239790e+00
3.147963047027587891e+00
3.122200489044189009e+00
3.091436386108398438e+00
3.063353061676025391e+00
3.027967453002929688e+00
2.988753318786621094e+00
2.946172952651977095e+00
2.908317089080810547e+00
2.862011194229126421e+00
2.815655469894408736e+00
2.766360044479370117e+00
2.715910434722900391e+00
2.670095205307006836e+00
2.626739740371704102e+00
2.589369297027587891e+00
2.540433168411254883e+00
2.489284992218017578e+00
2.449556827545166016e+00
2.400056123733520508e+00
2.353908061981201172e+00
2.323242664337158203e+00
2.299557924270629883e+00
2.276381731033325195e+00
2.254751443862915039e+00
2.237408876419067383e+00
2.225362539291381836e+00
2.205888032913208008e+00
2.210491895675659180e+00
2.203095912933349609e+00
2.203593015670776367e+00
2.219216346740722656e+00
2.215702533721923828e+00
2.224328756332397017e+00
2.243794441223144531e+00
2.278443098068237305e+00
2.310200452804564986e+00
2.332757949829101562e+00
2.369370698928833008e+00
2.387983083724976030e+00
2.415828943252563477e+00
2.433184862136840820e+00
2.454962730407714844e+00
2.465365171432495117e+00
2.465807914733886719e+00
2.458872795104980469e+00
2.442804336547852007e+00
2.442189931869506836e+00
2.439399719238280806e+00
2.422965049743652344e+00
2.407374620437622070e+00
2.388487100601196289e+00
2.382236242294311523e+00
2.371299505233764648e+00
2.371590375900268999e+00
2.396742820739746094e+00
2.387652158737182617e+00
2.417590379714965820e+00
2.440498590469360352e+00
2.465129375457764116e+00
2.489734649658203125e+00
2.515873670578002930e+00
2.556958436965942383e+00
2.585976600646972656e+00
2.618774652481079102e+00
2.657546520233154297e+00
2.696736097335815430e+00
2.740286588668823242e+00
2.782178640365600586e+00
2.820230245590209961e+00
2.858133792877197266e+00
2.886894226074218750e+00
2.929334878921508789e+00
2.936861515045166016e+00
2.906806230545043945e+00
2.891879558563232422e+00
2.863400936126708984e+00
2.841764450073241743e+00
2.795219659805298296e+00
2.779664278030395508e+00
2.746097803115844727e+00
2.714566469192504883e+00
2.690191030502319780e+00
2.652638435363769087e+00
2.654979228973388672e+00
2.638858795166016069e+00
2.595691442489624023e+00
2.585603475570678711e+00
2.571159839630126953e+00
2.576142787933349609e+00
2.564861059188842773e+00
2.529944896697998047e+00
2.527326345443725586e+00
2.512163162231445312e+00
2.527946710586548296e+00
2.532864332199096680e+00
2.489912033081054688e+00
2.498705148696899414e+00
2.456403732299804688e+00
2.436377525329589844e+00
2.435130357742309570e+00
2.434760332107543945e+00
2.438351869583129883e+00
2.434984445571899414e+00
2.413626909255981001e+00
2.397140026092529297e+00
2.377716302871704102e+00
2.359882354736328125e+00
2.306235313415527788e+00
2.283333063125610352e+00
2.280775547027587891e+00
2.244446277618408203e+00
2.204959630966186523e+00
2.151896953582764116e+00
2.140627384185791016e+00
2.101734161376953125e+00
2.076595783233642578e+00
2.076545953750610352e+00
2.051157236099243164e+00
2.059560537338256836e+00
2.063109636306762695e+00
2.046477317810058594e+00
2.069925308227539062e+00
2.025083780288696289e+00
1.989267110824584961e+00
2.000924587249755859e+00
1.887605547904968484e+00
1.881658554077148438e+00
1.781436443328857422e+00
1.732318639755249023e+00
1.684886932373046875e+00
1.686646342277526855e+00
1.671909332275390625e+00
1.632739186286926492e+00
1.631650924682617188e+00
1.583671927452087402e+00
1.586896061897277832e+00
1.584199190139770508e+00
1.627555966377258301e+00
1.672555327415466309e+00
1.711303114891052246e+00
1.743072390556335449e+00
1.770054340362548828e+00
1.843105792999268022e+00
1.915091276168823242e+00
1.936898350715636763e+00
2.045091390609740767e+00
2.098762989044189009e+00
2.174887895584106445e+00
2.243926763534545898e+00
2.276921033859252930e+00
2.316248178482056108e+00
2.371019124984740767e+00
2.403868675231933594e+00
2.410046100616455078e+00
2.441196680068969727e+00
2.471688985824584961e+00
2.477077960968017578e+00
2.454874753952026367e+00
2.439399719238280806e+00
2.390304565429687500e+00
2.397834777832031250e+00
2.349148750305175781e+00
2.300662755966186523e+00
2.248075246810913086e+00
2.172973871231079102e+00
2.098834991455078125e+00
2.004578113555908203e+00
1.927167057991028054e+00
1.833610534667968750e+00
1.743538260459899902e+00
1.682727217674255371e+00
1.627601981163024902e+00
1.588298559188842773e+00
1.584757208824157493e+00
1.493807911872863770e+00
1.418689608573913574e+00
1.350574851036071777e+00
1.259294152259826882e+00
1.233074069023132324e+00
1.131954789161681907e+00
1.052003145217895508e+00
9.933533072471619763e-01
9.106814265251159668e-01
8.239614963531494141e-01
7.085884809494018555e-01
5.966191887855529785e-01
4.584097266197205145e-01
3.665908575057983954e-01
2.694095373153686523e-01
1.933664530515670776e-01
1.578253060579299927e-01
6.189204752445220947e-02
7.697496097534894943e-03
-2.182124368846416126e-02
-1.100212112069130083e-01
-1.518948674201965332e-01
-1.786330193281173428e-01
-2.198489904403686523e-01
-2.657567560672760010e-01
-3.243367671966552734e-01
-3.631847202777863104e-01
-4.211003780364989679e-01
-4.356867671012878418e-01
-4.479939639568328857e-01
-4.498623311519622803e-01
-4.353423118591309149e-01
-3.652705848217010498e-01
-2.887544333934783936e-01
-2.043455839157104492e-01
-7.774373143911363082e-02
3.706434974446893172e-03
1.275527924299240112e-01
1.729205697774887085e-01
2.716009020805358887e-01
4.155426919460297186e-01
5.217750072479248047e-01
7.129904031753540039e-01
8.136224150657653809e-01
9.672191143035887562e-01
1.113706707954406738e+00
1.255681633949279785e+00
1.401976466178894043e+00
1.534000754356384499e+00
1.616083860397338867e+00
1.690672039985656738e+00
1.720963239669799805e+00
1.782378911972045898e+00
1.819518566131592019e+00
1.775667428970336914e+00
1.854744195938110352e+00
1.756425142288208008e+00
1.688931941986083984e+00
1.635705709457397683e+00
1.591241955757141113e+00
1.592549920082092507e+00
1.526966452598571777e+00
1.512436985969543679e+00
1.419694423675536887e+00
1.360726475715637207e+00
1.294037580490112305e+00
1.206720232963562012e+00
1.144923686981201172e+00
1.104944705963134766e+00
1.083258032798767090e+00
1.067933797836303711e+00
1.080271363258361816e+00
1.131842613220214844e+00
1.194323658943176492e+00
1.233690857887268066e+00
1.256727337837219238e+00
1.303606867790222168e+00
1.345272183418274148e+00
1.432039260864257812e+00
1.442916750907898171e+00
1.472725033760070801e+00
1.455499172210693359e+00
1.420724272727966309e+00
1.398273110389709695e+00
1.343346357345581055e+00
1.316430807113647683e+00
1.288963079452514648e+00
1.236743211746215820e+00
1.200548291206360085e+00
1.149915695190429688e+00
1.056703686714172363e+00
1.014538168907165527e+00
9.871863722801208496e-01
9.286680221557616077e-01
9.036703705787659802e-01
8.518416881561279297e-01
8.356876969337463379e-01
8.266345858573913574e-01
8.491173386573791504e-01
8.796470761299133301e-01
8.816723823547363281e-01
9.218777418136595569e-01
9.760007858276368298e-01
1.048640489578247070e+00
1.064131855964660645e+00
1.127235651016235352e+00
1.157445549964904785e+00
1.197020888328552246e+00
1.270873308181762695e+00
1.267193913459777832e+00
1.231537103652954102e+00
1.164556622505187988e+00
1.273695468902587891e+00
1.185155510902404785e+00
1.120487213134765625e+00
1.030758142471313699e+00
9.936118721961976208e-01
1.037378430366515891e+00
9.986051917076111950e-01
9.948929548263549805e-01
1.028258442878723145e+00
9.617155790328979492e-01
9.385651350021362305e-01
8.591596484184265137e-01
7.988000512123107910e-01
6.927033066749572754e-01
4.688076674938201904e-01
2.883033156394958496e-01
8.303227275609970093e-02
-1.975746005773544589e-01
-4.643442034721375067e-01
-6.116291880607604980e-01
-9.049414396286011852e-01
-1.159607768058776855e+00
-1.341588258743285911e+00
-1.565047979354858398e+00
-1.730464816093444824e+00
-1.930252313613892046e+00
-2.120539188385009766e+00
-2.299169301986694336e+00
-2.472379446029663086e+00
-2.544704198837280273e+00
-2.660611629486083984e+00
-2.680199861526489258e+00
-2.747045278549194336e+00
-2.866241455078125000e+00
-2.891188859939575195e+00
-2.850088357925415039e+00
-2.832257270812988281e+00
-2.741596698760986328e+00
-2.683626651763916016e+00
-2.581939458847045898e+00
-2.452343225479125977e+00
-2.347696065902709961e+00
-2.214299201965332031e+00
-2.131624937057495117e+00
-1.973742961883544922e+00
-1.872217059135436790e+00
-1.758203387260436790e+00
-1.667024850845336914e+00
-1.635210752487182617e+00
-1.531785130500793679e+00
-1.495292663574218750e+00
-1.499601483345031516e+00
-1.480114579200744629e+00
-1.486132621765136719e+00
-1.497746229171753152e+00
-1.534912705421447754e+00
-1.556800007820129395e+00
-1.611441493034362793e+00
-1.655290365219116211e+00
-1.654560565948486328e+00
-1.709094643592834473e+00
-1.753607392311096191e+00
-1.820272445678710938e+00
-1.954044461250304732e+00
-2.018175601959228516e+00
-2.142583608627319780e+00
-2.285991668701171875e+00
-2.349975109100341797e+00
-2.434801101684570312e+00
-2.510508775711060014e+00
-2.576334714889526367e+00
-2.682387828826904297e+00
-2.889144420623779741e+00
-3.042155981063842773e+00
-3.064118862152100053e+00
-3.211818218231201172e+00
-3.313705205917358398e+00
-3.385384559631348100e+00
-3.384725093841552734e+00
-3.415297269821166992e+00
-3.500394105911254883e+00
-3.488146781921386719e+00
-3.453057050704956055e+00
-3.460260629653930664e+00
-3.417672157287597656e+00
-3.346603631973266602e+00
-3.296885013580322266e+00
-3.169668912887572798e+00
-3.120445489883423296e+00
-2.994456529617309570e+00
-2.856319427490234375e+00
-2.763809442520141602e+00
-2.621655464172363725e+00
-2.521391153335571733e+00
-2.316896200180053711e+00
-2.156823158264159712e+00
-2.031334400177001953e+00
-1.963929057121276855e+00
-1.883139371871948020e+00
-1.764319896697998047e+00
-1.636655569076538086e+00
-1.533120989799499512e+00
-1.415527701377868874e+00
-1.305085897445678711e+00
-1.179537653923034890e+00
-1.082002282142639160e+00
-1.088343143463134766e+00
-9.927957057952879749e-01
-9.162895679473875843e-01
-8.479999899864196777e-01
-7.665507793426513672e-01
-7.609669566154479980e-01
-6.798688173294067383e-01
-6.028785705566406250e-01
-5.983209013938903809e-01
-6.186218857765197754e-01
-6.325260400772094727e-01
-6.603705883026123047e-01
-6.876758337020874023e-01
-6.622835397720336914e-01
-7.062593698501586914e-01
-7.079927921295166016e-01
-6.809170842170715332e-01
-6.628735065460205078e-01
-6.554228067398071289e-01
-6.280304789543151855e-01
-5.926133394241333008e-01
-5.533357858657836914e-01
-5.230103731155395508e-01
-5.220589637756347656e-01
-4.859091341495513916e-01
-4.558109343051909845e-01
-4.196389615535736084e-01
-3.898932039737700861e-01
-3.961452245712279718e-01
-3.477502167224884033e-01
-2.926638722419738770e-01
-2.638644576072692871e-01
-2.517701089382172186e-01
-2.716563642024993896e-01
-3.555837571620941162e-01
-3.893832862377166748e-01
-4.097898304462432861e-01
-4.093708693981170654e-01
-3.962114155292510986e-01
-3.602590262889862061e-01
-3.619493544101715088e-01
-3.779219388961791992e-01
-3.812426924705505371e-01
-4.420351088047028143e-01
-4.819842875003815252e-01
-4.705165922641754150e-01
-4.889331459999085028e-01
-4.618474543094635010e-01
-4.746342599391937256e-01
-4.826614856719970148e-01
-4.294183850288391113e-01
-4.498077929019927979e-01
-4.526508450508118231e-01
-4.091300666332244873e-01
-3.707309067249298096e-01
-3.902761042118073065e-01
-4.147850275039672852e-01
-4.039973318576812744e-01
-4.327824413776397705e-01
-4.377835690975189209e-01
-4.142284691333770752e-01
-4.172078073024749756e-01
-3.818246424198151190e-01
-3.909577429294586182e-01
-4.281567335128784180e-01
-3.942993581295012873e-01
-4.463399648666381836e-01
-4.456937611103057861e-01
-5.089815855026245117e-01
-6.012741327285766602e-01
-6.255453228950500488e-01
-7.299391031265258789e-01
-7.977027893066406250e-01
-8.644954562187194824e-01
-9.346670508384703480e-01
-1.039596199989318848e+00
-1.102170467376708984e+00
-1.147955536842346191e+00
-1.148939609527587891e+00
-1.103458642959594727e+00
-1.104043483734130859e+00
-1.054357767105102317e+00
-1.019756078720092773e+00
-9.629393219947816052e-01
-8.933541774749755859e-01
-8.329870700836181641e-01
-7.576144933700561523e-01
-6.816200613975524902e-01
-6.313195824623107910e-01
-5.735459923744201660e-01
-5.713871717453002930e-01
-5.901461839675903320e-01
-5.533132553100585938e-01
-5.419100522994995117e-01
-5.160565972328186035e-01
-4.724902510643004816e-01
-4.474900960922241211e-01
-4.240975379943848211e-01
-4.242286980152129572e-01
-4.177705645561218262e-01
-3.667154908180236816e-01
-2.891773581504821777e-01
-2.524778842926024836e-01
-2.251287549734115878e-01
-1.829921454191207886e-01
-1.040997058153152327e-01
-8.208790421485900879e-02
6.469608750194311142e-03
3.458401933312416077e-02
1.105337068438530107e-01
1.335112005472183228e-01
1.761157512664794922e-01
2.093502432107925137e-01
2.362832278013229093e-01
3.065733909606933594e-01
3.198770582675933838e-01
3.074194192886352539e-01
2.963421642780303955e-01
2.395645529031752985e-01
1.837430745363235474e-01
1.567010581493377408e-01
1.064190864562988420e-01
3.543126164004207091e-03
-4.098528996109962463e-02
-7.080134749412538009e-02
-9.504789113998413086e-02
-1.623173207044601440e-01
-1.795942485332489014e-01
-2.432947903871536532e-01
-2.755697369575500488e-01
-3.512890040874481201e-01
-3.975812196731567938e-01
-4.167729318141937256e-01
-4.769648909568786066e-01
-5.095218420028686523e-01
-6.030560135841370739e-01
-6.314616799354553223e-01
-6.465107202529907227e-01
-6.672942638397216797e-01
-6.114096641540527344e-01
-6.436258554458618164e-01
-6.789693236351013184e-01
-6.906731724739074707e-01
-5.967317223548889160e-01
-5.442112684249877930e-01
-3.784116208553314209e-01
-3.477611839771270752e-01
-7.932350039482118087e-02
9.271517395973205566e-02
2.484806925058364868e-01
3.608921766281127930e-01
5.121337175369262695e-01
5.913573503494262695e-01
7.870571017265319824e-01
9.498523473739624023e-01
1.110423445701599121e+00
1.287352561950683594e+00
1.429402589797973633e+00
1.516082048416137695e+00
1.629391908645630105e+00
1.653355956077575684e+00
1.665515422821044922e+00
1.673765301704406738e+00
1.658211946487426758e+00
1.710386276245117188e+00
1.715338468551635520e+00
1.718367815017700195e+00
1.599069237709045410e+00
1.563252210617065430e+00
1.553959250450134499e+00
1.505265831947326882e+00
1.416164994239807129e+00
1.281654953956604004e+00
1.168224096298217773e+00
1.066744327545165794e+00
8.888411521911621094e-01
7.767762541770935059e-01
6.242245435714721680e-01
5.285743474960327148e-01
4.141167700290679932e-01
3.589254617691040039e-01
2.242974787950516025e-01
1.035865619778633256e-01
-1.076861750334501266e-02
-5.764729529619217613e-02
-9.847570955753326416e-02
-1.223916634917259216e-01
-2.317633032798767090e-01
-3.091474473476409912e-01
-3.524089157581328791e-01
-4.268061518669127863e-01
-5.103940963745117188e-01
-5.052900910377502441e-01
-5.068058371543884277e-01
-4.976691007614135742e-01
-4.985767900943756104e-01
-5.382377505302429199e-01
-4.645765423774719238e-01
-4.587719440460205078e-01
-4.967495501041412909e-01
-5.173082947731018066e-01
-4.897337257862091064e-01
-4.396317303180695135e-01
-4.174812436103820801e-01
-3.421440720558166504e-01
-3.838177323341369629e-01
-3.994098007678985596e-01
-4.078884124755858820e-01
-3.887636065483093262e-01
-2.828378081321716309e-01
-2.520872354507446289e-01
-2.091594487428664884e-01
-1.689359992742538452e-01
-2.594689726829528809e-01
-2.705690860748291016e-01
-3.602836430072784424e-01
-3.468825221061706543e-01
-4.715016484260559082e-01
-4.837170541286469061e-01
-5.016968250274658203e-01
-5.508121848106384277e-01
-5.941418409347534180e-01
-6.534558534622192383e-01
-6.407187581062316895e-01
-5.989120006561279297e-01
-5.114496946334838867e-01
-4.867530763149262030e-01
-4.396760761737824041e-01
-4.113166630268096924e-01
-3.607609272003173828e-01
-3.480197787284851074e-01
-3.328732550144196112e-01
-3.135072886943817139e-01
-2.615112662315369207e-01
-2.418601810932159424e-01
-2.299416363239288608e-01
-2.054555267095565518e-01
-1.577980965375900546e-01
-1.077522486448287964e-01
-1.454232931137084961e-01
-1.259837597608566562e-01
-1.285486668348312378e-01
-4.562280327081680298e-02
5.590723361819982529e-03
-8.949602022767066956e-03
3.233564272522926331e-02
-5.866773426532745361e-03
9.843081235885620117e-02
7.834196835756301880e-02
1.432351619005203247e-01
1.347003728151321411e-01
1.191300153732299805e-01
1.219047158956527432e-01
1.370695233345031461e-01
2.170567810535430908e-01
2.502081692218780518e-01
1.983599811792373380e-01
2.609815001487731934e-01
2.305467277765274048e-01
3.745796978473662775e-01
3.029194474220275879e-01
3.230909705162048340e-01
3.287049829959868830e-01
2.748026549816132147e-01
3.444084227085112970e-01
3.951105773448944092e-01
4.112437069416046143e-01
4.120227098464965820e-01
4.837618470191956122e-01
4.953060150146484930e-01
5.695012211799621582e-01
8.075073361396790661e-01
1.013601779937743919e+00
1.073551774024963379e+00
1.186012387275695801e+00
1.187704920768737793e+00
1.159990668296813965e+00
1.244206190109252930e+00
1.329971790313720703e+00
1.500733375549316406e+00
1.464260220527649148e+00
1.440719604492187500e+00
1.421452641487121582e+00
1.431766390800475852e+00
1.536319732666015625e+00
1.535990834236145020e+00
1.537680745124816895e+00
1.544259071350097656e+00
1.474089264869689941e+00
1.477265834808349609e+00
1.463781595230102317e+00
1.493994712829589844e+00
1.483107805252075195e+00
1.547306537628173828e+00
1.654426097869873047e+00
1.639703989028930886e+00
1.630616903305053711e+00
1.588374257087707520e+00
1.558552145957946777e+00
1.594113707542419434e+00
1.573513031005859375e+00
1.665077805519104004e+00
1.718520283699035645e+00
1.795286774635314941e+00
1.858497738838196023e+00
1.906202197074889915e+00
1.988364696502685103e+00
2.002483606338500977e+00
2.157695055007934570e+00
2.196552753448486328e+00
2.221187829971313032e+00
2.199985027313232422e+00
2.144496440887450728e+00
2.139743089675903764e+00
2.118692398071289062e+00
2.118858098983764648e+00
2.170054197311401367e+00
2.104635238647460938e+00
2.105815887451171875e+00
1.960543990135192871e+00
1.833456158638000488e+00
1.825819015502929688e+00
1.699005603790283203e+00
1.639369845390319824e+00
1.532864689826965110e+00
1.512448906898498313e+00
1.371466159820556641e+00
1.357461810111999512e+00
1.364201545715332031e+00
1.330031991004943848e+00
1.258370041847229004e+00
1.304984688758850098e+00
1.254764795303344727e+00
1.243426680564880371e+00
1.245642781257629395e+00
1.195212125778198242e+00
1.110138535499572754e+00
1.149651646614074707e+00
1.209828019142150879e+00
1.225543856620788574e+00
1.216263175010681152e+00
1.261793255805969238e+00
1.265395760536193848e+00
1.315062403678894043e+00
1.343962907791137695e+00
1.373599410057068093e+00
1.410408020019531250e+00
1.409107208251953125e+00
1.452696919441223145e+00
1.507597684860229492e+00
1.511303424835205078e+00
1.561625599861145020e+00
1.633313179016113281e+00
1.680529594421386719e+00
1.699991345405578613e+00
1.681797146797180176e+00
1.658643245697021706e+00
1.575284719467163086e+00
1.533646941184997559e+00
1.455804109573364480e+00
1.412349581718444824e+00
1.398804783821105957e+00
1.346681237220764160e+00
1.371634006500243919e+00
1.345302104949951172e+00
1.211173415184020996e+00
1.122351050376892090e+00
1.092515707015991211e+00
1.076236963272094727e+00
1.075010418891906738e+00
1.080965757369995117e+00
9.893581867218017578e-01
9.877151250839232288e-01
9.646772146224975586e-01
9.676114916801451526e-01
9.512669444084167480e-01
8.904284238815307617e-01
8.740615844726562500e-01
8.349507451057434082e-01
8.121958374977111816e-01
7.605432271957397461e-01
7.020531892776489258e-01
7.488144636154174805e-01
6.556521654129028320e-01
6.378823518753051758e-01
6.655402183532714844e-01
6.338161826133728027e-01
5.385261774063110352e-01
4.894631803035736084e-01
3.857195377349853516e-01
3.995445370674132746e-01
3.968382179737091064e-01
4.501097500324249268e-01
4.516192376613616943e-01
4.218883216381072998e-01
4.296648502349853516e-01
4.116338491439818781e-01
3.948366045951843262e-01
3.195806741714476984e-01
2.653418481349945068e-01
1.531323790550231934e-01
1.134396716952324052e-01
1.060440391302108765e-01
1.486327592283487146e-02
-1.637207120656967163e-01
-1.482445448637008667e-01
-1.260934323072433472e-01
-6.752032041549682617e-02
-6.878765672445297241e-02
-1.265247762203216553e-01
-2.100346386432647983e-01
-2.559132874011992853e-01
-3.546909987926483154e-01
-3.545074760913848877e-01
-5.197604894638061523e-01
-5.290315151214600720e-01
-6.188982129096984863e-01
-6.310427188873291016e-01
-6.845580339431762695e-01
-6.630544066429138184e-01
-7.551298737525941052e-01
-8.016863465309143066e-01
-8.129099607467651367e-01
-8.948509097099304199e-01
-9.079428911209106445e-01
-9.400275945663452148e-01
-8.741311430931091309e-01
-8.572558760643005371e-01
-8.758913874626159668e-01
-8.957400918006896973e-01
-9.584411978721619763e-01
-9.447610974311827503e-01
-9.595364928245544434e-01
-9.446364641189576306e-01
-9.951741099357603870e-01
-1.017956256866454856e+00
-1.039801716804504395e+00
-1.124992132186889648e+00
-1.135776519775390625e+00
-1.196073651313781516e+00
-1.247107863426208496e+00
-1.274939298629760742e+00
-1.374174833297729492e+00
-1.426819205284118874e+00
-1.487003445625305176e+00
-1.518664717674255371e+00
-1.535737991333007812e+00
-1.566674113273620605e+00
-1.584882616996765137e+00
-1.640793204307556152e+00
-1.658886909484863281e+00
-1.671618580818176492e+00
-1.721416950225830078e+00
-1.581726312637329102e+00
-1.500319361686706321e+00
-1.527716159820556641e+00
-1.723431706428527832e+00
-1.759653925895690918e+00
-1.809842944145202415e+00
-1.777731895446777122e+00
-1.760674715042114480e+00
-1.744753837585449219e+00
-1.697731614112854004e+00
-1.589494585990905762e+00
-1.595370531082153098e+00
-1.667158007621765137e+00
-1.686303019523620605e+00
-1.734698057174682617e+00
-1.743914365768432617e+00
-1.773020625114440918e+00
-1.772427797317504883e+00
-1.705607771873473899e+00
-1.798552036285400391e+00
-1.802392482757568359e+00
-1.821419000625610352e+00
-1.817267537117004395e+00
-1.799179673194885254e+00
-1.821213483810424805e+00
-1.814000368118285911e+00
-1.813404202461242898e+00
-1.871583819389343706e+00
-1.826936960220336914e+00
-1.829731822013854980e+00
-1.664744973182678223e+00
-1.679575443267822488e+00
-1.722716093063354492e+00
-1.705177068710327148e+00
-1.728124618530273438e+00
-1.727530598640441895e+00
-1.748038291931152344e+00
-1.748398542404174805e+00
-1.635421276092529297e+00
-1.658247113227844238e+00
-1.702713727951049805e+00
-1.731192946434020996e+00
-1.686339378356933594e+00
-1.639149785041809082e+00
-1.625274300575256348e+00
-1.617677092552185059e+00
-1.633782625198364480e+00
-1.634315371513366699e+00
-1.647788763046264648e+00
-1.642122149467468484e+00
-1.660856366157531516e+00
-1.688936591148376465e+00
-1.676881313323974609e+00
-1.640559196472168191e+00
-1.671971440315246582e+00
-1.730770945549011230e+00
-1.740687966346740723e+00
-1.664045214653015137e+00
-1.686347007751464844e+00
-1.682768106460571289e+00
-1.683244824409484863e+00
-1.689878940582275391e+00
-1.551818728446960449e+00
-1.506635785102844238e+00
-1.528276562690734863e+00
-1.486311435699463113e+00
-1.428543090820312500e+00
-1.471980452537536621e+00
-1.408326387405395508e+00
-1.354823470115661621e+00
-1.285814762115478294e+00
-1.278254747390747070e+00
-1.218599796295166016e+00
-1.132416009902954102e+00
-1.130759119987487793e+00
-1.091357827186584473e+00
-1.039342403411865234e+00
-9.845911264419555664e-01
-9.923796057701111950e-01
-9.610702991485595703e-01
-8.893928527832031250e-01
-7.948280572891235352e-01
-7.125147581100463867e-01
-7.673876285552978516e-01
-6.810474991798400879e-01
-6.802863478660583496e-01
-6.977403759956359863e-01
-7.308674454689025879e-01
-7.250201702117919922e-01
-7.639268636703491211e-01
-7.998417615890502930e-01
-9.383442401885986328e-01
-1.136114597320556641e+00
-1.348438978195190430e+00
-1.196168541908264160e+00
-1.167371153831481934e+00
-1.177287817001342773e+00
-1.140280842781067117e+00
-1.119052886962890625e+00
-1.033066749572754128e+00
-9.743542671203612171e-01
-8.453775048255920410e-01
-7.678241133689879261e-01
-6.490892171859741211e-01
-5.584396719932556152e-01
-4.704231023788452148e-01
-4.206372797489166260e-01
-2.945373654365540106e-01
-3.149387240409851074e-01
-2.866990566253662109e-01
-2.574704885482788086e-01
-2.135795801877975464e-01
-1.780760586261749268e-01
-2.591089308261871338e-01
-3.026656806468964178e-01
-3.080372810363768976e-01
-3.729116618633270264e-01
-2.808526456356049139e-01
-1.708892881870269775e-01
-1.138515621423721313e-01
-3.407661616802216270e-02
-7.729060482233762741e-03
7.574578374624252319e-02
1.464860290288925171e-01
1.759930849075317383e-01
2.331365942955017090e-01
2.673724889755249023e-01
3.004002273082733154e-01
3.367795944213867188e-01
4.037672579288482666e-01
5.110238194465637207e-01
5.475189089775085449e-01
6.528523564338684082e-01
7.441426515579223633e-01
7.931001782417297363e-01
8.221725821495056152e-01
9.286069869995116077e-01
9.964206814765930176e-01
1.039581060409545898e+00
1.121761679649353027e+00
1.214382648468017578e+00
1.279176831245422363e+00
1.319322824478149414e+00
1.334264755249023438e+00
1.418059706687927246e+00
1.510500788688659668e+00
1.597056150436401367e+00
1.715597629547119141e+00
1.832448124885559082e+00
1.971866369247436301e+00
2.043691396713256836e+00
2.115748167037964311e+00
2.175669670104980469e+00
2.287204980850220171e+00
2.398773908615112305e+00
2.545019388198852539e+00
2.648648500442504883e+00
2.693416118621826172e+00
2.753503799438477007e+00
2.796556234359740767e+00
2.747531652450561079e+00
2.742589473724364790e+00
2.754086971282958984e+00
2.817872047424316406e+00
2.896750450134277344e+00
2.949659109115600586e+00
2.959495544433593750e+00
2.913509130477905273e+00
2.898002386093140093e+00
2.953667879104614258e+00
2.914353847503662109e+00
3.067584514617919922e+00
3.095480442047118697e+00
3.206743001937866211e+00
3.260867118835448775e+00
3.207273960113525391e+00
3.269650220870972124e+00
3.226687192916870117e+00
3.163249254226685014e+00
3.242352247238158736e+00
3.315625667572021040e+00
3.599223375320434570e+00
3.720557928085326704e+00
3.845285654067993164e+00
3.908386945724487305e+00
3.941251516342163086e+00
4.013699531555176669e+00
4.041606426239013672e+00
4.145585536956787109e+00
4.206824302673339844e+00
4.272222042083740234e+00
4.402786254882812500e+00
4.550666809082031250e+00
4.754744529724121094e+00
4.934207439422606534e+00
4.993253707885742188e+00
5.157895565032958984e+00
5.387839794158936435e+00
5.566106796264648438e+00
5.691196918487548828e+00
5.777770996093750000e+00
5.931520938873291016e+00
5.997386932373047763e+00
6.130603790283202237e+00
6.167864322662353516e+00
6.206103801727294922e+00
6.219810962677002841e+00
6.218206882476807529e+00
6.216465950012207031e+00
6.256515026092528409e+00
6.250671863555907315e+00
6.251587867736816406e+00
6.046081066131592685e+00
6.011341094970702237e+00
5.872424602508544922e+00
5.852779388427733487e+00
5.785332202911377841e+00
5.683407306671142578e+00
5.695986270904541016e+00
5.558472156524658203e+00
5.503395080566406250e+00
5.375810146331787109e+00
5.290376663208007812e+00
5.147728443145751953e+00
5.131433963775634766e+00
5.037684917449951172e+00
5.008755683898925781e+00
5.059085845947266513e+00
5.107093811035156250e+00
5.033661842346191406e+00
4.908811569213867188e+00
4.898840904235839844e+00
4.889081001281738281e+00
4.921391487121582031e+00
4.837552547454833984e+00
4.808870315551757812e+00
4.850784301757812500e+00
4.762021064758300781e+00
4.809700489044189453e+00
4.803318500518798828e+00
4.770811080932617188e+00
4.770421981811523438e+00
4.718111515045166016e+00
4.701344966888427734e+00
4.697408676147460938e+00
4.726400375366210938e+00
4.748563289642333984e+00
4.780669212341308594e+00
4.817743778228759766e+00
4.785673618316650391e+00
4.798196315765380859e+00
4.796006679534912109e+00
4.790991306304931641e+00
4.821999549865722656e+00
4.769198894500731534e+00
4.732312679290772373e+00
4.722755432128906250e+00
4.750549793243408203e+00
4.838519573211669922e+00
4.825264453887940341e+00
4.814858436584472656e+00
4.836844921112060547e+00
4.830646514892578125e+00
4.884183406829833984e+00
4.893172740936278409e+00
4.893919467926025391e+00
4.849209785461425781e+00
4.762297153472900391e+00
4.783537864685058594e+00
4.728096485137940341e+00
4.721841812133789062e+00
4.755741119384766513e+00
4.769853115081787109e+00
4.744598388671875000e+00
4.746178627014160156e+00
4.766024589538574219e+00
4.751760005950927734e+00
4.724172115325927734e+00
4.592665672302246094e+00
4.553834438323974609e+00
4.566739559173583984e+00
4.512418746948242188e+00
4.533715724945068359e+00
4.532788276672363281e+00
4.551413536071777344e+00
4.560143947601318359e+00
4.576087474822998047e+00
4.523286342620849609e+00
4.548042297363281250e+00
4.585208415985106534e+00
4.647244453430175781e+00
4.699458599090576172e+00
4.782657146453856534e+00
4.843219757080078125e+00
4.863457202911376953e+00
4.811060428619384766e+00
4.838683128356933594e+00
4.875683784484863281e+00
4.973084926605224609e+00
5.024921894073486328e+00
5.041338920593261719e+00
5.074859619140625000e+00
5.075054168701171875e+00
5.010402679443358487e+00
4.971057415008544922e+00
4.946059226989746094e+00
4.924343109130858487e+00
4.877662658691406250e+00
4.787814617156981534e+00
4.743253707885742188e+00
4.735151290893554688e+00
4.686590671539306641e+00
4.663428306579589844e+00
4.556250572204589844e+00
4.516088008880615234e+00
4.438128948211669922e+00
4.340487003326416016e+00
4.302612781524658203e+00
4.177484035491943359e+00
4.195124626159667969e+00
4.167133808135986328e+00
4.196226596832274502e+00
4.224040031433105469e+00
4.188821315765381748e+00
4.244103908538818359e+00
4.196933269500731534e+00
4.215675354003906250e+00
4.218745708465576172e+00
4.185811519622803623e+00
4.239187240600586826e+00
4.151715278625488281e+00
4.108166694641113281e+00
4.065701961517333984e+00
3.893961906433105469e+00
3.852381944656372070e+00
3.803663492202758789e+00
3.703960895538330078e+00
3.606207370758056641e+00
3.496637344360352007e+00
3.417824029922485352e+00
3.341135501861572266e+00
3.265156984329224077e+00
3.163818836212158203e+00
3.059720277786254883e+00
2.943531036376953125e+00
2.859103679656982422e+00
2.731504678726196289e+00
2.612380504608154297e+00
2.466199159622192383e+00
2.325924634933472124e+00
2.199356555938720703e+00
2.073904991149902344e+00
1.996839880943298340e+00
1.824089407920837180e+00
1.703201413154601829e+00
1.518490195274353027e+00
1.336758136749267578e+00
1.103319406509399414e+00
8.966990709304809570e-01
6.265699863433837891e-01
4.507130086421967108e-01
2.460734844207763949e-01
3.811869025230408409e-02
-1.241765692830085754e-01
-2.968491911888122559e-01
-5.697666406631469727e-01
-7.170303463935852051e-01
-9.322205781936645508e-01
-1.085541367530822754e+00
-1.203635931015014648e+00
-1.397710919380187988e+00
-1.534726381301880105e+00
-1.741535663604736328e+00
-1.983361959457397239e+00
-2.080759525299072266e+00
-2.178903341293334961e+00
-2.305865287780761719e+00
-2.352526426315308061e+00
-2.429940938949584961e+00
-2.593058347702026367e+00
-2.700623273849487749e+00
-2.790901184082031250e+00
-2.913118839263916016e+00
-2.965325117111206055e+00
-3.078783035278320312e+00
-3.194288969039916992e+00
-3.199890613555908203e+00
-3.394878864288330078e+00
-3.420788526535033736e+00
-3.558199167251586914e+00
-3.672377347946166992e+00
-3.668777942657471147e+00
-3.708193063735961914e+00
-3.712168693542480913e+00
-3.739152193069458008e+00
-3.860827445983887163e+00
-3.799173831939696822e+00
-3.832921743392943892e+00
-3.835742235183716264e+00
-3.873815774917602539e+00
-3.749591827392578125e+00
-3.694857120513916016e+00
-3.628473758697509766e+00
-3.527989864349364790e+00
-3.439775943756103516e+00
-3.349850893020629883e+00
-3.325176239013671875e+00
-3.268811464309692383e+00
-3.182271957397461382e+00
-3.140263080596923828e+00
-3.021882772445678711e+00
-2.922013759613037109e+00
-2.826112270355224609e+00
-2.733954429626464844e+00
-2.739829063415527788e+00
-2.744579792022705078e+00
-2.706870794296264648e+00
-2.722213745117187500e+00
-2.626088857650756836e+00
-2.621325016021728516e+00
-2.610189914703369141e+00
-2.585170507431030273e+00
-2.545689821243286133e+00
-2.455041885375977007e+00
-2.459213495254516602e+00
-2.408494472503662109e+00
-2.378809213638305664e+00
-2.316388607025146484e+00
-2.225058078765869141e+00
-2.219146013259888139e+00
-2.130493879318237305e+00
-2.151410341262817383e+00
-2.179258346557616743e+00
-2.179950952529907227e+00
-2.165704250335693359e+00
-2.177155733108520508e+00
-2.127065181732177734e+00
-2.148504734039306197e+00
-2.148257493972778320e+00
-2.139251232147216797e+00
-2.122700929641724077e+00
-2.161526918411254883e+00
-2.185032606124878374e+00
-2.198905229568481001e+00
-2.264900684356689009e+00
-2.250791788101196289e+00
-2.257953166961669922e+00
-2.258047342300415039e+00
-2.220765113830566406e+00
-2.284128904342651811e+00
-2.274455070495605025e+00
-2.281201839447021040e+00
-2.321591138839721680e+00
-2.256005287170410156e+00
-2.295393705368041992e+00
-2.299533843994140625e+00
-2.326324701309204102e+00
-2.348846673965454102e+00
-2.355153083801269087e+00
-2.386492729187012163e+00
-2.399732828140259233e+00
-2.561153650283813032e+00
-2.508009910583496094e+00
-2.538640737533569336e+00
-2.548502445220947710e+00
-2.553470611572265625e+00
-2.619319677352905273e+00
-2.653453588485717773e+00
-2.663376569747924805e+00
-2.646705865859985352e+00
-2.683407306671142578e+00
-2.686259031295776367e+00
-2.669806480407714844e+00
-2.745384216308593750e+00
-2.747987031936645064e+00
-2.747587680816650391e+00
-2.760110616683959961e+00
-2.772082805633544922e+00
-2.811445713043212891e+00
-2.914325714111328125e+00
-2.905892133712768999e+00
-2.970056056976318359e+00
-2.898228645324707031e+00
-2.854389905929564986e+00
-2.961023330688477007e+00
-2.923022270202636719e+00
-3.133431911468506303e+00
-3.076455593109131303e+00
-3.149867534637451172e+00
-3.161859989166260210e+00
-3.099758863449096680e+00
-3.178150892257690430e+00
-3.136683464050292969e+00
-3.281420469284057617e+00
-3.323599576950072798e+00
-3.374391078948974609e+00
-3.344834089279174805e+00
-3.348602533340453657e+00
-3.296698093414306197e+00
-3.277939081192016602e+00
-3.207735300064086914e+00
-3.210420370101928711e+00
-3.130151510238647461e+00
-3.122136116027832031e+00
-3.099411010742187500e+00
-3.037443637847900391e+00
-3.049468517303466797e+00
-3.028237819671631303e+00
-3.058499813079833984e+00
-3.003161191940308061e+00
-2.975557565689086914e+00
-2.994003534317016602e+00
-3.005909442901611772e+00
-2.993744611740112305e+00
-2.959447622299194336e+00
-2.918700218200684038e+00
-2.958004713058472124e+00
-2.930731058120727539e+00
-2.950395345687866211e+00
-2.933631181716918945e+00
-2.986998558044433594e+00
-2.994605779647826704e+00
-2.988382816314697266e+00
-3.044795989990234375e+00
-2.993332386016845703e+00
-2.993652820587158203e+00
-3.003635168075561079e+00
-3.020214319229126421e+00
-3.029319047927856445e+00
-2.967287063598633257e+00
-2.933723688125610352e+00
-2.970494031906127930e+00
-2.942300796508788618e+00
-3.025620460510253906e+00
-3.005120038986206055e+00
-3.021971940994262695e+00
-3.007013559341430664e+00
-2.953636884689331055e+00
-2.917626619338989258e+00
-2.886403799057006836e+00
-2.840598344802856445e+00
-2.814785242080688477e+00
-2.837372303009033203e+00
-2.853079319000243697e+00
-2.829458475112915039e+00
-2.833312034606933594e+00
-2.803337812423706055e+00
-2.783972978591918945e+00
-2.788640260696411133e+00
-2.750291824340820312e+00
-2.761189937591552734e+00
-2.777867555618286133e+00
-2.751494646072388139e+00
-2.696881055831909180e+00
-2.663341522216796875e+00
-2.652422904968261719e+00
-2.628175258636474609e+00
-2.697994470596313032e+00
-2.776714563369750977e+00
-2.747688055038451704e+00
-2.777754783630371094e+00
-2.765569448471069336e+00
-2.842260837554932085e+00
-2.812601089477539062e+00
-2.891644001007080078e+00
-2.945910692214966264e+00
-2.929814100265502930e+00
-2.922057390213012695e+00
-2.925732135772705078e+00
-2.923781871795654297e+00
-2.975345849990844727e+00
-2.967606306076049805e+00
-3.034939765930176225e+00
-3.025481224060058594e+00
-3.018869876861572266e+00
-3.060504674911498579e+00
-3.065845012664794922e+00
-3.161363601684570312e+00
-3.167705297470092773e+00
-3.236210584640502930e+00
-3.306499004364013672e+00
-3.240219354629516602e+00
-3.313336849212646484e+00
-3.243483781814575195e+00
-3.204338788986206055e+00
-3.255579948425292969e+00
-3.233869314193725586e+00
-3.297522306442260742e+00
-3.321184396743774414e+00
-3.382357597351073775e+00
-3.408272266387939453e+00
-3.416281223297118697e+00
-3.467207193374633789e+00
-3.450603723526001421e+00
-3.441129922866821289e+00
-3.374999046325684038e+00
-3.296522140502929688e+00
-3.294951915740966797e+00
-3.188441514968872070e+00
-3.201844692230224609e+00
-3.211353063583373579e+00
-3.204453706741333008e+00
-3.264230728149413618e+00
-3.225718021392822266e+00
-3.200240373611450195e+00
-3.135755300521850586e+00
-3.126483917236328125e+00
-3.112193346023560014e+00
-3.100963830947876421e+00
-3.097232341766357422e+00
-3.062739133834838867e+00
-3.071955442428588867e+00
-3.070592164993286133e+00
-3.068645715713501421e+00
-3.054277420043945312e+00
-3.057990074157714844e+00
-3.011510133743286133e+00
-2.980082035064697266e+00
-2.943333625793457031e+00
-2.987278699874877930e+00
-2.947709321975708008e+00
-2.973725080490112305e+00
-2.934834957122802734e+00
-2.910960674285888672e+00
-2.902193307876586914e+00
-2.865976095199584961e+00
-2.835149049758911133e+00
-2.808809041976928711e+00
-2.758193016052246094e+00
-2.779166221618652344e+00
-2.696997165679932085e+00
-2.666234493255615234e+00
-2.699422359466552734e+00
-2.634281158447265625e+00
-2.587272405624389648e+00
-2.578539609909057617e+00
-2.609445810317993164e+00
-2.581523418426513672e+00
-2.571851015090942383e+00
-2.637077093124389648e+00
-2.633497714996337891e+00
-2.616603374481201172e+00
-2.618854999542236328e+00
-2.590008974075317383e+00
-2.666775465011596680e+00
-2.695060014724731445e+00
-2.692751884460449219e+00
-2.713577270507812500e+00
-2.793440103530884233e+00
-2.848994255065917969e+00
-2.842195034027100053e+00
-2.877125978469848633e+00
-2.886335849761962891e+00
-2.921529769897461382e+00
-2.930356502532958984e+00
-2.933248281478881836e+00
-2.950185537338256836e+00
-2.929868221282958984e+00
-2.940621137619018555e+00
-2.937883377075195757e+00
-2.930605411529541016e+00
-2.962499141693115234e+00
-2.950124979019165039e+00
-2.980523824691772461e+00
-2.971103668212890181e+00
-3.022378444671631303e+00
-3.100928306579589844e+00
-3.086197137832641602e+00
-3.119208097457885742e+00
-3.101356744766235796e+00
-3.124630928039551225e+00
-3.212182044982910156e+00
-3.218633651733398438e+00
-3.297417163848876953e+00
-3.268023490905761719e+00
-3.285075187683105025e+00
-3.309153795242309570e+00
-3.361516475677490234e+00
-3.351832866668701172e+00
-3.315571784973144531e+00
-3.291665315628052202e+00
-3.291980981826782227e+00
-3.242515087127685103e+00
-3.229140043258666992e+00
-3.211946964263916016e+00
-3.202026128768921343e+00
-3.197588920593261719e+00
-3.168122768402100053e+00
-3.214692115783691406e+00
-3.194617748260498047e+00
-3.253161907196044922e+00
-3.254574060440063477e+00
-3.308516502380371094e+00
-3.323522567749023438e+00
-3.307195186614990234e+00
-3.303102254867553711e+00
-3.311047315597533736e+00
-3.281782865524291992e+00
-3.362877607345581055e+00
-3.321798563003540039e+00
-3.350679874420166016e+00
-3.384260892868041992e+00
-3.450290441513061079e+00
-3.467302322387695757e+00
-3.409284114837646484e+00
-3.391881704330444336e+00
-3.366686582565308061e+00
-3.367201089859008789e+00
-3.421980619430541992e+00
-3.405430078506469727e+00
-3.500926733016968218e+00
-3.517063379287720171e+00
-3.593277454376220703e+00
-3.573420286178588867e+00
-3.538800001144408736e+00
-3.656252622604370117e+00
-3.657002210617065430e+00
-3.588446617126464844e+00
-3.626883983612060991e+00
-3.594439029693603516e+00
-3.619969844818115234e+00
-3.556265830993652344e+00
-3.579926013946533203e+00
-3.576330184936523438e+00
-3.567276239395141602e+00
-3.610090732574462891e+00
-3.573717594146728516e+00
-3.578700065612792969e+00
-3.553504705429076704e+00
-3.567148447036743164e+00
-3.577244997024536133e+00
-3.516033411026001421e+00
-3.514943122863769087e+00
-3.508975505828857422e+00
-3.525181531906127930e+00
-3.580310583114623579e+00
-3.532021999359131303e+00
-3.485586404800415039e+00
-3.488445997238158736e+00
-3.456491470336913618e+00
-3.563543558120727539e+00
-3.538933515548706055e+00
-3.559058666229248047e+00
-3.533252000808716264e+00
-3.411128759384155718e+00
-3.356092214584350586e+00
-3.327635288238525391e+00
-3.275738000869751421e+00
-3.216978788375854492e+00
-3.245396375656127930e+00
-3.287648916244506836e+00
-3.253122091293334961e+00
-3.302197456359863725e+00
-3.241029262542724609e+00
-3.255294561386108398e+00
-3.285976171493530273e+00
-3.262069225311279741e+00
-3.288457155227661133e+00
-3.252592325210571733e+00
-3.210065126419067383e+00
-3.287585735321044922e+00
-3.211166381835937056e+00
-3.220978975296020508e+00
-3.184556007385253906e+00
-3.187560558319091797e+00
-3.135837316513061079e+00
-3.033833026885986328e+00
-3.002294301986694336e+00
-2.936554908752441406e+00
-2.926961183547973633e+00
-2.984124660491943803e+00
-2.938900470733642578e+00
-2.953530311584472656e+00
-2.915012598037720171e+00
-2.897739887237548828e+00
-2.849353313446044922e+00
-2.828225374221801758e+00
-2.834841966629028320e+00
-2.730727195739746094e+00
-2.730268955230712891e+00
-2.687103271484375000e+00
-2.647844552993774414e+00
-2.665019273757934570e+00
-2.606355905532836914e+00
-2.575562477111816406e+00
-2.482100725173950195e+00
-2.421955585479736328e+00
-2.440870046615600586e+00
-2.365606546401977095e+00
-2.357998132705688477e+00
-2.320239782333374023e+00
-2.282417297363280806e+00
-2.228367805480957031e+00
-2.186798095703125000e+00
-2.203740119934082031e+00
-2.148454427719115767e+00
-2.111669301986694336e+00
-2.111300468444823775e+00
-2.038453340530395508e+00
-2.038568258285522461e+00
-1.972412586212158425e+00
-1.920179486274719238e+00
-1.883335947990417258e+00
-1.844432234764099121e+00
-1.888187170028686301e+00
-1.827319264411926492e+00
-1.829588413238525169e+00
-1.779790163040161133e+00
-1.746719717979431152e+00
-1.768796086311340332e+00
-1.688359379768371582e+00
-1.704576730728149414e+00
-1.701884508132934570e+00
-1.730684280395507812e+00
-1.784005045890808105e+00
-1.723694682121276855e+00
-1.681171298027038574e+00
-1.698699712753295898e+00
-1.625920653343200906e+00
-1.630245685577392578e+00
-1.599786639213561790e+00
-1.574651718139648438e+00
-1.537919282913208008e+00
-1.538336157798766868e+00
-1.542428255081176758e+00
-1.495502948760986328e+00
-1.542802214622497559e+00
-1.534073829650879128e+00
-1.510793209075927512e+00
-1.507451534271240234e+00
-1.449180126190185547e+00
-1.457335114479064941e+00
-1.398190259933471680e+00
-1.436782717704773171e+00
-1.466828823089599609e+00
-1.392461538314819114e+00
-1.454112172126770020e+00
-1.356289386749267578e+00
-1.345326662063598633e+00
-1.306482195854187012e+00
-1.317039847373962402e+00
-1.342152237892150879e+00
-1.254347205162048340e+00
-1.170285820960998313e+00
-1.177901864051818848e+00
-1.143535017967223899e+00
-1.215642452239990234e+00
-1.134366512298583984e+00
-1.122054934501647949e+00
-1.069393754005431907e+00
-1.096230149269104004e+00
-1.080820441246032715e+00
-1.060930252075195090e+00
-1.074530720710754395e+00
-1.023128509521484375e+00
-8.753290176391601562e-01
-9.327926039695740856e-01
-8.110466599464416504e-01
-8.764251470565795898e-01
-7.891375422477722168e-01
-6.915833950042724609e-01
-6.252590417861938477e-01
-5.374560952186584473e-01
-5.332409739494323730e-01
-4.000967741012573242e-01
-3.601481318473815918e-01
-3.539008200168609619e-01
-2.757212221622467041e-01
-2.072008252143860141e-01
-9.365049749612806840e-02
-1.896073110401630402e-02
-3.735271096229553223e-02
3.628956526517868042e-02
2.496899664402008057e-02
1.224173307418823242e-01
1.616072058677673340e-01
1.973387897014617920e-01
1.522062867879867554e-01
1.421341449022293091e-01
1.694366186857223511e-01
1.832107603549957275e-01
2.017844021320343018e-01
2.589454650878906250e-01
2.197050750255584717e-01
2.109572738409042636e-01
1.821686327457427979e-01
1.956302672624588013e-01
1.915598958730697632e-01
1.412414014339447021e-01
1.614330112934112549e-01
1.277825534343719482e-01
1.293318867683410367e-01
6.445044279098510742e-02
8.671304211020469666e-03
-1.459260657429695303e-02
-7.194536179304122925e-02
-5.834335833787917397e-02
-8.620689809322357178e-02
-1.426991820335388184e-01
-1.608935594558715820e-01
-1.822010129690170566e-01
-1.842801123857498447e-01
-2.373455315828323364e-01
-2.577331364154816229e-01
-3.061899542808533270e-01
-3.353308737277985174e-01
-3.094666898250579834e-01
-2.856194674968719482e-01
-3.125905394554138184e-01
-3.717873394489287775e-01
-4.463029503822327215e-01
-4.093540608882904053e-01
-4.306557178497314453e-01
-4.840359091758728027e-01
-4.818432927131652832e-01
-5.511547923088073730e-01
-5.425749421119689941e-01
-5.566962361335754395e-01
-5.773375034332275391e-01
-6.308414936065673828e-01
-6.847738623619079590e-01
-7.103561162948608398e-01
-7.181425094604492188e-01
-7.184043526649475098e-01
-7.075455784797668457e-01
-7.692509889602661133e-01
-7.770343422889709473e-01
-7.837076783180236816e-01
-8.212982416152954102e-01
-8.131768107414245605e-01
-8.250147700309753418e-01
-8.565216660499572754e-01
-9.048919081687928356e-01
-9.435752034187315784e-01
-9.899349212646484375e-01
-1.032269954681396484e+00
-1.025901436805724876e+00
-1.040715456008911133e+00
-1.031141281127929688e+00
-1.039484143257141113e+00
-1.061066269874572754e+00
-1.019233584403991699e+00
-1.050756573677062988e+00
-1.009435415267944336e+00
-9.979616403579711914e-01
-9.747078418731690563e-01
-9.929414987564088024e-01
-9.921588897705078125e-01
-9.545089602470397949e-01
-9.327886104583740234e-01
-9.121367931365967907e-01
-9.187573790550231934e-01
-9.539038538932800293e-01
-9.067058563232421875e-01
-8.890441060066223145e-01
-8.728488683700561523e-01
-8.648254871368408203e-01
-8.832640051841735840e-01
-8.975879549980163574e-01
-8.428844213485717773e-01
-8.304934501647949219e-01
-8.441242575645446777e-01
-8.586859703063964844e-01
-8.217324018478393555e-01
-8.026576638221740723e-01
-8.048681616783142090e-01
-7.777744531631469727e-01
-8.010054826736450195e-01
-7.906270027160644531e-01
-8.666932582855224609e-01
-9.040623307228088379e-01
-9.236403703689576306e-01
-9.559780955314636230e-01
-9.316384196281431995e-01
-9.967617988586425781e-01
-9.870963096618652344e-01
-1.057943105697631836e+00
-1.009068369865417703e+00
-9.812903404235840954e-01
-1.020205497741699219e+00
-1.014278650283813699e+00
-1.000542759895324707e+00
-1.008461952209472878e+00
-1.041544079780578613e+00
-1.086922526359557883e+00
-1.057940483093261497e+00
-1.091789245605468750e+00
-1.042719483375549094e+00
-9.922589063644408069e-01
-1.018157362937927246e+00
-9.910391569137572132e-01
-1.006049275398254395e+00
-9.751302599906920276e-01
-9.971502423286437988e-01
-1.026055097579955833e+00
-9.994320869445799671e-01
-1.045405387878417969e+00
-1.021314144134521706e+00
-1.003184437751770020e+00
-9.542262554168700062e-01
-9.227273464202879749e-01
-9.250727891921995960e-01
-8.904852271080017090e-01
-8.562429547309875488e-01
-8.662596940994262695e-01
-7.869676351547241211e-01
-7.729755640029907227e-01
-7.221714258193969727e-01
-7.211449146270751953e-01
-7.770568728446959339e-01
-7.164549231529235840e-01
-7.727063298225402832e-01
-7.682487368583679199e-01
-7.503820061683654785e-01
-8.143736124038696289e-01
-7.654795646667479359e-01
-8.147147297859191895e-01
-8.080652952194213867e-01
-7.945386767387390137e-01
-7.990270853042602539e-01
-7.968751192092895508e-01
-8.507440090179443359e-01
-7.865266799926757812e-01
-7.397874593734741211e-01
-7.134957909584045410e-01
-8.025726079940795898e-01
-9.106002449989319958e-01
-7.894492745399475098e-01
-7.907620668411254883e-01
-8.093384504318237305e-01
-8.544960618019104004e-01
-9.284667372703552246e-01
-8.988935947418212891e-01
-9.395735859870911755e-01
-9.264302849769592285e-01
-8.667890429496765137e-01
-7.900909185409545898e-01
-6.990885138511657715e-01
-6.822088360786437988e-01
-7.058858275413513184e-01
-7.890827655792236328e-01
-9.445261955261229359e-01
-8.757193088531494141e-01
-1.013788461685180886e+00
-1.062067031860351562e+00
-1.154449939727783203e+00
-1.354320526123046875e+00
-1.487542748451233132e+00
-1.626417756080627441e+00
-1.817062616348266380e+00
-1.958337903022765891e+00
-2.063259840011596680e+00
-2.170563459396362305e+00
-2.324724912643432617e+00
-2.362718343734740767e+00
-2.345611095428466797e+00
-2.457626342773437056e+00
-2.459577322006225586e+00
-2.541100263595581055e+00
-2.580209255218505859e+00
-2.725103616714477095e+00
-2.891099929809570312e+00
-3.066400766372680664e+00
-3.227415323257446289e+00
-3.230675697326660156e+00
-3.283869266510009766e+00
-3.350593566894531250e+00
-3.307883024215698242e+00
-3.312704324722290039e+00
-3.184749603271484375e+00
-3.333861351013184038e+00
-3.245929241180419922e+00
-2.985772848129272461e+00
-2.836602210998535156e+00
-2.666428327560424805e+00
-2.597746849060058594e+00
-2.416643857955932617e+00
-2.171483039855956587e+00
-2.081248283386230469e+00
-1.787580728530883789e+00
-1.639153480529785156e+00
-1.299928307533264160e+00
-9.659081101417541504e-01
-8.574324846267700195e-01
-7.266868352890014648e-01
-6.792237162590026855e-01
-5.034943222999572754e-01
-2.865202426910400391e-01
-6.409159302711486816e-02
1.466372758150100708e-01
2.846695184707641602e-01
4.673564136028289795e-01
6.431880593299865723e-01
7.228193879127502441e-01
8.286072015762329102e-01
8.046334385871887207e-01
8.567907810211181641e-01
8.535140156745910645e-01
9.322305917739868164e-01
1.111367106437682883e+00
1.129500985145568848e+00
1.319842219352722168e+00
1.499656438827514648e+00
1.731040835380554199e+00
1.970417499542236328e+00
1.979301452636718750e+00
2.072374343872070312e+00
2.096901416778564453e+00
2.082309007644653320e+00
2.037071704864501953e+00
1.984346628189086914e+00
1.982966065406799538e+00
1.812324643135070801e+00
1.711622714996338113e+00
1.621052503585815430e+00
1.451613426208495872e+00
1.369081616401672363e+00
1.172452807426452637e+00
1.102448701858520508e+00
1.025014877319335938e+00
8.176247477531433105e-01
6.512581706047058105e-01
4.021593332290649414e-01
1.453187018632888794e-01
2.857851423323154449e-02
-1.800803840160369873e-01
-2.486692219972610474e-01
-3.713016510009765625e-01
-4.346880018711090088e-01
-6.263720393180847168e-01
-7.810110449790954590e-01
-8.656560182571411133e-01
-1.059800624847411887e+00
-1.141646981239318848e+00
-1.289453864097595215e+00
-1.458819270133972168e+00
-1.545285105705261230e+00
-1.792732238769531250e+00
-1.747772693634033203e+00
-1.869004964828491211e+00
-2.002229690551758257e+00
-2.046111106872558594e+00
-2.242105245590209961e+00
-2.246015071868896484e+00
-2.426161289215087891e+00
-2.502334117889404297e+00
-2.590212583541870117e+00
-2.746814966201782227e+00
-2.825350522994995117e+00
-3.036089181900024414e+00
-3.154475212097167969e+00
-3.257438421249389648e+00
-3.369448423385620117e+00
-3.352820634841918945e+00
-3.448176383972167969e+00
-3.534047365188598189e+00
-3.586453676223754883e+00
-3.700103759765625000e+00
-3.782925605773926225e+00
-4.107874870300292969e+00
-4.258315086364746094e+00
-4.464987277984619141e+00
-4.702872276306152344e+00
-4.848374366760253906e+00
-5.129231929779052734e+00
-5.246737957000731534e+00
-5.103180885314941406e+00
-5.155315876007080078e+00
-5.022158145904541016e+00
-4.987290382385253906e+00
-4.863660335540772373e+00
-4.843298912048339844e+00
-4.904283046722412109e+00
-4.851560592651367188e+00
-4.819126129150391513e+00
-4.775904178619384766e+00
-4.679149627685546875e+00
-4.552008628845214844e+00
-4.499322414398193359e+00
-4.645461559295653409e+00
-4.687394142150878906e+00
-4.712819576263427734e+00
-4.731441020965576172e+00
-4.689314842224121094e+00
-4.776632308959960938e+00
-4.736316680908203125e+00
-4.746848583221436435e+00
-4.778567790985106534e+00
-4.690423488616943359e+00
-4.656314849853516513e+00
-4.600817680358886719e+00
-4.558535099029541016e+00
-4.495893001556396484e+00
-4.449915409088134766e+00
-4.469410896301269531e+00
-4.399806976318358487e+00
-4.368207931518555576e+00
-4.280538082122803623e+00
-4.226190567016602451e+00
-4.310839653015136719e+00
-4.208916187286376953e+00
-4.292156696319580078e+00
-4.339994907379149502e+00
-4.395198822021483487e+00
-4.398992061614990234e+00
-4.332706451416016513e+00
-4.395009040832520419e+00
-4.323439121246337891e+00
-4.307926654815673828e+00
-4.268162727355957031e+00
-4.213055610656738281e+00
-4.206642627716064453e+00
-4.200693130493163174e+00
-4.144025325775146484e+00
-4.124540328979491299e+00
-4.095924854278564453e+00
-4.151553153991698331e+00
-4.171570301055908203e+00
-4.167799472808837891e+00
-4.170558452606201172e+00
-4.136994361877441406e+00
-4.219141960144042969e+00
-4.217176437377930576e+00
-4.221250534057616299e+00
-4.180741786956787109e+00
-4.130417823791503906e+00
-4.110269069671631748e+00
-4.042590618133544922e+00
-4.025992393493651456e+00
-3.953275203704833984e+00
-3.919358253479003906e+00
-3.870101451873779297e+00
-3.789041280746459961e+00
-3.710798978805541992e+00
-3.640368938446044922e+00
-3.583497762680053711e+00
-3.511583566665649414e+00
-3.373047590255737305e+00
-3.367367744445801225e+00
-3.320504188537597656e+00
-3.193974733352661133e+00
-3.067208051681518555e+00
-2.960843324661254883e+00
-2.901827096939086914e+00
-2.761465072631835938e+00
-2.674063444137572798e+00
-2.660562515258789062e+00
-2.670733690261840820e+00
-2.669566392898560014e+00
-2.601798534393310547e+00
-2.497456312179564986e+00
-2.442794322967529297e+00
-2.408897161483764648e+00
-2.434920549392700195e+00
-2.347362279891968218e+00
-2.353968858718872070e+00
-2.376503467559814453e+00
-2.350181818008423296e+00
-2.358738899230957031e+00
-2.286631584167480469e+00
-2.260667324066162109e+00
-2.204717636108398438e+00
-2.174538850784301758e+00
-2.129792213439941406e+00
-2.098156452178955078e+00
-2.028152704238892046e+00
-1.918744325637817161e+00
-1.831792116165160911e+00
-1.815818667411803977e+00
-1.717586159706115501e+00
-1.786583304405212402e+00
-1.732317328453063965e+00
-1.735625147819519043e+00
-1.770594477653503418e+00
-1.613723278045654297e+00
-1.667786836624145508e+00
-1.584412574768066406e+00
-1.589939117431640625e+00
-1.599826931953430176e+00
-1.576708674430847168e+00
-1.608789086341858132e+00
-1.545481204986572488e+00
-1.548617720603942871e+00
-1.514775514602661133e+00
-1.504655599594116211e+00
-1.498857975006103516e+00
-1.406165242195129395e+00
-1.440374255180358887e+00
-1.354322433471679688e+00
-1.347360014915466309e+00
-1.398486852645874023e+00
-1.248762965202331543e+00
-1.266129016876220703e+00
-1.264061570167541504e+00
-1.226647257804870605e+00
-1.195422768592834473e+00
-1.103914737701416016e+00
-1.109076619148254395e+00
-1.101615667343139648e+00
-1.075167298316955566e+00
-1.095334529876709206e+00
-1.069574236869812012e+00
-1.046641707420349121e+00
-1.038567185401916504e+00
-1.025889635086059570e+00
-1.035212159156799094e+00
-1.032862782478332297e+00
-1.054434776306152344e+00
-9.581604599952697754e-01
-8.995521664619445801e-01
-8.812664151191711426e-01
-8.387960791587829590e-01
-8.813549876213073730e-01
-8.470800518989562988e-01
-8.382638692855834961e-01
-8.322806954383850098e-01
-8.371672034263610840e-01
-8.835768103599548340e-01
-8.345102667808532715e-01
-8.637972474098205566e-01
-8.544912338256835938e-01
-8.384182453155517578e-01
-9.479160308837891735e-01
-9.562973976135253906e-01
-9.774414300918580212e-01
-9.575031399726867676e-01
-9.107822775840760388e-01
-9.516301155090332031e-01
-9.301165342330931507e-01
-9.177513122558593750e-01
-9.323352575302124023e-01
-8.984831571578979492e-01
-9.775192141532897949e-01
-9.096269607543944202e-01
-9.419098496437071644e-01
-9.110913872718812145e-01
-8.266887068748474121e-01
-8.437588214874267578e-01
-7.426769137382507324e-01
-7.924408912658691406e-01
-7.043852210044860840e-01
-6.595064401626586914e-01
-7.508682012557983398e-01
-6.576493978500366211e-01
-6.545662283897399902e-01
-6.431810855865478516e-01
-5.641891956329345703e-01
-5.440164804458618164e-01
-5.390084385871887207e-01
-6.223437190055847168e-01
-5.224549770355224609e-01
-4.637188017368317206e-01
-4.811796545982360840e-01
-4.200726747512817383e-01
-4.512626230716704767e-01
-4.077864587306975763e-01
-3.982112109661102295e-01
-3.227601647377014160e-01
-2.810452580451964777e-01
-2.763310670852661133e-01
-2.350582778453826904e-01
-2.190472185611724854e-01
-2.116198241710662842e-01
-2.080721557140350619e-01
-2.701971232891082764e-01
-2.206874787807464877e-01
-1.360972821712493896e-01
-1.343511492013931274e-01
-1.126905009150505066e-01
-1.232043728232383450e-01
-1.044523790478706360e-01
-1.312506347894668579e-01
-8.063720911741258102e-02
-6.913179159164428711e-02
-9.289713948965072632e-02
-4.135830327868461609e-02
-1.034934967756271362e-01
-1.020152494311332703e-01
-1.474851220846175870e-01
-1.468188613653182983e-01
-1.199677586555480957e-01
-1.388228833675384521e-01
-9.036707878112792969e-02
-2.784833312034606934e-02
-3.275043889880180359e-02
3.558118641376495361e-02
4.487288370728493431e-02
1.242991909384727478e-01
1.093977242708206316e-01
1.311876624822616577e-01
1.879587471485137939e-01
1.632740199565887451e-01
1.985739022493362427e-01
2.319977432489394864e-01
2.373382002115249634e-01
2.252199798822402954e-01
1.613202393054962158e-01
1.100791245698928694e-01
6.930686533451080322e-02
4.221978783607482910e-02
1.042670682072639604e-01
4.147657006978988647e-02
1.158052906394004683e-01
7.335188239812850952e-02
4.343226552009583213e-02
8.867539465427398682e-02
3.870274499058723450e-02
5.511417239904403687e-02
4.649414122104644775e-02
7.449875026941299438e-02
1.092430949211120605e-01
9.204796701669692993e-02
2.049424648284912109e-01
1.798690259456634521e-01
1.918615251779556552e-01
2.800979912281036377e-01
2.849575877189636230e-01
3.287286758422852118e-01
3.275717794895172119e-01
3.863246142864226740e-01
4.144203066825866699e-01
4.471494555473328192e-01
4.888749718666077215e-01
4.894697964191436768e-01
5.418813824653625488e-01
6.206753849983215332e-01
6.285684704780578613e-01
6.918126344680786133e-01
7.077503800392150879e-01
7.728648185729979359e-01
7.552524209022521973e-01
7.884871363639831543e-01
7.799348235130308948e-01
7.740182876586914062e-01
8.302454948425292969e-01
8.613769412040709339e-01
9.016054272651672363e-01
9.140770435333251953e-01
8.591061830520629883e-01
8.854284882545471191e-01
9.095854163169859730e-01
9.609046578407287598e-01
1.015020728111267090e+00
1.007572531700134499e+00
1.035045027732849121e+00
9.710810184478759766e-01
1.011417388916015625e+00
1.006028652191161887e+00
9.645797610282897949e-01
9.615045785903931774e-01
8.829300999641418457e-01
9.207936525344847523e-01
9.483826160430908203e-01
9.637623429298399769e-01
9.736400842666625977e-01
9.792770147323608398e-01
1.007779598236084206e+00
1.082362532615661621e+00
1.102540016174316406e+00
1.179592013359069824e+00
1.211051583290100098e+00
1.208561658859252930e+00
1.235158085823059082e+00
1.235619425773620605e+00
1.296766400337219238e+00
1.310286641120910645e+00
1.347292780876159668e+00
1.313875794410705566e+00
1.299795866012573242e+00
1.293454527854919434e+00
1.232031106948852317e+00
1.221415042877197266e+00
1.204254627227783203e+00
1.216109037399291992e+00
1.201468348503112793e+00
1.131576895713806152e+00
1.178076028823852317e+00
1.201955914497375710e+00
1.174507975578307883e+00
1.235881090164184570e+00
1.211075305938720703e+00
1.278641939163208008e+00
1.281794667243957520e+00
1.253005027770995872e+00
1.214448332786560059e+00
1.196855306625366211e+00
1.200761318206787109e+00
1.166525244712829590e+00
1.206818103790283203e+00
1.198985099792480469e+00
1.176974415779113770e+00
1.238382220268249512e+00
1.165173649787902832e+00
1.133239507675170898e+00
1.069707870483398438e+00
1.022705554962158203e+00
9.893426299095153809e-01
9.063421487808227539e-01
9.003682732582092285e-01
8.708565831184387207e-01
8.502094745635986328e-01
8.095000386238098145e-01
7.050618529319763184e-01
6.834591627120971680e-01
6.590816974639892578e-01
6.006143689155578613e-01
5.598200559616088867e-01
4.930885732173920233e-01
4.537842869758605957e-01
4.237194061279296875e-01
3.806281685829162598e-01
3.787577450275421143e-01
3.563081622123718262e-01
3.546719551086425781e-01
2.924487590789794922e-01
2.817560732364654541e-01
2.627257108688354492e-01
1.835341155529022494e-01
1.801373213529586792e-01
1.639765202999114990e-01
1.862197965383529386e-01
1.489106714725494385e-01
1.480127125978469849e-01
1.810373812913894653e-01
1.703001707792282104e-01
1.639055013656616211e-01
1.292963176965713501e-01
7.641032338142395020e-02
4.385684058070182800e-02
5.460416432470083237e-03
6.590607017278671265e-02
2.840397134423256267e-02
-3.503773361444473267e-02
-7.134556770324707031e-02
-7.543091475963592529e-02
-6.499597430229187012e-02
-1.324774473905563632e-01
-1.518411487340927124e-01
-1.759336441755294800e-01
-1.634426563978195190e-01
-1.160322055220603943e-01
-7.734370976686477661e-02
-8.306100964546203613e-02
-5.642560869455337524e-02
-9.801551699638368087e-02
-8.866024017333984375e-02
-6.635356694459915161e-02
-6.551853567361833053e-02
-2.423579059541225433e-02
-1.993900723755359997e-02
1.352914981544017792e-02
3.136852383613586426e-02
5.645421147346496582e-02
3.783477097749710083e-02
-5.849099531769752502e-02
-5.416856333613396385e-02
-8.466045558452606201e-02
-6.838177889585494995e-02
-6.811568886041641235e-02
-9.482434391975404220e-02
-4.464850202202796936e-02
-1.434424817562103271e-01
-8.034630864858627319e-02
-2.968300320208072662e-02
-5.634791776537895203e-02
-4.476463422179222107e-03
-3.766452148556708596e-02
4.761614277958869934e-02
1.006189659237861633e-01
8.963044732809068160e-02
1.601197272539138794e-01
1.214274317026138444e-01
2.162215709686279574e-01
1.875583380460739136e-01
2.367671132087707520e-01
2.983440458774567206e-01
3.318580687046051025e-01
3.881901204586029053e-01
4.284265935420989990e-01
4.433469474315642755e-01
4.899616241455078125e-01
5.754411816596984863e-01
6.494267582893371582e-01
6.997821331024169922e-01
7.225022315979003906e-01
7.163557410240173340e-01
6.994379758834838867e-01
7.279935479164123535e-01
7.125274538993835449e-01
8.071317076683044434e-01
8.335776925086975098e-01
7.939404249191284180e-01
8.607209324836730957e-01
8.310414552688598633e-01
8.600422739982604980e-01
8.920688033103942871e-01
8.173508644104003906e-01
8.700530529022216797e-01
8.553127646446228027e-01
9.246958494186400257e-01
9.306797981262208141e-01
9.373745918273925781e-01
9.635757207870484509e-01
9.218213558197020374e-01
9.771333336830140270e-01
9.711375832557678223e-01
9.978117346763611950e-01
1.007704973220825195e+00
1.071895837783813699e+00
1.090892672538757102e+00
1.150662541389465110e+00
1.166285395622253418e+00
1.229323148727416992e+00
1.248228549957275391e+00
1.259326338768005371e+00
1.276517152786254883e+00
1.248741507530212402e+00
1.179295659065246582e+00
1.137420535087585449e+00
1.141529321670532227e+00
1.187924146652221680e+00
1.207089662551880105e+00
1.152298808097839355e+00
1.137548327445984109e+00
1.160796642303466797e+00
1.109071016311645508e+00
1.145115971565246582e+00
1.141288161277770996e+00
1.110870242118835449e+00
1.165798544883728027e+00
1.173274517059326172e+00
1.201236248016357422e+00
1.200626373291015625e+00
1.154421448707580566e+00
1.136351585388183594e+00
1.081022143363952637e+00
1.073487162590026855e+00
1.052609682083130105e+00
9.727876186370849609e-01
9.201136231422424316e-01
9.093353748321532093e-01
8.929870724678040661e-01
8.468209505081176758e-01
8.255345225334167480e-01
8.166036009788513184e-01
7.431552410125732422e-01
7.645168900489807129e-01
7.823351621627807617e-01
7.462348341941833496e-01
7.601645588874816895e-01
7.637242674827575684e-01
7.900134325027465820e-01
7.860550284385681152e-01
7.371529936790466309e-01
7.124238014221191406e-01
6.299679875373840332e-01
6.633486747741699219e-01
6.777759790420532227e-01
6.752797365188598633e-01
6.976873874664306641e-01
7.194460034370422363e-01
7.818954586982727051e-01
8.243617415428161621e-01
9.059484601020811878e-01
9.735706448554991566e-01
9.507580995559692383e-01
9.970130920410156250e-01
9.335831999778747559e-01
9.652476310729979359e-01
9.647566676139831543e-01
8.703448772430419922e-01
9.601780176162719727e-01
8.694344162940979004e-01
8.637067079544067383e-01
8.680568337440490723e-01
8.327881693840026855e-01
8.466917872428894043e-01
8.065984249114990234e-01
8.912790417671203613e-01
8.791045546531677246e-01
9.840196371078492321e-01
1.088806152343750000e+00
1.131786465644836426e+00
1.200401782989501953e+00
1.257043123245239258e+00
1.304921865463256836e+00
1.390212535858154297e+00
1.369049668312072754e+00
1.430443286895751953e+00
1.447311043739318848e+00
1.427411437034606934e+00
1.483852863311767578e+00
1.419826865196228027e+00
1.487956762313842773e+00
1.432901144027709961e+00
1.473909139633178711e+00
1.564261913299560325e+00
1.567775726318359375e+00
1.631327152252197266e+00
1.661417484283447266e+00
1.675692677497863770e+00
1.744928359985351562e+00
1.767670035362243652e+00
1.816559553146362305e+00
1.909549355506896973e+00
1.913895368576049583e+00
1.921537041664123535e+00
1.970830440521240012e+00
2.007475137710571733e+00
2.033398628234863725e+00
2.048429250717163086e+00
2.033191919326782227e+00
2.005485057830810547e+00
1.974179148674011230e+00
1.890801787376404031e+00
1.923784971237182395e+00
1.937652468681335671e+00
1.914719820022583008e+00
1.926104068756103516e+00
1.895639896392822488e+00
1.903172969818115234e+00
1.906699538230895996e+00
1.883077740669250488e+00
1.868230581283569114e+00
1.789464473724365234e+00
1.747726678848266602e+00
1.721510171890258789e+00
1.735307693481445090e+00
1.768849372863769531e+00
1.769815206527709961e+00
1.718002438545226829e+00
1.660051107406616211e+00
1.630280852317810059e+00
1.556164860725402832e+00
1.468577861785888894e+00
1.456626653671264648e+00
1.371063113212585449e+00
1.367923259735107422e+00
1.357680797576904297e+00
1.351731181144714355e+00
1.369596481323242188e+00
1.361288785934448242e+00
1.390958428382873535e+00
1.402309417724609375e+00
1.397152781486511230e+00
1.377732157707214355e+00
1.345942616462707520e+00
1.381235480308532715e+00
1.354911684989929199e+00
1.337949633598327637e+00
1.335728526115417703e+00
1.298840045928955078e+00
1.323327302932739258e+00
1.365837574005126953e+00
1.391436219215393066e+00
1.410773158073425293e+00
1.392197489738464355e+00
1.428621292114257812e+00
1.375952363014221191e+00
1.378009796142577903e+00
1.390086054801940918e+00
1.376013278961181641e+00
1.396940469741821289e+00
1.387644886970520020e+00
1.424873709678649902e+00
1.455956578254699707e+00
1.446956038475036621e+00
1.478564143180847168e+00
1.474870800971984863e+00
1.478645801544189675e+00
1.516932368278503418e+00
1.527738571166992188e+00
1.546843051910400391e+00
1.552295446395874023e+00
1.596036314964294434e+00
1.620898842811584473e+00
1.614676713943481445e+00
1.644228458404541016e+00
1.592190384864807129e+00
1.617412447929382324e+00
1.586723446846008301e+00
1.587247848510742188e+00
1.521865725517273171e+00
1.522691369056701660e+00
1.510270833969116211e+00
1.486850619316100852e+00
1.478497505187988503e+00
1.498129963874816895e+00
1.461649417877197266e+00
1.472304224967956321e+00
1.452946543693542480e+00
1.423851490020751953e+00
1.412198901176452637e+00
1.365889787673950195e+00
1.346079111099243164e+00
1.290918111801147683e+00
1.278947830200195090e+00
1.210552811622619629e+00
1.146317005157470703e+00
1.165364861488342507e+00
1.156531333923339844e+00
1.129614353179931641e+00
1.102597355842590332e+00
1.071016788482665794e+00
1.075698971748352051e+00
1.053472638130187988e+00
1.023261189460754395e+00
1.002676129341125710e+00
9.454941749572753906e-01
9.248893260955809437e-01
8.950865864753723145e-01
8.711524009704590954e-01
8.420805335044860840e-01
8.106234669685363770e-01
8.042898178100585938e-01
7.394249439239501953e-01
7.217070460319519043e-01
7.103788256645202637e-01
6.858409643173217773e-01
6.888204216957092285e-01
6.596704721450805664e-01
6.147044897079467773e-01
5.986672639846801758e-01
5.502014756202697754e-01
5.530800223350524902e-01
5.171184539794921875e-01
4.764932394027709961e-01
4.673986732959746759e-01
4.417195022106170654e-01
4.439932405948638916e-01
3.705168962478637695e-01
3.576623499393463135e-01
3.052029609680175781e-01
2.653841972351074219e-01
2.215438485145568848e-01
1.446169167757034579e-01
1.652684360742568970e-01
9.774925559759140015e-02
1.005550697445869307e-01
5.653800070285797813e-02
-1.487495098263025284e-02
-5.492358934134244919e-03
-6.082265079021453857e-02
-6.822794675827026367e-02
-8.507860451936723190e-02
-1.261387467384338379e-01
-1.005722805857658386e-01
-1.258372068405151367e-01
-8.714833855628967285e-02
-5.382931977510451577e-02
-3.583353012800216675e-02
2.413367480039596905e-02
1.835788413882255901e-02
5.808419734239577553e-02
6.468868255615234375e-02
1.006215736269950728e-01
1.573513746261596680e-01
1.902506053447723389e-01
2.599420845508575439e-01
2.963586747646331787e-01
3.386068642139434814e-01
3.549355268478393555e-01
3.953157365322113037e-01
4.449809491634368896e-01
4.996191263198853094e-01
5.476362109184265137e-01
6.175674796104431152e-01
6.420251131057739258e-01
7.168890833854675293e-01
7.221224904060363770e-01
7.438961267471313477e-01
7.688089609146118164e-01
7.658019065856933594e-01
8.001561760902404785e-01
8.920785784721374512e-01
9.299510121345520020e-01
9.284054636955260120e-01
9.096720814704896130e-01
9.812020659446716309e-01
1.007398366928100586e+00
1.047193169593810813e+00
1.110417008399963379e+00
1.118555784225464089e+00
1.137655019760131836e+00
1.128311276435852051e+00
1.175165534019470215e+00
1.168965697288513184e+00
1.133422374725341797e+00
1.161408662796020508e+00
1.151559591293334961e+00
1.219631433486938477e+00
1.262699484825134499e+00
1.281366348266601562e+00
1.279973149299621582e+00
1.270592927932739258e+00
1.303035140037536621e+00
1.290341615676880105e+00
1.264839768409729004e+00
1.265821337699889915e+00
1.224303603172302246e+00
1.241658806800842507e+00
1.180493950843811035e+00
1.185480117797851562e+00
1.206307411193847656e+00
1.210724234580993652e+00
1.218125104904174805e+00
1.162231564521789551e+00
1.155501008033752441e+00
1.128137469291687012e+00
1.097204446792602317e+00
1.119669914245605691e+00
1.114775419235229492e+00
1.119874596595764160e+00
1.134660363197326882e+00
1.111975789070129395e+00
1.092270374298095703e+00
1.031603097915649414e+00
1.034705519676208496e+00
1.033338069915771706e+00
1.027954220771789551e+00
1.013950586318969505e+00
9.659714102745056152e-01
9.568758606910705566e-01
9.355154633522033691e-01
8.887403607368469238e-01
9.015139341354370117e-01
8.816450834274291992e-01
9.070624113082885742e-01
8.462740778923034668e-01
8.228051066398620605e-01
8.448432087898254395e-01
8.224904537200927734e-01
8.307417631149291992e-01
8.084849715232849121e-01
8.573471307754516602e-01
8.351356983184814453e-01
8.053559660911558948e-01
8.243349194526672363e-01
8.054898381233215332e-01
7.868543863296508789e-01
7.931745648384094238e-01
7.426152825355529785e-01
7.604711651802062988e-01
7.280143499374390759e-01
7.532806396484375000e-01
7.413870096206665039e-01
6.825740933418273926e-01
6.897488832473754883e-01
6.224566698074340820e-01
6.232480406761169434e-01
6.137284040451049805e-01
6.042002439498901367e-01
6.228195428848266602e-01
5.717853307723999023e-01
5.658631324768066406e-01
5.677845478057861328e-01
5.217964053153991699e-01
5.358303189277648926e-01
5.264949798583984375e-01
5.265644788742065430e-01
5.386655330657958984e-01
5.222079157829284668e-01
5.260563492774963379e-01
4.866939485073090155e-01
4.463452696800231934e-01
4.179799854755401611e-01
4.216691553592681885e-01
4.187234640121459961e-01
3.819972574710845947e-01
4.099649190902709961e-01
3.383607566356658936e-01
3.429673910140991211e-01
3.193642199039459229e-01
2.802160382270812988e-01
2.877165675163269043e-01
2.666333615779877264e-01
2.572033107280731201e-01
2.365289777517319003e-01
1.796113103628158569e-01
1.893693953752517423e-01
1.632935404777526855e-01
1.654710471630096436e-01
1.714169234037399292e-01
1.388697326183319092e-01
1.435818523168563843e-01
1.325178146362304688e-01
1.061367616057395935e-01
1.028101071715354781e-01
7.107917219400405884e-02
9.390355646610260010e-02
8.884887397289276123e-02
1.241148412227630476e-01
1.584156155586242676e-01
1.691165119409561157e-01
2.048739343881607056e-01
1.885335743427276611e-01
1.832465678453445157e-01
1.977688670158386508e-01
