2.384607493877410889e-01
3.338401913642883301e-01
4.806196689605712891e-02
1.763099730014801025e-01
1.727499216794967374e-01
2.779572606086730957e-01
6.306030750274658203e-01
8.355964422225952148e-01
9.047918915748596191e-01
1.209963083267211914e+00
1.151758790016174316e+00
1.025280237197875977e+00
1.028475165367126465e+00
1.046225428581237793e+00
1.067018389701843262e+00
1.088507175445556641e+00
8.656051158905029297e-01
9.626691937446594238e-01
1.462216019630431907e+00
-3.082145154476165771e-01
-1.682464331388473511e-01
4.234097898006438515e-02
1.956533789634704867e-01
7.655493021011352539e-01
1.245187640190124290e+00
1.864750981330872026e+00
2.082733869552612305e+00
2.264500379562377930e+00
2.643159151077270508e+00
2.436924457550048828e+00
2.306451320648193359e+00
1.826853036880492720e+00
1.543549418449402078e+00
1.185066938400268555e+00
9.797967672348022461e-01
8.658846020698547363e-01
8.612570762634277344e-01
8.068708777427673340e-01
8.983539342880249023e-01
8.334358334541320801e-01
7.855654954910278320e-01
5.957949161529541016e-01
5.938285589218139648e-01
4.289744198322296143e-01
3.698276281356812079e-01
2.748963534832000732e-01
1.813848614692687988e-01
5.835201740264892578e-01
6.803715825080871582e-01
5.801139473915100098e-01
7.758293151855468750e-01
4.851206839084625244e-01
4.173617362976074219e-01
-1.727975718677043915e-02
-1.085560992360115051e-01
-2.501639723777770996e-01
-3.346463739871978760e-01
-4.355570971965789795e-01
-3.271995782852172852e-01
-4.585476517677307129e-01
-4.875967204570770264e-01
-4.385503828525543213e-01
-5.663638710975646973e-01
-5.463303327560424805e-01
-4.922927021980286200e-01
-6.399056911468505859e-01
-7.806736230850219727e-01
-6.027115583419799805e-01
-6.005998253822326660e-01
-5.528058409690856934e-01
-6.190082430839538574e-01
-8.001006841659545898e-01
-1.027319669723510742e+00
-1.222888469696044922e+00
-1.243942856788635254e+00
-1.214199066162109375e+00
-1.043387889862060325e+00
-8.879821300506591797e-01
-7.083011269569396973e-01
-6.303524971008300781e-01
-7.470824122428894043e-01
-8.251317739486694336e-01
-8.616809248924255371e-01
-9.125224947929382324e-01
-8.623111248016357422e-01
-8.412104845046997070e-01
-9.332901239395141602e-01
-7.174587249755859375e-01
-4.443404376506804865e-01
-3.135412931442260742e-01
-7.591481506824492020e-02
-7.108011096715927124e-02
-1.600876152515411377e-01
-2.344637662172316950e-01
-3.452790975570679266e-01
-3.394643664360046387e-01
-5.263871550559997559e-01
-7.326722145080566406e-01
-8.653724193572998047e-01
-9.501461982727051891e-01
-8.941689133644104004e-01
-9.319267272949219860e-01
-8.184457421302795410e-01
-9.045249819755554199e-01
-9.045550823211669922e-01
-9.947139024734495960e-01
-1.125322103500366211e+00
-1.273040294647216797e+00
-1.264867901802062988e+00
-1.184993624687194824e+00
-1.335872411727905273e+00
-1.214388132095336914e+00
-1.195761084556579590e+00
-1.188640952110290305e+00
-1.206656813621520996e+00
-1.262814998626708984e+00
-1.188118100166320801e+00
-1.152196764945984109e+00
-1.047719955444335938e+00
-1.171586155891418457e+00
-1.194780230522155762e+00
-1.137071728706360085e+00
-1.130774378776550293e+00
-9.440482854843140759e-01
-8.269192576408386230e-01
-1.096740007400512695e+00
-1.053606748580932617e+00
-8.637833595275878906e-01
-8.684430122375488281e-01
-7.055312395095825195e-01
-6.422560811042785645e-01
-4.076305627822875977e-01
-3.674490749835968018e-01
-4.211656451225280762e-01
-4.748368561267852783e-01
-4.128228127956390381e-01
-4.732669293880463202e-01
-3.579491674900054932e-01
-3.455028235912322998e-01
-3.599054217338562012e-01
-4.642533659934998114e-01
-3.593101799488068182e-01
-3.061353564262390137e-01
-3.850457444787025452e-02
-3.331556916236877441e-02
7.714003324508666992e-02
1.857510656118392944e-01
-1.225157007575035234e-01
-1.019954010844230791e-01
-1.194698438048362732e-01
-2.351735085248946866e-01
-2.649776935577393133e-01
-3.216073215007781982e-01
-6.636585295200347900e-02
2.067839056253432672e-01
1.231623888015747209e-01
2.776927053928375244e-01
2.801162898540496826e-01
1.996377408504486084e-01
1.919287443161010742e-01
1.122257485985756059e-01
-2.689646929502487183e-02
-3.341642022132872841e-02
1.910280436277389249e-01
1.568209379911422729e-01
2.207392752170562744e-01
1.259039938449859619e-01
-7.584068924188613892e-02
-1.755156069993972778e-01
-2.023563086986541470e-01
-2.246376723051071167e-01
-9.763774275779724121e-02
7.665702700614929199e-02
1.505201309919357300e-01
-6.859604269266128540e-02
1.537536233663558960e-01
8.720161765813827515e-02
7.673011720180511475e-02
7.883164286613464355e-02
1.652240306138992587e-01
4.801371991634368896e-01
6.430298686027526855e-01
6.305093765258789062e-01
5.288937687873839222e-01
5.885794162750244141e-01
4.483788907527924139e-01
2.919713556766510010e-01
-4.669186472892761230e-02
-3.129191324114799500e-02
4.931089654564857483e-02
-9.140226244926452637e-02
1.803961843252182007e-01
3.609898686408997137e-01
4.838229417800902765e-01
5.668709278106689453e-01
3.148084580898284912e-01
2.547450065612792969e-01
5.700534954667091370e-02
6.447888910770416260e-02
1.029270365834236006e-01
5.861816927790642479e-02
1.652182191610336581e-01
2.479837387800216952e-01
1.605599820613861084e-01
1.875977665185928622e-01
2.183935195207596103e-01
-8.562993258237838745e-02
-5.458147451281548240e-02
-1.374674290418624878e-01
-2.384100854396820068e-01
-2.004959881305694580e-01
-2.001261413097381592e-01
-1.911672055721282959e-01
-1.925204694271087924e-01
-2.149080187082290372e-01
-1.850871592760086060e-01
-3.096031248569488525e-01
-3.770869672298431952e-01
-4.434228837490081787e-01
-4.489141702651977539e-01
-4.111668467521668036e-01
-3.337664306163787842e-01
-3.024460971355438232e-01
-2.958065569400787354e-01
-8.588571548461914062e-01
-8.034093976020812988e-01
-9.145842790603637695e-01
-1.324611783027649148e+00
-1.319429039955139160e+00
-1.168066263198852317e+00
-1.212839841842651367e+00
-1.005071520805358887e+00
-7.167835831642150879e-01
-7.977591156959533691e-01
-5.867693424224853516e-01
-5.408121943473815918e-01
-5.375467538833618164e-01
-6.137159466743469238e-01
-6.535027027130126953e-01
-6.650484204292297363e-01
-6.130859851837158203e-01
-6.761029362678527832e-01
-7.364523410797119141e-01
-6.687042713165283203e-01
-6.941134333610534668e-01
-6.210892200469970703e-01
-5.751315355300903320e-01
-5.530849695205688477e-01
-3.257818222045898438e-01
-5.594460293650627136e-02
4.576266184449196556e-02
1.465778499841690063e-01
1.786003857851028442e-01
3.120747208595276226e-02
-1.262932568788528442e-01
-1.306389924138784409e-02
1.013112664222717285e-01
3.414964973926544189e-01
5.653411149978637695e-01
6.701076030731201172e-01
5.794009566307067871e-01
6.685062050819396973e-01
7.016219496726989746e-01
6.815483570098876953e-01
5.649806857109069824e-01
4.580252468585968018e-01
6.248277425765991211e-01
6.628723144531250000e-01
9.107292890548706055e-01
1.261361837387084961e+00
1.590135097503661887e+00
1.423272728919983132e+00
1.502111315727234109e+00
1.558392047882080078e+00
1.424043536186218484e+00
1.218619465827942117e+00
8.783836364746093750e-01
9.166485667228699841e-01
6.938242912292479359e-01
6.130997538566589355e-01
7.583523988723754883e-01
6.471687555313110352e-01
7.105020880699157715e-01
6.677261590957641602e-01
6.621534228324890137e-01
6.866446733474731445e-01
8.210779428482055664e-01
6.612586975097656250e-01
2.206982672214508057e-01
-1.609682142734527588e-01
-5.523810386657714844e-01
-6.982919573783874512e-01
-6.250303387641906738e-01
-4.272844195365905762e-01
-1.904431134462356845e-01
1.628056168556213379e-02
-1.537969857454299927e-01
-2.734264433383941650e-01
-5.561063289642333984e-01
-6.133078336715698242e-01
-6.287346482276916504e-01
-6.334388852119445801e-01
-6.011652946472167969e-01
-3.556039929389953613e-01
-1.952717900276184082e-01
-6.093192100524902344e-02
-5.056024715304374695e-02
-5.449013784527777932e-02
-2.688606381416320801e-01
-3.847622871398925781e-01
-2.174463272094726562e-01
-2.449219822883605957e-01
-3.838031888008117676e-01
-5.205136537551879883e-01
-5.575630664825439453e-01
-7.538790106773376465e-01
-7.566201686859130859e-01
-7.981324195861816406e-01
-6.992249488830566406e-01
-9.340015053749084473e-01
-1.065594673156738503e+00
-4.901831150054932196e-01
-5.928463339805603027e-01
-6.713751554489135742e-01
-1.016383171081542969e+00
-1.232050538063049094e+00
-1.242511510848999023e+00
-1.397382616996765137e+00
-1.623144149780273438e+00
-1.833885788917541282e+00
-1.956418633460998313e+00
-1.890479922294616699e+00
-1.955095052719115989e+00
-2.141210079193115234e+00
-2.075376272201538086e+00
-1.884442090988159180e+00
-1.703002691268920898e+00
-1.621029376983642578e+00
-1.739663839340209961e+00
-1.931486010551452859e+00
-1.830985307693481223e+00
-1.895117044448852317e+00
-1.641620039939880371e+00
-1.631023526191711426e+00
-1.543541193008422852e+00
-1.342187762260437012e+00
-1.145861506462097168e+00
-1.516544222831725852e+00
-1.485081076622009277e+00
-1.523270845413208008e+00
-1.565768003463745117e+00
-1.358582019805908203e+00
-1.350949883460998313e+00
-1.280264973640442117e+00
-1.031327724456786887e+00
-8.501285910606384277e-01
-6.695979833602905273e-01
-7.503632307052612305e-01
-5.498578548431396484e-01
-4.388953745365142822e-01
-4.000819623470305286e-01
-1.510972380638122559e-01
-2.443829029798507968e-01
1.135707180947065527e-02
1.105911508202552795e-01
1.021430417895317216e-01
2.179757803678512851e-01
1.497000306844711304e-01
2.922668159008026123e-01
4.880044460296630859e-01
3.756594359874724787e-01
5.138229131698608398e-01
5.300672650337219238e-01
6.100593805313110352e-01
7.478979229927062988e-01
8.968844413757324219e-01
9.932242035865783691e-01
1.033734917640685813e+00
1.091191172599792480e+00
8.123952746391296387e-01
8.093453049659729004e-01
7.940878272056579590e-01
7.560931444168090820e-01
8.495028018951416016e-01
9.217749834060667835e-01
8.716080784797668457e-01
8.310500383377075195e-01
9.535288214683531605e-01
7.864369750022888184e-01
8.571676611900329590e-01
8.484013080596923828e-01
6.766366362571716309e-01
8.105166554450988770e-01
1.095477104187011497e+00
1.030999779701232910e+00
9.529734253883361816e-01
9.211657047271728516e-01
8.643436431884765625e-01
6.564558744430541992e-01
6.527551412582397461e-01
5.593321919441223145e-01
4.703399837017058771e-01
5.398895740509033203e-01
6.289414167404174805e-01
5.015107393264770508e-01
6.465452313423156738e-01
6.808135509490966797e-01
6.516026258468627930e-01
5.847904682159423828e-01
7.157393693923950195e-01
7.042372822761535645e-01
8.399855494499206543e-01
7.571403384208679199e-01
7.533899545669555664e-01
5.843489766120910645e-01
4.311635792255401611e-01
4.120662510395050049e-01
1.700806468725204468e-01
-6.084994599223137596e-02
-2.639611065387725830e-01
-4.690433144569396973e-01
-4.814527034759522039e-01
-5.329080224037170410e-01
-6.692557334899902344e-01
-7.120730876922607422e-01
-7.604624032974243164e-01
-8.918398618698120117e-01
-7.119108438491821289e-01
-6.294205784797668457e-01
-7.039427161216735840e-01
-6.447729468345642090e-01
-7.671577334403991699e-01
-7.827775478363037109e-01
-7.943704128265380859e-01
-7.658809423446655273e-01
-6.966791749000549316e-01
-7.557081580162048340e-01
-7.507535815238952637e-01
-7.956487536430358887e-01
-6.735992431640625000e-01
-7.926477193832397461e-01
-6.652503013610839844e-01
-4.814377129077911932e-01
-6.961551308631896973e-01
-6.753202676773071289e-01
-9.151456356048583984e-01
-9.886083602905272327e-01
-1.017139792442321777e+00
-1.063882827758789062e+00
-8.696139454841613770e-01
-8.615028262138366699e-01
-6.634575724601745605e-01
-5.542392730712890625e-01
-4.494896531105041504e-01
-1.844422519207000732e-01
-2.765854299068450928e-01
-1.037276815623044968e-02
2.164324671030044833e-01
2.946634292602539062e-01
3.159722983837128241e-01
8.578116446733474731e-02
-2.907955832779407501e-02
-2.429416589438915600e-02
3.004948236048221935e-02
1.511548459529876709e-01
8.018284291028976440e-02
2.599644362926483154e-01
3.593412935733795166e-01
5.207551717758178711e-01
7.133876681327819824e-01
6.144173741340637207e-01
4.729358851909638006e-01
4.663285911083220880e-01
2.798365354537963867e-01
4.474916309118271568e-02
-1.250365376472473145e-01
-1.698137968778610229e-01
-5.305985361337661743e-02
7.497076690196990967e-02
2.975213825702667236e-01
4.033141434192657471e-01
5.794367790222167969e-01
5.403845906257629395e-01
5.222541093826293945e-01
3.749851882457733154e-01
3.434523823671042919e-04
-3.867489397525786798e-01
-5.452477931976318359e-01
-5.401222109794616699e-01
-5.293942689895629883e-01
-4.162454307079315186e-01
-3.291114866733551025e-01
-5.108187794685363770e-01
-6.209523081779479980e-01
-7.518622875213623047e-01
-9.221214056015015759e-01
-1.025252223014831543e+00
-1.264501333236694336e+00
-1.235415577888488770e+00
-1.210173010826110840e+00
-1.291030287742614746e+00
-1.384036064147949219e+00
-1.450381398200988770e+00
-1.462541341781616211e+00
-1.572623491287231445e+00
-1.670588016510009766e+00
-1.733933568000793679e+00
-1.736047387123108132e+00
-1.753238916397094727e+00
-1.526270508766174316e+00
-1.575166940689086914e+00
-1.481375932693481445e+00
-1.359660744667053223e+00
-1.197804331779479980e+00
-1.150179266929626465e+00
-9.917536377906800427e-01
-1.008052945137024148e+00
-8.362529277801513672e-01
-9.030742049217224121e-01
-6.130434870719909668e-01
-4.428043961524962824e-01
-5.048266649246215820e-01
-2.757476866245269775e-01
-3.047035336494445801e-01
-6.494034081697463989e-02
-2.425884008407593051e-01
-9.372714161872863770e-02
7.896742969751358032e-02
1.870950609445571899e-01
3.957860469818115234e-01
4.000119566917418878e-01
5.471664667129516602e-01
7.494118809700012207e-01
1.059511423110962136e+00
1.289249777793884499e+00
1.222396373748779297e+00
1.396395206451416016e+00
1.311910867691040039e+00
1.158508062362670898e+00
1.133806586265563965e+00
1.013424515724181907e+00
1.086727976799011230e+00
1.202243208885192871e+00
8.989751338958740234e-01
1.132923126220703125e+00
1.096191883087158203e+00
1.361969113349914551e+00
1.476074099540710449e+00
1.726833105087280495e+00
1.582056403160095215e+00
1.496820926666259766e+00
1.500429987907409668e+00
1.440448999404907227e+00
1.343071103096008301e+00
1.260976076126098633e+00
1.089126586914062500e+00
1.164369583129882812e+00
1.311593174934387207e+00
1.291059732437133789e+00
1.289359927177429199e+00
1.105777740478515625e+00
1.150498390197754128e+00
1.150328397750854492e+00
1.066204547882079856e+00
7.780154347419738770e-01
5.761934518814086914e-01
3.217894732952117920e-01
2.584989070892333984e-01
2.077999264001846591e-01
3.858124613761901855e-01
1.942917257547378540e-01
1.203044652938842773e-01
-9.208903461694716019e-02
-2.596754208207130432e-02
-5.210720300674438477e-01
-4.028829634189605713e-01
-3.610324561595916748e-01
-4.129606783390045166e-01
-3.796749413013458252e-01
-3.873268365859985352e-01
-1.379825174808502197e-01
-8.832897245883943038e-02
-2.762695848941802979e-01
-2.962664067745208740e-01
-3.287909030914306641e-01
-3.412521481513977051e-01
-3.125398755073547363e-01
-3.884741365909575861e-01
-2.637430727481842041e-01
-2.893058657646179199e-01
-3.641868531703948975e-01
-4.635910093784332275e-01
-3.986012935638427734e-01
-4.630749523639678955e-01
-5.065185427665710449e-01
-4.619971811771392822e-01
-6.420391798019409180e-01
-5.241515636444091797e-01
-3.585313856601715088e-01
-3.790017366409301758e-01
-1.680251061916351318e-01
-3.939571380615233265e-01
-3.418967723846435547e-01
-4.732453227043151855e-01
-5.933753252029418945e-01
-5.653899908065795898e-01
-7.684660553932191052e-01
-5.955370068550109863e-01
-5.487355589866638184e-01
-6.946315169334411621e-01
-5.478971004486083984e-01
-5.207304954528808594e-01
-3.351783454418182373e-01
-3.203998208045959473e-01
-3.436289727687836248e-01
-2.012234181165695190e-01
-1.486029177904129028e-01
-1.205972582101822073e-02
1.099421903491020203e-01
2.704978585243225098e-01
2.405531704425812045e-01
1.108976751565933228e-01
1.727753877639770508e-01
1.530642062425613403e-01
2.894675731658935547e-01
3.583553135395050049e-01
4.412228465080261230e-01
7.693214416503906250e-01
8.846178650856018066e-01
1.091949224472045898e+00
9.932889342308044434e-01
8.702279329299926758e-01
7.937359809875488281e-01
7.431818842887878418e-01
7.749361991882324219e-01
6.993577480316162109e-01
3.839889764785767157e-01
2.661100924015045166e-01
2.988072931766510010e-01
5.898206233978271484e-01
5.737465023994445801e-01
8.084100484848022461e-01
1.056248903274535911e+00
1.068846583366394043e+00
1.106421947479248047e+00
1.033508062362670898e+00
1.003246068954467773e+00
8.991082310676574707e-01
8.449999690055847168e-01
7.182290554046630859e-01
6.297814249992370605e-01
6.237885355949401855e-01
6.688822507858276367e-01
1.017355084419250488e+00
1.282694458961486816e+00
1.429405331611633301e+00
1.317287802696228027e+00
1.370609641075134499e+00
1.157838702201843262e+00
9.690765738487243652e-01
6.666428446769714355e-01
2.993661463260650635e-01
2.773706614971160889e-01
5.811140686273574829e-02
-8.932384848594666915e-02
-1.956464024260639711e-03
1.041293889284134050e-01
1.381817013025283813e-01
1.440226286649703979e-01
1.974557936191558838e-01
-8.894591778516769409e-02
-4.475678503513336182e-01
-7.433023452758789062e-01
-9.233402609825134277e-01
-1.109432578086853027e+00
-1.081228494644165039e+00
-1.042631030082702637e+00
-9.708234071731568493e-01
-1.137999653816223145e+00
-1.111634135246276855e+00
-1.291303873062133789e+00
-1.288401246070861816e+00
-1.523553609848022461e+00
-1.812747240066528320e+00
-1.992356300354004128e+00
-2.006796360015869141e+00
-1.932690024375915527e+00
-1.763333678245544434e+00
-1.610516190528869629e+00
-1.583283543586730957e+00
-1.612494468688964844e+00
-1.693884849548339844e+00
-1.928876280784606934e+00
-2.139492034912109375e+00
-2.217648983001708984e+00
-2.171883583068848100e+00
-2.035658597946166992e+00
-1.836178660392760786e+00
-1.772655010223388894e+00
-1.564344406127929688e+00
-1.422201633453369141e+00
-1.431581139564514160e+00
-1.407671928405761497e+00
-1.293712735176086426e+00
-1.247943401336669922e+00
-1.128831505775451660e+00
-1.080263137817382812e+00
-7.467714548110961914e-01
-7.689899802207946777e-01
-6.823130249977111816e-01
-4.818125069141387939e-01
-4.331434667110443115e-01
-5.756828188896179199e-01
-4.475240409374237061e-01
-2.685401439666748047e-01
-3.024019896984100342e-01
2.820640802383422852e-01
4.066634476184844971e-01
7.756910324096679688e-01
8.759349584579467773e-01
1.123944044113159180e+00
1.398006677627563699e+00
1.380157351493835449e+00
1.282760143280029297e+00
1.300539612770080566e+00
1.279021024703979492e+00
1.398638606071472168e+00
1.427100181579589844e+00
1.301857233047485352e+00
1.285347461700439675e+00
1.140786647796630859e+00
1.018674135208130105e+00
1.073136210441589355e+00
1.279494166374206321e+00
1.422766566276550293e+00
1.377133131027221680e+00
1.356068968772888184e+00
1.248257637023925781e+00
9.831492304801939808e-01
7.409883141517639160e-01
5.498462915420532227e-01
3.758380413055420477e-01
2.971902191638946533e-01
3.778780102729796808e-01
4.204690754413604736e-01
4.905230700969696045e-01
6.161665320396423340e-01
5.561439394950866699e-01
7.422886490821838379e-01
6.482386589050292969e-01
6.032323241233825684e-01
4.412303864955902100e-01
2.011408358812331876e-01
-7.143123447895050049e-02
-1.495594084262847900e-01
-2.258758097887038907e-01
-1.430011838674545288e-01
-2.417934834957123080e-01
-1.659681275486946106e-02
-1.059788241982460022e-01
5.672769993543624878e-02
-1.111146211624145647e-01
-2.618804872035980225e-01
-3.455714881420135498e-01
-5.584043264389038086e-01
-6.611261963844299316e-01
-6.117604374885559082e-01
-5.514722466468811035e-01
-3.930264115333557129e-01
-4.428285658359528143e-01
-3.146655559539794922e-01
-1.502472162246704102e-01
-6.224552541971207359e-02
2.273905836045742035e-02
1.225697770714759688e-01
1.864427514374255787e-02
-2.992721498012542725e-01
-4.095919430255889893e-01
-4.547615349292755127e-01
-3.034098446369171143e-01
-2.037296593189239502e-01
-1.034995838999748230e-01
-1.013579443097114563e-01
2.319189906120300293e-02
5.350725352764129639e-02
3.879586979746817849e-02
-8.841099590063095093e-02
-3.232664763927460272e-01
-5.296238660812377930e-01
-6.743373274803161621e-01
-8.222758769989013672e-01
-9.652920365333556019e-01
-9.570025205612183727e-01
-9.510728120803831898e-01
-8.939501047134399414e-01
-1.024064779281616211e+00
-1.174367666244506836e+00
-1.384714722633361816e+00
-1.475351691246032715e+00
-1.608716130256652832e+00
-1.739334225654601829e+00
-1.825455307960510476e+00
-1.762195229530334473e+00
-1.741531133651733398e+00
-1.854136466979980469e+00
-1.814157724380492720e+00
-1.849095344543456809e+00
-1.746801853179931641e+00
-1.874262928962707520e+00
-2.052192687988280806e+00
-1.946131706237793191e+00
-1.755491614341735840e+00
-1.513364434242248313e+00
-1.450023651123046875e+00
-1.350645661354064941e+00
-1.294041395187377930e+00
-1.076635003089904785e+00
-8.095218539237976074e-01
-1.131685972213745117e+00
-9.067728519439696155e-01
-9.976620078086851917e-01
-5.475509166717529297e-01
-4.096841812133789062e-01
-4.174501597881317139e-01
-1.075196191668510437e-01
-1.000816449522971968e-01
3.010133206844329834e-01
6.062856316566467285e-01
6.497857570648193359e-01
1.038596630096435547e+00
9.732527136802672230e-01
1.199720025062561035e+00
1.310480952262878418e+00
1.354984045028686301e+00
1.424567937850951926e+00
1.286488175392150879e+00
1.304257631301880105e+00
1.407578587532043679e+00
1.525258421897888184e+00
1.745519757270813210e+00
1.860754489898681641e+00
1.939246654510498047e+00
1.721528410911560059e+00
1.774271011352539062e+00
1.920748710632323997e+00
1.801389455795288086e+00
1.907611489295959695e+00
1.877642631530761497e+00
1.753220796585083008e+00
1.849521636962890403e+00
1.818139910697936790e+00
1.625681519508361816e+00
1.564315438270568848e+00
1.467667937278747559e+00
1.445265412330627441e+00
1.100825905799865501e+00
1.212989211082458496e+00
1.172117114067077637e+00
9.985978007316588245e-01
9.953200817108154297e-01
8.610748052597045898e-01
7.149384021759033203e-01
5.114598870277404785e-01
3.297199606895446777e-01
2.034514248371124545e-01
2.006302773952484131e-01
1.596852242946624756e-01
2.080521732568740845e-01
1.844033896923064630e-01
5.011934787034988403e-03
5.388362705707550049e-02
-5.173217970877885818e-03
2.497568726539611816e-02
-5.044893175363540649e-02
-2.696321606636047363e-01
-1.137001365423202515e-01
-1.268982142210006714e-01
-1.251406371593475342e-01
-1.099120080471038818e-01
-1.366673260927200595e-01
-2.326830476522445401e-01
-3.426658511161804199e-01
-6.335379481315612793e-01
-5.144472122192382812e-01
-5.546527504920960583e-01
-3.773404657840728760e-01
-4.851086735725402832e-01
-2.682272195816039484e-01
-3.602519631385803223e-01
-1.972804665565490723e-01
-9.550296515226364136e-02
-8.024368435144424438e-02
-1.204272881150245528e-01
3.561997786164283752e-02
-5.767606943845748901e-02
-4.702398180961608887e-02
-1.457668542861938477e-01
-7.192213833332063155e-02
-8.239888586103916168e-03
2.418113946914673129e-01
2.871489822864532471e-01
1.855153739452362061e-01
2.976565361022949219e-01
1.592230200767517090e-01
3.822009861469268799e-01
3.843221366405487061e-01
3.135471045970916748e-01
6.107856035232543945e-01
5.523093938827514648e-01
7.443417310714721680e-01
8.103715777397155762e-01
1.034125208854675293e+00
1.193636417388916016e+00
1.142273068428039551e+00
1.399530529975891113e+00
1.497390508651733398e+00
1.585918903350830078e+00
1.627360224723815918e+00
1.423588395118713379e+00
1.574528694152831809e+00
1.465269565582275391e+00
1.501434564590454102e+00
1.537192225456237793e+00
1.314827442169189675e+00
1.457402229309081809e+00
1.481074571609496848e+00
1.582070589065551758e+00
1.596556425094604492e+00
1.458295106887817383e+00
1.229504227638244629e+00
1.130083322525024414e+00
1.059341073036193848e+00
9.263683557510375977e-01
8.254382610321044922e-01
7.965580224990844727e-01
7.830138802528381348e-01
7.270453572273254395e-01
6.722451448440551758e-01
6.345548033714294434e-01
5.578998923301696777e-01
3.674279451370239258e-01
2.532103359699249268e-01
1.975702345371246615e-01
4.283884912729263306e-02
2.893714606761932373e-02
1.293757259845733365e-01
9.739873558282852173e-02
-8.817532658576965332e-02
6.835422664880752563e-02
1.773096323013305387e-01
5.061674863100051880e-02
-3.185930103063584068e-02
-8.180906623601912064e-02
-1.036987081170081954e-01
-1.548468470573425293e-01
-2.796738147735596258e-01
-2.817500531673431396e-01
-3.255754113197327215e-01
-2.546589970588684082e-01
-3.871398270130157471e-01
-4.315818250179290771e-01
-4.969015717506409247e-01
-6.497116088867187500e-01
-4.439214169979096014e-01
-3.652316331863402765e-01
-1.955294013023376465e-01
-4.310290813446044922e-01
-3.759365379810333252e-01
-4.230808019638061523e-01
-3.636137545108795166e-01
-2.171347737312316895e-01
-3.282608687877655029e-01
-1.320945024490356445e-01
-8.385847508907318115e-02
3.453736891970038848e-03
5.283308029174804688e-02
9.009844064712524414e-02
8.517703413963317871e-02
1.154178008437156816e-01
2.445184141397475919e-01
2.929800152778624933e-01
1.282108277082443237e-01
1.247918680310249190e-01
7.007790356874465942e-02
8.109244704246520996e-02
1.411274522542953491e-01
2.963566184043884277e-01
5.060958862304687500e-01
6.049495935440063477e-01
6.203011870384216309e-01
4.406742155551910400e-01
2.601923346519469660e-01
2.022621035575866699e-01
1.836595386266708374e-01
2.676585912704467773e-01
3.316316902637481689e-01
2.922580242156982422e-01
3.600398600101470947e-01
2.395335435867309570e-01
1.515478044748306552e-01
1.779566854238510132e-01
8.512704074382781982e-02
-1.992133818566799164e-02
6.891380250453948975e-02
1.337639689445495605e-01
1.243771389126777510e-01
2.274851500988006592e-01
4.796376824378966591e-02
-3.071391722187399864e-03
-1.112916395068168640e-01
-3.184538334608078003e-02
-3.039615042507648121e-02
-4.086386412382126548e-02
-1.067610606551170349e-01
-9.076023707166314125e-04
-5.228315480053424835e-03
-5.087445303797721863e-02
-1.475499123334884366e-01
-3.639634549617766779e-01
-2.454985380172728937e-01
-4.130907952785491943e-01
-1.726231575012207031e-01
-2.901202067732811321e-02
9.120011329650880294e-02
-4.387730732560158470e-02
-8.860172703862190247e-03
1.563587635755538940e-01
-4.072322696447372437e-02
-3.403307870030403137e-02
1.414645612239837369e-01
1.791961193084716797e-01
1.906846314668655396e-01
1.607397794723510742e-01
1.545274704694747925e-01
7.285496592521667480e-02
-1.707039177417755127e-01
-2.822643518447875977e-01
-3.161930143833160400e-01
-2.062653452157974521e-01
-3.000270426273345947e-01
-2.988669574260712225e-01
-7.856345921754837036e-02
-1.084273308515548706e-01
-7.032701745629310608e-03
-5.681408941745757363e-02
-2.969997525215148926e-01
-2.738828659057617188e-01
-2.001569569110870361e-01
1.345629716524854573e-04
2.194038406014442444e-02
-1.105534657835960388e-01
-1.718285679817199429e-01
-3.902116045355796814e-02
-3.890568017959594727e-02
-2.843748033046722412e-02
-1.305825710296630859e-01
-1.143269315361976485e-01
-1.548872888088226596e-01
-1.334859579801559448e-01
-6.999249011278152466e-02
-1.728875190019607544e-01
-2.216706983745098114e-02
-2.000737786293029508e-01
-2.388262748718261441e-01
-4.656842947006226141e-01
-4.616851210594177246e-01
-5.931274890899658203e-01
-6.706410646438598633e-01
-5.265197157859802246e-01
-4.672209322452545166e-01
-1.490872204303741455e-01
3.568811714649200439e-02
-4.439482931047677994e-03
-1.230744495987892290e-01
-4.250163137912750244e-01
-3.854183554649353027e-01
-5.020123720169067383e-01
-4.153441190719605047e-01
-3.158940970897674561e-01
-2.019064873456954956e-01
5.091333016753196716e-02
7.971899583935737610e-03
-3.377946019172668457e-01
-5.029610395431518555e-01
-4.551042318344116211e-01
-4.636287987232208252e-01
-6.321412324905395508e-01
-4.519570469856262207e-01
-1.305503100156784058e-01
-1.170114427804946761e-01
1.462985724210739136e-01
3.856633603572845459e-02
7.132678478956222534e-02
1.158624663949012756e-01
9.014049172401426835e-02
-1.613007672131061554e-02
-1.476054489612579346e-01
-3.554293811321258545e-01
-3.558409214019775391e-01
-2.069680243730545044e-01
2.968694269657135010e-02
-2.534844875335692804e-01
4.027620702981948853e-02
2.609096169471740723e-01
2.043753862380981168e-01
3.707151859998703003e-02
-1.896767690777778279e-02
-7.826958596706390381e-02
-1.845033168792724887e-01
-3.125047385692596436e-01
-3.601664900779724121e-01
-1.538023203611373901e-01
-1.678351461887359619e-01
-1.785259246826171875e-01
-3.357940018177032471e-01
-2.286927551031112948e-01
-1.704624444246292114e-01
-2.618707157671451916e-02
-1.953750401735305509e-01
-2.759139537811279297e-01
-2.443864792585372925e-01
-1.826431453227996826e-01
-2.667445242404937744e-01
-9.236502647399902344e-02
-7.027100771665573120e-02
-6.696593761444093185e-02
-2.281630933284759521e-01
-1.870515048503876010e-01
-3.633758127689361572e-01
-3.311988711357117254e-01
-3.468368351459503174e-01
-3.160646855831146240e-01
-1.604502797126770020e-01
-2.846814095973968506e-01
-6.610550731420516968e-02
-2.551375627517699640e-01
-1.443829536437988559e-01
-4.234296977519989014e-01
-2.828466892242432196e-01
-2.232750058174133301e-01
-1.493749022483825406e-01
-1.693508625030517578e-01
-3.782965242862700861e-01
-3.087694346904754639e-01
-3.843205869197845459e-01
-3.411607146263122559e-01
-2.138739675283432007e-01
-3.192138969898223877e-01
-1.677696257829666138e-01
-3.811628371477127075e-02
-1.915130019187927246e-01
-1.478649079799652100e-01
-4.299782514572144110e-01
-4.471919834613800049e-01
-3.766237199306488037e-01
-1.719148308038711548e-01
-3.026365675032138824e-02
-1.961296349763870517e-01
-1.131130084395408492e-01
-1.918944567441940585e-01
-2.149271219968796054e-01
-6.688142567873001099e-02
-2.278155535459518433e-01
-2.360285371541976929e-01
-1.946344524621963501e-01
-1.827042549848556519e-01
-5.652015283703804016e-02
1.728243194520473480e-03
2.785464823246002197e-01
2.011392265558242798e-01
3.377624154090880793e-01
1.335384845733642578e-01
-1.624002456665039062e-01
-3.175518512725830078e-01
-3.280479609966278076e-01
-5.067688226699829102e-01
-6.094961762428283691e-01
-5.699139237403870739e-01
-2.641841173171997070e-01
-7.012084126472473145e-02
4.464518427848815918e-01
8.773726224899291992e-01
6.798253059387207031e-01
6.496422886848449707e-01
4.901244342327117920e-01
1.455745249986648560e-01
1.120687276124954224e-02
-2.987345159053802490e-01
-4.643776118755341131e-01
-5.808938741683959961e-01
-2.889872789382934570e-01
-3.677139580249785267e-01
-1.431897580623626709e-01
-1.961490511894226074e-01
2.958507537841796875e-01
4.415310025215148926e-01
4.754585623741149902e-01
3.516688942909240723e-01
1.884507089853286743e-01
-1.977823525667190552e-01
-1.758904010057449341e-01
-1.246206089854240556e-01
7.645687460899353027e-02
5.510178580880165100e-02
4.981362223625183105e-01
7.151877880096435547e-01
8.675507307052612305e-01
8.701701760292053223e-01
7.360894083976745605e-01
4.793721437454224188e-01
2.337970435619354526e-01
2.099079191684722900e-01
3.315334618091583252e-01
4.549135863780974787e-01
6.443452239036560059e-01
5.836284756660461426e-01
7.286961078643798828e-01
7.196924686431884766e-01
4.817696511745452881e-01
2.818573713302612305e-01
2.039538025856018066e-01
1.697982549667358398e-01
4.318981468677520752e-01
6.605796813964843750e-01
6.217613816261291504e-01
5.196126103401184082e-01
6.506363749504089355e-01
5.942568182945251465e-01
4.516110122203826904e-01
3.104539811611175537e-01
2.431657910346984863e-01
3.420190811157226562e-01
4.018121361732482910e-01
6.136519312858581543e-01
5.794575810432434082e-01
5.708128809928894043e-01
4.892086386680603027e-01
3.993150889873505194e-01
2.482595741748809537e-01
3.443674445152283270e-01
4.461142420768737793e-01
5.609738826751708984e-01
4.200555980205535889e-01
6.218813657760620117e-01
5.606263279914855957e-01
5.480471849441528320e-01
3.719632625579833984e-01
3.226019442081451416e-01
3.577225804328918457e-01
4.900134205818176270e-01
4.611425995826721191e-01
5.328595638275146484e-01
5.594478249549865723e-01
3.653230071067810059e-01
4.224582314491271973e-01
5.079197883605957031e-01
5.549914240837097168e-01
5.217533111572265625e-01
5.893752574920654297e-01
6.113272905349731445e-01
5.523806810379028320e-01
4.961684346199036200e-01
4.639523625373839777e-01
5.141906738281250000e-01
4.028512835502625067e-01
4.989681243896484930e-01
5.050538182258605957e-01
6.863141059875488281e-01
7.185816168785095215e-01
8.108003735542297363e-01
7.900249361991882324e-01
6.750187277793884277e-01
7.511631250381469727e-01
3.241921067237854004e-01
3.668086528778076172e-01
4.311643242835999090e-01
3.358161449432373047e-01
3.770797848701477051e-01
3.155452013015747070e-01
3.557682782411575317e-02
-7.449462264776229858e-02
8.336046338081359863e-02
3.654173016548156738e-01
4.951824843883513849e-01
7.032921314239501953e-01
6.644577383995056152e-01
5.351415872573852539e-01
3.322111368179320734e-01
2.394002526998519897e-01
-1.293236613273620605e-01
-5.719640851020812988e-01
-8.171518445014953613e-01
-9.120736122131347656e-01
-6.081245541572570801e-01
-3.512383699417114258e-01
2.124190479516983032e-01
2.109499722719192505e-01
1.543367058038711548e-01
-5.478359758853911486e-03
-1.790487915277481079e-01
-2.986373901367187500e-01
-3.415289223194122314e-01
-3.335840106010437012e-01
-4.291590750217437744e-01
-3.477575182914733887e-01
-2.007759362459182739e-01
1.113374345004558563e-02
4.897052422165870667e-03
-1.255237758159637451e-01
-3.356486856937408447e-01
-4.903492927551270086e-01
-4.935671985149384100e-01
-4.811695516109465998e-01
-4.052801132202148993e-01
3.374438360333443382e-02
3.165089190006256104e-01
8.090462684631347656e-01
1.041384339332580566e+00
1.277526497840881126e+00
1.256067276000976562e+00
1.131983518600464089e+00
8.961336612701416016e-01
7.602859735488891602e-01
6.884572505950927734e-01
4.241044223308563232e-01
1.951155811548233032e-01
1.277980655431747437e-01
1.742943972349166870e-01
3.271745145320892334e-01
3.858462572097777765e-01
3.712525665760039728e-01
3.193751573562622070e-01
4.791814386844635010e-01
9.174418449401855469e-01
9.151402711868286133e-01
1.311973214149475098e+00
1.313675761222839355e+00
1.228622436523437500e+00
7.765756845474243164e-01
6.106465458869934082e-01
4.938830137252808172e-01
3.739021718502045233e-01
2.233728468418121338e-01
-1.643898338079452515e-01
-1.082199662923812727e-01
-1.279557347297668457e-01
-8.376466482877731323e-02
-1.163996532559394698e-01
-1.317106932401657104e-01
-1.457602381706237793e-01
-3.782416582107543945e-01
-7.181074023246765137e-01
-7.185475826263427734e-01
-5.587363839149475098e-01
-4.597635865211486816e-01
-1.020504087209701677e-01
8.776322007179260254e-02
3.304486274719238281e-01
2.442038208246231079e-01
-1.437979657202959061e-02
-2.660435736179351807e-01
-2.993228137493132990e-01
-2.913735210895538330e-01
-3.079790174961090088e-01
-4.488792717456817627e-01
-3.354465067386627197e-01
-3.868215680122376043e-01
-2.740721702575684149e-01
-2.116224169731139859e-01
-8.078731596469879150e-02
-6.846089661121367020e-02
-9.373586624860763550e-02
-1.934850811958312988e-01
-4.343060553073883057e-01
-6.567910909652709961e-01
-7.084856629371643066e-01
-5.772720575332641602e-01
-4.740231633186339777e-01
-6.025856733322143555e-01
-2.986238598823547363e-01
3.127167746424674988e-02
1.998936235904693604e-01
7.727345228195190430e-01
6.606684923171997070e-01
7.307841181755065918e-01
5.946026444435120739e-01
3.934256732463837225e-01
1.411022096872329434e-01
7.922214269638062911e-02
-3.139636665582656860e-02
-2.262680092826485634e-03
4.683103412389755249e-02
6.000066641718149185e-03
2.594255656003952026e-02
-2.108905091881752014e-02
-1.267157196998596191e-01
-4.283660650253295898e-01
-6.819199323654174805e-01
-7.469232082366943359e-01
-8.930696845054626465e-01
-1.015429973602295144e+00
-1.183910965919494629e+00
-1.247622728347778320e+00
-1.241316437721252441e+00
-1.077305674552917703e+00
-1.190834283828735352e+00
-1.006384968757629395e+00
-1.029597759246826172e+00
-1.281407117843627930e+00
-1.399532079696655273e+00
-1.761753916740417703e+00
-2.117589712142944336e+00
-2.254341840744018555e+00
-2.206090688705444336e+00
-1.928873896598815918e+00
-1.767503499984741211e+00
-1.527660012245178223e+00
-1.534411787986755371e+00
-1.584901928901672363e+00
-1.763875603675842507e+00
-1.850290060043334961e+00
-1.897060155868530495e+00
-1.938146352767944336e+00
-1.988961815834045188e+00
-2.055646896362304688e+00
-2.113786935806274414e+00
-1.991733670234679954e+00
-2.180052042007446289e+00
-2.073853969573974609e+00
-2.089273929595947710e+00
-2.051784753799438477e+00
-2.063509702682495117e+00
-2.249324798583984375e+00
-2.128624916076659712e+00
-2.161496400833129883e+00
-2.088812589645385742e+00
-1.873780488967895508e+00
-1.934040307998656782e+00
-2.002685070037841797e+00
-1.726817369461059570e+00
-1.521095633506774902e+00
-1.185467720031738503e+00
-1.181401133537292480e+00
-9.791606068611143909e-01
-1.005683898925781250e+00
-8.699883222579956055e-01
-9.258823394775391735e-01
-1.115248322486877441e+00
-1.073311090469360352e+00
-1.178895592689514160e+00
-1.104111909866333008e+00
-1.149300694465637207e+00
-1.019564747810363770e+00
-6.963152289390563965e-01
-6.640186309814453125e-01
-2.746290564537048340e-01
-3.207927942276000977e-01
-3.419833481311798096e-01
-4.548706114292144775e-01
-4.268047809600829523e-01
-4.048590064048767090e-01
-5.418989062309265137e-01
-5.346989035606384277e-01
-5.607487559318542480e-01
-5.942274928092956543e-01
-5.394918918609619141e-01
-7.860238552093505859e-01
-8.192246556282043457e-01
-6.839668750762939453e-01
-6.699444055557250977e-01
-6.626718640327453613e-01
-5.105114579200744629e-01
-3.171960711479187012e-01
-3.289478719234466553e-01
-3.917119503021239679e-01
-2.903254330158233643e-01
-3.303892910480499268e-01
-4.777635335922241211e-01
-5.594217777252197266e-01
-6.474930047988891602e-01
-5.246077775955200195e-01
-5.188548564910888672e-01
-3.250043094158173163e-01
-3.900373280048369251e-01
-3.433451354503632147e-01
-2.894389331340789795e-01
-3.231798410415648859e-01
-2.834350764751434326e-01
-2.138725370168685913e-01
-2.476469278335571567e-01
-1.320389658212661466e-01
-2.482266426086425504e-01
-2.464158684015274048e-01
-1.864155828952789307e-01
-8.165813237428665161e-02
-1.370081156492233276e-01
-1.888590455055236816e-01
-5.819654464721679688e-02
-6.381068378686904907e-02
-8.205430209636686845e-02
-2.194330692291260043e-01
-1.157661899924278537e-01
-1.047742068767547607e-01
-9.209831804037094116e-02
-1.351322233676910400e-01
1.141884177923202341e-02
9.727655909955501556e-03
-1.021303609013557261e-02
-3.617948666214942932e-02
3.233383595943450928e-02
-4.293070733547211387e-02
9.905913472175598145e-02
9.972254186868667603e-02
1.399543732404708862e-01
1.080148369073867798e-01
5.195327475666999817e-02
1.667490787804126740e-02
1.202229186892509460e-01
9.618503600358964400e-02
1.546663343906402588e-01
1.426527947187423428e-01
-7.746580243110658126e-02
-1.362575441598892212e-01
-1.082096993923187256e-01
-1.758671998977661133e-01
-1.585087180137634555e-01
-6.453848630189895630e-02
-1.170777231454849243e-01
1.919211819767951965e-02
-9.478672593832015991e-02
2.399286255240440369e-02
4.622326791286468506e-02
-1.930699348449707031e-01
-1.400475054979324618e-01
-1.536090373992919922e-01
-1.841235011816024780e-01
-4.644564688205718994e-01
-4.303072392940521240e-01
-3.546437323093414307e-01
-4.678216576576232910e-01
-4.606160223484038752e-01
-3.089489936828612726e-01
-2.233337908983230591e-01
-1.479136943817138672e-01
-1.533195376396179199e-01
6.999751180410385132e-02
2.424455583095550537e-01
2.521120905876160223e-01
1.709562242031097412e-01
1.877246201038360873e-01
1.079490780830383301e-01
7.774465531110763550e-02
-5.062077939510345459e-02
4.373417422175408104e-02
2.945879846811294209e-02
1.395909190177917480e-01
4.756103456020355225e-02
2.194653600454330444e-01
1.802257597446441373e-01
5.096662044525146484e-01
5.412721633911132812e-01
4.439236521720886230e-01
4.967206716537476141e-01
4.922508001327514093e-01
5.773854255676270641e-01
7.679325938224792480e-01
6.390110254287719727e-01
7.846956253051757812e-01
1.014314770698547363e+00
1.107828140258789062e+00
1.175892114639282227e+00
1.122048139572143555e+00
1.151319622993469238e+00
1.220263123512268066e+00
1.013032078742980957e+00
1.102381110191345215e+00
1.045211672782897949e+00
1.128492951393127441e+00
1.071637034416198730e+00
1.093855261802673118e+00
9.269087910652159534e-01
8.828813433647155762e-01
9.182988405227660023e-01
9.684826731681823730e-01
9.369070529937744141e-01
7.888562083244323730e-01
7.692460417747497559e-01
7.785276770591735840e-01
8.988713026046752930e-01
7.030528783798217773e-01
7.260046005249023438e-01
7.657769918441772461e-01
7.217383384704590954e-01
5.476511716842651367e-01
5.562288761138916016e-01
6.529118418693542480e-01
6.654413342475891113e-01
3.310771584510803223e-01
2.832474112510681152e-01
4.799574315547943115e-01
4.317643344402313232e-01
4.093582332134246826e-01
2.775111794471740723e-01
2.433490902185439786e-01
3.707682490348815918e-01
2.855122089385986328e-01
3.042959868907928467e-01
2.758452892303466797e-01
2.848590612411499023e-01
3.423220515251160223e-01
2.876771688461304266e-01
3.281002044677734375e-01
3.062964677810668945e-01
1.626795083284378052e-01
1.344474405050277432e-01
-2.251734733581542969e-01
-3.634316027164459229e-01
-3.216049075126647949e-01
-2.101762145757675171e-01
-2.063583880662918091e-01
-1.385419219732284546e-01
2.017191611230373036e-02
1.530473213642835617e-02
-1.522805392742156982e-01
-2.412898391485214511e-01
-3.091207444667816162e-01
-2.867599427700042725e-01
-4.829696416854857843e-01
-4.769721329212189276e-01
-4.090312719345092773e-01
-5.267351865768432617e-01
-3.607759475708007812e-01
-4.220904707908630371e-01
-2.479417771100997925e-01
-2.257780358195304871e-02
-3.665064647793769836e-02
1.948480494320392956e-02
1.223079115152359009e-01
1.751362532377243042e-01
1.568007022142410556e-01
1.730575412511825562e-01
7.672561705112457275e-02
8.174999803304672241e-02
-7.994598895311355591e-02
-9.746386855840684371e-02
-9.287484735250473022e-02
6.034974008798598549e-02
1.312689185142517090e-01
3.227916955947875977e-01
2.613683640956879217e-01
3.405304849147797186e-01
3.026011884212493896e-01
3.528016507625579834e-01
4.251154959201812744e-01
6.096885800361633301e-01
6.464143991470336914e-01
5.373936295509338379e-01
6.331550478935241699e-01
8.197361826896667480e-01
6.961119771003723145e-01
8.274231553077697754e-01
6.475753784179687500e-01
5.808821320533752441e-01
4.561905562877655029e-01
5.733503103256225586e-01
7.255745530128479004e-01
5.469360351562500000e-01
5.203400850296020508e-01
6.298738121986389160e-01
6.332005262374877930e-01
6.638578772544860840e-01
5.033305883407592773e-01
5.105729699134826660e-01
5.308295488357543945e-01
5.162824392318725586e-01
3.722032308578491211e-01
4.414957761764526367e-01
4.641204476356505793e-01
5.637065768241882324e-01
5.798975229263305664e-01
4.114794433116912842e-01
3.113705217838287354e-01
1.478827148675918579e-01
1.834779046475887646e-02
-7.210993673652409640e-03
-2.971945144236088146e-02
-6.232287734746932290e-02
-1.214267611503601213e-01
-1.888434141874313354e-01
-1.305015683174133301e-01
-1.622402518987655362e-01
-4.319331049919127863e-01
-4.622171819210053045e-01
-5.429129004478454590e-01
-5.390316843986511230e-01
-6.443797945976257324e-01
-7.029559016227722168e-01
-5.392704010009765625e-01
-5.042352080345153809e-01
-4.051362276077271063e-01
-4.099424779415130615e-01
-3.859812915325164795e-01
-4.606714248657226007e-01
-3.648216426372528076e-01
-2.786727845668792725e-01
-4.280870258808135986e-01
-5.073004364967346191e-01
-5.979540348052978516e-01
-6.604149937629699707e-01
-6.297857761383056641e-01
-8.602337241172790527e-01
-8.765998482704162598e-01
-9.981176853179931641e-01
-8.195748329162597656e-01
-5.743699669837951660e-01
-6.166414618492126465e-01
-5.148162841796875000e-01
-6.411561965942382812e-01
-5.312890410423278809e-01
-4.359136521816253662e-01
-4.249897003173828125e-01
-4.451212286949157715e-01
-3.954323530197144110e-01
-2.653595805168151855e-01
-2.771110534667968750e-01
-1.950611770153045377e-01
-7.458487898111341996e-02
-3.108263313770294189e-01
-1.252429634332656860e-01
-6.377328187227249146e-02
1.174119561910629272e-01
1.279573291540145874e-01
4.068247601389884949e-02
-7.696348428726196289e-02
-3.619417175650596619e-02
9.533108025789259476e-02
2.883023619651794434e-01
3.032260835170745850e-01
2.750474214553833008e-01
2.791942954063415527e-01
2.725326120853424072e-01
4.218098819255828857e-01
2.978553175926208496e-01
2.669713795185089111e-01
1.226584538817405562e-01
2.401740700006484985e-01
3.329945504665374756e-01
9.292717278003692627e-02
2.103096693754195889e-01
1.452119052410125455e-01
1.536051630973815918e-01
2.429958730936050415e-01
5.400806292891502380e-02
5.593796446919441223e-02
6.970219314098358154e-02
-6.773625966161489487e-03
-5.119610205292701721e-02
3.510123863816261292e-02
5.562051013112068176e-02
4.807391762733460167e-02
-3.563758730888366699e-02
-9.245711565017698808e-02
4.524922464042901993e-03
8.447977714240550995e-03
-3.901604562997817993e-02
-8.762057870626449585e-02
-1.178789362311363220e-01
-6.784004508517682552e-04
9.455415420234205073e-03
4.300312697887421348e-02
7.289508357644081116e-03
-1.466115117073059082e-01
-5.874940380454063416e-02
-5.070456117391586304e-02
-4.764949157834053040e-02
-5.160324275493621826e-02
-1.181882768869400024e-01
-1.794444471597671509e-01
-7.310942560434341431e-02
-1.415413022041320801e-01
-7.362172752618789673e-02
-3.380660116672515869e-01
-2.278185188770294467e-01
-2.229494601488113126e-01
-2.698165774345397949e-01
-1.841000616550445557e-01
-1.696329414844512939e-01
-2.108656764030456543e-01
-1.791013777256011963e-01
-1.189707070589065552e-01
5.870850011706352234e-02
-7.947940379381179810e-02
2.817581966519356121e-02
-5.541662499308586121e-02
-6.303016562014818192e-03
6.333737820386887984e-02
-1.820233762264251987e-01
-5.707543715834617615e-02
-2.277086526155472079e-01
-2.209449857473373136e-01
-2.030496150255203247e-01
-4.990390315651893616e-02
5.325822532176971436e-02
1.620610505342483521e-01
2.943876385688781738e-01
2.997749745845795233e-01
2.822557389736175537e-01
2.164773046970367432e-01
9.915064275264739990e-02
1.186124309897422791e-01
2.153312712907791138e-01
1.547718644142150879e-01
2.859328389167785645e-01
2.391874790191650391e-01
5.051178112626076439e-02
1.642610691487789154e-02
1.743433997035026550e-03
-3.030641749501227986e-02
-1.287063490599393671e-02
9.332244284451007843e-03
-1.080492809414863586e-01
-7.319878041744232178e-02
-5.299397557973861694e-02
-1.062341406941414018e-01
-7.705210149288177490e-02
-1.132412254810333252e-01
-5.415927246212958596e-02
-1.617608219385147095e-01
-1.123389601707458357e-01
3.847281634807586670e-02
-1.094935983419418335e-01
1.170971542596817017e-01
2.196606993675231934e-02
2.635530531406402588e-01
4.047239720821381170e-01
2.930983304977416992e-01
3.328540325164794922e-01
3.138684853911399841e-02
7.781013846397399902e-02
1.348493993282318115e-01
-3.557290881872177124e-02
1.426792889833450595e-01
9.592444449663162231e-02
2.125598788261413574e-01
3.028804659843444824e-01
2.177559882402420044e-01
1.588011234998703003e-01
2.208406776189804077e-01
3.466610908508300781e-01
3.811703622341156006e-01
3.703355193138122559e-01
4.267251491546630859e-01
2.157314866781234741e-01
4.108757153153420189e-02
1.742082536220550537e-01
2.827433645725250244e-01
2.396899163722991943e-01
3.347056508064270020e-01
3.196971118450164795e-01
1.612972766160964966e-01
8.831045031547546387e-02
-4.114367812871932983e-02
-5.528893787413835526e-03
7.455090433359146118e-02
1.421965099871158773e-02
5.254051461815834045e-02
8.372131735086441040e-02
-1.493281871080398733e-02
5.012597143650054932e-02
-1.043452993035316329e-01
-1.008643209934234619e-01
-1.209683269262313704e-01
-1.588715612888336182e-01
-1.468961387872695923e-01
-1.741285026073455811e-01
-1.288477778434753418e-01
-1.761852204799652100e-01
-2.559352815151214600e-01
-2.048309147357940674e-01
-1.258481293916702548e-01
-9.288079291582107544e-02
-2.607069313526153564e-01
-4.382477700710297186e-01
-5.690598487854003906e-01
-5.457061529159545898e-01
-4.195330739021301270e-01
-3.862658143043518066e-01
-2.824405431747436523e-01
-2.714819908142089844e-01
-2.480443865060806552e-01
-3.315916061401367188e-01
-4.913916885852814276e-01
-5.034312009811401367e-01
-5.651263594627379261e-01
-4.731594622135161798e-01
-3.812530636787415106e-01
-5.078095793724060059e-01
-5.913096666336059570e-01
-5.646222233772277832e-01
-6.771619915962219238e-01
-5.291271209716796875e-01
-3.835112452507019043e-01
-3.968802094459533691e-01
-3.909455537796021063e-01
-4.225816726684569757e-01
-4.258851110935211182e-01
-3.061205744743347168e-01
-3.469736576080322266e-01
-5.387959480285644531e-01
-4.568565487861632746e-01
-3.843568563461304266e-01
-2.312242984771728516e-01
-2.494264096021651944e-01
-3.009001910686492920e-01
-1.944090873003005981e-01
-2.607536017894744873e-01
-2.293965816497803012e-01
-3.192462623119354248e-01
-1.432723999023437500e-01
-2.202351763844490051e-02
-1.579799652099609375e-01
3.658692911267280579e-02
-1.379967182874679565e-01
-7.397044450044631958e-02
-1.799865812063216816e-02
-6.654591113328933716e-02
-3.309429809451103210e-02
-5.645818635821343856e-02
-1.856829598546028137e-02
1.611985117197036743e-01
1.101436838507652421e-01
6.679026037454605103e-02
2.765734307467937123e-02
-1.616498082876205444e-02
5.861978232860565186e-02
3.666404262185096741e-02
1.027042139321565628e-02
7.769755274057386918e-02
8.421621471643447876e-02
-5.797076225280762413e-02
8.424046635627747970e-02
2.001654654741287231e-01
1.637096107006072998e-01
1.954364180564880371e-01
3.251726627349852961e-01
2.177671045064925870e-01
2.367812991142272949e-01
9.211409837007523971e-02
1.853346675634383878e-01
6.603103876113892989e-02
2.355491220951080600e-01
1.702187806367873868e-01
2.551812827587128241e-01
1.612129360437393188e-01
1.020892560482025285e-01
5.907671898603438637e-02
1.292161792516708374e-01
9.508197009563446045e-02
9.541612863540649414e-02
1.934271492063999176e-02
-5.330882221460342407e-02
9.261002764105795079e-03
-2.668723464012145996e-02
1.348408609628677368e-01
1.103621274232864380e-01
-9.503537416458129883e-02
-1.711383014917373380e-01
-1.812204867601394653e-01
-2.076624482870101929e-01
-7.956928759813308716e-02
-8.110891096293926239e-03
-1.857806742191314697e-01
6.975516676902770996e-02
8.602550253272056580e-03
2.096266299486160556e-01
2.660227119922637939e-01
7.573758065700531006e-02
1.199233308434486528e-01
-6.509898230433464050e-03
5.670696869492531517e-02
2.227296531200408936e-01
6.546915322542190552e-02
1.747235059738159180e-01
-2.190642803907394409e-02
1.742021292448043823e-01
2.313202470541000366e-01
4.587480723857880194e-01
3.075687587261199951e-01
3.819114565849304199e-01
3.498999178409576416e-01
2.635398209095001221e-01
2.838118970394134521e-01
3.271273374557495117e-01
3.119457960128784180e-01
2.596578896045684814e-01
3.489777743816375732e-01
3.660653531551361084e-01
3.598007261753082275e-01
1.655309051275253296e-01
3.582101762294768732e-01
4.078258574008941650e-01
3.999091088771820068e-01
3.360973298549652100e-01
2.665569186210632324e-01
3.027707040309906006e-01
2.188808470964432040e-01
3.692347109317780096e-01
2.667860388755798340e-01
3.729071915149689276e-01
1.961746513843536377e-01
3.351146578788756769e-01
3.940102756023406982e-01
4.018871486186981201e-01
4.319272339344025213e-01
3.443503379821776789e-01
3.294346630573273260e-01
2.644484639167785645e-01
2.308696657419204989e-01
4.133923053741455078e-01
4.152500033378601074e-01
4.618963599205017090e-01
3.445478081703186035e-01
3.484046161174774170e-01
3.836351037025452215e-01
4.163329601287841797e-01
3.765297532081604004e-01
3.285303413867950439e-01
3.361668884754180908e-01
2.946332097053527832e-01
2.314363867044449130e-01
1.771268844604492188e-01
1.260187029838562012e-01
1.938026845455169400e-01
1.651326417922973633e-01
3.106612265110015869e-01
2.796049714088439941e-01
4.289393723011016846e-01
3.813267052173615057e-01
3.310670554637908936e-01
1.982763707637786865e-01
1.351730078458786011e-01
-3.263706713914871216e-02
8.242095261812210083e-02
1.722614020109176636e-01
1.095788627862930437e-01
2.216027230024337491e-01
1.828551590442657193e-01
3.037373423576354980e-01
1.422330737113952637e-01
1.090139523148536682e-01
1.089282333850860596e-02
7.107651233673095703e-02
9.568034112453460693e-02
-3.050159895792603493e-03
6.792975962162017822e-02
-1.392672508955001831e-01
-4.561403021216392517e-02
2.640078403055668224e-02
3.483461961150169373e-02
-3.887400776147841713e-02
-1.917578093707561146e-02
-1.562101021409034729e-02
-9.839934110641479492e-02
-3.907192125916481018e-02
-1.647744029760360718e-01
-2.275378406047821045e-01
-1.148863881826400757e-01
-1.668638139963150024e-01
-1.994061619043350497e-01
-1.917478591203689575e-01
-1.838161349296569547e-01
-8.641702681779861450e-02
-6.144583225250243447e-02
-9.178426116704939408e-02
-3.460807725787162781e-02
-4.978075250983238220e-02
-7.694686204195022583e-02
-3.065069578588008881e-02
-1.513777114450931549e-02
1.292696148157119751e-01
-6.848697364330293136e-02
6.921674311161041260e-02
3.864784911274909973e-02
9.653516113758087158e-02
1.231621503829956055e-01
3.523350879549980164e-02
-8.403341285884380341e-03
-6.617660075426103072e-02
3.559888899326324463e-02
7.395666092634201050e-02
-2.364994771778583874e-02
8.599208295345306396e-02
1.634781807661056519e-01
8.752451092004776001e-02
1.536169350147247314e-01
4.143032059073448181e-02
-4.916204512119293213e-02
-4.965357482433319092e-02
-2.393231540918350220e-02
-6.360372155904769897e-02
-7.739264052361249924e-03
-1.055301874876022339e-01
-2.551504671573638916e-01
-1.244007423520088196e-02
-8.760855346918106079e-02
4.091283679008483887e-02
2.307239547371864319e-02
-8.398687839508058028e-02
-8.561427891254425049e-02
-3.016930073499679912e-02
-9.960970282554626465e-02
-5.049426481127738953e-02
-2.257493138313292902e-01
-1.163052022457122803e-01
-8.769240230321884155e-02
-5.889859795570373535e-02
-1.692861169576644897e-01
-1.720440089702606201e-01
-5.102341249585151672e-02
7.292568683624268445e-03
1.134162694215774536e-01
4.019196145236492157e-03
-6.598271429538726807e-02
-1.729886382818222046e-01
-1.580775082111358365e-01
-2.493282556533812921e-01
-2.241305708885192871e-01
-2.280378341674804965e-01
-1.034622788429260393e-01
-1.824732124805450439e-01
-1.481925696134567261e-01
-2.463633865118027011e-01
-2.766076922416687012e-01
-2.561426758766174316e-01
-1.704184561967849454e-01
-1.243453621864318709e-01
-8.563614450395105535e-03
-3.190376982092857361e-02
-1.063465774059295654e-01
-3.138805329799652100e-01
-3.246974647045135498e-01
-3.605501353740692139e-01
-5.101052522659301758e-01
-5.630615949630737305e-01
-5.884106755256652832e-01
-4.525776505470275879e-01
-4.462561607360839844e-01
-3.862769901752471924e-01
-3.521893322467803955e-01
-3.110001087188721258e-01
-3.973115086555480957e-01
-5.015219449996948242e-01
-5.981956124305725098e-01
-6.775142550468444824e-01
-6.110842823982238770e-01
-5.511541962623596191e-01
-7.730064988136291504e-01
-4.762635827064514160e-01
-4.219567775726318359e-01
-3.038249015808104914e-01
-4.034626483917235773e-01
-3.632979094982147217e-01
-4.305268228054047186e-01
-4.181949198246002197e-01
-3.864055275917053223e-01
-5.434651970863342285e-01
-4.472570419311522882e-01
-5.461379289627075195e-01
-5.297956466674804688e-01
-4.505539834499359131e-01
-3.984262645244598389e-01
-2.567279338836669922e-01
-1.560152918100357056e-01
-2.907650470733642578e-01
-2.129876315593719482e-01
-2.756231427192687988e-01
-4.600701034069060724e-01
-4.452423155307770331e-01
-4.935626685619354248e-01
-4.492314457893372137e-01
-3.967682421207427979e-01
-4.951662719249724787e-01
-5.427755117416381836e-01
-4.264224469661713202e-01
-5.096611976623535156e-01
-5.404478311538696289e-01
-6.739007830619812012e-01
-6.208056807518005371e-01
-4.987217187881470282e-01
-3.979220986366271973e-01
-4.607190787792205811e-01
-4.242131412029265247e-01
-4.008726775646209717e-01
-4.887672364711762030e-01
-4.051116108894348145e-01
-4.896009564399719238e-01
-4.773932695388793945e-01
-6.110475063323974609e-01
-5.419462919235229492e-01
-4.060474932193756104e-01
-4.011841416358947754e-01
-3.947952091693878174e-01
-4.109864532947539728e-01
-3.576942086219788153e-01
-3.169770538806915283e-01
-2.792985141277313232e-01
-3.155038654804230291e-01
-3.449231684207916260e-01
-4.533529281616210938e-01
-5.402176380157470703e-01
-5.646901726722717285e-01
-5.491840243339538574e-01
-6.624603867530822754e-01
-1.133394360542297363e+00
-1.059173822402954102e+00
-1.121262907981872559e+00
-1.000089645385742188e+00
-1.045596837997436301e+00
-8.338292241096496582e-01
-8.941780328750609241e-01
-8.269110321998596191e-01
-6.871451139450073242e-01
-6.323395967483520508e-01
-5.812060236930847168e-01
-5.737854242324829102e-01
-6.895673871040344238e-01
-7.513728141784667969e-01
-6.932029128074645996e-01
-6.125167608261108398e-01
-5.181257128715515137e-01
-4.300945997238159180e-01
-4.286094009876251221e-01
-3.076209425926208496e-01
-2.346685379743576050e-01
-4.331311583518981934e-01
-4.860080182552338202e-01
-4.248958528041840155e-01
-4.621652066707611084e-01
-3.877548873424529474e-01
-5.056707262992858887e-01
-2.191517502069473267e-01
-3.168893456459044855e-01
-1.338038593530654907e-01
-1.861632317304611206e-01
1.110884696245193620e-01
2.374076992273330966e-01
1.141500249505043030e-01
2.768799066543579102e-01
3.321953713893890381e-01
5.272135734558105469e-01
4.670745730400084894e-01
4.498543739318848211e-01
4.900903105735778809e-01
5.372590422630310059e-01
6.268697381019592285e-01
3.932082951068878174e-01
4.424590468406677246e-01
4.210308790206909180e-01
3.930187821388245184e-01
4.007043242454528809e-01
3.550408780574798584e-01
3.875543475151062012e-01
4.076842367649078369e-01
4.270752966403961182e-01
4.931381344795227051e-01
4.572609663009644110e-01
3.982405364513397217e-01
3.193515539169311523e-01
1.646461635828018188e-01
8.247847110033035278e-02
5.044297873973846436e-02
7.842556387186050415e-02
6.784144043922424316e-02
5.190310999751091003e-02
4.730776697397232056e-02
-4.467082768678665161e-02
1.951508224010467529e-03
2.812113426625728607e-02
1.182051002979278564e-01
-7.294614613056182861e-02
-2.557182908058166504e-01
-3.493002951145172119e-01
-4.154890179634094238e-01
-4.104775190353393555e-01
-3.736438751220703125e-01
-4.339027404785156250e-01
-3.398594558238983154e-01
-3.273141980171204168e-01
-2.642671465873718262e-01
-3.015612065792083740e-01
-4.017967879772185724e-01
-4.084864556789398193e-01
-5.861370563507080078e-01
-5.945317149162292480e-01
-5.020915865898132324e-01
-4.576501250267028809e-01
-4.481106996536254883e-01
-5.317520499229431152e-01
-4.849607050418853760e-01
-6.035068631172180176e-01
-3.571040630340576172e-01
-2.918882369995117188e-01
-2.125947773456573209e-01
-1.558344215154647827e-01
-1.894312649965286532e-01
-1.781829595565795898e-01
-1.171326711773872514e-01
-1.854132413864136020e-01
5.425581336021423340e-02
2.573311328887939453e-01
2.068661749362945557e-01
2.689347863197327215e-01
2.974389493465424139e-01
2.020791620016098022e-01
2.037182003259658813e-01
2.144543528556824008e-01
2.020005583763122559e-01
3.054728806018828791e-01
2.533752620220184326e-01
2.254659980535506925e-01
2.095390409231185913e-01
2.495282441377640048e-01
4.658088982105255127e-01
3.666380643844605047e-01
3.746911585330963135e-01
3.143318593502045233e-01
3.539358675479888916e-01
3.603161275386809748e-01
4.627360999584197998e-01
2.180647403001785278e-01
3.418928682804108221e-01
3.230755031108856201e-01
6.619450449943542480e-01
8.448123931884765625e-01
8.668482899665832520e-01
1.206667304039001687e+00
1.235137462615966797e+00
1.506464362144470215e+00
1.562960863113403098e+00
1.572040677070617676e+00
1.599494934082031250e+00
1.649244904518127441e+00
1.811564087867736816e+00
1.789178490638733132e+00
1.869673013687133567e+00
1.989314436912536843e+00
1.989578127861023171e+00
2.174401044845581055e+00
2.108183145523071733e+00
2.234681844711304155e+00
2.260638475418090820e+00
2.288860559463500977e+00
2.217604398727416992e+00
2.227322101593017578e+00
2.240806102752685103e+00
2.001201152801513672e+00
2.058276414871215820e+00
2.000349521636963335e+00
2.081701755523681641e+00
2.035925388336181641e+00
1.952109575271606445e+00
1.820537686347961204e+00
1.683311223983764648e+00
1.546340942382812500e+00
1.393457770347595215e+00
1.280602335929870605e+00
1.251206398010254128e+00
1.209569334983825684e+00
1.196964859962463379e+00
1.144956827163696289e+00
1.110721230506896973e+00
1.071213364601135254e+00
9.488204717636108398e-01
9.899670481681823730e-01
9.660953879356384277e-01
9.727630615234376110e-01
8.627432584762573242e-01
8.357203006744384766e-01
6.678063869476318359e-01
5.576167106628417969e-01
4.980551898479462225e-01
6.814982891082763672e-01
8.139771819114685059e-01
7.161146402359008789e-01
6.043357253074645996e-01
4.460435509681701660e-01
2.672854065895081122e-01
1.415113061666488370e-01
1.210967674851417542e-01
5.102548003196716309e-02
2.441700175404548645e-02
7.539726048707962036e-02
1.117219030857086182e-01
6.829753518104551835e-02
1.463785320520401001e-01
1.556289792060852051e-01
9.307232499122619629e-02
5.026117339730263450e-02
1.370427459478378573e-01
-1.155209820717573166e-02
-1.926903724670410434e-01
