3.717112064361571822e+00
3.653567552566527876e+00
3.545396804809570312e+00
3.493615388870239702e+00
3.429090261459350586e+00
3.370759963989258257e+00
3.331677436828613281e+00
3.268607139587402344e+00
3.189348697662353072e+00
3.146917104721069336e+00
3.087808370590209961e+00
3.013438463211060014e+00
2.935993909835815430e+00
2.886623620986938477e+00
2.839375972747802734e+00
2.796770095825195757e+00
2.751275539398193359e+00
2.718249797821044922e+00
2.721466541290283203e+00
2.572045087814331055e+00
2.541676044464111772e+00
2.540989398956298828e+00
2.557325601577759233e+00
2.552335023880004883e+00
2.559254407882690430e+00
2.568390369415283203e+00
2.590307474136352539e+00
2.623507261276245117e+00
2.672724246978760210e+00
2.695875883102416992e+00
2.649922132492064986e+00
2.697150945663451704e+00
2.775953292846680132e+00
2.802431583404541016e+00
2.811687469482421875e+00
2.812361478805541992e+00
2.848691701889038086e+00
2.865783452987671343e+00
2.910740375518798828e+00
2.956650972366333008e+00
2.979091644287109375e+00
3.022842884063720703e+00
3.045732021331787109e+00
3.071046352386474609e+00
3.100318431854248047e+00
3.120484590530395508e+00
3.156432151794433594e+00
3.148623704910278320e+00
3.167909145355224609e+00
3.192188739776611772e+00
3.186864376068115234e+00
3.211416959762572798e+00
3.207490205764770508e+00
3.228118181228637695e+00
3.216358423233031782e+00
3.209395885467529297e+00
3.203947067260741743e+00
3.211505651473998579e+00
3.196889638900756836e+00
3.208538293838501421e+00
3.203337192535400391e+00
3.180118083953857422e+00
3.170687198638916016e+00
3.135087966918945312e+00
3.102804660797118697e+00
3.090178012847900391e+00
3.087774515151977095e+00
3.006598234176636186e+00
2.967135906219482422e+00
2.923526763916016069e+00
2.890179157257080078e+00
2.864436149597167969e+00
2.822124481201171875e+00
2.769181013107299805e+00
2.733164548873901367e+00
2.699435234069824219e+00
2.656635284423828125e+00
2.623597860336304155e+00
2.585326910018920898e+00
2.542206048965454102e+00
2.516833305358886719e+00
2.463915109634399414e+00
2.411739349365234375e+00
2.414410591125488281e+00
2.380192518234252930e+00
2.356213331222534180e+00
2.339633703231811523e+00
2.321390390396118164e+00
2.316410541534423828e+00
2.315068960189819780e+00
2.308078765869140625e+00
2.281908988952636719e+00
2.278622388839721680e+00
2.278198003768920898e+00
2.282594919204711914e+00
2.296328067779541016e+00
2.313730716705322266e+00
2.333599090576171875e+00
2.337050676345825195e+00
2.358942985534667969e+00
2.385383129119873047e+00
2.400462388992309570e+00
2.416357517242432085e+00
2.439551353454589844e+00
2.464551210403442383e+00
2.499546051025390181e+00
2.522555828094482422e+00
2.559017181396484375e+00
2.588599443435668945e+00
2.627269506454468218e+00
2.655364036560058594e+00
2.686652898788451704e+00
2.707387924194335938e+00
2.709115743637084961e+00
2.722044467926025391e+00
2.762050151824951172e+00
2.752636432647705078e+00
2.759579896926879883e+00
2.813932657241821289e+00
2.811810970306396484e+00
2.833938121795654297e+00
2.832132816314697266e+00
2.812848567962646484e+00
2.807600975036621094e+00
2.799877643585205078e+00
2.765145301818848100e+00
2.725917577743530273e+00
2.710352420806884766e+00
2.687721490859985352e+00
2.686356306076049805e+00
2.666039705276489258e+00
2.650159835815429688e+00
2.625532150268554688e+00
2.592344999313354492e+00
2.537892103195190430e+00
2.498726606369018555e+00
2.461103916168212891e+00
2.437511444091796875e+00
2.434742212295531782e+00
2.421059608459472656e+00
2.390607595443725586e+00
2.383204460144042969e+00
2.360059976577759233e+00
2.334411382675170898e+00
2.310905933380126953e+00
2.302409887313842773e+00
2.294986248016357422e+00
2.269582509994506836e+00
2.248476743698120117e+00
2.237210750579833984e+00
2.237350702285766602e+00
2.235913753509521040e+00
2.222345113754272461e+00
2.218625545501708984e+00
2.212846517562865767e+00
2.200921297073364258e+00
2.209580183029174805e+00
2.195658445358276367e+00
2.177356481552124023e+00
2.154098272323608398e+00
2.144615411758423296e+00
2.126439332962035689e+00
2.094273567199706587e+00
2.079154968261718750e+00
2.049430370330810547e+00
2.019138574600220171e+00
1.993648409843444824e+00
1.969639420509338379e+00
1.943294763565063699e+00
1.920029878616333008e+00
1.895692467689514382e+00
1.881971478462219238e+00
1.872058749198913574e+00
1.875104069709777610e+00
1.870561003684997559e+00
1.876543760299682395e+00
1.874331235885619895e+00
1.896873831748962402e+00
1.915731787681580034e+00
1.944361567497253196e+00
1.972704052925109641e+00
1.984482169151306374e+00
2.005014896392822266e+00
2.045003175735473633e+00
2.087059974670409712e+00
2.118866205215454102e+00
2.147420644760131836e+00
2.161859512329101562e+00
2.194051742553710938e+00
2.217162609100341797e+00
2.231897830963134766e+00
2.257425308227539062e+00
2.288577318191528320e+00
2.309994220733642578e+00
2.305020093917846680e+00
2.312336206436156782e+00
2.295968294143676758e+00
2.284137010574340820e+00
2.312166213989258257e+00
2.314408540725708008e+00
2.321242332458496094e+00
2.313566207885741743e+00
2.330763816833496094e+00
2.339598655700684038e+00
2.363750219345092773e+00
2.403411865234375000e+00
2.390567779541016069e+00
2.406033277511596680e+00
2.408696889877319780e+00
2.430129051208496094e+00
2.426578760147094727e+00
2.437518358230590820e+00
2.445131063461304155e+00
2.445627450942993164e+00
2.461578130722045898e+00
2.506511211395264116e+00
2.521597385406494141e+00
2.506737232208251953e+00
2.491974115371704102e+00
2.467766761779785156e+00
2.457904577255249023e+00
2.430978059768676758e+00
2.402632951736450195e+00
2.383572101593017578e+00
2.407626152038574219e+00
2.384615182876586914e+00
2.372164487838745117e+00
2.392003536224364790e+00
2.344883918762207031e+00
2.285420179367064986e+00
2.276196718215942383e+00
2.249969482421875000e+00
2.202280998229980469e+00
2.207284927368164062e+00
2.178221940994262695e+00
2.160041093826293945e+00
2.154733419418334961e+00
2.152753829956054688e+00
2.120630502700805664e+00
2.076493501663208008e+00
2.092470645904541016e+00
2.074552536010741743e+00
2.104538917541504350e+00
2.093418598175049272e+00
2.083184003829956055e+00
2.107388973236083984e+00
2.057435989379883257e+00
2.029021024703979492e+00
1.985110044479369895e+00
1.956430315971374290e+00
1.898853898048400879e+00
1.832374691963196023e+00
1.738085865974426492e+00
1.633524179458618164e+00
1.579175472259521706e+00
1.513149738311767578e+00
1.467497467994689941e+00
1.405226111412048340e+00
1.294143795967102051e+00
1.224080204963684082e+00
1.107423186302185059e+00
1.005218505859375000e+00
9.396086931228637695e-01
8.260887265205383301e-01
7.842167019844055176e-01
7.148115038871765137e-01
6.797934174537658691e-01
6.001021265983581543e-01
4.936315715312957764e-01
3.976974189281464178e-01
2.761024832725524902e-01
1.956831067800521573e-01
9.124525636434556441e-02
1.059162989258766174e-02
-7.952738553285598755e-02
-1.965861916542052668e-01
-2.190098315477371216e-01
-2.397675067186355868e-01
-2.353209704160690585e-01
-2.041092067956924438e-01
-1.368037909269332886e-01
-1.048482358455657959e-01
-7.476556301116941972e-02
3.525068459566682577e-04
8.075907081365585327e-02
1.786271482706069946e-01
3.150629401206970215e-01
4.297785758972167969e-01
5.054474472999572754e-01
6.068294048309326172e-01
6.864227652549743652e-01
8.060740232467651367e-01
8.660979270935058594e-01
1.001028418540954590e+00
1.061912417411804199e+00
1.165781736373901367e+00
1.214727997779846191e+00
1.232625484466552734e+00
1.285529136657714844e+00
1.317929863929748313e+00
1.333014488220214844e+00
1.379951119422912598e+00
1.331557631492614746e+00
1.310747265815734863e+00
1.318580150604248047e+00
1.302556872367858887e+00
1.294060111045837402e+00
1.212501406669616699e+00
1.168043851852416992e+00
1.136480450630187988e+00
1.080229997634887695e+00
1.038098692893982156e+00
9.707717299461363636e-01
8.994026780128479004e-01
8.952311873435974121e-01
8.050490021705627441e-01
6.985098719596862793e-01
5.378740429878234863e-01
4.249314963817596991e-01
2.691239714622497559e-01
1.472710967063903809e-01
-1.161100491881370544e-01
-2.859062254428863525e-01
-4.340901076793671209e-01
-5.907739996910095215e-01
-7.194551825523376465e-01
-8.561406135559082031e-01
-9.788954854011535645e-01
-1.080729603767395020e+00
-1.192748904228210449e+00
-1.298238277435302734e+00
-1.374903202056884766e+00
-1.500337600708007812e+00
-1.530032992362975852e+00
-1.625832796096801758e+00
-1.671277523040771706e+00
-1.750248789787292480e+00
-1.818575501441956010e+00
-1.906006693840026855e+00
-2.011762857437134233e+00
-2.134947061538696289e+00
-2.234110832214355469e+00
-2.336770772933959961e+00
-2.321109771728516069e+00
-2.373820781707764116e+00
-2.414874553680419922e+00
-2.433474302291870117e+00
-2.492196798324584961e+00
-2.503478765487670898e+00
-2.512717008590698242e+00
-2.483441591262817383e+00
-2.447108268737792969e+00
-2.418991327285766602e+00
-2.313727140426636186e+00
-2.295057535171509233e+00
-2.212375402450561079e+00
-2.134440422058105025e+00
-2.085950851440429688e+00
-1.969181180000304732e+00
-1.857576131820678711e+00
-1.751734256744384766e+00
-1.617597937583923118e+00
-1.504396200180053711e+00
-1.375263452529907227e+00
-1.236989855766296387e+00
-1.063270568847656250e+00
-9.326581358909608044e-01
-8.108242154121398926e-01
-6.786411404609680176e-01
-5.433592796325683594e-01
-4.231676161289215088e-01
-3.374746143817901611e-01
-2.412376999855040949e-01
-1.821473836898803988e-01
-7.092092186212539673e-02
1.150314882397651499e-02
5.918199196457862160e-02
1.110242009162902693e-01
1.372074931859969815e-01
2.254192084074020386e-01
2.292563319206237515e-01
2.505033314228057861e-01
2.443997859954833984e-01
2.599970102310181219e-01
2.721993029117584229e-01
3.331568539142609198e-01
3.283416628837584894e-01
3.172135651111602783e-01
3.319799304008483887e-01
3.555490672588348389e-01
3.768356442451477051e-01
3.777996897697448730e-01
3.449473381042480469e-01
2.927080988883972168e-01
3.316848576068878174e-01
3.648152053356170654e-01
4.194618463516234796e-01
3.996465206146239679e-01
4.648822844028472900e-01
5.281392931938171387e-01
5.909848809242248535e-01
6.448314189910888672e-01
6.975030899047851562e-01
7.696793675422668457e-01
8.274344801902770996e-01
8.821782469749450684e-01
8.994690775871276855e-01
9.295403361320495605e-01
9.652742147445679821e-01
9.758061170578004040e-01
9.838218092918395996e-01
1.021336078643798828e+00
1.011237025260925293e+00
1.013392925262451172e+00
1.041397452354431152e+00
1.091596126556396484e+00
1.167457699775695801e+00
1.213772416114807129e+00
1.313832521438598633e+00
1.433014273643493652e+00
1.586551070213318093e+00
1.789084911346435547e+00
1.986451506614685059e+00
2.192367553710937056e+00
2.362489700317383257e+00
2.524368047714233398e+00
2.685497999191284180e+00
2.877874374389648438e+00
3.055656671524048296e+00
3.165369987487792969e+00
3.306883811950684038e+00
3.391042470932006836e+00
3.460663080215453657e+00
3.480508089065552202e+00
3.516448020935058594e+00
3.533990621566772461e+00
3.592511177062988281e+00
3.696257352828979936e+00
3.712661504745483398e+00
3.766300201416016069e+00
3.728990316390991211e+00
3.819751977920531782e+00
3.898906946182251421e+00
3.947720527648926225e+00
3.997025966644287109e+00
4.023777484893798828e+00
4.033436298370361328e+00
4.053610324859618252e+00
4.041948795318604404e+00
3.988886117935180664e+00
3.893843173980712891e+00
3.838062286376953125e+00
3.729291677474976030e+00
3.592300176620483398e+00
3.458375692367553711e+00
3.289482831954956055e+00
3.101572275161743164e+00
2.932497978210448775e+00
2.763109922409057617e+00
2.579089164733886719e+00
2.350050926208496094e+00
2.146647214889526367e+00
1.918207049369811790e+00
1.727479338645935059e+00
1.560728788375854492e+00
1.373952746391296387e+00
1.268577218055725098e+00
1.072456240653991699e+00
9.148954749107359730e-01
7.993609309196472168e-01
6.225090026855468750e-01
5.042425394058227539e-01
3.866529464721680243e-01
2.531024515628815252e-01
1.904312223196029386e-01
1.141011565923690796e-01
7.991722971200942993e-02
1.835223287343979229e-02
1.234911940991878510e-02
-1.554795634001493801e-02
4.398851841688156128e-02
1.178932711482048035e-01
1.067723706364631653e-01
1.516931802034378052e-01
1.916869729757308960e-01
3.098000288009644110e-01
4.283008277416229248e-01
5.438051819801330566e-01
6.589137315750122070e-01
6.496366858482360840e-01
7.856591939926147461e-01
8.190160989761352539e-01
8.676675558090209961e-01
9.431045651435852051e-01
1.010575175285339355e+00
1.115303635597229004e+00
1.173865079879760742e+00
1.244171738624572754e+00
1.287419319152832031e+00
1.291968822479248047e+00
1.361759424209594727e+00
1.434759140014648438e+00
1.445345044136047363e+00
1.543559908866882324e+00
1.571316361427307129e+00
1.495170354843139648e+00
1.492695212364196777e+00
1.483582735061645508e+00
1.442460179328918457e+00
1.351672649383544922e+00
1.338547468185424805e+00
1.242609024047851562e+00
1.185963392257690430e+00
1.046323180198669434e+00
1.003730893135070801e+00
8.848977088928222656e-01
7.529830336570740856e-01
5.781423449516296387e-01
4.684414565563201904e-01
3.205213248729705811e-01
1.790678799152374545e-01
3.124183788895606995e-02
-7.071892172098159790e-02
-1.646451801061630249e-01
-2.694845795631409247e-01
-3.348703980445861816e-01
-4.325490295886993408e-01
-4.921060204505919855e-01
-5.625797510147094727e-01
-5.919232368469238281e-01
-6.214131712913513184e-01
-6.872915625572204590e-01
-7.175579071044921875e-01
-7.612313032150268555e-01
-7.865390181541442871e-01
-7.929858565330505371e-01
-8.125551939010620117e-01
-8.194714188575744629e-01
-8.142452239990234375e-01
-7.821202278137207031e-01
-7.274863123893737793e-01
-6.500129699707031250e-01
-5.527316927909851074e-01
-4.622876644134522039e-01
-3.514462411403656006e-01
-2.544704675674438477e-01
-8.777987957000732422e-02
4.060978069901465676e-02
1.787367910146713257e-01
3.028764724731444757e-01
4.416558146476745605e-01
6.166293621063232422e-01
7.398930788040161133e-01
8.396129012107849121e-01
9.513045549392700195e-01
1.018015980720520020e+00
1.112256169319152832e+00
1.188807725906372070e+00
1.215662479400634766e+00
1.230579018592834473e+00
1.223425269126892090e+00
1.203228235244750977e+00
1.244448304176330566e+00
1.276869177818298340e+00
1.321495890617370605e+00
1.329963803291320801e+00
1.374226331710815430e+00
1.404873490333557129e+00
1.408417582511902078e+00
1.359879851341247559e+00
1.368913769721984863e+00
1.296327948570251687e+00
1.213703036308288574e+00
1.199658632278442383e+00
1.165676355361938477e+00
1.205117106437682883e+00
1.219255208969116211e+00
1.153707981109619141e+00
1.139661312103271706e+00
1.054833769798278809e+00
9.491168260574339710e-01
9.694393277168273926e-01
8.988149762153625488e-01
8.836163878440856934e-01
8.689956665039062500e-01
9.054770469665528454e-01
8.838223814964294434e-01
8.789032697677612305e-01
8.611111640930175781e-01
7.921770811080932617e-01
8.035412430763244629e-01
7.641836404800415039e-01
7.156639695167541504e-01
6.753976345062255859e-01
6.487999558448791504e-01
6.087887883186340332e-01
4.858306348323822021e-01
4.514706134796143133e-01
4.359889924526215155e-01
3.800499141216278076e-01
3.726074695587158203e-01
2.843452990055084229e-01
2.590591013431549072e-01
2.104661911725997925e-01
9.628205746412275834e-02
5.648097768425941467e-02
-3.821201249957084656e-02
-5.349717289209366539e-02
-1.206894516944885254e-01
-2.236048728227615634e-01
-3.056889176368712824e-01
-3.973080217838287909e-01
-4.248649775981903076e-01
-4.832493066787720282e-01
-5.627519488334655762e-01
-6.369718909263610840e-01
-6.777248382568359375e-01
-7.028256058692932129e-01
-7.332256436347961426e-01
-8.162185549736022949e-01
-8.651330471038818359e-01
-9.636082649230955921e-01
-1.042748332023620605e+00
-1.076976537704467773e+00
-1.081161260604858398e+00
-1.062759637832641602e+00
-9.878382682800291859e-01
-8.704440593719482422e-01
-7.229313850402832031e-01
-5.794187188148498535e-01
-4.272820651531220038e-01
-2.900261282920836847e-01
-9.499273449182510376e-02
7.058763410896062851e-03
1.711119264364242554e-01
3.989107608795166016e-01
5.676832795143127441e-01
6.970302462577819824e-01
8.158835172653198242e-01
9.768859148025511585e-01
1.086359620094299094e+00
1.189017295837402344e+00
1.283852458000182883e+00
1.393561959266662598e+00
1.442685484886169434e+00
1.485984683036804199e+00
1.520751357078552246e+00
1.574053764343261497e+00
1.614412426948547363e+00
1.621314406394958496e+00
1.612030029296875000e+00
1.641556262969970703e+00
1.655504822731018066e+00
1.589520573616027832e+00
1.590951919555664062e+00
1.538242459297180176e+00
1.527494549751281516e+00
1.440606832504272461e+00
1.394981622695922852e+00
1.230855226516723633e+00
1.184059381484985352e+00
1.075642943382263184e+00
9.368451237678527832e-01
8.761106133460998535e-01
7.855784296989440918e-01
7.011898159980773926e-01
6.121248602867126465e-01
5.255526900291442871e-01
4.318169951438903809e-01
3.521597683429718018e-01
2.818332910537719727e-01
2.041849195957184115e-01
1.159460991621017456e-01
3.605463728308678367e-02
4.343035817146301270e-02
-1.950029283761978149e-02
-8.745656907558441162e-02
-1.586476564407348633e-01
-2.021998316049576083e-01
-2.554346323013305664e-01
-3.795212507247924805e-01
-4.776829183101654053e-01
-6.169594526290893555e-01
-6.791188716888427734e-01
-8.205454349517822266e-01
-9.600106477737427868e-01
-1.027075648307800293e+00
-1.106306910514831543e+00
-1.182118535041809082e+00
-1.238652229309082031e+00
-1.296350240707397683e+00
-1.320398449897765891e+00
-1.308655858039855957e+00
-1.306807160377502441e+00
-1.313237786293029785e+00
-1.275059819221496582e+00
-1.291212320327758789e+00
-1.296977043151855691e+00
-1.322282314300537109e+00
-1.409864783287048340e+00
-1.429803133010864480e+00
-1.378708720207214355e+00
-1.450253605842590332e+00
-1.509367227554321289e+00
-1.583441853523254395e+00
-1.647104382514953613e+00
-1.674926161766052246e+00
-1.769973754882812500e+00
-1.867412447929382324e+00
-1.924030065536499023e+00
-2.043351411819458008e+00
-2.106915235519409180e+00
-2.174203395843505859e+00
-2.411684274673461914e+00
-2.439905881881713867e+00
-2.587547779083251953e+00
-2.593354940414428711e+00
-2.613430738449096680e+00
-2.622414112091064453e+00
-2.589967489242553711e+00
-2.567872762680053711e+00
-2.557521104812622070e+00
-2.607268333435058594e+00
-2.544292688369750977e+00
-2.569871664047240767e+00
-2.501843690872192383e+00
-2.578223943710326704e+00
-2.494539260864258257e+00
-2.477676391601562500e+00
-2.453193902969360352e+00
-2.429920434951782227e+00
-2.371707201004028320e+00
-2.293623924255371094e+00
-2.225066900253295898e+00
-2.222162723541260210e+00
-2.226191043853760210e+00
-2.181700706481933594e+00
-2.205437898635864258e+00
-2.164039373397826704e+00
-2.172931432723999023e+00
-2.252764701843261719e+00
-2.250798463821411133e+00
-2.315934419631958008e+00
-2.358193874359130859e+00
-2.356058359146118164e+00
-2.415446758270264116e+00
-2.424569845199584961e+00
-2.545695781707764116e+00
-2.616082191467285156e+00
-2.821002721786498579e+00
-2.926654338836669922e+00
-3.054502964019775391e+00
-3.196279764175415039e+00
-3.455252170562743697e+00
-3.500253438949584961e+00
-3.644824743270873579e+00
-3.694603204727173296e+00
-4.016641139984131748e+00
-4.356837272644042969e+00
-4.530102252960205078e+00
-4.605843067169189453e+00
-4.663150310516356534e+00
-4.735057353973388672e+00
-4.849294662475585938e+00
-4.870299339294433594e+00
-4.855693340301513672e+00
-4.823492050170898438e+00
-4.705592632293701172e+00
-4.625267028808593750e+00
-4.485379219055175781e+00
-4.361001968383788174e+00
-4.314296245574951172e+00
-4.158537864685058594e+00
-4.203494071960448331e+00
-4.117481231689453125e+00
-3.962977886199951172e+00
-3.865226984024048296e+00
-3.843003273010253906e+00
-3.857568025588988814e+00
-3.838072538375855380e+00
-3.917042493820190430e+00
-3.900578975677489790e+00
-3.869684934616088867e+00
-3.867133378982543945e+00
-3.949601888656616211e+00
-3.907648324966431108e+00
-3.924813508987426314e+00
-3.922752380371093750e+00
-3.904340505599976030e+00
-3.872107505798339844e+00
-3.830988883972167969e+00
-3.779854297637939897e+00
-3.691029310226439986e+00
-3.591596364974976030e+00
-3.512764692306518555e+00
-3.370068788528442383e+00
-3.314403772354126421e+00
-3.167246103286743164e+00
-3.036804437637328657e+00
-2.841451406478881836e+00
-2.658426046371459961e+00
-2.500430583953857422e+00
-2.420141220092772993e+00
-2.255616903305053711e+00
-2.076453924179076704e+00
-1.800608038902282715e+00
-1.525657534599304199e+00
-1.213622689247131126e+00
-1.031453967094421387e+00
-9.225028157234191895e-01
-6.537989974021911621e-01
-4.347870051860808771e-01
-8.418583869934082031e-02
1.552089303731918613e-01
4.245559275150299072e-01
5.985630154609680176e-01
8.311197161674499512e-01
9.832119941711425781e-01
1.122949600219726562e+00
1.313102126121520996e+00
1.419602751731872559e+00
1.569593310356139915e+00
1.595310091972350852e+00
1.604248285293579102e+00
1.690801858901977539e+00
1.688608527183532715e+00
1.715574979782104492e+00
1.712928891181945801e+00
1.703952908515930176e+00
1.675611853599548340e+00
1.529463410377502441e+00
1.448304772377014160e+00
1.370990395545959695e+00
1.268083095550537109e+00
1.145396590232849121e+00
9.314635992050172009e-01
7.830947637557983398e-01
5.541090369224548340e-01
3.357302844524383545e-01
1.018584445118903975e-01
-4.237388074398041465e-02
-1.992283165454864502e-01
-3.157474398612976074e-01
-4.833965897560120184e-01
-6.130479574203491211e-01
-6.897258162498474121e-01
-8.299236297607421875e-01
-9.927949309349058948e-01
-1.107036948204040305e+00
-1.262926340103149414e+00
-1.369061350822448730e+00
-1.492750287055969238e+00
-1.514755249023437500e+00
-1.680817246437072754e+00
-1.746051192283630371e+00
-1.747020125389099121e+00
-1.760468721389770508e+00
-1.831867694854736328e+00
-1.880981087684631570e+00
-1.997142314910888894e+00
-2.140997648239136186e+00
-2.192896366119384766e+00
-2.192918300628661665e+00
-2.178340673446655718e+00
-2.146963119506835938e+00
-2.113012552261352539e+00
-2.002455472946166992e+00
-2.104303359985352007e+00
-2.126945257186889648e+00
-2.165673971176147461e+00
-2.119886398315429688e+00
-2.107653856277465820e+00
-2.073021173477173296e+00
-2.061485290527344194e+00
-2.092476606369018555e+00
-2.068010330200195757e+00
-2.002778530120849609e+00
-2.000811815261840820e+00
-1.896543264389038086e+00
-1.841890811920166016e+00
-1.780019283294677512e+00
-1.772131085395813210e+00
-1.800904393196105957e+00
-1.690127968788146973e+00
-1.646725058555603027e+00
-1.538875699043274148e+00
-1.488558292388916016e+00
-1.315175294876098633e+00
-1.310821771621704102e+00
-1.223597884178161621e+00
-1.144124388694763184e+00
-1.022172808647155762e+00
-9.681216478347778320e-01
-8.024048805236816406e-01
-6.895033717155456543e-01
-5.851222872734069824e-01
-6.018244624137878418e-01
-5.428855419158935547e-01
-3.997941315174102783e-01
-3.337717354297637939e-01
-2.674241065979003906e-01
-2.963913381099700928e-01
-2.724536061286926270e-01
-2.378200739622116089e-01
-2.779549956321716309e-01
-2.500153779983520508e-01
-2.128264158964157104e-01
-1.864058077335357388e-01
-1.243613064289093018e-01
-1.889150291681289395e-01
-2.443799078464508057e-01
-1.967380493879318515e-01
-1.671484410762786865e-01
-1.436003893613815308e-01
-7.524584978818892045e-02
-3.173818066716193459e-02
-2.865937538444996227e-02
-1.311333943158387964e-02
1.130828913301229477e-02
6.342859938740729418e-03
2.076805755496025085e-02
-3.751058131456375122e-02
-5.544120818376541138e-02
-4.509562626481056213e-03
-6.081141903996467590e-02
-7.237040251493453979e-02
-6.941248476505279541e-02
-4.839134216308593750e-02
2.048672176897526221e-03
-2.913666889071464539e-02
-5.716946721076965332e-02
-8.877415955066680908e-02
-5.387864634394646385e-02
-6.440786272287368774e-02
-6.622038315981625643e-03
2.342412620782851826e-02
7.892195135354995728e-02
1.328797489404678622e-01
8.466871082782745361e-02
6.694925576448440552e-02
1.195014640688896318e-01
1.595447212457656860e-01
1.092619672417640686e-01
1.155315861105918745e-01
1.192554309964180131e-01
2.018633335828781128e-01
2.593513727188110352e-01
3.265425264835357666e-01
3.043467104434967041e-01
3.033482730388640802e-01
2.467821389436721524e-01
2.424762099981307983e-01
1.436835527420043945e-01
1.412289142608642578e-01
1.367501318454742432e-01
7.192440330982206864e-02
-2.307833172380924225e-02
-1.803097501397133220e-02
-5.624536424875259399e-02
-4.571131616830826500e-02
-1.246789097785949568e-01
-1.310577988624572754e-01
-1.042028144001960754e-01
-8.982680737972259521e-02
-1.102211847901344438e-01
-2.454557716846466064e-01
-2.429608106613158902e-01
-2.493944168090820590e-01
-2.725830674171447754e-01
-2.602331936359404962e-01
-2.881373167037963867e-01
-2.730308175086975098e-01
-2.836231589317321777e-01
-2.536742091178894043e-01
-2.782876789569854736e-01
-2.977602779865264893e-01
-3.195339143276214600e-01
-3.110486268997192383e-01
-3.720516264438629150e-01
-3.986973464488983154e-01
-3.883964717388153076e-01
-3.464732170104980469e-01
-2.761848270893096924e-01
-2.643600106239318848e-01
-2.395397871732712070e-01
-2.200134694576263428e-01
-2.508136928081512451e-01
-2.736831903457641602e-01
-3.201561570167540949e-01
-3.077434003353118896e-01
-3.567894399166107178e-01
-3.991165757179260254e-01
-5.210358500480651855e-01
-5.253231525421142578e-01
-5.378695726394653320e-01
-5.818093419075012207e-01
-6.003439426422119141e-01
-6.549593210220336914e-01
-6.771886348724365234e-01
-6.223097443580627441e-01
-6.594521999359130859e-01
-6.540168523788452148e-01
-5.853596925735473633e-01
-5.218468904495239258e-01
-4.642738103866577148e-01
-4.445360004901885986e-01
-3.791154026985169012e-01
-3.045248091220856268e-01
-2.332322150468826572e-01
-1.293026059865951538e-01
-1.383437216281890869e-01
-3.801976889371871948e-02
2.106964588165283203e-02
4.403691366314888000e-02
1.303015053272247314e-01
1.046904399991035600e-01
1.121247559785842757e-01
1.134767830371856689e-01
1.204763129353523254e-01
1.814204454421997070e-01
1.849021762609481534e-01
2.658944427967071533e-01
2.643827497959136963e-01
3.146032989025115967e-01
3.983412384986876886e-01
4.654452502727509100e-01
4.851715266704558771e-01
5.176188945770263672e-01
4.880641698837279718e-01
4.966832697391510010e-01
4.993642270565032959e-01
4.993293285369873047e-01
5.507599115371704102e-01
5.500627756118774414e-01
4.998294413089752197e-01
5.016974210739135742e-01
4.971055686473845880e-01
4.451344013214110773e-01
4.559471309185028076e-01
4.155120253562927246e-01
3.929964900016785223e-01
4.311207830905913752e-01
3.923582434654235840e-01
4.729392826557159979e-01
4.344239532947539728e-01
4.229472279548645020e-01
4.584336876869202215e-01
4.707717299461364746e-01
5.363768339157104492e-01
4.952736496925354004e-01
4.971456825733184814e-01
4.399003088474273682e-01
2.971717715263367254e-01
2.467269897460936945e-01
2.839025855064392090e-01
3.095530271530151367e-01
2.960045337677001953e-01
3.166148066520690918e-01
3.066545724868774414e-01
2.463327795267105103e-01
1.996381282806396484e-01
1.852807551622390747e-01
1.234258636832237244e-01
1.271323859691619873e-01
1.122637018561363220e-01
1.438183039426803589e-01
1.957591474056243896e-01
1.981843858957290372e-01
2.809678614139556885e-01
2.939151525497436523e-01
2.894991934299468994e-01
2.431514412164688110e-01
1.116964668035507202e-01
7.035286724567411942e-02
7.046344131231307983e-02
5.343358591198921204e-02
1.660935394465922962e-02
-2.573240362107753754e-02
-2.577836252748966217e-02
-4.866520687937737205e-02
-1.082723215222358704e-01
-1.943301856517792026e-01
-2.764700949192047119e-01
-2.421705126762389859e-01
-3.731926977634429932e-01
-4.146670103073120117e-01
-4.897136092185974121e-01
-4.631507396697998047e-01
-5.254530310630798340e-01
-6.696058511734008789e-01
-7.111369967460632324e-01
-7.712140679359436035e-01
-8.777576684951782227e-01
-8.838430047035217285e-01
-1.015069007873535156e+00
-1.047307133674621582e+00
-1.139573335647583008e+00
-1.233903765678405762e+00
-1.198628664016723633e+00
-1.274483799934387207e+00
-1.318850874900818093e+00
-1.368747711181640625e+00
-1.441923975944519043e+00
-1.377225875854492188e+00
-1.461707949638366699e+00
-1.418087124824524148e+00
-1.491197586059570312e+00
-1.565449476242065430e+00
-1.574303746223449707e+00
-1.603049635887145996e+00
-1.536174178123473899e+00
-1.582145571708679199e+00
-1.601620316505431907e+00
-1.609518766403198242e+00
-1.637165427207946777e+00
-1.523492693901061790e+00
-1.472612023353576882e+00
-1.388408064842223899e+00
-1.376932501792907493e+00
-1.405305266380310059e+00
-1.316488504409790039e+00
-1.277525544166564941e+00
-1.287750005722045898e+00
-1.319994926452636719e+00
-1.311909198760986328e+00
-1.284269809722900391e+00
-1.269219040870666504e+00
-1.236084699630737305e+00
-1.167660951614380105e+00
-1.118986725807189941e+00
-1.036158919334411621e+00
-9.705033302307127796e-01
-9.292465448379515491e-01
-9.027273654937744141e-01
-8.551039695739746094e-01
-7.704109549522399902e-01
-6.678347587585449219e-01
-5.962577462196350098e-01
-5.557757019996643066e-01
-5.303365588188171387e-01
-4.163068830966949463e-01
-3.798471391201018732e-01
-2.316173911094664972e-01
-1.307962089776992798e-01
-6.392829120159149170e-02
-4.765699058771132729e-02
1.271593756973743439e-02
1.132627651095390459e-01
2.053232043981552124e-01
2.204261273145675937e-01
2.357745915651321134e-01
3.300794363021850586e-01
4.326437413692473255e-01
5.211187601089477539e-01
5.700538158416748047e-01
6.675448417663574219e-01
7.534513473510742188e-01
8.784664869308471680e-01
9.904336333274840198e-01
1.024510622024535911e+00
1.092312335968017578e+00
1.158328533172607422e+00
1.292710661888122559e+00
1.384300947189331055e+00
1.427211403846740723e+00
1.488060593605041504e+00
1.516588091850280762e+00
1.551275491714477539e+00
1.641292810440063699e+00
1.703379631042480469e+00
1.758736371994018555e+00
1.771493196487426758e+00
1.842852830886840820e+00
1.848262906074524148e+00
1.862069606781005637e+00
1.836704611778259499e+00
1.798211574554443359e+00
1.752324223518371582e+00
1.697272658348083496e+00
1.627171754837035911e+00
1.604942679405212402e+00
1.516050696372985840e+00
1.349757313728332297e+00
1.304356336593627930e+00
1.213701725006103516e+00
1.181552052497863770e+00
1.192969441413879395e+00
1.226017594337463379e+00
1.238237261772155762e+00
1.249236464500427246e+00
1.248752474784850852e+00
1.092194437980652078e+00
9.649766683578492321e-01
8.372178077697753906e-01
7.589842677116394043e-01
7.197180986404418945e-01
6.346611976623535156e-01
6.329200267791748047e-01
5.808075666427612305e-01
5.454170107841491699e-01
5.342101454734802246e-01
5.604301095008850098e-01
6.112439632415771484e-01
6.631092429161071777e-01
7.480657696723937988e-01
7.785949110984802246e-01
8.143004179000854492e-01
8.266049623489379883e-01
8.073043823242187500e-01
7.461186051368713379e-01
6.804562807083129883e-01
5.842977166175842285e-01
4.651392698287963867e-01
4.004187583923339844e-01
3.343065381050109863e-01
2.537191212177277166e-01
1.928710788488388062e-01
1.352038681507110596e-01
1.658972948789596558e-01
6.635443121194839478e-02
2.044288814067840923e-02
3.921403363347053528e-02
6.150054559111595154e-02
1.432103365659713468e-01
8.703313022851943970e-02
3.087570145726203918e-02
5.411706119775772095e-02
5.303234606981277466e-02
7.105888426303863525e-02
6.303808838129043579e-02
-4.755757749080657959e-02
-1.059046536684036394e-01
-1.611658483743667603e-01
-1.700536310672760010e-01
-1.866075992584228516e-01
-2.423514276742934903e-01
-2.149022519588470459e-01
-2.490448057651520053e-01
-3.048983216285705566e-01
-3.285469710826873779e-01
-3.392048478126525879e-01
-3.546701669692993164e-01
-4.757117033004760742e-01
-3.482088446617126465e-01
-2.632464170455933172e-01
-1.720999032258987427e-01
-1.472400873899459839e-01
-2.550569772720336914e-01
-2.195952832698822021e-01
-3.027065992355347235e-01
-3.001759052276611328e-01
-3.665562868118286133e-01
-4.315125346183776855e-01
-4.123602807521820068e-01
-4.477422535419464111e-01
-3.826678097248076837e-01
-3.386379182338714600e-01
-3.083440959453582764e-01
-2.574356198310852051e-01
-2.760299444198608398e-01
-2.688960433006286621e-01
-2.508154809474945068e-01
-1.968898624181747437e-01
-8.041758835315704346e-02
-6.820088624954223633e-02
2.422676794230937958e-02
2.899410761892796257e-02
9.244685620069503784e-02
1.715468466281890869e-01
2.308902144432067871e-01
2.420237958431243896e-01
2.700234651565551758e-01
2.434074133634567538e-01
2.653672695159912109e-01
3.062359094619750977e-01
3.608510792255401611e-01
4.159125685691833496e-01
4.850081801414489746e-01
5.997010469436645508e-01
7.016422748565673828e-01
7.981218695640563965e-01
8.706568479537963867e-01
9.154053926467895508e-01
1.014813661575317383e+00
1.111361026763916016e+00
1.200533986091613770e+00
1.244080424308776855e+00
1.291967868804931641e+00
1.383827924728393555e+00
1.471791863441467285e+00
1.561642050743103027e+00
1.731009483337402344e+00
1.841084003448486328e+00
1.933257222175597922e+00
2.035183668136596680e+00
2.151840448379516602e+00
2.289354324340820312e+00
2.355853080749512163e+00
2.454614162445068359e+00
2.482949733734130859e+00
2.547321557998656782e+00
2.571439504623413086e+00
2.568803787231445312e+00
2.598012208938598189e+00
2.621759176254272461e+00
2.648180723190308061e+00
2.708023786544799805e+00
2.780302524566650391e+00
2.871021270751953125e+00
2.891581296920776367e+00
2.992742538452148438e+00
3.072835206985473633e+00
3.117406368255615234e+00
3.213314771652221680e+00
3.250940322875977007e+00
3.344689846038818359e+00
3.372838973999023438e+00
3.458502769470214844e+00
3.529179811477661133e+00
3.567837476730346680e+00
3.630066156387328657e+00
3.694907903671264648e+00
3.703719377517700195e+00
3.670935392379760742e+00
3.692467451095581055e+00
3.703840732574462891e+00
3.628840446472167969e+00
3.579457044601440430e+00
3.552636146545410156e+00
3.524332523345947710e+00
3.542814970016479492e+00
3.537857294082641602e+00
3.548517704010009766e+00
3.580813646316528320e+00
3.661055564880371094e+00
3.712823152542113814e+00
3.803401708602904829e+00
3.894223690032958984e+00
3.924587726593017578e+00
3.928579568862915039e+00
3.897241592407226562e+00
3.831212997436522993e+00
3.815138578414916992e+00
3.730496406555176225e+00
3.640033960342407227e+00
3.528939008712768999e+00
3.455073118209838867e+00
3.404941797256469727e+00
3.395539999008178711e+00
3.353962182998656782e+00
3.360851526260376421e+00
3.354436635971069336e+00
3.376385927200317383e+00
3.372206211090087891e+00
3.368105888366698775e+00
3.372995376586913618e+00
3.367144584655761719e+00
3.366069078445434570e+00
3.327292919158935547e+00
3.371260404586791992e+00
3.358718156814575195e+00
3.389181852340698242e+00
3.470297336578368697e+00
3.498780965805053711e+00
3.541467189788818359e+00
3.531757593154907227e+00
3.517077684402466264e+00
3.511154174804687500e+00
3.514829874038696289e+00
3.550004005432128906e+00
3.560115814208984375e+00
3.569297552108764648e+00
3.569337129592895508e+00
3.567543029785155806e+00
3.603080749511719194e+00
3.614448308944701704e+00
3.605840206146239790e+00
3.605105876922607866e+00
3.566300153732299805e+00
3.531649351119995117e+00
3.514193534851073775e+00
3.511730670928955078e+00
3.526075124740600586e+00
3.501558065414428711e+00
3.533582687377929688e+00
3.523086786270141602e+00
3.514901399612426758e+00
3.503442525863647461e+00
3.460551261901855469e+00
3.386753320693969727e+00
3.314320802688598189e+00
3.256451129913330078e+00
3.167558193206787109e+00
3.072740554809570312e+00
3.007826805114746094e+00
2.980641126632690430e+00
2.998625516891479492e+00
3.011457443237304688e+00
3.061730146408081055e+00
3.046390771865844727e+00
2.961789846420288086e+00
2.925101757049560547e+00
2.865056037902832031e+00
2.817270040512084961e+00
2.740106582641601562e+00
2.640192270278930664e+00
2.601870775222778320e+00
2.496888160705566406e+00
2.436585426330566406e+00
2.363366127014160156e+00
2.289435386657714844e+00
2.272803068161010742e+00
2.222038745880126953e+00
2.177508115768432617e+00
2.174682855606079102e+00
2.218413352966308594e+00
2.316822528839111772e+00
2.264883518218994141e+00
2.317919254302978516e+00
2.297912359237670898e+00
2.292072772979736328e+00
2.355319976806640625e+00
2.351243734359740767e+00
2.295376539230346680e+00
2.223732948303222656e+00
2.123693704605102539e+00
1.973692178726196289e+00
1.907799363136291504e+00
1.837262511253356934e+00
1.743628740310668945e+00
1.757133245468139648e+00
1.763388037681579590e+00
1.755635380744934082e+00
1.769956350326538086e+00
1.803735733032226340e+00
1.833041906356811523e+00
1.836497902870178445e+00
1.812641143798827903e+00
1.792636394500732422e+00
1.734140396118164062e+00
1.706002712249756081e+00
1.789646863937378152e+00
1.743921399116515891e+00
1.698397397994995117e+00
1.628142237663269043e+00
1.571320652961730957e+00
1.545242667198181152e+00
1.480346679687500000e+00
1.494237303733825684e+00
1.403276443481445090e+00
1.334088206291198730e+00
1.204498767852783203e+00
1.066228747367858887e+00
1.005496501922607422e+00
8.685651421546936035e-01
8.088262081146240234e-01
7.413406968116759144e-01
6.813604235649108887e-01
5.915477871894836426e-01
5.169960260391235352e-01
4.379912316799163818e-01
3.280059397220612127e-01
2.467280626296997070e-01
1.305050998926162720e-01
2.996326796710491180e-02
-1.793166808784008026e-02
-1.084556952118873596e-01
-1.556053459644317627e-01
-2.644426226615905762e-01
-3.863625228404998779e-01
-4.849236011505126953e-01
-6.236566901206970215e-01
-7.281262874603271484e-01
-9.094258546829223633e-01
-1.008877396583557129e+00
-1.075864791870117188e+00
-1.157464981079101562e+00
-1.177776932716369629e+00
-1.252178311347961426e+00
-1.296694993972778320e+00
-1.335992097854614480e+00
-1.402637243270874023e+00
-1.465548276901245117e+00
-1.564627170562743919e+00
-1.586447477340698242e+00
-1.678006172180175781e+00
-1.753276824951172097e+00
-1.804536342620849609e+00
-1.884402155876159890e+00
-1.901702523231506348e+00
-1.900578618049621582e+00
-1.991202116012572798e+00
-2.004307270050049272e+00
-2.097323179244995117e+00
-2.159824848175049272e+00
-2.197984695434570312e+00
-2.282642364501953125e+00
-2.279830217361450195e+00
-2.293940544128417969e+00
-2.348525524139404297e+00
-2.366945505142211914e+00
-2.420063018798828125e+00
-2.439967155456542969e+00
-2.481037378311156782e+00
-2.507787466049194336e+00
-2.518036603927612305e+00
-2.529266834259033203e+00
-2.525784015655517578e+00
-2.525166988372802734e+00
-2.478518962860107422e+00
-2.540324211120605025e+00
-2.561726808547973633e+00
-2.581748723983764648e+00
-2.584728479385375977e+00
-2.603697776794433594e+00
-2.602339267730712891e+00
-2.635012865066528320e+00
-2.638581752777100053e+00
-2.683664798736572266e+00
-2.711696624755859819e+00
-2.700864553451538086e+00
-2.664802551269531250e+00
-2.656844139099121094e+00
-2.641343593597412109e+00
-2.644942760467529297e+00
-2.619550943374634233e+00
-2.663951635360717773e+00
-2.662346363067626953e+00
-2.707069873809814453e+00
-2.679527044296264648e+00
-2.695683956146239790e+00
-2.688088655471801758e+00
-2.677274465560913086e+00
-2.715621232986450195e+00
-2.734029531478881836e+00
-2.763416767120361328e+00
-2.797023773193359819e+00
-2.766691923141479492e+00
-2.764356851577759233e+00
-2.759979248046875000e+00
-2.745952367782592773e+00
-2.715839862823486328e+00
-2.595985412597655806e+00
-2.570784091949462891e+00
-2.604084491729736328e+00
-2.555844068527221680e+00
-2.521567821502685103e+00
-2.402884244918823242e+00
-2.384248256683349609e+00
-2.304142713546752930e+00
-2.348998069763184038e+00
-2.336526393890380859e+00
-2.386012315750122070e+00
-2.394840002059936523e+00
-2.344375610351562500e+00
-2.361670732498168945e+00
-2.304302930831909180e+00
-2.284140825271606445e+00
-2.239432573318481001e+00
-2.193381071090698242e+00
-2.176032304763793945e+00
-2.142406702041625977e+00
-2.117049455642699751e+00
-2.124489068984985352e+00
-2.097943305969238281e+00
-2.082706451416016069e+00
-2.060809135437012163e+00
-2.081545352935791016e+00
-2.014619350433349609e+00
-2.029650926589965820e+00
-2.109973192214965820e+00
-1.984458684921264870e+00
-2.089928388595581055e+00
-2.020105600357056108e+00
-2.045109987258910689e+00
-1.993026733398437278e+00
-1.874839067459106445e+00
-1.896686196327209251e+00
-1.838078141212463601e+00
-1.826406359672546387e+00
-1.788099169731139915e+00
-1.739859580993652344e+00
-1.778972506523132324e+00
-1.800588726997375710e+00
-1.801532506942749023e+00
-1.770590305328369141e+00
-1.665433287620544434e+00
-1.716755986213684082e+00
-1.717715740203857422e+00
-1.685732245445251687e+00
-1.668585777282714844e+00
-1.641605615615844727e+00
-1.548552751541137695e+00
-1.565335273742675781e+00
-1.608997941017150879e+00
-1.620163083076476829e+00
-1.569005131721496582e+00
-1.545864939689636230e+00
-1.438632249832153098e+00
-1.446932196617126465e+00
-1.372196435928344727e+00
-1.335168838500976562e+00
-1.268110871315002441e+00
-1.233854413032531516e+00
-1.198587775230407493e+00
-1.098325133323669434e+00
-1.102309346199035645e+00
-1.083688497543334961e+00
-1.002210974693298340e+00
-1.054360508918762207e+00
-9.544302821159363903e-01
-8.843294382095336914e-01
-8.772802352905273438e-01
-8.618121743202209473e-01
-8.923053145408629261e-01
-8.606665134429931641e-01
-8.173462152481079102e-01
-8.408909440040588379e-01
-7.835521101951599121e-01
-8.518832325935363770e-01
-8.047279119491577148e-01
-7.819402217864990234e-01
-7.986491918563842773e-01
-7.583199143409729004e-01
-7.358301281929016113e-01
-7.617864608764648438e-01
-8.329347372055053711e-01
-8.974416851997375488e-01
-9.337607622146606445e-01
-9.900375604629515491e-01
-9.708378911018371582e-01
-9.786990284919739880e-01
-9.195857644081115723e-01
-9.280479550361632191e-01
-9.443459510803223766e-01
-9.298493266105651855e-01
-9.715562462806701660e-01
-1.022473096847534180e+00
-1.098876595497131126e+00
-1.155125021934509277e+00
-1.177510976791381836e+00
-1.251928091049194336e+00
-1.286545753479004128e+00
-1.331720948219299094e+00
-1.335957527160644309e+00
-1.358667492866515891e+00
-1.405526876449584961e+00
-1.388610959053039551e+00
-1.323374629020690918e+00
-1.316041588783264160e+00
-1.337856173515319824e+00
-1.259160995483398438e+00
-1.208375692367553711e+00
-1.181927800178527832e+00
-1.170544981956481934e+00
-1.115022659301757812e+00
-1.042520761489868164e+00
-1.023572564125060813e+00
-8.589332699775695801e-01
-8.288250565528870739e-01
-7.685584425926208496e-01
-7.314773797988891602e-01
-5.796962380409240723e-01
-5.648720860481262207e-01
-5.802145004272460938e-01
-6.059669852256774902e-01
-5.994570255279541016e-01
-4.696958065032958984e-01
-3.612917959690093994e-01
-3.596872687339783270e-01
-3.433001339435576837e-01
-3.711593151092528742e-01
-2.830798029899597168e-01
-3.514137566089630127e-01
-2.350123375654221136e-01
-1.300833374261856079e-01
-1.053956747055053572e-01
9.293052554130554199e-02
4.305109381675720215e-02
9.311915189027786255e-02
1.188074424862861495e-01
1.642645746469497403e-01
1.796276718378067017e-01
1.947650313377380371e-01
2.173025459051131925e-01
2.181696146726608554e-01
1.993997991085052490e-01
1.913472265005111972e-01
2.475788891315459928e-01
2.747837007045745850e-01
2.936567068099976141e-01
3.170555233955383301e-01
3.851815164089202881e-01
4.228521883487700861e-01
4.122943282127380926e-01
3.372142612934112549e-01
2.895632684230804443e-01
3.025434315204620361e-01
2.364390939474105557e-01
2.399610430002212524e-01
1.421005427837371826e-01
8.955140411853790283e-02
5.539981648325920105e-02
-1.103979302570223808e-03
-5.108168814331293106e-03
-9.047491848468780518e-02
-1.599502414464950562e-01
-1.311624795198440552e-01
-1.412124931812286377e-01
-9.656047075986862183e-02
-1.407451033592224121e-01
-1.498604714870452881e-01
-8.129527419805528121e-02
-9.323429316282272339e-02
-1.055401340126991272e-01
-9.450786560773849487e-02
-9.876812249422071976e-02
-8.124462515115737915e-02
-1.305349916219711304e-01
-1.295095831155776978e-01
-1.704343855381011963e-01
-1.362967044115066528e-01
-1.896043717861175537e-01
-2.520108819007872980e-01
-2.497959285974502563e-01
-2.668322920799255371e-01
-2.614381611347198486e-01
-2.742119431495666504e-01
-3.355672955513000488e-01
-3.236445784568786621e-01
-3.910467326641082764e-01
-4.081537127494812012e-01
-4.237029254436492920e-01
-4.229628741741180975e-01
-3.961879611015320379e-01
-3.903157413005828857e-01
-3.746619522571564276e-01
-3.721510767936706543e-01
-4.003255069255828857e-01
-3.387213647365570068e-01
-3.211980760097504217e-01
-3.491234481334686279e-01
-4.047438204288482666e-01
-4.562074542045593262e-01
-4.043260514736176092e-01
-4.149215519428253174e-01
-4.363458454608917236e-01
-4.720368683338164728e-01
-5.369321703910827637e-01
-6.064393520355224609e-01
-6.871386766433715820e-01
-7.049573063850402832e-01
-6.790012717247009277e-01
-6.785717606544494629e-01
-6.726357340812683105e-01
-7.244946956634521484e-01
-6.535785198211669922e-01
-6.581599712371826172e-01
-6.333824992179870605e-01
-6.720930933952331543e-01
-7.585299611091613770e-01
-8.333553075790405273e-01
-8.523895740509033203e-01
-8.005087375640869141e-01
-8.261357545852661133e-01
-8.243632316589355469e-01
-7.358707785606384277e-01
-7.780378460884094238e-01
-7.773671150207520641e-01
-7.921358942985534668e-01
-8.053363561630249023e-01
-8.292621374130249023e-01
-8.108246326446533203e-01
-8.201250433921813965e-01
-8.967568278312683105e-01
-9.201778769493104138e-01
-9.589241147041319691e-01
-1.011877775192260742e+00
-9.746726155281068005e-01
-1.022173285484314187e+00
-1.078719496726989524e+00
-1.129521965980529785e+00
-1.166444182395935059e+00
-1.184806942939758301e+00
-1.209292531013488770e+00
-1.174512863159179688e+00
-1.171752691268920898e+00
-1.190174818038940430e+00
-1.127533912658691406e+00
-1.095402479171752930e+00
-1.099374294281006081e+00
-1.149854302406311035e+00
-1.163715004920959695e+00
-1.051289081573486328e+00
-1.042585015296935813e+00
-9.531232714653016247e-01
-8.636485934257507324e-01
-8.747562170028686523e-01
-7.938169240951538086e-01
-7.676345705986022949e-01
-7.108520865440368652e-01
-6.184313297271728516e-01
-5.844348073005676270e-01
-4.623682498931884766e-01
-4.217176139354705811e-01
-3.542398810386657715e-01
-2.157443165779113492e-01
-1.328787356615066528e-01
-4.400135949254035950e-02
2.616807632148265839e-02
7.854237407445907593e-02
1.936429142951965332e-01
2.914738357067108154e-01
3.966811299324036200e-01
4.351610839366912842e-01
5.698710680007934570e-01
6.129062771797180176e-01
6.571644544601440430e-01
6.512914299964904785e-01
6.793584823608398438e-01
7.210679650306701660e-01
6.845046877861022949e-01
7.333532571792602539e-01
8.321088552474975586e-01
8.320150375366210938e-01
8.583024144172668457e-01
7.940534949302673340e-01
8.113486170768737793e-01
7.443603873252868652e-01
7.039905190467834473e-01
7.393323183059692383e-01
6.921395063400268555e-01
6.553948521614074707e-01
5.724874138832092285e-01
5.097195506095886230e-01
4.596358537673950195e-01
4.729589223861693781e-01
4.586839377880095880e-01
4.320012629032135010e-01
3.602916896343231201e-01
4.191974401473999023e-01
3.831826448440551758e-01
3.132467269897460938e-01
3.588972091674805243e-01
3.086759746074676514e-01
3.204600214958190918e-01
2.467769831418991089e-01
2.424383759498595914e-01
2.981343567371368408e-01
3.002246022224426270e-01
2.733274698257446289e-01
2.397215068340300959e-01
2.126628905534744540e-01
1.557338237762451172e-01
1.669973880052566528e-01
2.208854109048843384e-01
1.761647313833236694e-01
2.350273877382278442e-01
2.173092216253280640e-01
2.276112586259841919e-01
2.828091979026794434e-01
2.324682772159576416e-01
1.964256018400192538e-01
1.654081791639328003e-01
1.265634894371032715e-01
2.084392681717872967e-02
-2.548641897737979889e-02
7.841128110885620117e-02
5.718401446938514709e-02
9.126184508204460144e-03
2.657927107065916061e-03
-1.173557899892330170e-02
5.931432545185088417e-02
-2.948571927845478058e-04
-7.008283585309982300e-02
-9.230109304189682007e-02
-1.411981731653213501e-01
-1.737600415945053101e-01
-2.383522242307662964e-01
-2.385571449995040894e-01
-2.827762067317962646e-01
-3.247373402118682861e-01
-2.670067250728607178e-01
-3.565385639667510986e-01
-4.055821895599365234e-01
-4.092448055744171143e-01
-4.247637689113616943e-01
-4.157839119434357245e-01
-4.675859808921813965e-01
-5.546616315841674805e-01
-5.587500929832458496e-01
-5.980237126350402832e-01
-6.551545262336730957e-01
-6.944828629493713379e-01
-8.346405625343322754e-01
-9.341476559638975941e-01
-1.013469338417053223e+00
-1.048450708389282227e+00
-1.121390342712402344e+00
-1.155049920082092507e+00
-1.231876254081725852e+00
-1.306233525276184082e+00
-1.305059194564819114e+00
-1.341060280799865501e+00
-1.334388732910156250e+00
-1.398576617240905762e+00
-1.473394513130188210e+00
-1.571389675140380859e+00
-1.602505326271057129e+00
-1.647086143493652344e+00
-1.730234980583190918e+00
-1.783517003059387207e+00
-1.832592368125915527e+00
-1.895002841949463113e+00
-1.910012125968933105e+00
-1.870443344116210938e+00
-1.849624991416931152e+00
-1.714586019515991211e+00
-1.791435122489929199e+00
-1.764196038246154785e+00
-1.813382863998413086e+00
-1.789871811866760476e+00
-1.832276940345763938e+00
-1.933695435523986816e+00
-1.992852926254272461e+00
-2.058209896087646484e+00
-1.984415531158447710e+00
-1.954242706298827903e+00
-1.994808316230774148e+00
-1.991280913352966309e+00
-2.093850612640380859e+00
-2.061248540878295898e+00
-2.194507598876953125e+00
-2.228803396224976030e+00
-2.234828710556030273e+00
-2.257376670837402344e+00
-2.270792484283447710e+00
-2.271005392074584961e+00
-2.320910215377808061e+00
-2.400886535644531250e+00
-2.432938575744628906e+00
-2.422223567962646484e+00
-2.393902778625488281e+00
-2.431910276412963867e+00
-2.460221052169799805e+00
-2.526499748229980469e+00
-2.440810203552246094e+00
-2.372421026229858398e+00
-2.358860731124877930e+00
-2.386731386184692383e+00
-2.418724536895751953e+00
-2.362344264984130859e+00
-2.420182704925537109e+00
-2.463690519332885742e+00
-2.522563695907592773e+00
-2.608533620834350586e+00
-2.536512374877929688e+00
-2.570960283279418945e+00
-2.485555410385131836e+00
-2.483569860458374023e+00
-2.545468807220458984e+00
-2.408688068389892578e+00
-2.410587787628173828e+00
-2.420270681381225586e+00
-2.422183036804199219e+00
-2.414263963699340820e+00
-2.317004203796386719e+00
-2.376127243041991743e+00
-2.266296625137329102e+00
-2.208794593811035156e+00
-2.191647768020629883e+00
-2.063708305358886719e+00
-2.058577537536620650e+00
-1.944120764732360840e+00
-1.907394886016845703e+00
-1.798942327499389648e+00
-1.687706470489501953e+00
-1.684159040451049805e+00
-1.670829176902770996e+00
-1.642230629920959695e+00
-1.663389444351196289e+00
-1.559972882270813210e+00
-1.566841363906860352e+00
-1.373967289924621582e+00
-1.305508255958557129e+00
-1.285961747169494629e+00
-1.254704236984252930e+00
-1.236859202384948730e+00
-1.203594684600830078e+00
-1.216697931289672852e+00
-1.216695904731750488e+00
-1.176952481269836426e+00
-1.209584951400756836e+00
-1.057279586791992188e+00
-1.038520932197570801e+00
-9.292242527008055530e-01
-8.381647467613220215e-01
-8.411335945129394531e-01
-8.110774755477905273e-01
-8.985735774040222168e-01
-9.212468862533568226e-01
-9.676152467727660023e-01
-9.678661227226256214e-01
-1.035574555397033691e+00
-1.072232961654662864e+00
-1.073936700820922852e+00
-1.074562191963195801e+00
-1.037364721298217773e+00
-1.114530920982360840e+00
-1.129988551139831543e+00
-1.037953376770019531e+00
-1.033505201339721680e+00
-1.042043089866638184e+00
-1.032179832458495872e+00
-1.045457124710083008e+00
-9.436520338058471680e-01
-9.966832399368286133e-01
-1.010384440422057883e+00
-1.034811139106750488e+00
-1.096681714057922363e+00
-1.152216672897338867e+00
-1.157465934753417969e+00
-1.094070076942443848e+00
-1.128716945648193359e+00
-1.170009374618530495e+00
-1.196086049079895020e+00
-1.274326443672180176e+00
-1.308514595031738503e+00
-1.325303316116333008e+00
-1.342253327369689941e+00
-1.400655865669250488e+00
-1.488136053085327148e+00
-1.482042074203491211e+00
-1.498636126518249512e+00
-1.528699874877929688e+00
-1.628946304321289062e+00
-1.721684098243713379e+00
-1.734697461128234863e+00
-1.807762265205383523e+00
-1.845218420028686301e+00
-1.871491312980652078e+00
-1.886688947677612305e+00
-1.907029271125793235e+00
-1.924214005470276101e+00
-1.962559342384338379e+00
-2.016544818878174272e+00
-2.038394212722778320e+00
-2.049090385437012163e+00
-2.057616472244262695e+00
-2.041075706481933594e+00
-2.020423650741576704e+00
-2.045062780380249023e+00
-2.051672220230102539e+00
-2.059372425079345703e+00
-2.063497781753540039e+00
-2.036808729171753374e+00
-2.048098802566528320e+00
-1.961127400398254395e+00
-1.912414908409118874e+00
-1.889374732971191628e+00
-1.903166174888610840e+00
-1.955849289894104004e+00
-1.979354977607726829e+00
-2.039442062377929688e+00
-1.972413182258605957e+00
-1.904189825057983620e+00
-1.964373588562011941e+00
-1.954150080680847168e+00
-1.965290784835815652e+00
-1.841237425804138406e+00
-1.890946269035339578e+00
-1.879329919815063699e+00
-1.877697706222534402e+00
-1.918386220932006836e+00
-1.915097236633300781e+00
-2.008723020553589311e+00
-1.993214249610900879e+00
-1.943772077560424805e+00
-1.963630557060241699e+00
-1.935780286788940430e+00
-1.962008237838744895e+00
-1.918788552284240723e+00
-1.926412940025329590e+00
-1.952800869941711648e+00
-1.913013339042664018e+00
-1.957480072975158691e+00
-1.926748871803283913e+00
-1.870700955390930398e+00
-1.879037618637084961e+00
-1.884510755538940430e+00
-1.891824841499328835e+00
-1.901517271995544434e+00
-1.906219840049744096e+00
-1.924450993537902832e+00
-1.808242559432983620e+00
-1.845903992652893066e+00
-1.809859395027160867e+00
-1.880397915840149148e+00
-1.919516086578368697e+00
-1.865652441978454368e+00
-1.837625980377197266e+00
-1.807307481765746848e+00
-1.844000339508056863e+00
-1.843576431274414062e+00
-1.781371593475341797e+00
-1.773543953895568848e+00
-1.775435566902160645e+00
-1.758552551269531250e+00
-1.766976594924926758e+00
-1.711318850517273171e+00
-1.746449589729309082e+00
-1.713430404663085938e+00
-1.691979646682739258e+00
-1.692300677299499512e+00
-1.689921975135803223e+00
-1.701197147369384766e+00
-1.636124372482299805e+00
-1.514426589012145996e+00
-1.498824834823608398e+00
-1.449700474739074707e+00
-1.450602412223815918e+00
-1.475440621376037598e+00
-1.483108401298523171e+00
-1.477314233779907227e+00
-1.445834159851074219e+00
-1.475164771080016868e+00
-1.449821710586548074e+00
-1.448589205741882324e+00
-1.433969140052795410e+00
-1.457557082176208496e+00
-1.489318132400512695e+00
-1.438718557357788086e+00
-1.429607391357422097e+00
-1.447536468505859375e+00
-1.470928192138672097e+00
-1.486223816871643066e+00
-1.458472251892089844e+00
-1.461557745933532715e+00
-1.499100804328918457e+00
-1.516141891479492188e+00
-1.494840979576110840e+00
-1.418001413345336914e+00
-1.396959781646728294e+00
-1.387508869171142578e+00
-1.372254133224487305e+00
-1.360887169837951660e+00
-1.350152969360351562e+00
-1.336619138717651367e+00
-1.286216497421264648e+00
-1.204878568649291992e+00
-1.196837186813354492e+00
-1.166859030723571777e+00
-1.171746611595153809e+00
-1.191727757453918457e+00
-1.136655807495117188e+00
-1.132066130638122559e+00
-1.079770445823669434e+00
-1.060705423355102317e+00
-1.049579620361327903e+00
-9.237798452377320446e-01
-8.661170005798340954e-01
-8.488588929176330566e-01
-8.462032675743103027e-01
-7.398825883865356445e-01
-7.091476917266845703e-01
-7.265564203262329102e-01
-6.957953572273254395e-01
-6.654846668243408203e-01
-5.996696352958679199e-01
-6.167821288108825684e-01
-5.913428664207458496e-01
-5.638039112091064453e-01
-5.976960062980651855e-01
-5.682016611099243164e-01
-5.861472487449645996e-01
-5.382494926452636719e-01
-4.592991471290588934e-01
-4.656808972358704168e-01
-4.477140605449677069e-01
-5.390723943710327148e-01
-5.498862266540527344e-01
-6.648870706558227539e-01
-6.741096973419189453e-01
-5.944274663925170898e-01
-6.149474978446960449e-01
-5.644091963768005371e-01
-5.774564146995544434e-01
-5.831453800201416016e-01
-5.068295598030089222e-01
-5.502784848213195801e-01
-4.671178460121154785e-01
-4.393816888332366943e-01
-4.232414066791534424e-01
-4.692879319190979004e-01
-5.006173253059387207e-01
-4.353109300136566162e-01
-4.530542194843292236e-01
-4.750950634479522150e-01
-4.433839619159698486e-01
-4.776291251182556152e-01
-4.304213821887970526e-01
-4.085547327995299738e-01
-3.947744965553284247e-01
-3.258276283740996759e-01
-3.857366740703582764e-01
-3.050529956817626953e-01
-3.327262401580810547e-01
-3.228875100612640381e-01
-3.391830027103424072e-01
-3.489018082618712824e-01
-3.378171920776367188e-01
-4.333476722240447998e-01
-4.647717773914337158e-01
-4.848085641860961914e-01
-4.839600026607513983e-01
-4.232822954654693604e-01
-4.865729808807373047e-01
-5.102738142013549805e-01
-5.275224447250366211e-01
-5.388234257698059082e-01
-5.509558320045471191e-01
-5.716709494590759277e-01
-6.010505557060241699e-01
-6.492266654968261719e-01
-5.647658109664916992e-01
-6.130772233009338379e-01
-6.626931428909301758e-01
-6.556920409202575684e-01
-5.683991909027099609e-01
-4.998128712177277166e-01
-3.041829168796539307e-01
-3.589037954807280939e-01
-3.867684602737426758e-01
-4.211577773094177246e-01
-4.500915110111237127e-01
-4.276317954063416082e-01
-4.559326469898223877e-01
-4.738037288188933771e-01
-4.681423008441925049e-01
-4.920230507850646973e-01
-5.018041133880615234e-01
-5.434234142303466797e-01
-4.791671335697174072e-01
-5.058119297027587891e-01
-4.396387934684753418e-01
-4.617104232311248779e-01
-4.016274511814116877e-01
-3.893786668777465820e-01
-4.020588994026184082e-01
-3.560685515403748114e-01
-2.187286168336868564e-01
-2.402361184358597079e-01
-2.075653225183486938e-01
-2.362447082996368408e-01
-2.080250680446624756e-01
-1.541122198104858398e-01
-1.486923247575759888e-01
-5.957545340061187744e-02
-9.892585128545759721e-02
-5.079043656587601402e-02
1.725798239931464195e-03
-1.203970145434141333e-02
9.063273668289183183e-02
1.773259937763214111e-01
2.188461422920227051e-01
2.090533375740051547e-01
1.626410037279129028e-01
2.503621280193328857e-01
2.235592603683471957e-01
3.362630903720856268e-01
3.772941231727600098e-01
3.639949262142180841e-01
4.015460610389709473e-01
4.153181016445159912e-01
4.029399156570434570e-01
4.373094141483306885e-01
4.254549145698546808e-01
4.140091836452484131e-01
4.089951813220977783e-01
3.680502772331237793e-01
2.989765703678131104e-01
3.070656955242156982e-01
4.122169017791748047e-01
3.673894107341766357e-01
4.748221933841704767e-01
4.796063601970673163e-01
5.354869961738586426e-01
5.788971185684204102e-01
5.665339827537536621e-01
6.112535595893859863e-01
5.578215122222900391e-01
6.388912796974182129e-01
6.652597188949584961e-01
6.602314114570617676e-01
6.678687930107116699e-01
6.032991409301757812e-01
5.822824239730834961e-01
6.197432875633239746e-01
6.070992946624755859e-01
6.340568065643310547e-01
5.399700999259948730e-01
5.898274183273315430e-01
5.281837582588195801e-01
4.922212958335877020e-01
5.175654292106628418e-01
4.636915922164916992e-01
4.624882638454437256e-01
4.781215786933898926e-01
4.591256082057952881e-01
4.893035590648651123e-01
4.230364561080933172e-01
3.874148130416870117e-01
2.450416684150696078e-01
2.868154644966124933e-01
2.017981410026550571e-01
1.488811969757080078e-01
1.683578491210937500e-01
9.737895429134367509e-02
1.039663031697273254e-01
4.934431985020637512e-02
9.979141876101493835e-03
-1.363776344805955887e-02
-5.453906208276748657e-02
-3.589359670877456665e-02
-2.406175807118415833e-02
-5.897092446684837341e-02
-7.767882198095323043e-02
-9.987523406744003296e-02
-4.830429702997208335e-02
-5.852308496832847595e-02
-9.090893715620039506e-02
-4.395473375916481018e-02
-5.571052059531211853e-02
-3.830871731042861938e-02
-3.059368208050728191e-02
-8.137139491736888885e-03
5.710284225642681122e-03
-8.147128671407699585e-02
1.249375054612755559e-03
5.946639925241470337e-02
8.550792932510375977e-02
1.258369237184524536e-01
5.916763097047806480e-02
1.332113742828369141e-01
8.431604504585266113e-02
1.603430509567260742e-01
1.797977387905120850e-01
1.844867914915084839e-01
2.614588439464569092e-01
2.384446859359740933e-01
2.558439373970031738e-01
2.982143461704254150e-01
2.315496951341629028e-01
3.870584666728972834e-01
3.422213494777679443e-01
3.568462431430817206e-01
3.763516545295714777e-01
3.427219986915588379e-01
4.635533988475800116e-01
4.177931845188140869e-01
5.888621211051940918e-01
7.700130939483642578e-01
6.977190375328063965e-01
8.002091646194458008e-01
7.423505783081054688e-01
7.745565176010131836e-01
7.151372432708740234e-01
7.342163324356079102e-01
7.449743747711181641e-01
6.365370750427246094e-01
6.947666406631469727e-01
7.263772487640380859e-01
6.842413544654846191e-01
7.360399961471557617e-01
6.195551753044128418e-01
6.055800318717956543e-01
6.443104743957520641e-01
5.889183282852172852e-01
6.362441182136535645e-01
5.900773406028747559e-01
6.253637671470642090e-01
5.491682887077331543e-01
4.691503942012786865e-01
4.668006598949431818e-01
4.145287275314331055e-01
3.761332929134368896e-01
3.380229771137236994e-01
3.035154938697814941e-01
3.179388046264648438e-01
2.870596647262573242e-01
2.496230751276015958e-01
1.761327385902404785e-01
3.026042282581328791e-01
3.306512534618377686e-01
2.949658036231994629e-01
3.054721355438232422e-01
2.393634021282196045e-01
2.382758557796478549e-01
1.913613229990005216e-01
1.440403908491134366e-01
1.716935783624649048e-01
