-8.786011695861816406e+00
-1.022195625305175781e+01
-1.128197002410888672e+01
-1.338162517547607422e+01
-1.466475391387939453e+01
-1.340725803375243963e+01
-1.639107322692871094e+01
-1.554543685913085938e+01
-1.542469596862792969e+01
-1.570226955413818537e+01
-1.963124847412109375e+01
-2.087250518798828125e+01
-2.150100135803222656e+01
-2.133966445922851918e+01
-2.152481651306152344e+01
-2.112760925292968750e+01
-2.122518157958984375e+01
-2.082165527343750000e+01
-2.081150245666503906e+01
-2.047131347656250000e+01
-2.039420700073242543e+01
-2.061213302612304688e+01
-1.994035339355468750e+01
-1.850362014770507812e+01
-1.684842491149902699e+01
-1.528993606567382812e+01
-1.516471290588378729e+01
-1.514839839935302734e+01
-1.586945724487304688e+01
-1.668043518066406250e+01
-1.984918594360351918e+01
-1.801476860046386719e+01
-1.905311203002929688e+01
-1.384711360931396484e+01
-1.017958641052246094e+01
-6.730873584747314453e+00
-3.428246021270751953e+00
-1.853467702865600808e+00
1.679101467132568359e+00
5.262189865112304688e+00
6.957241058349608487e+00
4.472143650054931641e+00
4.003972530364990234e+00
-1.201223254203796387e+00
-1.322007775306701660e+00
-7.035229682922362393e+00
-3.286446332931518555e+00
-2.685737133026123047e+00
-2.533594846725463867e+00
2.927959442138671875e+00
5.907753944396972656e+00
8.184412956237792969e+00
1.052858543395996094e+01
9.315147399902343750e+00
9.488108634948730469e+00
7.475361347198486328e+00
5.093536376953125000e+00
1.326453328132629395e+00
7.313510775566101074e-01
3.584326744079589844e+00
4.375073432922363281e+00
1.148141479492187500e+01
1.175759792327880682e+01
8.666889190673826349e+00
4.266262531280518466e+00
1.715421199798583984e+00
5.104291915893554688e+00
2.493726253509521040e+00
3.508297443389892578e+00
-4.369584619998931885e-01
-4.219894886016846591e+00
-8.044689178466798651e+00
-1.021625900268554688e+01
-9.170827865600585938e+00
-1.613629579544067383e+00
8.954953193664550781e+00
1.679136657714843750e+01
1.951317024230957031e+01
1.350209903717041016e+01
8.696331977844236505e+00
3.821000099182128906e+00
-2.627646684646606445e+00
-1.170283508300781250e+01
-1.395122337341308594e+01
-5.852857232093811035e-01
1.002983188629150391e+01
2.719791221618652344e+01
3.804103851318360086e+01
4.402370452880859375e+01
4.216690444946289062e+01
3.602571105957031250e+01
2.348001861572265625e+01
9.118333816528320312e+00
-3.906584501266479936e+00
-7.666970252990722656e+00
-5.493631362915039062e+00
-4.133449077606201172e+00
7.043883800506591797e-01
5.563644886016846591e+00
8.945519447326660156e+00
6.314795970916747159e+00
2.896405696868896484e+00
-3.412179231643676758e+00
-6.576645851135253906e+00
-6.723413944244384766e+00
-9.751831054687500000e+00
-1.305299758911132812e+01
-7.839006900787353516e+00
-4.539668560028076172e+00
-2.330043554306030273e+00
-1.909719944000243919e+00
-2.972333431243896484e+00
-6.088578701019287109e+00
-9.188424110412597656e+00
-1.244506359100341797e+01
-1.064319515228271662e+01
-1.722393417358398438e+01
-1.892784881591796875e+01
-1.129325866699218750e+01
-4.132610321044921875e+00
-4.461317539215087891e+00
-7.460623741149902344e+00
-5.793231010437012607e+00
-6.284123420715332031e+00
-7.245318889617919922e+00
-1.084317588806152344e+01
-1.225885009765625000e+01
-1.271886253356933594e+01
-1.405083560943603516e+01
-1.433700561523437500e+01
-8.284070014953611505e+00
-3.454925775527953657e+00
3.836044967174529474e-01
8.568270683288574219e+00
1.217005634307861328e+01
2.031227493286132812e+01
2.050026512145996094e+01
1.838946342468261363e+01
1.677869606018066406e+01
4.710560321807861328e+00
-8.435892462730407715e-01
2.397603034973144531e+00
1.623778223991394043e+00
2.723314762115478516e+00
7.639634609222412109e+00
1.098695373535156250e+01
1.091472244262695312e+01
1.007025051116943359e+01
6.698713302612304688e+00
2.546198844909667969e+00
-2.910452604293823242e+00
-6.792426109313964844e-01
-5.600102424621582031e+00
2.458638250827789029e-01
3.376738548278808594e+00
5.004552364349365234e+00
4.330132484436035156e+00
6.223741531372070312e+00
5.047337532043457031e+00
-7.864897251129150391e-01
-1.031733322143554688e+01
-1.663447952270507812e+01
-2.050564765930176137e+01
-1.966825675964355469e+01
-1.402119541168212713e+01
-8.088034629821777344e+00
-2.345626354217529297e+00
1.569257140159606934e+00
5.036935806274414062e+00
4.707684993743896484e+00
5.136880397796630859e+00
3.655183792114258257e+00
-2.690856218338012695e+00
-4.792555809020996094e+00
-1.058879375457763672e+01
-1.280239868164062500e+01
-5.388384342193604404e+00
-6.516743302345275879e-01
4.739895343780518466e+00
7.188712120056152344e+00
8.788909912109375000e+00
7.229795932769775391e+00
7.054899692535400391e+00
2.889671802520751953e+00
-2.947121858596801758e+00
-4.835981369018554688e+00
-6.321039199829102451e+00
-5.105657100677490234e+00
-3.706572294235229492e+00
6.651984453201293945e-01
8.034836500883102417e-02
9.011605381965636097e-01
4.793956756591796875e+00
4.893281459808349609e+00
6.728250503540039062e+00
-3.029323220252990723e-01
-4.338641166687011719e+00
-4.191339015960693359e+00
-3.956612586975097656e+00
-4.511358261108398438e+00
-5.277683734893798828e+00
1.787078857421875000e+00
5.175608158111572266e+00
7.513372898101807529e+00
6.738191604614257812e+00
4.098781108856201172e+00
9.873222708702088513e-01
-1.126232147216796875e+00
-3.059395790100097656e+00
-3.951447010040283203e+00
9.792518615722656250e-01
2.216958440840244293e-02
4.396442890167236328e+00
6.167656183242797852e-01
-2.331249475479125977e+00
-4.858369827270507812e-01
6.614792346954345703e-01
-3.224345684051513672e+00
-3.218634605407714844e+00
-3.265062332153320312e+00
-5.808382511138916016e+00
-2.638960838317871094e+00
-5.467644333839416504e-01
-1.009642481803894043e+00
3.737883567810058594e-01
-2.334390878677367887e-01
-3.304729938507080078e+00
-7.410737037658691406e+00
-8.573232650756835938e+00
-1.527286291122436301e+00
6.433305889368057251e-02
-1.183042764663696289e+00
-2.881270885467529297e+00
-8.848537206649780273e-01
-2.377627849578857422e+00
-7.088411450386047363e-01
-2.957088708877563477e+00
-4.629644393920898438e+00
-4.489343166351318359e+00
-3.762035131454468218e+00
-9.293813705444335938e-01
2.184837341308593750e+00
3.089919090270996094e-01
1.259206533432006836e+00
1.022645115852355957e+00
-8.961492776870727539e-01
-2.870474338531493697e+00
-4.007348537445068359e+00
-3.773309707641601562e+00
-3.857717514038086382e+00
-3.526545763015747070e+00
9.703223109245300293e-01
2.322385787963866743e+00
-1.741722941398620605e+00
-5.338715314865112305e-01
-5.728653073310852051e-01
-1.026236057281493919e+00
-1.876937985420226829e+00
-7.078683972358703613e-01
-3.683128356933593750e-01
1.478867650032043679e+00
3.200483083724976030e+00
4.519660472869873047e+00
5.053900718688964844e+00
4.205704212188721591e+00
6.183429956436157227e-01
1.764442443847656250e+00
4.879141807556152344e+00
-3.353974342346191406e+00
-4.911534786224365234e+00
-1.352489829063415527e+00
2.917271614074707031e+00
-3.720261752605438232e-01
1.567661523818969505e+00
5.882487773895263672e+00
4.613459110260009766e+00
4.058379173278808594e+00
1.881800651550293191e+00
-7.323766946792602539e-01
7.962131500244140625e-02
-2.860235929489136186e+00
-2.712734937667846680e+00
-1.096095204353332297e+00
-8.374357223510742188e-01
-1.433642655611038208e-01
3.833366870880126953e+00
6.651371002197266513e+00
4.779387950897216797e+00
3.431803464889526367e+00
4.661557197570800781e+00
6.494815349578857422e+00
5.304064750671386719e+00
5.439778566360473633e-01
-1.816242456436156782e+00
-3.584308862686156782e+00
-2.021015405654907227e+00
2.854279994964600053e+00
1.245189785957336426e+00
7.740901112556457520e-01
-1.968186736106872781e+00
1.397779345512389915e+00
1.475715994834899902e+00
2.943795204162597656e+00
2.450829744338989258e+00
2.278357028961181641e+00
-2.399270981550216952e-01
6.211933493614196777e-01
-4.903030693531036932e-01
-7.370317578315734863e-01
2.160730838775634766e+00
1.062537059187889238e-01
1.624650835990905762e+00
1.918168902397155984e+00
4.730451107025146484e+00
5.345914363861083984e+00
2.373202323913574219e+00
1.702720522880554199e+00
4.995698928833007812e-01
-2.037281274795531782e+00
-3.876263618469238281e+00
-5.478380203247070312e+00
-3.315753698348998579e+00
-2.059707641601562500e+00
-1.062366366386413574e+00
-2.484141439199447909e-01
-5.898588299751281738e-01
2.311263047158718109e-02
7.417235523462296920e-02
-7.264049351215362549e-02
-5.346367955207824707e-01
-1.549851298332214355e+00
-3.482097148895264116e+00
-5.764076232910156250e+00
-4.806402206420898438e+00
-3.729711532592772993e+00
-5.953785419464111328e+00
-4.605985164642333984e+00
-1.819315552711486816e+00
-8.885594010353088379e-01
1.529805779457092507e+00
1.223845243453979492e+00
1.122955083847045898e+00
1.519972681999206321e+00
-8.142709732055664062e-01
2.520929813385009766e+00
3.697224855422973633e+00
4.353963851928711826e+00
2.892057418823241743e+00
2.246287822723388672e+00
-6.739233732223510742e-01
1.621616363525390625e+00
-1.330914616584777832e+00
-1.999818325042724831e+00
-3.598423242568969727e+00
-4.443412125110626221e-01
7.949136197566986084e-03
1.659362167119980136e-01
-5.655255317687988281e-01
-1.436990141868591309e+00
-1.923326730728149192e+00
-3.138873815536498579e+00
-2.531249761581420898e+00
-7.950585484504699707e-01
8.796744942665100098e-01
3.694385528564453125e+00
5.214257240295410156e+00
7.249413967132567471e+00
5.674481391906737393e+00
5.395675182342528409e+00
9.840396046638487659e-01
-4.124624729156493252e+00
-9.593822479248046875e+00
-9.360323905944824219e+00
-7.103477478027343750e+00
-4.856881141662597656e+00
-2.100120067596435547e+00
4.396715164184569424e+00
7.712913036346435547e+00
1.007134056091308594e+01
9.648835182189939630e+00
9.518157958984376776e+00
2.430466651916503906e+00
-1.259670853614807129e+00
-4.082590103149413174e+00
-7.476419448852539062e+00
-4.142794609069823331e+00
-1.326931953430175781e+00
1.502199888229369895e+00
3.440407037734985352e+00
6.468775272369384766e+00
8.772604942321777344e+00
1.077421951293945312e+01
6.229322433471679688e+00
5.181940555572509766e+00
3.915185928344727007e+00
1.909495949745178445e+00
2.319614410400390181e+00
-7.978725433349609375e-02
-5.057098269462585449e-01
5.997269749641418457e-01
-5.255674719810485840e-01
2.006654500961304155e+00
2.035678386688232422e+00
3.132872104644775391e+00
3.100046157836913618e+00
-2.750834524631500244e-01
-3.200813531875610352e-01
-1.176054120063781516e+00
-1.306349396705627441e+00
-5.647026538848877841e+00
-1.057242825627326965e-01
3.864454746246337891e+00
6.942849159240722656e+00
6.690304279327392578e+00
8.830667495727539062e+00
4.512535095214843750e+00
2.296522617340087891e+00
-3.537642955780029297e+00
-7.303589344024657315e+00
-9.433884620666503906e+00
-1.204196834564208984e+01
-9.643038749694824219e+00
-7.057184696197509766e+00
-5.774309635162353516e+00
-7.652679085731506348e-01
1.295994281768798828e+00
5.172990322113037109e+00
-3.645116984844207764e-01
-3.387174606323241743e+00
-6.552392005920410156e+00
-9.199823379516601562e+00
-7.485958099365233487e+00
-7.454539299011230469e+00
-5.549190044403076172e+00
-3.176040172576904297e+00
-1.040995478630065918e+00
6.112866848707199097e-02
1.290742635726928711e+00
4.878214001655578058e-01
-4.621365666389464777e-01
3.235459327697753906e+00
6.476324558258057529e+00
8.109523773193361151e+00
8.524251937866210938e+00
7.854352951049804688e+00
5.799168109893798828e+00
1.406719923019409180e+00
-2.870562076568603516e+00
-8.028141021728517401e+00
-1.032499217987060369e+01
-1.017428398132324219e+01
-8.364052772521972656e+00
-5.069265842437744141e+00
-1.411219835281371848e+00
3.074901342391968218e+00
6.492062568664550781e+00
8.728941917419433594e+00
5.449123382568358487e+00
1.918977499008178711e-01
-5.276983261108398438e+00
-8.291214942932128906e+00
-7.933931350708007812e+00
-3.587431192398071733e+00
-1.498085707426071167e-01
3.566309690475463867e+00
6.739032268524169922e+00
8.106271743774414062e+00
8.798344612121582031e+00
7.764481067657471591e+00
5.096205234527587891e+00
4.823132991790772373e+00
6.515008926391602451e+00
8.702631950378417969e+00
1.170698165893554688e+01
1.343074893951416016e+01
1.455977725982666016e+01
1.307751560211181463e+01
1.213015556335449219e+01
1.185203266143798828e+01
7.202458858489990234e+00
3.369988918304443803e+00
-2.193713933229446411e-01
1.294900894165039062e+00
2.572596073150634766e+00
3.121702671051025391e+00
2.532763719558715820e+00
7.097961902618408203e-01
-1.592955708503723145e+00
-2.805679321289062500e+00
-3.217615604400634766e+00
-4.989043235778808594e+00
-6.803948402404785156e+00
-8.600893020629882812e+00
-9.854111671447753906e+00
-1.622852325439452770e+01
-2.019452667236328125e+01
-1.992876052856445312e+01
-2.034700202941894531e+01
-1.717037582397460938e+01
-1.393425655364990234e+01
-6.558033466339111328e+00
-1.086127877235412598e+00
2.911557912826538086e+00
3.502176046371459961e+00
3.024363040924072266e+00
3.094622492790222168e-01
-4.404965877532958984e+00
-9.503910064697265625e+00
-1.276057720184326172e+01
-1.147546958923339844e+01
-1.732705831527709961e+00
6.159766674041747159e+00
1.088551521301269531e+01
1.083646297454833984e+01
1.017416763305664062e+01
4.719280242919921875e+00
1.407302021980285645e+00
1.465351819992065430e+00
-7.175463438034057617e-01
2.611190080642700195e+00
4.303554058074951172e+00
3.296915292739868164e+00
3.526814579963684082e-01
1.700221538543701172e+00
7.005750656127929688e+00
1.165132904052734553e+01
1.320761680603027344e+01
1.060526752471923828e+01
4.705482006072998047e+00
-2.171018838882446289e+00
-8.016457557678222656e+00
-6.603602886199951172e+00
-5.806978702545166016e+00
-7.407313585281372070e-01
4.937027931213378906e+00
8.124451637268066406e+00
8.861231803894042969e+00
7.387087821960449219e+00
5.370387554168701172e+00
3.078776359558105025e+00
-6.996841430664062500e-01
-5.539298534393311435e+00
-4.564810276031494141e+00
1.661410808563232422e+00
1.137671089172363281e+01
2.082683944702148438e+01
2.905933189392089844e+01
3.028094673156738637e+01
2.731354904174805043e+01
2.033661270141601562e+01
1.198195552825927557e+01
5.670984983444213867e-01
-1.002709007263183594e+01
-1.276254844665527344e+01
-6.131094932556152344e+00
6.999380111694335938e+00
2.260723876953125000e+01
3.324327850341796875e+01
3.737565231323242188e+01
3.565541458129882812e+01
2.617435646057128906e+01
9.115626335144042969e+00
-8.933091163635253906e+00
-2.074658203125000000e+01
-2.709197425842285156e+01
-2.598917007446289062e+01
-1.552309036254882812e+01
-2.355272531509399414e+00
5.990514755249022549e+00
6.285002708435058594e+00
2.943491935729980469e+00
2.265603780746459961e+00
4.995174407958983487e+00
9.962875366210937500e+00
1.503603649139404475e+01
1.463545227050781250e+01
8.557716369628906250e+00
-1.957991361618041992e+00
-1.757771301269531250e+01
-3.176324081420898438e+01
-3.617538833618164062e+01
-3.590970230102539062e+01
-2.588397979736328125e+01
-1.543404293060302734e+01
3.262248754501342773e+00
1.690377807617187500e+01
2.311050987243652344e+01
1.548759746551513494e+01
1.241629481315612793e+00
-1.253313255310058594e+01
-2.451458740234375000e+01
-2.839545249938964844e+01
-2.248922920227050781e+01
-1.292278861999511541e+01
-4.202249526977538174e+00
1.118565201759338379e+00
4.039608955383301669e+00
4.660889804363250732e-01
-7.127233505249022549e+00
-1.451914405822753906e+01
-1.740018463134765270e+01
-1.425473976135253906e+01
-9.257045745849609375e+00
-4.038331031799316406e+00
1.506140232086181641e+00
4.965221881866455078e+00
6.303179740905762607e+00
1.656019806861877441e+00
-5.619567036628723145e-01
-3.973064899444580078e+00
-5.344905853271483487e+00
-2.779794454574584961e+00
-6.909877657890319824e-01
4.078709602355957031e+00
8.214091300964355469e+00
1.137451934814453303e+01
1.021522140502929688e+01
6.610025882720947266e+00
3.436274528503417969e+00
-2.334456890821456909e-01
-5.242145061492921032e-01
6.401720643043518066e-01
5.680038332939147949e-01
-3.267659664154052734e+00
-7.441340446472167969e+00
-7.527835369110107422e+00
-4.478691577911376953e+00
-2.784870386123656782e+00
-5.045282840728759766e+00
-2.429812669754028320e+00
-1.678843736648559570e+00
7.818210124969482422e-01
6.484891414642333984e+00
1.388639640808105469e+01
1.756799316406250000e+01
1.911130714416503906e+01
1.916203498840332031e+01
1.486131381988525568e+01
9.284275054931640625e+00
5.705723762512207031e+00
2.613590002059936523e+00
1.639006137847900391e+00
2.552513360977173296e+00
4.040733337402343750e+00
7.084920883178710938e+00
7.776398658752441406e+00
8.897036552429199219e+00
8.835158348083496094e+00
9.919016838073730469e+00
1.075341892242431641e+01
9.452824592590332031e+00
7.812881469726561612e+00
7.497842311859130859e+00
-2.895398736000061035e-01
-3.575726270675658736e+00
-4.128208160400391513e+00
-3.041952848434447798e+00
-2.754411220550537109e+00
3.063101693987846375e-02
1.057406187057495117e+00
-2.998581230640411377e-01
-4.252650260925292969e+00
-7.092639923095702237e+00
-1.031108283996582031e+01
-1.328297901153564453e+01
-1.513114643096923828e+01
-1.425268459320068537e+01
-1.650683593750000000e+01
-1.706494712829590199e+01
-1.230793666839599432e+01
-9.186943054199220526e+00
-7.753201007843017578e+00
-7.000201702117919922e+00
-1.004202651977539062e+01
-1.405454444885253906e+01
-1.239562797546386719e+01
-9.325059890747070312e+00
-4.730622291564941406e+00
-9.118045121431352096e-02
2.365274429321289062e+00
-9.608526825904846191e-01
-7.021272778511047363e-01
-3.126423358917236328e+00
-6.889664649963378906e+00
-8.397078514099121094e+00
-9.320182800292966974e+00
-1.030399608612060369e+01
-7.686211109161377841e+00
-2.808816671371459961e+00
3.394027948379516602e+00
5.951816558837891513e+00
4.945674896240233487e+00
9.959211349487304688e+00
1.029052066802978338e+01
7.537659645080566406e+00
4.083826065063477451e+00
-2.899921655654907227e+00
-8.724147796630861151e+00
-1.114185714721679688e+01
-8.250757217407228339e+00
-3.210279345512390137e-01
6.721692562103272373e+00
1.080876255035400391e+01
1.353252792358398438e+01
1.240457534790039062e+01
7.088318347930907315e+00
-5.981791019439697266e-01
-8.529267311096191406e+00
-1.132548999786376953e+01
-1.248374557495117188e+01
-9.917722702026367188e+00
-7.020006656646728516e+00
3.041324138641357422e+00
1.012196826934814453e+01
1.647416114807128906e+01
1.590079498291015447e+01
1.310390090942382812e+01
5.814845085144042969e+00
2.026461362838745117e+00
-3.098800420761108398e+00
-5.116658210754394531e+00
-5.616280555725097656e+00
8.888737559318542480e-01
6.560594081878662109e+00
1.625378417968750000e+01
2.254826164245605113e+01
2.232127571105957031e+01
1.446530914306640447e+01
-1.961965560913085938e-01
-1.312308025360107422e+01
-1.543393898010253906e+01
-1.439019966125488459e+01
-9.584679603576660156e+00
-1.918851256370544434e+00
6.794090747833252841e+00
1.122717952728271662e+01
5.787822246551513672e+00
5.954605579376221591e+00
-1.487248659133911133e+00
-9.110893249511720526e+00
-1.677322387695312500e+01
-1.904140472412109375e+01
-1.431041240692138672e+01
-2.721215009689331055e+00
5.654555320739746094e+00
1.084987735748291016e+01
1.762234306335449219e+01
1.803111648559570312e+01
1.323059368133544922e+01
7.634805202484130859e+00
3.808874189853668213e-01
-7.629973411560058594e+00
-1.373328113555908203e+01
-1.234128761291503906e+01
-9.153197288513183594e+00
-7.222837924957275391e+00
-2.041792154312134233e+00
3.969504356384276900e+00
3.175476789474487749e+00
3.155018568038940430e+00
3.514026641845703125e+00
-1.957963943481445090e+00
-5.988061428070067471e+00
-6.919257640838622159e+00
-6.055705547332763672e+00
-4.005756855010986328e+00
-1.368155241012573242e+00
-3.278983116149902344e+00
-5.449343204498291016e+00
-7.711243629455566406e+00
-9.576155662536619317e+00
-1.226905059814453303e+01
-1.393244457244873047e+01
-1.198188209533691406e+01
-7.169927597045897549e+00
-2.681602478027344194e+00
-4.844971299171447754e-01
3.574579954147338867e-01
7.467862367630004883e-01
4.202900409698486328e+00
1.495173215866088867e+00
8.147824406623840332e-01
-1.926464289426803866e-01
-1.165677905082702637e+00
-4.023664474487305576e+00
-6.101016044616699219e+00
-6.557175636291503906e+00
-5.434757709503173828e+00
-3.619071245193481445e+00
-5.398095846176147461e-01
1.024130225181579590e+00
3.903665781021118164e+00
4.470226764678955078e+00
7.385728359222412109e+00
7.552643775939941406e+00
2.647157669067383257e+00
-6.655567884445190430e-01
-4.961459636688231534e+00
-7.118861675262451172e+00
-3.717708587646484819e+00
-8.396816253662109375e-02
2.029584169387817383e+00
-2.490587711334228516e+00
3.546582698822021040e+00
5.182966709136962891e+00
6.485949516296387607e+00
7.644449234008789062e+00
2.101238727569580078e+00
-3.999635219573975053e+00
-7.947350025177002841e+00
-8.451949119567871094e+00
-6.341093540191650391e+00
-2.778553962707519531e+00
-1.033841609954834206e+00
1.459829211235046387e+00
5.894501686096191406e+00
9.225198745727539062e+00
1.133480453491210938e+01
9.742895126342773438e+00
8.023911476135253906e+00
5.569181919097900391e+00
3.951703071594238281e+00
-7.405199855566024780e-02
-3.002494573593140093e+00
-7.989620208740233487e+00
-5.305454254150391513e+00
-6.986402511596679688e+00
-7.279126644134521484e-01
4.341013431549071377e+00
2.131127119064331055e+00
2.110868453979491743e+00
3.520922362804412842e-02
-2.275511026382446567e-01
-3.322795152664185014e+00
-2.652401685714721680e+00
4.042883515357971191e-01
3.488566398620605025e+00
3.240214347839355469e+00
9.313335418701171875e-01
-1.848565340042114480e+00
-5.186976194381713867e-01
1.129260540008544922e+00
1.201418042182922363e+00
6.861666440963745117e-01
-7.698080539703369141e-01
-6.461570858955383301e-01
-2.370921373367309570e+00
-5.066099166870117188e-01
-2.256139755249023438e+00
2.166078090667724609e+00
-6.196283698081970215e-01
-3.201961994171142578e+00
-3.063637018203735796e+00
-9.299263000488279474e+00
-1.223576259613037287e+01
-6.801272392272949219e+00
2.527150630950928178e+00
9.046744346618652344e+00
1.511918258666992188e+01
1.293437099456787287e+01
9.339979171752929688e+00
2.521728038787841797e+00
-2.708101272583008257e+00
-5.955669403076172763e+00
-6.573019981384277344e+00
-6.025719642639160156e+00
-2.762666225433349609e+00
3.858896732330321822e+00
9.557980537414550781e+00
1.120365333557128729e+01
1.199412536621093750e+01
1.157248020172119318e+01
8.816319465637207031e+00
6.477601528167724609e+00
3.828605651855468750e+00
5.124825835227966309e-01
-1.581766963005065918e+00
-2.723190069198608398e+00
-1.959019184112548828e+00
-9.885298609733581543e-01
5.654821395874022549e+00
5.304040431976318359e+00
1.114839911460876465e+00
-5.228482484817504883e-01
-3.023528814315796343e+00
-4.258332252502441406e+00
-4.003102779388428623e+00
-2.538070917129516602e+00
4.353104159235954285e-03
-1.655868053436279297e+00
-1.609667092561721802e-01
-1.434756964445114136e-01
5.240238904953002930e-01
5.857804417610168457e-01
-2.910211801528930664e+00
-4.278039455413818359e+00
-6.315517425537108487e+00
-8.910286903381347656e+00
-1.045180511474609375e+01
-1.007918357849121271e+01
-5.208234310150146484e+00
-1.640467405319214089e+00
3.275086641311645064e+00
5.841827869415282315e+00
2.335864543914794922e+00
-6.821515560150146484e-01
-2.583079338073730469e+00
-5.816498756408691406e+00
-7.431638240814208984e+00
-7.360918998718262607e+00
-4.453851222991943359e+00
-4.400337696075440341e+00
-1.464377880096435547e+00
2.782105684280395508e+00
4.601806640625000000e+00
6.397692203521728516e+00
8.015470504760742188e+00
7.122417449951172763e+00
3.766609668731689453e+00
-1.031188964843750000e+00
-6.069247722625732422e+00
-6.611354827880858487e+00
-3.950850486755371094e+00
-1.914426445960998313e+00
-1.016773700714111106e+00
-5.232163906097412109e+00
-5.965521335601807529e+00
-7.096519470214843750e+00
-4.632843017578125000e+00
-6.377594947814941406e+00
-3.949766874313354492e+00
1.546054005622863770e+00
3.864084959030151811e+00
2.615646600723266602e+00
2.707076549530029297e+00
2.021172761917114258e+00
8.016875386238098145e-01
-1.245894193649291992e+00
-1.230865478515625000e+00
-3.466933488845825195e+00
-1.988603591918945090e+00
-1.931633234024048074e+00
-1.067269206047057883e+00
4.599283933639525812e-01
-1.043593287467956321e+00
2.418225765228271484e+00
7.971095085144042969e+00
6.982050418853759766e+00
4.193888664245605469e+00
2.573047399520874023e+00
-1.578997373580932617e+00
2.062267541885375977e+00
3.483466863632201704e+00
5.652237892150878906e+00
7.405839920043945312e+00
6.802304267883300781e+00
1.382551002502441406e+01
8.336167335510253906e+00
5.124320507049560547e+00
3.567082881927490234e+00
2.471742153167724609e+00
1.107808828353881836e+00
2.679857969284057617e+00
4.352438449859618252e+00
4.401974201202393466e+00
7.430399894714355469e+00
7.159266471862792969e+00
5.190357208251953125e+00
4.615318477153778076e-01
3.254889965057373047e+00
2.880220174789428711e+00
3.292021512985229048e+00
1.721190929412841797e+00
4.149092674255371094e+00
6.278680324554442471e+00
-1.192901015281677246e+00
8.262106031179428101e-02
-4.499116539955139160e-01
-2.898575544357299805e+00
-5.152769088745117188e+00
-2.828618764877319780e+00
-4.974858283996582031e+00
-4.960730552673339844e+00
-2.806329965591430664e+00
-8.779281616210937500e+00
-4.010542392730712891e+00
-1.942013263702392800e+00
5.188127756118774414e-01
-1.589152812957763672e+00
-5.494321346282958984e+00
-3.443434476852416992e+00
-2.075480222702026367e+00
-3.231224536895751953e+00
-5.793082237243652344e+00
-4.939280986785888672e+00
-4.112304747104644775e-01
6.344367861747741699e-01
7.786540389060974121e-01
-4.999927580356597900e-01
-3.990005731582641602e+00
-1.989300251007080078e+00
-1.739252567291259766e+00
-2.381978034973144531e+00
-4.554661273956298828e+00
-3.741573333740233487e+00
-1.473751306533813699e+00
1.275673508644104004e+00
-4.962090969085693359e+00
-3.994944334030151811e+00
-9.899804592132568359e-01
-5.365105867385864258e-01
-8.508969545364379883e-01
4.486911296844481312e-01
2.011792898178100586e+00
1.956111788749694824e+00
2.061580896377563477e+00
-4.572234451770783026e-01
-1.489902973175048828e+00
-6.012674808502197266e+00
-5.778631687164307529e+00
-3.499068737030029297e+00
-1.372834205627441406e+00
4.812939643859863281e+00
9.478219151496888317e-01
-1.859458327293395996e+00
3.203532397747039795e-01
-2.203308582305908203e+00
-4.755795001983643466e+00
-6.034159660339356357e+00
-5.554475307464599609e+00
-2.915045261383056641e+00
-2.310626983642578125e+00
-6.647722125053405762e-01
2.203986406326293945e+00
3.601552248001098189e+00
2.241834402084350586e+00
2.930374145507812500e+00
1.015300631523132324e+00
1.472197055816650391e+00
1.597285419702530185e-01
7.004648447036743164e-01
7.726476788520812988e-01
7.489774376153945923e-02
3.084256410598754883e+00
1.570308804512023926e-01
2.954840362071990967e-01
1.821269869804382324e+00
6.122849464416503906e+00
3.497040748596191406e+00
1.820072174072265625e+00
4.717891216278076172e-01
-3.511134088039398193e-01
-2.890707254409790039e-01
-6.524999737739562988e-01
-3.046402931213378906e-01
1.170557022094726562e+00
4.069544672966002863e-01
3.418050050735473633e+00
4.856102943420410156e+00
2.317429780960083008e+00
-1.726420670747756958e-01
2.639161586761474609e+00
2.626949548721313032e+00
5.003849506378173828e+00
2.898773670196533203e+00
2.452920198440552202e+00
1.954041481018066406e+00
3.677613139152526855e-01
4.612524032592773438e+00
3.751923322677611861e+00
3.065756559371947798e+00
5.084646701812744141e+00
-7.288862466812133789e-01
-3.708094060420989990e-01
-2.409711360931396484e+00
-1.966848134994506836e+00
-1.428119421005249023e+00
-1.054306626319885254e+00
-5.957093238830566406e-01
-9.668647646903991699e-01
-1.884938180446624756e-01
-1.466722726821899414e+00
7.974465489387512207e-01
3.446690142154693604e-01
2.210433244705200195e+00
-9.240020513534545898e-01
-6.135595798492432529e+00
-7.976328372955322266e+00
-7.507161140441894531e+00
-3.054435968399048296e+00
3.890602827072143999e+00
7.725985527038574219e+00
5.787632942199707031e+00
9.229131340980529785e-01
-2.741424083709716797e+00
-4.507020950317382812e+00
-7.362148284912108487e+00
-8.813582420349121094e+00
-6.998476505279541016e+00
5.924880504608154297e-01
-4.937005996704101562e+00
1.451352238655090332e+00
4.944104194641113281e+00
2.480597734451293945e+00
9.683677554130554199e-01
-4.792170047760009766e+00
-8.739041328430175781e+00
-5.895560741424560547e+00
-3.035995244979858398e+00
1.018820285797119141e+00
2.764628648757934570e+00
3.085752010345458984e+00
2.982916593551636186e+00
1.938440084457397239e+00
-2.263816833496093750e+00
-3.154940366744995117e+00
-1.695618867874145508e+00
-1.066771268844604492e+00
-8.525721728801727295e-02
-2.760317027568817139e-01
1.354027867317199707e+00
1.794907003641128540e-01
2.460248708724976030e+00
5.789100527763366699e-01
3.155961751937866211e+00
6.792245864868164062e+00
4.497363090515136719e+00
2.186105966567993164e+00
-3.029790163040161133e+00
-6.284103393554688388e+00
-1.817154765129089133e+00
-1.767820477485656738e+00
2.167225599288940430e+00
1.241287469863891602e+00
4.096343040466308594e+00
5.194355964660644531e+00
3.699110269546508789e+00
9.757066726684570312e+00
-6.554679274559020996e-01
-8.157909393310548651e+00
-8.773715019226074219e+00
-3.929925680160522461e+00
3.653284072875977007e+00
9.319589614868164062e+00
4.227818012237548828e+00
6.276942253112792969e+00
6.887617588043212891e+00
-3.544032573699951172e-02
-7.777058124542236328e+00
-1.293537616729736506e+01
-1.386524009704589844e+01
-2.243137598037720171e+00
3.592787981033325195e+00
7.491555690765380859e+00
1.005591487884521662e+01
3.277241945266724077e+00
3.030073642730712891e+00
-1.168167471885681152e+00
-2.183711051940918413e+00
4.476515293121337891e+00
1.252265834808349432e+01
7.126938343048096591e+00
3.400419712066650391e+00
2.662256956100463867e+00
2.055590629577636719e+00
-4.330777525901793323e-01
-1.080546259880065918e+00
1.648997426033020020e+00
-8.101710081100463867e-01
1.160010933876037598e+00
3.504777431488037109e+00
-5.155528545379638672e+00
-1.160984039306640625e+00
-2.824522018432616743e+00
2.708931207656860352e+00
5.254899501800537109e+00
1.048413562774658203e+01
8.674460411071777344e+00
1.114747810363769531e+01
6.988334655761718750e+00
9.941487759351730347e-02
-4.360060214996337891e+00
-8.129071235656736505e+00
-9.270717620849609375e+00
-9.665431022644042969e+00
-2.420024633407592773e+00
-4.213792979717255194e-01
9.230776786804199219e+00
1.218296241760253906e+01
7.737036228179932529e+00
2.049031257629394531e+00
-4.303371429443358487e+00
-6.730960369110107422e+00
4.323210194706916809e-02
-4.593454837799072266e+00
-8.265510559082031250e+00
-8.003768920898437500e+00
-1.312902545928955078e+01
-9.702911376953123224e+00
-8.101292610168457031e+00
-6.474603652954102451e+00
1.493750214576721191e+00
-8.450947761535644531e+00
-1.390988159179687500e+01
-9.120108604431152344e+00
5.092189311981201172e+00
4.133140563964843750e+00
5.949794292449951172e+00
1.362884759902954102e+00
-6.920988082885742188e+00
-1.621663665771484730e+01
-2.341351318359375000e+01
-2.304002380371093395e+01
-1.601536369323730469e+01
-7.786731243133544922e+00
-7.576564311981201172e+00
-4.115536689758301669e+00
-6.345671653747558594e+00
-1.007041263580322443e+01
-4.339493751525878906e+00
-4.620069265365601141e-01
5.754707336425781250e+00
6.163897037506104404e+00
-2.409569174051285068e-01
-1.006315517425537287e+01
-1.968063926696777344e+01
-2.424823188781738637e+01
-1.679770278930664062e+01
-5.919449329376221591e+00
1.107657527923583984e+01
2.627843284606933594e+01
3.135909461975097656e+01
2.212891006469726562e+01
1.053027138113975664e-01
-1.709590911865234730e+01
-1.944785881042480469e+01
-1.478042888641357422e+01
4.055199146270751953e+00
1.938985252380371094e+01
3.299084472656250000e+01
2.694349479675292969e+01
5.675766944885253906e+00
-3.746667146682739258e+00
-9.228476285934448242e-01
-3.667658805847167969e+00
-1.172551512718200906e+00
5.628644466400146484e+00
8.763395309448242188e+00
2.306009054183959961e+00
3.400984406471252441e-02
-5.033612847328186035e-01
1.698412418365478294e+00
-3.972352027893065518e+00
-5.727766990661621094e+00
-5.617825031280518466e+00
-9.639265060424804688e+00
-1.220032501220703303e+01
-4.782303333282471591e+00
2.550938367843627930e+00
1.112192153930664062e+01
1.540378475189208984e+01
1.952373123168945312e+01
1.287661838531493963e+01
1.431822013854980469e+01
1.257993316650390447e+01
1.397580385208130105e+00
-1.101329803466796697e+01
-1.435285758972167969e+01
-4.933453559875488281e+00
4.462002754211425781e+00
1.329267501831054688e+01
1.743338775634765270e+01
1.359701538085937500e+01
8.580279350280763495e+00
-4.291821479797363281e+00
-8.402316093444824219e+00
-6.909004688262940341e+00
-1.022646784782409668e+00
-1.999330759048461914e+00
-5.112970352172851562e+00
-1.642060160636902078e+00
5.001426696777343750e+00
1.374216938018798828e+01
1.917372512817382812e+01
1.175365734100341797e+01
-6.388475418090820312e+00
-6.028650760650634766e+00
-8.412802696228027344e+00
-1.050650596618652344e+01
-5.681270599365233487e+00
1.545137047767639160e+00
3.840433120727538618e+00
7.587180137634277344e+00
6.324930667877197266e+00
1.192216777801513494e+01
1.207588768005371271e+01
7.265910148620604581e+00
-2.618641614913940430e+00
-4.964340329170227051e-01
-4.119137287139893466e+00
-7.724115848541259766e+00
-1.370013332366943537e+01
-1.015480232238769531e+01
-7.873615741729736328e+00
-7.952332496643066406e-01
2.841242551803588867e+00
7.029701232910156250e+00
4.110425949096680576e+00
-7.407746315002441406e-01
-7.661798954010009766e+00
-1.307390022277832031e+01
-1.316033267974853516e+01
-1.436999130249023438e+01
-1.005670261383056641e+01
-4.730795860290527344e+00
1.551341414451599121e+00
7.005286693572997159e+00
8.669988632202146661e+00
1.497281837463378729e+01
7.402914047241210938e+00
6.115474104881286621e-01
-5.119729995727539062e+00
-1.011029434204101562e+01
-1.400024127960205078e+01
-8.940625190734863281e+00
-7.690521240234375000e+00
-2.249895572662353072e+00
-7.926134586334227627e+00
-6.108334064483642578e+00
-3.272399902343750000e+00
1.073649764060973899e+00
6.778487682342528409e+00
1.026708412170410156e+01
1.127501678466796697e+01
9.473802566528320312e+00
2.868112087249756303e+00
-8.456451892852783203e-01
-5.413019180297851562e+00
-1.125401973724365234e+01
-6.511987209320067471e+00
-2.265843302011489868e-01
7.139080524444580078e+00
1.256660747528076172e+01
1.176357650756835938e+01
1.085710620880126953e+01
1.624774932861327770e+01
2.238750648498535156e+01
1.561108207702636719e+01
1.764918899536132812e+01
1.426751232147216797e+01
5.364676952362060547e+00
-5.664699554443358487e+00
-1.419655323028564453e+01
-2.081639862060546875e+01
-1.749072837829590199e+01
1.408930301666259766e+00
1.889638710021972656e+01
2.464881896972655895e+01
2.706124877929687500e+01
2.124448776245116832e+01
1.078948497772216797e+01
-2.800035953521728516e+00
-1.039921665191650391e+01
-1.201017951965332031e+01
-4.183790206909180576e+00
2.096640110015869141e+00
5.638563156127929688e+00
5.033515453338623047e+00
5.987244129180907315e+00
4.563332080841064453e+00
-8.257287144660949707e-01
-3.275476217269897017e+00
-4.332027912139893466e+00
-4.154056906700134277e-01
-2.423874616622924805e+00
-4.107651233673096591e+00
-4.509580612182617188e+00
-4.413516044616699219e+00
-5.216100692749023438e+00
-6.951521396636962891e+00
-1.743191719055175781e+00
2.742877006530761719e+00
-2.097141265869140625e+00
-9.425354957580566406e+00
-8.126812934875486505e+00
-2.694488048553466797e+00
-3.976542472839355913e+00
-7.456756591796875000e+00
-1.411111545562743963e+01
-1.683559989929199219e+01
-1.212952327728271484e+01
-4.787534236907958984e+00
-5.054779648780822754e-01
-2.957516908645629883e-01
-2.305147171020508257e+00
-5.620922565460205078e+00
-6.208104133605957031e+00
-2.555173158645629883e+00
7.964695930480957031e+00
9.883068084716796875e+00
9.553869247436523438e+00
7.438552379608153409e+00
4.437515258789063388e+00
-8.053068161010742188e+00
-9.495646476745603692e+00
-7.125607967376708984e+00
-1.917231321334838867e+00
2.377181529998779741e+00
4.676719188690185547e+00
6.909874916076660156e+00
3.868168354034423828e+00
6.376157283782958984e+00
7.604183673858642578e+00
5.942740440368652344e+00
2.589457511901855469e+00
-4.873750209808349609e+00
-6.918995380401611328e+00
-6.112916946411132812e+00
-2.718082427978516069e+00
5.905224084854125977e-01
4.854026317596436435e+00
9.947359085083007812e+00
1.278938865661621271e+01
4.399114131927490234e+00
2.674899339675903764e+00
2.944428443908691406e+00
-1.536803364753723145e+00
-4.370100796222686768e-01
-3.384236097335815430e+00
-2.330812215805053711e+00
-1.062260746955871582e+00
-7.100080251693725586e-01
-4.077730774879456122e-01
-1.446744680404663086e+00
-1.036918997764587402e+00
4.425659179687500000e+00
5.679029464721679688e+00
5.931073188781737393e+00
2.062787055969238281e+00
4.134288311004638672e+00
1.861721992492676003e+00
-1.056168556213379128e+00
-2.428938150405884233e+00
3.293055593967437744e-01
3.340796947479248047e+00
3.896295070648193803e+00
4.890077114105224609e+00
4.705344676971436435e+00
3.086422920227051225e+00
4.716512680053710938e+00
9.978111386299132191e-01
2.681987285614013672e-01
-2.887020349502563477e+00
-5.028234481811523438e+00
-1.578271865844726562e+00
3.182749748229980469e-01
2.506199121475220171e+00
2.624013185501098189e+00
2.385719776153564453e+00
-3.058745861053466797e+00
1.098442554473877175e+00
2.267552614212036133e+00
3.176488876342772993e+00
3.385436058044433594e+00
1.623295307159423828e+00
1.454488158226013184e+00
3.140732765197753906e+00
4.587497711181641513e+00
7.774757385253906250e+00
7.240450859069824219e+00
4.956121921539306641e+00
4.507055759429931641e+00
5.839028358459472656e+00
2.014651298522948775e+00
8.996466398239135742e-01
-1.032597661018371582e+00
-3.904684305191040039e+00
-1.437512874603271706e+00
-8.339756727218627930e-02
8.043420910835266113e-01
1.961212754249572754e-01
6.072921276092528409e+00
4.511525154113769531e+00
5.629315376281738281e+00
2.941953659057616743e+00
5.685727000236511230e-01
-3.952099800109863281e+00
-3.013193845748901367e+00
-5.681556463241577148e-01
7.416209578514099121e-01
1.105184912681579590e+00
2.693057298660278320e+00
2.423950195312500000e+00
2.723720788955688477e+00
3.126271247863769087e+00
2.337269306182861328e+00
1.043793678283691406e+00
-9.687436819076538086e-01
-2.553115844726562500e+00
-1.845590114593505637e+00
-7.302273511886596680e-01
-5.375745296478271484e-01
-4.384514808654785156e+00
-5.306085586547851562e+00
-5.916470527648925781e+00
-6.253812789916992188e+00
-5.584895133972167969e+00
-7.531358718872070312e+00
-4.426905155181884766e+00
-3.068164587020873579e+00
-8.034956455230712891e-01
-4.336792945861816406e+00
-5.126945495605468750e+00
-4.522282123565673828e+00
-4.125587463378906250e+00
-4.213266372680663174e+00
-5.229162216186523438e+00
-6.864773750305175781e+00
-8.696186065673826349e+00
-9.599750518798828125e+00
-1.099045085906982422e+01
-1.107893371582031250e+01
-1.009496498107910156e+01
-8.645106315612792969e+00
-7.696804046630858487e+00
-7.084262371063232422e+00
-7.668261051177977627e+00
-6.261283397674560547e+00
-5.541766643524169922e+00
-4.484410285949707031e+00
-1.954825282096862793e+00
-4.194405078887940341e+00
-6.203402042388916016e+00
-7.687680244445800781e+00
-7.974694728851317471e+00
-7.625700473785400391e+00
-5.192589282989501953e+00
-3.027499914169311523e+00
-1.659654974937438965e+00
6.057501435279846191e-01
2.204026937484740767e+00
2.402750015258789062e+00
1.533469557762145996e+00
3.007456660270690918e-01
-4.476219415664672852e-01
-1.038825273513794167e+00
-2.968476340174674988e-02
8.368707895278930664e-01
6.140813827514648438e-01
9.964837431907653809e-01
2.797228336334228516e+00
4.822309494018554688e+00
5.447470664978027344e+00
5.571596145629882812e+00
5.654546737670897549e+00
4.979589939117431641e+00
1.919583201408386453e+00
3.991320431232452948e-01
-1.223437339067459245e-01
4.073172211647033691e-01
1.805947065353393555e+00
7.052096128463745117e-01
1.962064623832702415e+00
4.822989940643311435e+00
3.728783130645751953e+00
3.460835933685302734e+00
3.871876239776611328e+00
3.558968782424926758e+00
3.448366880416870117e+00
3.550691127777100053e+00
2.491022586822509766e+00
3.854521751403808594e+00
-7.995034456253051758e-01
2.674258947372436523e+00
8.825702071189879261e-01
4.788109287619591453e-02
-1.291686892509460449e+00
-1.364756584167480469e+00
-1.455274820327758789e+00
-4.142125323414802551e-02
2.018259525299072266e+00
-1.286212325096130371e+00
-1.943894267082214355e+00
-1.180022239685058594e+00
-2.701107501983642578e+00
-2.416868686676025391e+00
-1.810868024826049583e+00
-7.991611957550048828e-01
1.627490282058715820e+00
2.245227336883544922e+00
3.855905532836913618e+00
4.615699291229248047e+00
2.298718690872192383e+00
5.329096913337707520e-01
-2.296273231506348100e+00
-2.611148118972778320e+00
-9.756770133972167969e-01
-1.380785405635833463e-01
6.664840579032897949e-01
-6.924208998680114746e-01
-1.957772523164748868e-01
6.977199316024780273e-01
-4.121180772781372070e-01
-1.143989562988281250e+00
-2.025878190994262695e+00
-2.025705814361572266e+00
-2.958489179611206055e+00
-3.690815925598144975e+00
-3.727638721466064897e+00
-3.332702636718750000e+00
-2.913015604019165039e+00
-2.923997402191162109e+00
-3.311922848224639893e-01
-1.022685617208480696e-01
4.226039350032806396e-01
7.736731767654418945e-01
-1.836846768856048862e-01
-1.286474347114562988e+00
-2.263762474060058594e+00
-2.789276599884033203e+00
-3.473827362060546875e+00
-5.862578392028808594e+00
-2.612479925155640093e+00
-1.650290369987487793e+00
-6.675430536270141602e-01
1.107948899269104004e+00
4.383632659912108487e+00
4.312204360961913174e+00
2.761161088943481001e+00
1.369299173355102317e+00
2.057354897260665894e-01
-2.141250371932983398e+00
-2.642984151840209961e+00
-2.259412765502929688e+00
-1.026940941810607910e+00
1.791858911514282227e+00
-2.767548263072967529e-01
1.128685355186462402e+00
3.646972894668578657e+00
2.537058591842651811e+00
1.949911117553710938e+00
8.707085847854614258e-01
-2.811566293239592951e-01
-9.221370220184326172e-01
-1.339581131935119629e+00
-1.775774598121643066e+00
-2.260159730911254883e+00
-2.221266984939575195e+00
-9.451573491096495472e-01
6.378486156463623047e-01
2.155456542968750000e+00
4.025361061096191406e+00
4.959883213043212891e+00
7.421259403228759766e+00
3.526884794235229048e+00
-1.953102648258208578e-03
-2.535650253295898438e+00
-2.827029466629028320e+00
-2.183812856674194336e+00
-1.113469481468200906e+00
-1.354529380798339844e+00
9.521710872650146484e-01
1.841667771339416504e+00
2.367642164230346680e+00
1.107987403869629128e+00
1.254011392593383789e+00
1.022172808647155762e+00
7.630027085542678833e-02
-2.725307047367095947e-01
3.056122958660125732e-01
-4.879644215106964111e-01
8.773064017295837402e-01
-1.390716910362243652e+00
1.453048825263976829e+00
1.679214119911193848e+00
6.802305579185485840e-01
-4.162184596061706543e-01
-1.934687256813049094e+00
-1.693374395370483398e+00
-7.661135196685791016e-01
-2.633090734481811523e+00
-1.774585723876953125e+00
-1.731443285942077637e+00
1.344563513994216919e-01
-6.488255262374877930e-01
-2.675222456455231268e-01
3.878873586654663086e-01
-1.071984648704528809e+00
-3.160278558731078657e+00
-3.563213825225830078e+00
-4.971153736114501953e+00
-7.144723892211914062e+00
-6.160037517547607422e+00
-2.991551637649536133e+00
-3.920780658721923828e+00
3.743192195892333984e+00
4.995953559875488281e+00
5.842052459716797763e+00
5.614109516143798828e+00
3.682217121124268022e+00
1.621592640876770020e+00
-4.393608570098876953e-01
-6.180024147033691406e-01
-3.382396101951599121e-01
8.976173996925354004e-01
1.734550476074218750e+00
2.608005762100220171e+00
1.770967721939086914e+00
1.081153631210327148e+00
-6.632915139198301835e-02
-4.633877277374268133e-01
-8.276267647743225098e-01
-3.052047193050384521e-01
7.238613963127136230e-01
-6.577585935592651367e-01
2.527565002441406250e+00
3.483521938323974609e+00
3.190745115280151811e+00
8.929360508918762207e-01
2.396781682968140093e+00
8.222362399101257324e-01
1.616572290658950806e-01
-2.460985183715820312e+00
2.233968496322631836e+00
2.852138757705688477e+00
3.260215759277344194e+00
1.012767195701599121e+00
6.851552426815032959e-02
-1.950369358062743919e+00
-1.487490773200988770e+00
8.277097940444946289e-01
-3.623579502105712891e+00
-4.118425846099853516e+00
-5.349824905395507812e+00
-5.210119724273681641e+00
-5.809309959411621094e+00
-2.239567995071411133e+00
9.278010725975035511e-01
2.056344270706176758e+00
2.699768304824829102e+00
-1.508712053298950195e+00
-3.291606187820434570e+00
-2.326201438903808594e+00
-1.385251522064208984e+00
3.644582927227020264e-01
1.061922669410705566e+00
2.240770101547240767e+00
5.168404102325440341e+00
2.846305142156779766e-04
-4.778330624103546143e-01
-2.155466556549072266e+00
-3.401058673858642578e+00
-3.586561441421508789e+00
-2.646247863769531250e+00
-8.784738779067993164e-01
1.066041946411132812e+00
1.485594987869262695e+00
3.001504182815552202e+00
3.468590736389160156e+00
2.148119688034057617e+00
2.128135204315185103e+00
2.127430438995361328e+00
-2.361351490020751953e+00
-3.324825465679169256e-01
6.809324771165847778e-02
-6.901196837425231934e-01
-1.068003535270690918e+00
-4.864846765995026190e-01
3.726668119430541992e+00
3.361586093902587891e+00
2.916527509689331055e+00
3.941339254379272905e+00
1.011828780174255371e+00
1.769503355026245117e+00
-4.800663292407990057e-01
-1.395812988281250000e+00
-2.856971025466918945e+00
-3.938928365707397461e+00
-4.500380992889403409e+00
-4.188641071319580078e+00
-4.600164890289306641e+00
1.446484804153442383e+00
6.254840493202210583e-01
4.058717250823975498e+00
2.840387821197509766e+00
4.735952854156494141e+00
5.551578998565673828e+00
1.592007398605346902e+00
-1.457426071166992188e+00
-3.292311668395996094e+00
-3.474702119827270508e+00
-2.223258495330810547e+00
-9.642482399940491833e-01
-2.540592432022094727e+00
2.876339912414551225e+00
-2.116867452859878540e-01
-1.323963999748229980e+00
-2.920074701309203657e+00
-3.278638124465942383e+00
-2.988923549652100053e+00
-3.931984424591064897e+00
-1.875157952308654785e+00
-1.856657862663269043e+00
-8.778145313262940563e-01
6.867861151695251465e-01
8.155167102813720703e-01
2.213852256536484042e-01
5.504679679870605469e-01
-2.667745828628540039e+00
-2.135673999786376953e+00
1.971019744873046875e+00
2.028564453125000000e+00
2.417022705078125000e+00
3.296577692031860352e+00
1.568968772888183594e+00
4.330182552337647373e+00
3.704284191131591797e+00
1.137418985366821289e+00
-3.279281616210937056e+00
-1.275309622287750244e-01
1.684058666229248047e+00
-7.545092105865478516e-01
-1.060438632965088113e+00
-1.443468093872070312e+00
-2.007076889276504517e-02
5.752312183380127841e+00
5.176968574523925781e+00
8.034844398498535156e+00
5.647100448608397549e+00
1.903245687484740767e+00
1.916322350502014382e+00
-1.964736342430114746e+00
-1.024433016777038574e+00
-3.505091428756713867e+00
-7.353448867797851562e-01
-1.209214925765991211e+00
2.357637166976928711e+00
2.338931560516357422e+00
6.019632220268249512e-01
-1.240774750709533691e+00
-4.911644458770751953e+00
-4.361330509185791016e+00
-1.831710934638976829e+00
-5.504632592201232910e-01
7.126693725585937500e-01
-1.219123229384422441e-01
-7.141344547271728516e-01
1.382709622383117676e+00
3.052110195159912109e+00
4.910779476165772373e+00
-1.335626244544982910e+00
3.165065288543701172e+00
-1.898776531219482422e+00
-4.308443069458007812e-01
-7.011409997940063477e-01
-1.772202372550964355e+00
2.586384117603302002e-01
2.042501211166381836e+00
-1.221355676651000977e+00
4.391485691070556641e+00
-1.714903712272644043e+00
-5.944448471069335938e+00
2.581034183502197266e+00
7.092053294181823730e-01
-6.382714509963989258e-01
-1.960345029830932839e+00
-3.254483461380004883e+00
-2.786220550537109375e+00
-1.687382102012634499e+00
1.337252497673034890e+00
2.086159229278564453e+00
2.948052406311035156e+00
1.946073412895202415e+00
1.876176595687866433e+00
2.226538896560668945e+00
3.394692838191986084e-01
-6.835018396377563477e-01
-6.758653163909912109e+00
-1.872310400009155495e+00
-5.506394863128662109e+00
3.284389972686768133e-01
1.066872239112854004e+00
4.469335079193115234e-01
4.053107500076293945e-01
-1.787224411964416504e+00
-4.403278827667236328e+00
-8.659119606018066406e+00
-4.567852973937988281e+00
-4.016993045806884766e+00
-2.569659709930419922e+00
-5.578616857528686523e-01
2.047538995742798296e+00
2.741110801696777344e+00
2.575026035308837891e+00
9.577354192733763538e-01
-1.538586139678955078e+00
-1.515338897705077903e+00
-2.987407684326171875e+00
-2.932950735092163086e+00
-2.876215934753417969e+00
-1.643131971359253152e+00
-6.231354475021362305e-01
1.312564849853515625e+00
-9.810431599617004395e-01
-2.374649763107299805e+00
4.721627712249755859e+00
3.829266071319580078e+00
3.969513177871703657e+00
6.961421966552734375e-01
7.939581573009490967e-02
2.007440090179443803e+00
-2.813102900981903076e-01
4.414138793945313055e-01
-2.033745765686034712e+00
-3.627094030380248579e+00
-5.872097015380859375e-01
1.375302299857139587e-02
-6.835161447525024414e-01
-5.879234075546264648e-01
-8.572883158922195435e-02
5.700263381004333496e-01
-8.158904314041137695e-01
-2.807042002677916925e-01
2.297128915786743164e+00
-1.209762930870056152e+00
5.752153396606445312e-01
-1.357702374458312988e+00
-8.730074763298034668e-02
-7.028495788574218750e+00
-4.103032588958740234e+00
-2.480239629745483398e+00
-7.561759352684020996e-01
3.537451505661010742e+00
3.484896659851073775e+00
3.118525505065917969e+00
1.802254796028136763e+00
-3.225567042827606201e-01
3.155565857887268066e-01
7.524710297584533691e-01
5.758751392364502841e+00
2.895070075988769087e+00
-3.847863674163817471e+00
2.653009295463562012e-01
-1.844047784805297630e+00
-5.225841999053955078e+00
-2.489325761795043945e+00
-6.427375674247741699e-01
-1.459194064140319824e+00
-3.357517004013061079e+00
-3.603685140609741211e+00
-4.439342498779296875e+00
-3.485153436660766602e+00
-3.846967697143554243e+00
-4.217204570770263672e+00
-6.302423477172851562e-01
9.968469738960266113e-01
1.915674924850464089e+00
2.682346105575561079e+00
5.487691879272460938e+00
4.918961524963378906e+00
2.467897176742553711e+00
3.478050708770751953e+00
-7.938067317008972168e-01
-8.739933967590332031e-01
-1.591875910758972168e+00
-8.907677531242370605e-01
1.850095868110656738e+00
8.364115715026855469e+00
5.527583122253417969e+00
6.187341690063477451e+00
7.893417477607727051e-01
6.960404396057128906e+00
-4.930010795593261719e+00
-1.578911066055298074e+00
-4.307195663452147549e+00
-6.527440547943115234e-01
1.830026388168334961e+00
3.167149305343627930e+00
2.796282052993774414e+00
1.694048047065734863e+00
3.302307367324828657e+00
6.013195037841797763e+00
5.093444347381591797e+00
1.541056156158447266e+00
-2.446332931518554688e+00
-2.471065998077392578e+00
-2.987505912780761719e+00
-6.710770606994628906e+00
-7.999022960662842685e+00
-5.091318130493164062e+00
-9.850041270256042480e-01
-7.716263085603713989e-02
1.675384283065795898e+00
3.929650306701660156e+00
5.746095180511474609e+00
1.121317505836486816e+00
1.461141347885131836e+00
-4.518715381622314453e+00
-7.637375354766846591e+00
-5.391241550445556641e+00
-4.760086536407471591e+00
-5.970839038491249084e-02
-5.970528125762939453e-01
2.991496086120605025e+00
2.360569238662720171e+00
1.134292244911193848e+00
1.254245936870574951e-01
-3.310247361660004217e-01
-4.677458405494689941e-01
-2.650809288024902344e-01
5.170856714248657227e-01
-1.870945990085601529e-01
-1.021246658638119481e-03
-4.702963829040526789e-01
-1.253955066204071045e-01
2.538875102996826172e+00
7.121582031250000000e-01
-5.527387857437133789e-01
-4.610929965972900391e+00
-6.392296791076660156e+00
-8.719493746757507324e-01
-1.123587727546692117e+00
3.391598463058472235e-01
-8.300712108612059437e-01
6.167605876922607422e+00
5.130155563354492188e+00
1.187103176116943537e+01
1.032730388641357422e+01
3.823235273361206055e+00
-2.178291320800780806e+00
-2.062217473983764648e+00
7.246594429016113281e-01
2.031573534011840820e+00
-1.697504639625549094e+00
-1.710481286048889160e+00
6.078756973147392273e-02
4.829470157623291016e+00
6.557911872863769531e+00
-2.998848631978034973e-02
-7.517285346984863281e-01
-1.994001269340515137e+00
-5.068239688873291016e+00
-3.393519639968872070e+00
-5.429598808288574219e+00
-3.188075542449951172e+00
-2.776426792144775391e+00
5.008823275566101074e-01
2.032017707824706587e+00
2.663691043853760210e+00
1.376086473464965820e+00
4.541472494602202814e-01
-5.214838981628417969e-01
-6.950044035911560059e-01
8.566313385963441052e-01
-2.589258193969726562e+00
-2.875236272811889648e+00
-1.648026347160339355e+00
2.633579969406127930e-01
2.322302818298339844e+00
4.302445888519287109e+00
4.777294158935546875e+00
3.070003986358642578e+00
4.086799144744873047e+00
3.924059867858887163e+00
-9.386313557624815784e-01
-6.130716323852539062e+00
7.152227163314819336e-01
-1.900258302688598411e+00
1.894634485244750977e+00
2.882089138031006303e+00
5.921614766120910645e-01
-2.774638891220092773e+00
-4.769820213317871094e+00
-8.213372230529785156e+00
-8.374455451965332031e+00
-6.650476932525634766e+00
-4.961533069610596591e+00
-1.638993859291076882e+00
-1.436091959476470947e-01
1.382049769163131436e-01
1.493426680564880371e+00
1.843140244483947976e+00
8.521431088447570801e-01
1.546091914176940918e+00
1.313152462244033813e-01
-2.783849954605102539e+00
-3.954819917678833008e+00
-3.852401673793792725e-01
2.664038896560668945e+00
-2.896617949008941650e-01
6.425420045852661133e-01
-5.157490730285644531e+00
2.070007562637329102e+00
7.825870513916015625e-01
2.202095508575439453e+00
5.933282375335692471e+00
7.427103996276854581e+00
2.021385669708251953e+00
-2.877277135848999023e-01
-1.888872861862182395e+00
-2.948197364807128906e+00
-2.982882022857666016e+00
-2.083513885736465454e-02
8.033578395843505859e-01
1.069531321525573508e+00
-4.596990048885346014e-01
-7.363349795341491699e-01
1.351438641548156738e+00
1.147300124168395996e+00
3.477775096893310547e+00
7.275831699371337891e-01
-1.198465585708618164e+00
7.359645962715148926e-01
2.635659217834472656e+00
1.623717665672302246e+00
-2.171831369400024414e+00
-2.215050309896469116e-01
7.416362762451172763e+00
1.514116287231445090e+00
-3.204267024993896484e+00
-3.976948499679564986e+00
-1.848342657089233176e+00
1.181672453880310059e+00
3.031322717666626421e+00
2.877403020858764648e+00
3.312436580657958984e+00
3.591692924499512163e+00
3.378927707672118697e+00
2.764618873596191406e+00
5.517366409301757812e+00
-1.830631017684936301e+00
-2.398102998733520508e+00
-7.276542782783508301e-01
4.219841003417968750e+00
7.101696491241455078e+00
8.221632003784179688e+00
5.460409164428710938e+00
3.039519071578979492e+00
-1.945654988288879617e+00
-2.328443527221680132e+00
-1.776991009712219238e+00
-3.416884899139404297e+00
-1.792182445526123047e+00
2.560759305953979492e+00
3.366473197937012163e+00
5.050571918487548828e+00
4.863499164581298828e+00
3.819389581680298296e+00
-1.614076852798461914e+00
-3.802401065826416016e+00
5.386773943901062012e-01
1.047221541404723899e+00
1.457124114036560059e+00
1.445587038993835449e+00
5.575764775276184082e-01
6.508622169494628906e-01
-4.378179311752318781e-01
-1.881833910942077637e+00
-2.947562038898468018e-01
1.047957897186279297e+00
2.619895219802856445e+00
1.981572389602660911e+00
-1.188815832138061523e+00
-1.527335524559020996e+00
-6.289147377014160156e+00
-4.968132495880126953e+00
-3.676553249359131303e+00
1.254046797752380371e+00
-2.033763408660888672e+00
-4.856949299573898315e-02
4.941806495189666748e-01
-9.067643880844116211e-01
-3.030210256576538086e+00
-7.503374099731445312e+00
-2.011963129043579102e+00
2.700931549072265625e+00
6.622899532318115234e+00
4.023412704467772549e+00
2.639778852462768999e+00
5.530057907104492188e+00
2.751526355743408203e+00
-2.179364681243896484e+00
-3.562656879425048828e+00
8.106365203857421875e-01
-1.151692032814026101e+00
8.259741067886352539e-01
-6.581534147262573242e-01
-3.046710729598998579e+00
-2.634224653244018555e+00
-4.017807006835937500e+00
-1.010155010223388672e+01
-1.236460876464843750e+01
-1.135549163818359553e+01
-4.437609672546386719e+00
9.005870670080184937e-02
7.005089759826660156e+00
1.509758567810058594e+01
1.889227294921875000e+01
1.463616943359375000e+01
6.934513568878173828e+00
-7.860003948211669922e+00
-1.105480575561523438e+01
-1.264868068695068537e+01
-1.203008747100830078e+01
-2.266310453414916992e+00
5.824742317199707031e+00
1.351368045806884766e+01
1.413151168823242188e+01
1.946325421333313210e+00
4.369001388549805576e+00
-1.232666134834289551e+00
-5.517113208770751953e+00
-9.546978950500488281e+00
-1.077398300170898438e+01
-2.594044208526611772e+00
3.969509840011596680e+00
5.406925201416016513e+00
4.360709190368651789e-01
-9.138681411743164062e+00
-6.681178092956542969e+00
-4.154022216796875000e+00
-9.491003036499023438e+00
-1.013962173461914062e+01
-5.183423995971679688e+00
-6.753744602203369141e+00
-3.774324893951416016e+00
1.880970716476440430e+00
1.002441406250000000e+01
7.841035842895507812e+00
-1.244306087493896484e+00
-2.539549589157104492e+00
-7.445611476898192471e+00
-1.932250022888183949e+01
-1.313116073608398438e+01
-1.100993871688842773e+00
4.598274230957031250e+00
-7.268591880798339844e+00
-1.186444950103759766e+01
-1.287760925292968750e+01
-5.871241569519042969e+00
2.521124839782714844e+00
7.338388919830322266e+00
6.102597713470458984e+00
1.089269161224365234e+00
-5.270339488983153409e+00
-5.223019599914550781e+00
-4.606115818023681641e+00
-1.368454742431640447e+01
-1.598981857299804688e+01
-1.570868015289306463e+01
-1.112592887878417969e+01
-1.163014698028564453e+01
1.824891567230224831e+00
1.893888854980468750e+01
2.595999717712402344e+01
2.459228897094726562e+01
1.498073673248291016e+01
1.352212810516357422e+01
-3.285183191299438477e+00
-9.287519454956056464e+00
-1.478799533843993963e+01
-2.533016014099121094e+01
-2.838949775695801137e+01
-2.193707656860351918e+01
-1.227180099487304688e+01
-8.218433380126951349e+00
3.977843284606933594e+00
1.633798027038574219e+01
2.040395355224609375e+01
2.530981636047363637e+01
2.529255104064941051e+01
1.899877166748046875e+01
2.291509437561035156e+01
8.203110694885253906e+00
-9.213713645935060370e+00
-2.026405334472655895e+01
-2.614752578735351918e+01
-2.951430892944335938e+01
-1.750402069091797230e+01
5.274819731712341309e-01
1.790258216857910156e+01
1.925442886352539062e+01
9.557155609130859375e+00
7.443083286285400391e+00
3.452592849731445312e+00
-1.032708883285522461e+00
-1.711299705505371094e+01
-2.332318305969238637e+01
-2.359033393859863637e+01
-2.277683830261230469e+01
-2.030948638916015980e+01
-3.316646814346313032e+00
1.361031436920166016e+01
2.363296699523925426e+01
2.858187294006348012e+01
2.290453720092773082e+01
1.272414684295654475e+01
-6.021097898483276367e-01
-1.326802158355712713e+01
-1.175354862213134766e+01
-1.331134319305419922e+01
-9.664937973022460938e+00
5.893899440765380859e+00
1.245669174194335938e+01
1.462619590759277344e+01
7.139692783355712891e+00
9.406040191650390625e+00
6.917758464813232422e+00
1.887170314788818359e+00
-9.584438323974609375e+00
-1.899454116821289062e+01
-2.031939315795898438e+01
-1.421474933624267578e+01
-1.257623767852783203e+01
-4.976736545562744141e+00
1.316057205200195312e+01
2.366987228393555043e+01
2.081165313720703125e+01
2.258041954040527344e+01
1.698508453369140270e+01
7.599283695220947266e+00
-2.057741880416869840e-01
-1.153271865844726562e+01
-2.278096199035644531e+01
-3.034929084777832031e+01
-2.029373931884765625e+01
6.569803237915039062e+00
1.232684040069580078e+01
5.584143161773681641e+00
1.051993146538734436e-01
2.638095855712890181e+00
1.531008839607238770e+00
1.526004314422607422e+00
4.487868785858153409e+00
1.336193370819091797e+01
1.949489593505859375e+01
1.354742813110351562e+01
8.601509094238281250e+00
-5.949072360992432529e+00
-5.225168228149414062e+00
-6.192970752716064453e+00
-9.108143806457519531e+00
-5.702577114105224609e+00
-1.336521816253661932e+01
-4.364471435546875000e+00
-5.588460922241210938e+00
-2.328570127487182617e+00
7.713370800018310547e+00
8.185440063476562500e+00
-4.777254462242127020e-01
-7.687492847442627841e+00
-1.797470283508300781e+01
-2.112719535827636719e+01
-1.513587188720703303e+01
-1.794235610961914062e+01
-6.013848304748535156e+00
-2.466501474380493164e+00
-7.129936218261718750e-01
5.478202342987060547e+00
1.519790172576904475e+01
1.062453079223632812e+01
-6.325548171997070312e+00
-2.678160095214844105e+01
-3.420983123779296875e+01
-1.861245727539062500e+01
3.287648439407348633e+00
1.651419639587402699e+01
1.624240493774414062e+01
1.245879173278808594e+01
8.280233383178710938e+00
5.845153331756591797e-01
-9.583834648132324219e+00
-1.874330520629882812e+01
-1.956261253356933594e+01
-1.693115615844726562e+01
-1.145864868164062500e+01
-1.166942596435546875e+00
-2.433376073837280273e+00
2.036784887313842773e+00
1.386695957183838068e+01
2.813243675231933594e+01
3.251813888549805398e+01
2.521744155883789062e+01
9.951405525207519531e+00
-1.012309360504150391e+01
-1.069339561462402344e+01
-1.108005619049072443e+01
-1.970618629455566406e+01
-1.693926620483398438e+01
-8.938835144042968750e+00
3.062576293945312500e+00
1.679044342041015270e+01
1.837982940673828125e+01
6.990403652191162109e+00
1.145913314819335938e+01
1.162074279785156250e+01
-4.178369045257568359e+00
-4.912389278411865234e+00
-1.003465652465820312e+01
-1.969328689575195312e+01
-1.769652366638183594e+01
-7.623442173004150391e+00
4.367846488952636719e+00
1.360325908660888672e+01
1.420555400848388672e+01
6.026465415954589844e+00
5.354468345642089844e+00
1.083686542510986328e+01
6.039362430572509766e+00
6.206503391265869141e+00
6.019548177719116211e-01
-1.233002841472625455e-01
-8.122961997985839844e+00
-5.873312950134277344e+00
3.259356021881103516e+00
8.229172706604003906e+00
7.136550903320312500e+00
4.142903327941895419e+00
1.030101490020751953e+01
1.788509559631347656e+01
1.354880523681640447e+01
6.408425331115722656e+00
-1.055324363708496094e+01
-1.521305942535400568e+01
-1.404860973358154297e+00
3.872735500335692804e-01
4.297741949558258057e-01
6.617087841033936435e+00
1.186475372314453303e+01
1.528009414672851562e+01
2.713772201538085938e+01
2.970524215698242543e+01
1.347571372985839844e+01
-2.062484264373779741e+00
-1.089537620544433594e+01
-1.732682037353515270e+01
-1.048477077484130682e+01
-5.238712310791016513e+00
4.992040634155273438e+00
1.998398971557616832e+01
3.012467956542969105e+01
3.532924652099609375e+01
3.383719253540039062e+01
2.170058631896972656e+01
7.751587867736816406e+00
1.123531103134155273e+00
-8.498842239379882812e+00
-2.008628463745116832e+01
-2.561124610900878906e+01
-2.423008155822753906e+01
-1.266147518157958984e+01
4.055816173553466797e+00
1.955732917785644531e+01
2.680868911743164062e+01
2.230127525329589844e+01
9.239317893981933594e+00
-3.872706651687622070e+00
-1.212002849578857422e+01
-1.450130558013916016e+01
-1.589782428741455078e+01
-1.200760746002197266e+01
-5.910894870758057529e+00
2.399789810180664062e+00
9.483838081359863281e+00
1.679668998718261363e+01
1.854706764221191406e+01
1.662746810913085938e+01
1.159350681304931463e+01
6.523090362548827237e+00
1.000521779060363770e+00
-8.900676727294921875e+00
-1.112665748596191406e+01
-7.124373435974121094e+00
-2.916610479354858398e+00
1.928052663803100808e+00
7.545269489288330078e+00
9.567605018615724433e+00
9.665911674499511719e+00
6.724468708038330078e+00
-1.133533358573913574e+00
-3.721606969833373579e+00
-1.074009418487548828e+01
-6.367107868194580078e+00
-9.239011406898499645e-01
5.430847167968750000e+00
1.004009056091308594e+01
1.524534606933593750e+01
1.565854358673095525e+01
1.469079494476318537e+01
8.978216171264648438e+00
3.755170106887817383e+00
-4.977993011474608487e+00
-1.357845401763916016e+01
-1.591306781768798828e+01
-1.507593441009521484e+01
-7.829203128814697266e+00
-2.777848720550537109e+00
1.208763755857944315e-02
4.710595607757568359e+00
1.040912246704101562e+01
1.533747100830077947e+01
1.183179664611816406e+01
9.256544113159179688e+00
3.897048473358153409e+00
-2.107067584991455078e+00
-8.252443313598632812e+00
-1.100214195251464844e+01
-9.622604370117187500e+00
-4.272641658782958984e+00
-2.578399896621704102e+00
1.482377886772155762e+00
3.255335569381713867e+00
1.774528622627258301e+00
-5.478564500808715820e-01
-5.851304531097412109e-01
-1.835780620574951172e+00
-3.626749515533447266e+00
-4.892491817474365234e+00
-5.676253795623778409e+00
-4.723023414611816406e+00
-3.131527662277221680e+00
3.827619314193725586e+00
-4.664538800716400146e-01
-2.163946151733398438e+00
-5.252613067626953125e+00
-1.060264015197753906e+01
-5.031507015228272373e+00
-1.476747244596481323e-01
-1.271218180656432883e+00
4.346915245056151456e+00
2.258790731430053711e+00
4.103607177734375000e+00
1.876332521438598411e+00
-4.873290538787841797e+00
-7.386394023895263672e+00
-1.119777393341064453e+01
-1.188167476654052734e+01
-1.320796394348144531e+01
-9.357925415039062500e+00
-4.716721534729003906e+00
-3.183412075042724609e+00
7.075999975204467773e-01
2.465063519775867462e-02
-1.584149837493896484e+00
-2.631384134292602539e+00
-4.486474037170410156e+00
-3.610656976699828657e+00
-2.815179109573364258e+00
-7.728303074836730957e-01
7.586389183998107910e-01
-1.398082852363586426e+00
-4.638780117034912109e+00
-7.315657138824462891e+00
-8.323636054992675781e+00
-8.123751640319824219e+00
-6.128833293914794922e+00
-2.259684085845947710e+00
2.493093252182006836e+00
5.577708721160888672e+00
6.193974018096923828e+00
4.697049617767333984e+00
3.386457443237304688e+00
-8.222077488899230957e-01
-4.299372673034667969e+00
-3.713261604309082031e+00
-3.655044794082641602e+00
5.866096019744873047e-01
4.083154678344727451e+00
6.040484428405762607e+00
6.893261432647705078e+00
8.880190849304199219e+00
5.178280353546143466e+00
5.324265480041503906e+00
6.226492524147033691e-01
-3.680149555206298828e+00
-5.979861259460449219e+00
-6.153395652770996094e+00
-2.386173009872436523e+00
2.748357772827148438e+00
5.614839076995849609e+00
7.691850185394287109e+00
8.547754287719728339e+00
8.378766059875486505e+00
2.632276296615600586e+00
-1.901528954505920410e+00
-4.613971233367919922e+00
-4.197137832641602451e+00
-2.523129701614379883e+00
2.313596963882446289e+00
2.720586299896239790e+00
4.553679466247558594e+00
3.081567764282226562e+00
5.570394039154052734e+00
-7.493852376937866211e-01
-2.628572702407836914e+00
-2.171676397323608398e+00
-2.497387409210205078e+00
-1.703958749771118164e+00
1.855862855911254883e+00
5.709351539611816406e+00
1.064540958404541016e+01
7.786219596862792969e+00
3.461548805236816406e+00
-6.324620842933654785e-01
-4.226366996765136719e+00
-9.662477493286132812e+00
-9.813619613647460938e+00
-9.557189941406250000e+00
-5.814566612243652344e+00
3.641629219055176225e+00
4.376597404479980469e+00
6.969930648803710938e+00
7.190316677093505859e+00
5.386806011199951172e+00
2.503325462341308594e+00
-6.476594209671020508e-01
-4.714683055877685547e+00
-4.161467552185058594e+00
-4.845662593841552734e+00
-1.849316477775573508e+00
6.934931278228759766e-01
3.515570402145385742e+00
2.808579206466674805e+00
1.743735313415527122e+00
-1.460698127746581809e+00
-4.549469470977783203e+00
-8.033410072326660156e+00
-4.748693943023681641e+00
-3.523701190948486328e+00
-1.463451504707336426e+00
2.373431682586669922e+00
4.768234729766846591e+00
4.635561943054199219e+00
3.602462291717529297e+00
2.466689825057983398e+00
-3.753413856029511053e-01
-1.250886559486389160e+00
-5.657795906066895419e+00
-5.231317043304443359e+00
-4.695632457733153409e+00
-3.446997404098510742e+00
2.014052569866180420e-01
2.546376466751098189e+00
2.158905267715454102e+00
1.017112374305724876e+00
-1.182445406913757102e+00
-3.175872087478637695e+00
-4.233944892883301669e+00
-3.182682752609252930e+00
-1.812017560005188210e+00
3.885235488414764959e-01
3.199925422668457031e+00
4.312572956085205078e+00
5.656680583953857422e+00
6.027720451354980469e+00
5.887523174285888672e+00
-1.158818379044532776e-01
-2.510378837585449219e+00
-6.694571495056152344e+00
-7.800234794616699219e+00
-7.896024703979492188e+00
-5.160315036773681641e+00
-1.188362121582031250e+00
1.092542409896850586e+00
1.899124622344970703e+00
2.083008527755737305e+00
2.156858205795288086e+00
-5.474900007247924805e-01
-3.399718523025512695e+00
-3.419273853302001953e+00
-3.361446857452392578e+00
-2.011484622955322266e+00
-3.036189973354340155e-01
-8.162171840667724609e-01
9.470049738883972168e-01
2.627618312835693359e+00
1.946888685226440430e+00
3.789053678512572798e+00
-2.881628870964050293e-01
-8.313227295875549316e-01
1.451688289642333984e+00
-4.970803260803223211e-01
9.541069269180297852e-01
-1.296573877334594727e+00
-3.712965250015258789e+00
-3.988637208938599077e+00
-3.013907909393310547e+00
-2.678530454635620117e+00
5.981182456016539417e-01
7.036590099334717685e+00
3.233175516128540039e+00
5.505339145660400391e+00
3.295564889907836914e+00
2.325654745101928711e+00
-3.265390694141387939e-01
-2.769242048263549805e+00
-5.259222507476806641e+00
-6.244762897491455078e+00
-5.985136508941650391e+00
-2.831348657608031782e+00
1.237537026405334473e+00
6.117937088012695312e+00
9.133151054382324219e+00
6.886024475097656250e+00
2.365856409072875977e+00
-1.678575992584228294e+00
-5.660214424133300781e+00
-7.452836990356445312e+00
-9.278043746948242188e+00
-6.141976356506347656e+00
-3.255912303924560547e+00
2.416815757751464844e+00
6.680418491363525391e+00
5.730411529541016513e+00
4.147754669189453125e+00
-3.366006612777709961e-01
-3.136955499649048296e+00
-3.095389366149902344e+00
-5.158395767211914062e+00
-2.390449762344360352e+00
2.406302928924560547e+00
6.766091585159301758e-01
-2.787867069244384766e+00
-6.956151723861694336e-01
-1.043760061264037864e+00
-5.474214553833007812e-01
2.394581958651542664e-02
1.124202966690063699e+00
2.065605640411376953e+00
4.561996936798096591e+00
4.751907348632812500e+00
1.735098958015441895e+00
6.029924750328063965e-01
-2.059132099151611772e+00
-4.682756423950195312e+00
-5.807885169982910156e+00
-4.384729385375977451e+00
-1.585470438003540039e+00
-2.724850416183472124e+00
-5.555952072143554688e+00
-1.109481239318847656e+01
-1.646668434143066406e+01
-1.976750564575195312e+01
-1.788948249816894531e+01
-1.389435863494873047e+01
-7.005480766296387607e+00
-2.804972171783447710e+00
-2.372988760471343994e-01
2.624584913253784180e+00
-1.354297637939453125e+00
-5.287611007690429688e+00
-7.352005004882812500e+00
-7.673074722290039062e+00
-7.028066635131835938e+00
-3.622757911682128906e+00
1.923069953918456809e+00
4.083351612091064453e+00
8.476932525634767401e+00
6.455626964569092685e+00
3.396691799163818359e+00
-1.114730358123779297e+00
-3.497764348983764648e+00
-6.024966239929199219e+00
-4.864843368530273438e+00
-2.269356250762939453e+00
2.590890407562255859e+00
6.770884037017822266e+00
8.685208320617675781e+00
9.937780380249023438e+00
9.069786071777343750e+00
5.705135345458983487e+00
2.223046302795410156e+00
-3.405571579933166504e-01
-2.101466178894043413e+00
-9.426241517066955566e-01
8.861443996429443359e-01
5.329347133636474609e+00
9.373620033264160156e+00
1.162586688995361328e+01
1.161054515838623047e+01
9.011637687683103692e+00
7.254711627960205078e+00
4.570813179016113281e+00
2.173758745193481168e-01
-1.105780839920043945e+00
-4.076557636260986328e+00
-2.831682443618774414e+00
5.050676465034484863e-01
3.730176687240600586e+00
6.136999130249022549e+00
7.826128482818603516e+00
7.525848388671875000e+00
8.576990127563478339e+00
6.703495025634766513e+00
4.805435180664063388e+00
2.410846471786499023e+00
-8.508399724960327148e-01
-3.297697305679321289e+00
-5.816362857818604404e+00
-4.152894020080566406e+00
-1.781362146139144897e-01
8.187909126281738281e-01
4.162592887878417969e+00
5.274195194244384766e+00
5.283661365509033203e+00
4.355115413665772373e+00
2.490410327911376953e+00
1.949113845825195535e+00
9.864821434020996094e-01
-3.268494009971619207e-01
-6.291611790657043457e-01
-9.818953871726990856e-01
-1.499437332153320312e+00
-6.440746188163757324e-01
3.882552146911621094e+00
4.078968524932861328e+00
3.777351856231689453e+00
4.174544334411621094e+00
3.769087791442871094e+00
3.013286352157592773e+00
8.720124244689941406e+00
8.168970108032228339e+00
4.830749034881591797e+00
9.257945060729980469e+00
6.154568672180175781e+00
3.048844575881958008e+00
-1.670411467552185059e+00
-4.214730739593506748e+00
-4.143191337585448331e+00
-1.152883768081665039e+00
-6.719588488340377808e-02
2.629148006439208984e+00
2.269796133041381836e+00
3.172483682632446289e+00
2.404784202575684038e+00
-7.429931759834290661e-01
-1.991335391998291016e+00
-3.493195295333862305e+00
-6.011142253875732422e+00
-4.776252746582031250e+00
-5.116578340530395508e-01
1.712120056152343750e+00
3.546994626522064209e-01
-4.698156118392943781e-01
-2.049084901809692383e-01
-1.640299916267395020e+00
-3.168148517608642578e+00
-3.039470672607421875e+00
-2.169071435928344727e+00
-1.653008818626403809e+00
-2.661818981170654297e+00
-1.903965711593628152e+00
-1.337110042572021706e+00
-2.303924083709716797e+00
-2.293431997299194336e+00
-2.562681436538696289e+00
1.025563120841979980e+00
-2.232395410537720171e+00
-2.548625469207764116e+00
-4.806069374084472656e+00
-4.853207588195800781e+00
-3.131061553955078125e+00
1.133714437484741211e+00
1.467651724815368652e-01
4.981915056705474854e-01
3.948656320571898859e-01
-6.274100542068481445e-01
-3.854093253612518311e-01
-6.246525645256042480e-01
-3.089045047760009766e+00
-4.728129863739013672e+00
-4.377241611480712891e+00
-3.801067829132080078e+00
-1.401784539222717285e+00
-8.087987899780273438e-01
-4.608816802501679022e-01
-3.163956701755524237e-01
-2.990838587284088135e-01
-7.975918054580688477e-01
-2.001095861196517944e-01
-3.315728664398193359e+00
-3.013961076736450195e+00
-1.120617389678955078e+00
-2.667059898376464844e+00
-1.996760368347168191e+00
-2.280336141586304155e+00
-9.787099957466124378e-01
-6.634898185729979359e-01
1.096565365791320801e+00
2.262271165847778320e+00
6.196233630180358887e-01
1.779204845428466797e+00
4.134214222431182861e-01
-4.090242862701416016e+00
6.424373388290405273e-01
1.143592000007629395e+00
3.551298618316650391e+00
4.455365180969238281e+00
3.779622554779052734e+00
3.687972068786621094e+00
3.176329374313354492e+00
2.015884637832641602e+00
1.893290519714355691e+00
1.968731641769408736e+00
4.531026184558868963e-01
2.272154331207275391e+00
2.761754512786864790e+00
6.746311485767364502e-02
3.240231573581696112e-01
-4.878960847854614258e-01
-7.193154096603393555e-01
-1.371690630912780762e+00
2.202946186065673828e+00
1.533501505851745605e+00
-7.951114177703857422e-01
7.670006155967712402e-01
-6.057992577552794716e-02
8.339169435203075409e-03
-5.408411026000976562e-01
-1.788996815681457520e+00
-2.525528669357299805e+00
-2.035774469375610352e+00
-5.112054347991943359e-01
2.225129365921020508e+00
3.874771118164063388e+00
4.386606216430663174e+00
2.243169784545898438e+00
-5.212143659591674805e-01
-4.595161914825440341e+00
-6.240888118743896484e+00
-5.045844554901123047e+00
-2.194766283035278320e+00
6.966253742575645447e-03
-6.801716685295104980e-01
-2.076034069061279741e+00
1.238794103264808794e-01
1.400551915168762207e+00
3.423351526260376421e+00
6.355138421058654785e-01
-1.888915777206420898e+00
1.402458548545837402e+00
-5.927712842822074890e-02
-3.447383940219879150e-01
2.916056215763092041e-01
-1.007710814476013184e+00
-4.191056787967681885e-01
2.809571504592895508e+00
4.891747951507568359e+00
6.080536365509032315e+00
3.712773323059082031e+00
-5.885491520166397789e-02
-1.418920040130615234e+00
-1.107289671897888184e+00
3.835836052894591730e-01
1.458302021026611106e+00
1.555467844009399414e+00
3.910690307617187944e+00
9.939711093902587891e-01
-1.448417305946350098e+00
-3.662036180496216264e+00
-4.071754932403564453e+00
-1.129426598548889160e+00
-9.637156873941422897e-02
1.208637714385986328e+00
2.856703996658325195e-01
2.680490016937255859e+00
3.664426088333129883e+00
3.550423383712768999e+00
3.299960136413573775e+00
-1.373792648315429688e+00
-4.375357627868651456e+00
-5.402163505554199219e+00
-3.989997804164887030e-01
-4.813324928283691406e+00
-1.830008864402770996e+00
-1.314006686210632324e+00
4.119706451892852783e-01
-9.572791308164596558e-02
2.549850940704345703e-01
6.871579885482788086e-01
-1.000363469123840332e+00
8.054360747337341309e-01
-6.232756614685058594e+00
-4.976502418518066406e+00
-6.348494052886962891e+00
-4.546146869659423828e+00
-1.181560516357422097e+00
9.104419350624084473e-01
2.522448301315308061e+00
2.061385631561279741e+00
2.365729093551636186e+00
2.085684537887572798e+00
6.601619243621826172e+00
4.827801704406738281e+00
3.103135824203491211e+00
2.148751974105834961e+00
-4.602714478969573975e-01
-5.681368827819824219e+00
-4.920621871948242188e+00
-3.556253433227538618e+00
-6.872385740280151367e-01
