9.257973670959472656e+00
1.619322776794433594e+00
-2.753208279609680176e-01
4.109443187713623047e+00
1.219328784942626953e+01
1.713933563232422230e+01
1.852656745910644531e+01
1.847631835937500000e+01
1.673164176940917969e+01
1.416766357421875000e+01
8.128314971923826349e+00
4.593622684478759766e+00
-1.288207054138183594e+00
-2.275452136993408203e+00
-8.158617973327638495e+00
1.675999164581298828e+00
3.939937591552734375e+00
4.070246815681457520e-01
6.879433989524841309e-02
-5.297179818153381348e-01
2.308327436447143999e+00
-3.529337048530578613e-01
-3.588162899017333984e+00
-3.596989631652832031e+00
-1.892596626281738637e+01
-1.085510444641113281e+01
-7.097407817840576172e+00
-6.243033885955810547e+00
-6.332658290863037109e+00
-1.675447702407836914e+00
-1.654292106628418191e+00
-2.525681018829345703e+00
-7.707219600677490234e+00
-1.162501144409179510e+01
-1.233383750915527344e+01
-9.755320549011230469e+00
-7.241732120513916016e+00
-5.912142753601074219e+00
-4.875281333923339844e+00
-2.442732825875282635e-02
-8.873843550682067871e-01
-5.637392997741699219e+00
-6.451438903808593750e+00
-4.112745285034180576e+00
-7.541928768157958984e+00
-7.236948490142822266e+00
-5.999575614929199219e+00
-5.744200229644775391e+00
1.460538387298583984e+00
-3.814401865005493164e+00
-2.857023239135741743e+00
-7.125568866729736328e+00
-8.073055267333982599e+00
-1.077097415924072443e+01
-4.176837503910065252e-01
-2.074389934539794922e+00
-3.799577236175537109e+00
-3.750846385955810547e+00
-2.871692657470703125e+00
-1.440064668655395508e+00
-1.179283022880554199e+00
-2.072104811668395996e-02
-2.051693201065063477e+00
7.926230430603027344e-01
5.069343566894531250e+00
-3.107364416122436523e+00
-3.871700286865233487e+00
-3.198787689208984375e+00
-5.484564304351806641e+00
1.887950420379638894e+00
3.759735107421875000e+00
9.367822647094726562e+00
4.765874147415161133e-01
-2.687315464019775391e+00
-1.646520614624023438e+00
-3.277053833007812500e+00
1.046876385807991028e-01
8.021764755249021661e+00
2.085176849365234375e+01
2.098061561584472656e+01
2.469658660888671875e+01
2.004233551025390625e+01
1.349529552459716797e+01
6.498466968536377841e+00
6.798095226287842685e+00
6.658526897430419922e+00
-2.452759027481079102e+00
-2.243961095809936523e+00
1.126344799995422363e+00
5.801600933074951172e+00
8.857061386108398438e+00
8.314545631408691406e+00
5.821106433868407315e+00
5.540850162506104404e+00
1.509484767913818359e+00
7.074648737907409668e-01
-9.891410827636720526e+00
-2.443503952026367188e+01
-2.921323204040527344e+01
-2.481668853759765625e+01
-1.124393749237060369e+01
1.346366024017333984e+01
4.734767532348632812e+01
6.737784576416015625e+01
6.797639465332031250e+01
6.019845199584960938e+01
4.130192184448242188e+01
1.200196552276611328e+01
-9.089382171630859375e+00
-2.227818870544433594e+01
-2.344993591308593395e+01
-1.460881996154785156e+01
-8.641539573669433594e+00
-7.313416004180907315e+00
-1.566606640815734863e+00
-6.904007792472839355e-01
9.657336235046386719e+00
7.042178153991699219e+00
4.307323455810546875e+00
1.220983982086181641e+00
-7.252888679504393643e+00
-2.429188728332519531e+01
-2.313110160827637074e+01
-2.488606452941894531e+01
-2.391996383666992188e+01
-1.994887924194335938e+01
-1.249077320098876953e+01
2.703477144241333008e-01
7.177210330963134766e+00
-1.050048732757568359e+01
-1.683036231994628906e+01
-2.540051841735839844e+01
-2.335202217102051137e+01
-2.048569488525390625e+01
-2.587300872802734375e+01
-2.222492408752441406e+01
-9.481035232543943536e+00
-6.426497459411621094e+00
-4.114093303680419922e+00
-7.369514465332031250e+00
2.730827927589416504e-01
-1.339321041107177557e+01
-1.548733234405517578e+01
-6.036608219146728516e+00
-5.666333675384521484e+00
-9.844030380249023438e+00
-4.324477672576903409e+00
-1.659002184867858887e+00
4.009448528289794922e+00
6.475432872772217685e+00
7.439161777496337891e+00
6.938464641571044922e+00
6.432117462158202237e+00
1.167863368988037109e+00
-4.769176959991455078e+00
-1.640950202941894309e+00
-2.597634792327880859e+00
-2.062464952468872070e-01
-6.842902302742004395e-01
-1.158792972564697266e+00
2.141094446182250977e+00
-2.442657470703125000e+00
1.677247166633605957e+00
3.578188896179198775e+00
1.163926601409911932e+01
1.375667953491210938e+01
1.269643115997314453e+01
1.305117225646972656e+01
8.506910324096679688e+00
8.959843635559082031e+00
4.137268066406250000e+00
9.123367071151732288e-01
-9.756391048431396484e-01
1.640323281288146973e+00
-6.387348771095275879e-01
5.911514282226562500e+00
8.059242248535156250e+00
6.971064567565917969e+00
2.740005493164062500e+00
6.805439472198486328e+00
4.510548591613769531e+00
3.862709760665893555e+00
4.504400253295898438e+00
-1.692558228969573975e-01
4.691397190093994141e+00
-3.506843566894531250e+00
4.376088142395020419e+00
2.011315345764159712e+00
1.636364340782165527e+00
-4.153918266296386719e+00
6.448084861040115356e-02
-4.217099189758301669e+00
4.082792758941649502e+00
3.497945785522461382e+00
4.077359199523926669e+00
-3.701718330383301225e+00
-1.787027835845947266e+00
-8.285838365554809570e-01
-2.039088010787964311e+00
-4.282625675201416016e+00
-2.161058902740478516e+00
3.209231853485107422e+00
3.908945798873900923e+00
1.741865158081054910e+00
2.054540157318115234e+00
-1.614225387573242188e+00
5.597508549690246582e-01
-3.556791245937347412e-01
2.474692583084106445e+00
8.568762779235839844e+00
4.208562850952147549e+00
2.291648626327514204e+00
5.193363666534423828e+00
2.558707892894744873e-01
1.236692667007446289e+00
-1.906754732131958008e+00
-2.468671560287476030e+00
-1.908493757247924805e+00
-7.354275226593017578e+00
-1.624113678932189941e+00
3.764806091785430908e-01
7.928319931030272549e+00
8.663505554199218750e+00
1.622855567932128906e+01
1.672701644897460938e+01
2.162536239624023438e+01
1.330111789703369318e+01
-1.984991192817688210e+00
-2.150685310363769087e+00
-7.907227993011474609e+00
-1.040216922760009766e+01
-1.376667404174804688e+01
-5.907789230346679688e+00
-1.135908961296081543e+00
1.921994686126708984e+00
1.384032011032104492e+00
3.216275691986083984e+00
3.884354829788208008e+00
-1.002081155776977539e+00
2.377252578735352007e+00
1.373969316482543945e+00
-2.657892942428588867e+00
-7.187631130218505859e+00
-6.922541141510009766e+00
-6.863080024719237393e+00
-5.014798045158386230e-01
8.797479629516601562e+00
8.181575775146482599e+00
7.187956809997558594e+00
4.741818428039550781e+00
-4.477995872497558594e+00
-1.095859909057617188e+01
-1.691323661804199219e+01
-1.356317234039306463e+01
-1.251647853851318537e+01
-2.560641288757324219e+00
1.846755623817444070e+00
4.509574890136718750e+00
4.408112525939941406e+00
-4.627264976501464844e+00
-8.697048187255861151e+00
-1.495573139190673828e+01
-1.748268508911132812e+01
-1.943318557739257457e+01
-4.519465923309326172e+00
1.788804411888122559e+00
6.542135238647460938e+00
8.903038978576660156e+00
6.906116962432861328e+00
4.321001052856444424e+00
-1.517435312271118164e+00
-5.318441390991210938e+00
-8.354949951171875000e+00
-8.587188720703125000e+00
-9.815269470214843750e+00
-5.191342830657958984e+00
-7.799248099327087402e-01
6.419936180114746094e+00
9.096140861511230469e+00
1.215664768218993963e+01
1.435064220428466797e+01
1.356567955017089844e+01
9.239996910095216620e+00
4.284029483795166016e+00
-2.502917289733886719e+00
-1.284170627593993963e+01
-1.154130458831787287e+01
-1.048557472229003906e+01
-3.949507176876068115e-01
-1.546342849731445090e+00
7.610959529876708984e+00
9.573364257812500000e+00
7.898116111755371094e+00
6.303694248199462891e-01
-2.149028062820434570e+00
-1.743137121200561523e+00
-4.633906364440917969e+00
-3.023878097534180132e+00
-9.559294581413267933e-01
-1.344792097806930542e-01
-2.429098844528198242e+00
-5.446908473968505859e+00
7.711119651794433594e-01
-4.483608007431029718e-01
-2.990126609802246094e+00
-7.003102779388427734e+00
-6.753756999969482422e+00
-8.025198936462402344e+00
-6.085403919219971591e+00
-2.508578300476074219e+00
4.024621963500977451e+00
5.541998386383056641e+00
8.628218650817871094e+00
7.186640262603759766e+00
3.611555576324462891e+00
2.643835067749023438e+00
2.904479742050171343e+00
5.258059501647949219e+00
5.051287174224853516e+00
4.256704807281493252e+00
7.439315319061278409e+00
9.555272102355957031e+00
1.302968692779541016e+01
8.909043312072753906e+00
7.399920463562012607e+00
4.266139030456542969e+00
2.005513668060302734e+00
1.943816423416137695e+00
-1.171849966049194336e+00
1.641011118888854980e+00
2.493981361389160156e+00
4.905379414558410089e-01
3.143935203552246094e+00
4.666043758392333984e+00
5.589070796966552734e+00
6.433524489402770996e-01
-1.736289978027343750e+00
-4.787274360656738281e+00
-1.276016616821289062e+01
-6.258749485015869141e+00
-3.433627843856811523e+00
-1.887636035680770874e-01
3.363397598266601562e+00
-5.688258171081542969e+00
-5.957135200500487393e+00
-9.025720596313476562e+00
-1.289264297485351562e+01
-1.065495395660400391e+01
-6.163993835449218750e+00
-2.291194200515747070e+00
-7.299065113067627841e+00
-8.758353233337402344e+00
-1.021660804748535156e+01
-1.227708530426025568e+01
-6.551727771759032315e+00
1.817711234092712402e+00
9.966731071472167969e+00
1.760314369201660156e+01
1.767572402954101562e+01
2.046966552734375000e+01
2.420184612274169922e+00
-4.705943107604980469e+00
-6.944117069244384766e+00
-7.325081825256347656e+00
-5.414892673492431641e+00
-3.874884128570556641e+00
4.764802932739257812e+00
8.797186851501464844e+00
2.264147186279296875e+01
2.852989578247070312e+01
2.404255294799805043e+01
1.688563156127929332e+01
5.689099788665772373e+00
1.524248957633972168e+00
-8.961158752441406250e+00
-9.075005531311036933e+00
-7.139117717742919922e+00
7.291189670562744141e+00
1.646873664855957031e+01
2.098375892639160156e+01
1.691576004028320668e+01
1.379744148254394531e+01
7.073979854583740234e+00
1.703890800476074219e+00
-6.473634719848632812e+00
-1.188796710968017578e+01
-1.823983669281005637e+00
5.780609607696532315e+00
1.687417411804199219e+01
2.306316757202148438e+01
2.221231842041015980e+01
1.193842124938964844e+01
2.722905874252319336e-01
-8.404057502746582031e+00
-1.116629695892333984e+01
-5.590898990631104404e+00
9.320387989282608032e-02
7.347137928009032315e+00
1.502734851837158203e+01
4.203839302062988281e+00
-1.712977886199951172e+00
-5.905253887176513672e+00
-9.953859329223632812e+00
-1.118921947479248047e+01
-1.168986606597900568e+01
-5.919785022735596591e+00
-6.580495834350585938e+00
-1.333773493766784890e+00
-4.380044937133788174e+00
-1.041969108581542969e+01
-1.220393848419189453e+01
-1.878507232666015980e+01
-2.011999702453613281e+01
-1.240019321441650568e+01
-1.856428337097167969e+01
-1.183467102050781250e+01
-5.504327297210693359e+00
-1.761019587516784890e+00
9.614015221595764160e-01
2.284583330154418945e+00
5.264106750488281250e+00
5.853964328765869141e+00
6.630290985107422763e+00
-2.422116994857788086e-01
-4.318464279174805576e+00
2.510811805725097656e+00
6.036314964294433594e+00
9.359252929687500000e+00
1.282110500335693537e+01
1.392720317840576172e+01
8.092507362365722656e+00
4.619113445281981534e+00
-5.318934440612792969e+00
-3.628369808197021484e+00
-8.917214393615722656e+00
-7.076223850250244141e+00
-1.245093345642089844e+00
9.607299804687500000e+00
4.447205543518066406e+00
7.419489383697509766e+00
3.201694726943969727e+00
-6.582170009613037109e+00
-5.316846370697021484e+00
-1.682982254028320668e+01
-4.740675926208496094e+00
-3.800679445266724077e+00
2.611428022384643999e+00
3.818850040435791016e+00
4.483291625976562500e+00
2.781749069690704346e-01
-9.523720145225523792e-01
5.995309948921203613e-01
-4.451715469360351562e+00
-2.505427837371826172e+00
-6.568951129913330078e+00
-2.528362274169921875e-01
3.723743677139281782e+00
1.075719451904296697e+01
2.788038253784180132e+00
-5.062907695770263672e+00
-1.400155830383300781e+01
-1.600401878356933594e+01
-2.236407661437988637e+01
-1.890685081481933594e+01
-6.735506057739257812e+00
-6.300293922424316406e+00
-8.088941574096679688e+00
-3.119901895523071733e+00
1.016834855079650879e+00
5.430924415588378906e+00
-1.426641225814819114e+00
-6.505811691284179688e+00
-1.181306171417236506e+01
-1.327903938293457031e+01
-1.300267410278320490e+01
-1.577465820312500000e+01
-5.989614009857177734e+00
7.816142559051513672e+00
5.341179847717285156e+00
1.078801727294922053e+01
1.144213485717773438e+01
1.065562534332275391e+01
-1.170034885406493919e+00
-9.540814399719238281e+00
-1.274553203582763494e+01
-2.008099555969238637e+01
-1.349967002868652521e+01
-1.008645629882812322e+01
-1.591562461853027344e+01
-1.516348171234130682e+01
-1.216817092895507812e+01
-9.653311729431152344e+00
-5.176147937774658203e+00
3.524630069732666016e+00
6.020430564880371094e+00
5.160438537597656250e+00
-7.994113564491271973e-01
-7.212298870086669922e+00
-4.963314056396483487e+00
3.811034858226776123e-01
7.043477535247802734e+00
1.360008239746093750e+01
2.110474967956542969e+01
1.952342414855957031e+01
1.499236774444580078e+01
1.889105987548828125e+01
7.815887451171875000e+00
1.478351235389709695e+00
9.065906703472136063e-02
-1.079606771469116211e+00
5.163969039916992188e+00
5.219674110412597656e+00
6.935675144195557529e+00
6.942429542541503906e+00
5.034797191619873047e+00
5.892430782318115234e+00
1.394195365905761541e+01
1.369348430633544922e+01
9.084214210510253906e+00
7.522958278656005859e+00
8.785296678543090820e-01
6.171442866325378418e-01
3.813701391220092773e+00
4.453418254852294922e+00
6.601658821105957031e+00
3.920325756072998047e+00
-2.058357000350951704e+00
-3.464987993240356445e+00
-1.377548456192016602e+00
2.390444278717041016e-01
-1.792956590652465820e+00
-8.900866508483886719e+00
-1.221090984344482422e+01
-2.288250350952148438e+01
-1.846775627136230469e+01
-1.559163951873779297e+01
-2.692036330699921209e-01
1.192198085784911932e+01
2.072242736816406605e+01
2.104001235961914062e+01
2.763755416870117188e+01
1.381857109069824219e+01
-2.709340095520019531e+00
-1.136209106445312500e+01
-2.039640617370605113e+01
-1.777647209167480469e+01
-1.472368717193603516e+00
8.078220367431638849e+00
2.420774269104003906e+01
3.402397155761719461e+01
3.897725296020507812e+01
3.061686515808105113e+01
1.638774490356445312e+01
1.432859516143798828e+01
-1.871134757995605247e+00
-9.606388092041015625e+00
-6.897027969360352451e+00
-9.695101737976074219e+00
-6.077545642852782315e+00
-1.771397441625595093e-01
-1.435386657714843750e+00
8.575738906860353339e+00
1.808594512939453125e+01
2.091785049438476562e+01
1.588847827911376953e+01
9.913931846618652344e+00
5.207924842834472656e+00
2.140196800231933594e+00
-2.147783279418945312e+00
-1.179025745391845525e+01
-7.074083805084228516e+00
-2.744192481040954590e-01
1.732365417480468750e+01
1.412615013122558594e+01
4.961513042449951172e+00
-9.430375099182127130e+00
-2.185358238220214844e+01
-2.241976547241210938e+01
-1.017416000366210938e+01
-6.187506198883057529e+00
-7.973447322845458984e+00
-4.807045161724090021e-01
4.760354042053222656e+00
-5.707859992980957031e+00
-9.211660623550416149e-01
-9.288813591003417969e+00
-1.622250366210937500e+01
-2.207440185546875000e+01
6.802086234092712402e-01
1.475655460357666016e+01
2.006908607482910156e+01
2.060699653625488637e+01
1.164490604400634766e+01
4.706309318542480469e+00
-5.534357547760009766e+00
-1.005508995056152344e+01
-1.068045043945312322e+01
-3.525985002517700195e+00
5.238876819610596591e+00
1.781688809394836426e+00
4.846319198608398438e+00
4.014789581298828125e+00
6.318401336669922763e+00
5.909050941467285156e+00
-4.690273284912108487e+00
-2.191578388214111772e+00
-4.461077690124511719e+00
-1.399626922607422053e+01
-1.052834701538085938e+01
-9.572794914245603692e+00
8.610522747039794922e-01
8.323133468627929688e+00
3.742225885391235352e+00
3.329946756362915039e+00
-2.367851734161376953e+00
2.362791061401366743e+00
3.043674945831298828e+00
6.730544090270996094e+00
1.154854583740234553e+01
1.600734329223632812e+01
1.546764659881591797e+01
9.365101814270019531e+00
-2.743339300155640093e+00
-8.318152427673339844e+00
-1.182203865051269531e+01
-1.312248992919922053e+01
-9.688190460205078125e+00
-5.064387321472167969e+00
3.045382261276245117e+00
4.332463264465332031e+00
8.515365600585937500e+00
5.953107357025146484e+00
1.024941444396972656e+01
1.325907707214355469e+01
1.514945030212402521e+01
7.881458282470702237e+00
9.977437257766723633e-01
-1.686071205139159801e+01
-1.814780426025390625e+01
-3.196128654479980469e+01
-3.571938323974609375e+01
-2.838613891601562500e+01
-1.871111869812012074e+01
-2.776243448257446289e+00
-8.228419303894042969e+00
-2.815872430801392046e+00
-5.554043769836425781e+00
-1.007239246368408203e+01
-1.229481506347656250e+01
-1.352677917480468750e+01
-1.520860075950622559e+00
1.658532261848449707e+00
9.069696426391601562e+00
2.548914670944213867e+00
-1.352886259555816650e-01
-6.530096530914307529e+00
-8.386671066284179688e+00
-1.223730921745300293e+00
-2.392515182495116743e+00
-1.315597534179687500e+00
-2.342861890792846680e+00
2.116138696670531782e+00
1.916963577270508035e+00
8.635455131530763495e+00
1.645689010620117188e+01
2.040194702148437145e+01
1.784290504455566406e+01
1.406372356414794922e+01
6.168824195861816406e+00
1.058222293853759766e+01
-7.667760848999023438e-01
1.066378355026245117e+00
-5.451225638389587402e-01
1.482526183128356934e+00
2.152584791183471957e-01
-8.886718750000000000e+00
-4.530882835388183594e+00
-2.647910118103027788e+00
6.207959651947021484e+00
1.002061080932617188e+01
8.871330261230468750e+00
2.996138811111450195e+00
-4.662922382354736328e+00
-9.719370841979980469e+00
-1.189405822753906250e+01
-4.908470153808593750e+00
-2.693434357643127441e-01
1.365528774261474432e+01
1.185153579711914062e+01
1.497426700592041016e+01
1.261595439910888672e+01
1.536090278625488459e+01
1.135358428955077947e+01
8.309088706970214844e+00
4.646096706390380859e+00
2.858586311340332031e+00
1.441433191299438477e+00
-7.380213737487792969e+00
3.097514152526855469e+00
6.977622032165527344e+00
1.059075641632080078e+01
1.136523342132568537e+01
3.520565032958984375e+00
-4.187790393829346591e+00
-1.443058872222900568e+01
-1.342829036712646484e+01
-1.117914676666259766e+01
-1.406161975860595525e+01
-9.892423629760742188e+00
-1.182740974426269531e+01
2.309797763824462891e+00
4.803089618682861328e+00
1.782349705696105957e+00
-6.106847286224365234e+00
-1.533627319335937500e+01
-1.948139953613280895e+01
-1.695960044860840199e+01
-7.851999282836914062e+00
-8.594357490539549005e+00
4.754686355590820312e+00
-4.186492919921875000e+00
2.389008104801177979e-01
-8.087913513183593750e+00
-1.371461868286132812e+01
-1.278555393218993963e+01
-9.499204635620117188e+00
-4.488822460174560547e+00
-5.694347858428955078e+00
-1.673492622375488637e+01
-2.025032806396484375e+01
-1.859052085876464844e+01
-1.375248813629150568e+01
-6.131291866302490234e+00
-5.553580284118652344e+00
-6.392075061798096591e+00
-3.288948297500610352e+00
-4.089482784271240234e+00
-1.529593586921691895e+00
4.096609115600586826e+00
7.722160339355468750e+00
1.344272804260253906e+01
1.438306140899658203e+01
1.898800849914550781e+01
1.313353729248046697e+01
3.694160938262939897e+00
-9.660340309143066406e+00
-1.945886230468750000e+01
-2.849018859863280895e+01
-3.340996170043944602e+01
-3.604405975341796875e+01
-2.468240547180176137e+01
-1.416325855255126953e+01
9.612006187438963067e+00
3.180157089233398438e+01
4.135803985595703125e+01
4.152622604370117188e+01
2.948699760437012074e+01
2.082932472229003906e+01
4.646076202392578125e+00
-5.801017761230468750e+00
-6.442513465881347656e+00
-2.657151460647583008e+00
3.800501585006713867e+00
2.041631698608398438e+01
3.513756179809569602e+01
4.373828125000000000e+01
4.741489410400390625e+01
3.398319625854492188e+01
3.201961135864257812e+01
2.214855194091796875e+01
8.287672042846679688e+00
2.521652221679687500e+00
2.768858432769775391e+00
3.942896127700805664e+00
6.094207286834717685e+00
6.587297439575195312e+00
7.016738891601562500e+00
2.149161338806152344e+00
-3.056002616882323775e+00
-5.906175136566162109e+00
-1.007889842987060369e+01
-7.595789909362792969e+00
-6.093577861785888672e+00
-8.251114845275878906e+00
-1.082409763336181641e+01
2.489755749702453613e-01
3.554556369781493697e+00
8.182647705078125000e+00
1.234942626953125000e+01
1.184466648101806463e+01
1.263652420043945312e+01
4.931300640106201172e+00
-2.185816049575805664e+00
5.507412552833557129e-01
-1.037137222290039062e+01
-1.917936897277832031e+01
-1.241789817810058594e+01
-1.325278377532958984e+01
-1.395918750762939453e+01
-1.875253868103027344e+01
-1.875065612792968750e+01
-1.254318141937256037e+01
-1.179524517059326172e+01
-1.193628978729248047e+01
-4.142578125000000000e+00
-4.954987049102783203e+00
-5.292663574218750000e+00
-6.687341630458833175e-02
-1.340072631835937500e+01
-3.118199539184570312e+01
-2.773369407653808949e+01
-2.594837760925292969e+01
-2.104638671875000000e+01
-1.180844783782958984e+01
1.226402401924133301e+00
7.520815372467041016e+00
5.689001083374022549e+00
4.551077842712402344e+00
-7.642847061157227451e+00
-1.739332771301269531e+01
-2.306852340698242543e+01
-1.106924152374267578e+01
-3.669125318527221680e+00
1.297923564910888672e+01
1.460307502746582031e+01
1.171959972381591797e+01
1.319126129150390447e+01
1.543509769439697266e+01
1.393157768249511541e+01
1.287389755249023438e+01
7.660791873931884766e+00
-3.045928776264191229e-01
1.378321528434753418e+00
-3.072583436965942383e+00
-5.805983066558837891e+00
-1.163979816436767578e+01
-1.319318675994873047e+01
-1.454116821289062500e+01
-9.945038795471193183e+00
-2.239359855651855469e+00
3.166553258895873579e+00
7.910259246826172763e+00
8.243238449096679688e+00
1.291387367248535156e+01
9.699461936950683594e+00
5.870657444000244141e+00
8.046674728393554688e-01
-2.293649673461914062e+00
-1.079292869567871271e+01
-8.360965728759767401e+00
-4.343867778778076172e+00
7.631067276000977451e+00
1.891576766967773438e+01
1.410370826721191406e+01
1.061505508422851562e+01
1.577164173126220703e+01
-5.920083999633789062e+00
-1.264370632171630682e+01
-1.275274276733398438e+01
-1.011187744140625000e+01
-1.008014869689941406e+01
-7.105638504028320312e+00
-5.400934696197509766e+00
4.218667507171631748e+00
1.505219841003417969e+01
2.256843328475951704e+00
2.151737451553344727e+00
2.937501430511474609e+00
-2.411814928054809570e+00
1.079712271690368874e+00
-5.773567199707031250e+00
-5.161250114440917969e+00
-5.368923187255858487e+00
-7.599404811859130859e+00
-5.708455085754394531e+00
-7.710056304931641513e+00
-2.745845556259155718e+00
-4.455132007598876953e+00
-3.168369770050048828e+00
-6.064394712448120117e-01
7.019717991352081299e-02
-8.616458892822267401e+00
-2.249021768569946289e+00
-3.530292034149169922e+00
8.320084810256958008e-01
1.032287788391113281e+01
9.874900817871093750e+00
6.870212078094482422e+00
9.489148139953613281e+00
4.476597309112548828e+00
1.058126926422119141e+00
-4.386825561523437500e+00
-1.644266009330749512e+00
-4.742556095123291016e+00
-4.324574947357178623e+00
-6.976097583770752841e+00
-3.602049827575684038e+00
-2.916018366813660223e-01
-3.164018630981445312e+00
3.413573980331421343e+00
3.527973413467407227e+00
6.251789569854736328e+00
3.653907060623168945e+00
3.350926637649536133e+00
6.909208297729492188e-01
-1.148729443550110085e+00
5.016139030456542969e+00
-5.832208156585692471e+00
-1.157361507415771484e+01
-1.717378425598144531e+01
-1.216331005096435547e+01
-1.394453430175781250e+01
-4.676115036010742188e+00
-2.032196968793869019e-01
-9.955210685729979359e-01
-6.638356208801269531e+00
-1.502641916275024414e+00
-4.704562664031981534e+00
4.645260810852050781e+00
4.743032455444335938e+00
2.540627717971801758e+00
4.179247021675109863e-01
1.651111125946044922e+00
-4.985073566436768466e+00
-6.350100517272949219e+00
-3.952081680297852007e+00
4.975216090679169256e-01
6.418163776397705078e+00
6.560396194458007812e+00
6.028090476989746094e+00
1.655874824523925781e+01
1.191399765014648438e+01
7.827930450439452237e+00
6.334490299224853516e+00
5.369545459747314453e+00
2.508978366851806197e+00
3.552354335784912109e+00
-8.113309741020202637e-01
-1.171636462211608887e+00
9.750320911407471813e-01
1.105712795257568359e+01
6.034259796142577237e+00
1.076350498199462713e+01
1.470963573455810547e+01
1.469063854217529297e+01
1.146419143676757812e+01
7.261140346527099609e+00
-3.943450927734375000e+00
-3.026932179927825928e-01
-5.340713977813721591e+00
-1.062637805938720703e+01
1.381776928901672363e-01
2.864383459091186523e-01
1.296748876571655273e+00
7.176052093505858487e+00
4.072255611419678623e+00
1.014899611473083496e+00
2.417154312133789062e+00
-2.008069992065429688e+00
-3.296396732330322266e+00
-1.554821968078613281e+00
1.297210097312927246e+00
4.644047260284423828e+00
-1.667238354682922363e+00
3.007695674896239790e+00
2.924709796905517578e+00
-8.011571168899536133e-01
-1.824173569679260476e+00
-4.802025109529495239e-02
3.887321472167968750e+00
-4.132286071777343750e+00
-7.321346282958983487e+00
-7.686381816864013672e+00
-8.760642051696777344e+00
-4.647711753845214844e+00
-8.839950561523437500e-01
-6.846291422843933105e-01
-2.112099647521972656e+00
-8.321600914001464844e+00
-1.140366554260253906e+01
-9.794410705566406250e+00
-6.933217525482177734e+00
-2.859554529190063477e+00
-4.947871208190917969e+00
-1.001213836669922053e+01
-1.188025760650634766e+01
-1.334683990478515447e+01
-7.689044952392577237e+00
-8.872216224670410156e+00
-8.541499137878417969e+00
-5.612643718719481534e+00
-4.725595474243164062e+00
-1.512342262268066406e+01
-1.571130275726318537e+01
-1.214932250976562500e+01
-1.380304145812988459e+01
-1.575834846496582031e+01
-1.085997867584228338e+01
-4.326619148254394531e+00
7.433503866195678711e-01
1.475464344024658203e+00
1.401074290275573508e+00
3.230378627777100053e+00
1.640983581542968750e+00
1.125782370567321777e+00
-5.337566375732421875e+00
-8.484669685363769531e+00
-5.442811489105224609e+00
1.064566373825073242e+00
3.750399112701416016e+00
1.091963863372802734e+01
5.711184978485107422e+00
-1.442912220954895020e+00
-4.075162112712860107e-01
-3.365119993686676025e-01
2.226451396942138672e+00
7.550646781921387607e+00
2.294344186782836914e+00
9.552268028259275567e+00
3.876152515411376953e+00
2.713814735412597656e+00
-4.704724848270416260e-01
-5.510060191154479980e-01
-4.864424765110015869e-01
1.284980177879333496e+00
-1.430723667144775391e+00
-2.608876466751098189e+00
-1.937441229820251687e+00
1.398525118827819824e+00
-2.465836048126220703e+00
-2.839817404747009277e-01
3.245162725448608398e+00
7.757668018341063565e+00
1.131896018981933594e+00
1.210381835699081560e-01
-1.705776810646057129e+00
-1.869670391082763894e+00
-1.870729923248291016e+00
-1.897140979766845703e+00
-1.160924148559570490e+01
-2.864191770553588867e+00
-4.889076232910156250e+00
-7.571149349212646484e+00
-2.014158487319946289e+00
-1.895160198211669922e+00
2.005250006914138794e-02
4.112562656402587891e+00
7.337236881256102627e+00
1.040171623229980469e+00
7.075594902038574219e+00
4.009677410125731534e+00
-1.895101904869080034e+00
-5.558612346649169922e+00
-4.328584194183350498e+00
-7.226362228393554688e+00
2.245282888412476030e+00
-1.074038982391357422e+01
-8.203167915344236505e+00
-1.724347114562988503e+00
3.611115932464600053e+00
1.264832615852355957e+00
1.583590984344482422e+00
-5.650761127471923828e-01
-6.375765800476074219e+00
-5.322721958160400391e+00
3.790135383605957031e-01
3.901484012603760210e+00
6.314709663391112393e+00
1.050221633911132812e+01
1.191678619384765447e+01
1.305332374572753906e+01
8.054409980773925781e+00
2.682602405548096147e+00
8.287783265113830566e-01
-1.178234100341796697e+01
-1.000587463378906250e+01
-4.243004322052001953e+00
5.038060188293457031e+00
7.051835536956787109e+00
8.374585151672361505e+00
1.131731605529785156e+01
1.047672462463378729e+01
2.578674077987670898e+00
-6.823772907257080078e+00
-1.366579341888427557e+01
-1.185912704467773438e+01
-9.569574356079101562e+00
-2.428076505661010742e+00
1.110447570681571960e-01
6.517405033111572266e+00
1.116749954223632812e+01
1.391136550903320490e+01
1.566967487335205078e+01
6.869126796722412109e+00
-1.810053586959838867e+00
-7.749776840209960938e+00
-1.110819625854492188e+01
-1.196199703216552734e+01
-7.035233974456787109e+00
-6.828757762908936435e+00
1.741620898246765137e+00
2.827199935913086382e+00
1.291639995574951172e+01
7.898347377777099609e+00
8.537982702255249023e-01
-7.275889873504638672e+00
-1.413930606842041016e+01
-1.599372482299804688e+01
-9.506318092346193183e+00
1.498936533927917703e+00
1.413190650939941406e+01
1.365890598297119318e+01
1.595664119720458984e+01
7.919195175170897549e+00
-3.018239498138428178e+00
-8.684383392333982599e+00
-1.186402988433838068e+01
-7.817921638488769531e+00
8.899805545806884766e-01
9.640610694885253906e+00
1.535668182373046697e+01
1.158154773712158203e+01
3.791613340377808061e+00
5.651601791381835938e+00
-6.109288215637207031e+00
-1.163529872894287287e+01
-1.521019458770751953e+01
-1.807867240905761363e+01
-1.269974803924560547e+01
-6.736998558044433594e+00
-1.713380694389343262e+00
6.321975708007812500e+00
9.618313789367675781e+00
1.454254627227783203e+01
7.898555755615233487e+00
1.711181282997131126e+00
-9.404440879821775567e+00
-9.475791931152343750e+00
-1.302066230773925781e+01
-1.663454437255859730e+01
-1.588067340850830078e+01
-6.409206390380858487e+00
-7.486398816108703613e-01
8.230734825134277344e+00
1.009100723266601562e+01
1.141463088989257812e+01
4.794138431549072266e+00
-6.962843894958496094e+00
-1.356845664978027344e+01
-1.362741756439208984e+01
-5.806076049804688388e+00
-2.341610670089721680e+00
8.734082221984861505e+00
2.192723655700683949e+01
2.612730026245117188e+01
1.033086204528808594e+01
-3.971882581710815874e+00
-2.882442951202392578e+00
-7.574308395385742188e+00
-2.880923271179198775e+00
2.062600612640380859e+00
-7.815446853637695312e-01
-5.902919769287108487e+00
-4.040326595306396484e+00
-5.816196650266647339e-02
-3.904423713684082031e-01
4.850552082061768466e+00
6.606203556060791016e+00
5.313771247863769531e+00
4.162935733795166016e+00
6.016507148742675781e+00
4.701538562774658203e+00
2.346181869506835938e+00
-3.749819993972777432e+00
-8.874305725097656250e+00
3.037225008010864258e+00
9.446328163146972656e+00
5.350439548492431641e+00
-2.292923033237456998e-01
-1.247762966156006037e+01
-1.132703590393066406e+01
-1.457864284515380682e+01
-1.021149539947509766e+01
-8.599694252014160156e+00
-2.329987335205078125e+01
-2.015163612365722656e+01
-6.843264579772949219e+00
1.292907238006591797e+01
3.236038970947265625e+01
4.270745086669921875e+01
4.101272201538085938e+01
3.522295379638671875e+01
2.278136062622070312e+01
5.604119777679443359e+00
-7.817176818847656250e+00
-1.304436397552490234e+01
-9.372686386108398438e+00
-1.619819998741149902e+00
3.612390756607056108e+00
-7.952878952026367188e+00
-3.378367233276367188e+01
-5.730849075317382812e+01
-5.522593688964843750e+01
-4.399256515502929688e+01
-3.425662994384765625e+01
-2.044620323181152344e+01
6.635216474533081055e-01
8.755496025085450995e+00
8.544769287109375000e+00
1.020809745788574219e+01
1.178567123413085938e+01
7.792280197143554688e+00
8.302116394042968750e+00
5.219272613525391513e+00
-6.062283039093017578e+00
-2.626510620117187500e+01
-3.644023132324218750e+01
-3.332104873657226562e+01
-1.628432273864746094e+01
4.402671337127685547e+00
1.754974746704101562e+01
3.177080535888671875e+01
3.794700622558593750e+01
4.699211502075195312e+01
4.542198944091796875e+01
3.967746353149414062e+01
2.432085227966308949e+01
-4.280515015125274658e-01
-1.058913421630859375e+01
-8.379209518432617188e+00
1.043932676315307617e+00
5.821822166442871094e+00
9.822749137878417969e+00
1.382223701477050781e+01
1.029085826873779297e+01
-3.871795654296875000e+00
-8.230402946472167969e+00
-7.359149456024169922e+00
2.036028861999512163e+00
9.176109313964843750e+00
2.142636299133300781e+01
3.332992553710936789e+01
3.109561157226562500e+01
1.669028282165527344e+01
-9.806152343750000000e+00
-6.446189403533936435e+00
3.165309667587280273e+00
5.094612836837768555e-01
-6.696822643280028409e+00
-9.958381652832033026e+00
-9.059034347534179688e+00
-1.566434288024902521e+01
-1.654649543762207031e+01
-4.672029495239257812e+00
9.883931159973144531e+00
2.264548110961914062e+01
3.604001617431640625e+01
4.053416442871093750e+01
4.327066802978515625e+01
3.496204376220703125e+01
1.404880809783935547e+01
-1.297574639320373535e+00
-2.341580390930176137e+01
-3.601108169555664062e+01
-4.060575866699218750e+01
-3.634195327758789062e+01
-2.926327896118164062e+01
-2.187373924255371094e+01
-2.535709190368652344e+01
-1.860969161987304688e+01
-1.500827789306640447e+01
-1.962173843383789062e+01
-1.935874938964844105e+01
-2.497201156616210938e+01
-3.229844284057617188e+01
-3.572658920288085938e+01
-3.738105010986328125e+01
-2.838332748413085938e+01
-2.537996482849121094e+01
-2.239115715026855469e+01
-1.908623504638671875e+01
-6.046820163726807529e+00
1.400400829315185547e+01
2.573053169250488637e+01
3.140392303466796875e+01
2.882882881164551137e+01
1.225160121917724432e+01
-8.382559776306152344e+00
-2.696871566772460938e+01
-3.901753997802734375e+01
-3.755176162719727273e+01
-2.450619316101074574e+01
-4.536995291709899902e-01
3.027677536010742543e+01
5.180901336669921875e+01
6.704935455322265625e+01
5.644781494140625000e+01
4.902193832397460938e+01
4.467213821411132812e+01
3.030426979064941051e+01
2.266200256347655895e+01
1.684641647338867188e+01
3.151155662536621094e+01
4.185844039916992188e+01
4.037353134155273438e+01
3.825179672241210938e+01
3.047543907165527344e+01
3.159507560729980469e+01
2.692839622497558594e+01
2.180521392822265625e+01
1.502520465850830078e+01
1.071961975097656250e+01
6.647596359252929688e+00
-5.715790271759032315e+00
-2.873367500305176137e+01
-5.457355880737304688e+01
-6.437496948242188921e+01
-6.275710296630859375e+01
-4.491938400268554688e+01
-2.906175613403320312e+01
-1.188151359558105469e+01
1.712499809265136719e+01
1.697665023803710938e+01
7.352660179138183594e+00
-1.003812026977539062e+01
-2.950441360473632812e+01
-4.449403381347656250e+01
-4.649068069458007812e+01
-3.579423141479492188e+01
-2.791307258605957031e+01
-9.954565048217773438e+00
-3.204089641571044922e+00
-1.564107990264892578e+01
-2.139241600036621094e+01
-2.850299835205078125e+01
-3.773416519165039062e+01
-4.230147171020507812e+01
-4.460662078857421875e+01
-3.678266906738281250e+01
-2.243034744262695312e+01
-8.664463996887207031e+00
-7.040052890777587891e+00
-4.959133625030518466e+00
7.108668327331542969e+00
8.931724548339843750e+00
-2.845425844192504883e+00
-8.046151161193847656e+00
3.993657112121582031e+00
1.025260543823242188e+01
9.131839752197265625e+00
3.884289026260376421e+00
9.404446601867675781e+00
2.001190948486328125e+01
2.629358100891112926e+01
2.413944625854492188e+01
1.957153129577636719e+01
2.518724822998046875e+01
3.118905830383301137e+01
4.173732376098632812e+01
4.202541351318360086e+01
5.229744720458984375e+01
6.643712615966796875e+01
7.821856689453125000e+01
8.426332855224609375e+01
8.382290649414062500e+01
7.662625885009765625e+01
7.962679290771484375e+01
7.362774658203125000e+01
6.862699127197265625e+01
6.438179016113281250e+01
4.282291412353515625e+01
2.927438354492187500e+01
1.259267807006835938e+01
2.697906732559204102e+00
-1.763847160339355469e+01
-2.887572669982910156e+01
-1.485723686218261541e+01
2.007764339447021040e+00
1.063988685607910156e+01
2.162478256225585938e+01
1.573009586334228516e+01
-6.867456912994384766e+00
-1.509171962738037287e+01
-3.544490814208984375e+01
-4.889149856567382812e+01
-6.554629516601561079e+01
-8.616601562500000000e+01
-1.066557846069335938e+02
-1.035197219848632812e+02
-9.693131256103515625e+01
-8.570256805419921875e+01
-6.376978683471679688e+01
-5.498805999755859375e+01
-4.455136108398437500e+01
-3.225038146972655539e+01
-2.503865814208984375e+01
-2.537585067749023438e+01
-2.371143531799316406e+01
-2.619265556335448863e+01
-2.960187721252441051e+01
-1.908978271484375000e+01
-9.027494430541992188e+00
-3.003430128097533736e+00
1.956278443336486816e+00
-1.481966733932495117e+00
-2.396043539047240767e+00
-1.274972558021545410e+00
4.577947139739990234e+00
1.066943359375000000e+01
2.145895576477050781e+01
3.087685775756835938e+01
3.659540939331054688e+01
2.966851425170898438e+01
2.649431610107421875e+01
1.941880226135253906e+01
1.496831893920898438e+01
1.323414516448974432e+01
1.768293571472167969e+01
2.422193717956542969e+01
3.270163726806641336e+01
2.778177070617676137e+01
2.435733032226562500e+01
1.665536499023437500e+01
1.282044601440429510e+01
1.816992950439453125e+01
1.511435508728027344e+01
1.700825309753417969e+01
1.573298263549804688e+01
1.710204887390136719e+01
1.726091384887695312e+01
2.154998207092285156e+01
2.219746398925780895e+01
1.448629665374756037e+01
1.033603286743164062e+01
1.225828456878661932e+01
1.972554588317871094e+01
1.765868377685546875e+01
1.236742115020751953e+01
7.673650741577147549e+00
-1.480930894613265991e-01
-2.273493856191635132e-01
7.573407173156737393e+00
1.026408100128173828e+01
1.620428848266601562e+01
1.611205863952636719e+01
8.983084559440612793e-01
-7.372184753417968750e+00
-1.337238979339599432e+01
-1.971102142333984375e+01
-1.731756973266601562e+01
-8.828275680541992188e+00
-9.029665946960449219e+00
-8.373031616210937500e-01
-1.523809909820556641e+00
5.676790237426757812e+00
4.954824924468994141e+00
2.277949333190917969e+00
-4.760189354419708252e-02
-5.164655447006225586e-01
2.071455717086791992e+00
-1.128381061553955078e+01
-2.281904983520507812e+01
-2.763207244873046875e+01
-2.522945976257323863e+01
-1.868257331848144531e+01
-8.302249908447267401e+00
1.730459690093993919e+00
2.156839847564697266e+00
-3.414114236831665039e+00
-9.389166831970216620e+00
-1.548833370208740234e+01
-1.712431144714355469e+01
-8.536740303039549005e+00
-1.451339626312256037e+01
-1.288697147369384766e+01
-1.326035118103027344e+01
-1.228659248352050781e+01
-1.526059913635253906e+01
-9.025703430175779474e+00
-1.335788631439208984e+01
-1.209319400787353516e+01
-1.759658432006835938e+01
-1.303448581695556463e+01
-1.025144672393798828e+01
-5.766839027404785156e+00
-1.799556016921996848e+00
-1.661374664306640270e+01
-7.710176944732666016e+00
-9.180705547332763672e-01
1.002454185485839844e+01
9.229218959808349609e-01
-7.562693119049072266e+00
-1.778635859489440918e+00
1.767452120780944824e+00
6.012533187866210938e+00
-3.025584936141968218e+00
2.193169116973876953e+00
8.313627243041992188e+00
3.883405208587647373e+00
-7.577330589294433594e+00
-4.917177200317382812e+00
-8.755518198013305664e-01
1.711938977241515891e+00
4.196104049682616299e+00
9.171025276184082031e+00
6.728775978088378906e+00
5.963517189025878906e+00
9.721925735473632812e+00
5.207571506500244141e+00
8.839556694030761719e+00
2.756246030330657959e-01
4.664693832397460938e+00
1.559150099754333496e+00
-3.193291127681732178e-01
7.591871261596679688e+00
8.704094886779785156e+00
6.021852493286132812e+00
8.868211746215820312e+00
1.184197998046875000e+01
6.031200885772705078e+00
1.013188838958740234e+01
8.168620109558105469e+00
4.945588111877441406e+00
6.249645233154297763e+00
6.253482341766357422e+00
2.799638271331787109e+00
4.683779239654541016e+00
9.307362556457519531e+00
7.099809169769287109e+00
5.042335510253906250e+00
3.935549497604370117e+00
-2.432214975357056108e+00
-4.881934165954589844e+00
-2.213089942932128906e+00
-3.158852100372314453e+00
-1.454647922515869318e+01
-7.901800870895385742e-01
-8.389489054679870605e-01
-3.610517024993896928e+00
-7.511501908302307129e-01
8.033957481384277344e+00
8.438138961791992188e+00
8.540724754333496094e+00
-2.115845918655395508e+00
5.294770717620849609e+00
-1.995780110359191895e+00
3.758527755737304688e+00
-1.219877123832702637e+00
-8.645083427429200995e+00
-8.709602355957031250e+00
-1.292565155029296697e+01
-6.680042266845702237e+00
2.980074167251586914e+00
6.396331310272217685e+00
1.038663864135742188e+01
1.133182907104492188e+01
9.960640907287597656e+00
6.957785129547119141e+00
-4.592799186706542969e+00
-1.004649925231933594e+01
-8.380829811096191406e+00
-8.171784400939941406e+00
-2.777363538742064986e+00
-2.149007171392440796e-01
-5.838755130767822266e+00
-9.508907794952392578e-02
1.484054565429687500e+01
4.063423156738281250e+00
1.161108613014221191e+00
7.967774391174316406e+00
1.918699622154236062e+00
-2.949747443199157715e-01
-4.611938953399658203e+00
-7.751388549804686612e+00
-1.296383476257324219e+01
-1.190986442565917969e+01
-6.260437011718750000e+00
-4.328814029693604404e+00
5.344019889831542969e+00
1.377187490463256836e+00
2.791318297386168878e-01
-1.367029070854187012e+00
-5.759368896484375000e+00
-9.860484123229980469e+00
-1.459937191009521484e+01
-1.687205696105957031e+01
-1.063267803192138672e+01
-5.862217903137207031e+00
-1.818377256393432839e+00
-1.217026591300964355e+00
-3.102719545364379883e+00
-2.553120613098144531e+00
-7.315786480903625488e-01
-1.176790356636047363e+00
-1.027147388458251953e+01
-2.020256519317626953e+00
2.857881784439086914e+00
3.455014228820801225e+00
-3.262659013271331787e-01
2.238150596618652344e+00
-7.123763084411621094e+00
-3.510381221771239790e+00
4.052132129669189453e+00
-1.558939695358276367e+00
1.160818815231323242e+00
-4.382092952728272039e-01
2.280093431472778320e+00
-1.172375231981277466e-01
7.466887831687927246e-01
-4.835401535034179688e+00
-1.690427184104919434e+00
-1.279125332832336426e+00
-1.931601166725158691e-01
-3.242020905017852783e-01
1.591546177864074707e+00
3.973594903945923296e+00
7.823904037475585938e+00
-6.429953575134277344e+00
-7.469924926757811612e+00
-3.262702703475951704e+00
-4.675707817077636719e+00
4.352270603179931641e+00
4.729926586151123047e+00
7.674776077270507812e+00
8.430499076843263495e+00
6.302211284637451172e+00
3.455372333526611772e+00
-1.664284110069274902e+00
-3.707614898681640625e+00
-3.119140386581421343e+00
-1.068979620933532715e+00
1.245384812355041504e-01
6.099686026573181152e-02
5.366663932800292969e+00
7.109984874725342685e+00
8.650694847106933594e+00
4.852608680725097656e+00
3.423634052276611772e+00
3.930207252502441406e+00
1.727070689201354980e+00
2.801196098327636719e+00
-2.750588417053222656e+00
-1.013032150268554688e+01
-6.203974723815917969e+00
-3.667829036712647373e+00
4.776172339916229248e-01
4.213205337524413174e+00
3.666615962982177734e+00
2.948286533355712891e+00
2.940340757369995117e+00
1.229240670800209045e-01
1.467582225799560325e+00
2.467705726623535156e+00
2.023572206497192383e+00
2.211136817932128906e+00
2.253157854080200195e+00
1.176648974418639915e+00
3.245030343532562256e-01
1.657358646392822488e+00
3.825334072113037109e+00
2.387592315673828125e+00
7.506517410278320312e+00
8.179416656494138849e+00
5.731642723083496094e+00
7.388308525085449219e+00
1.161923599243164062e+01
1.337239837646484553e+01
8.383144378662111151e+00
9.535808563232421875e+00
1.735695004463195801e+00
-2.049835681915283203e+00
-5.069757938385009766e+00
-5.855204582214356357e+00
-4.489265441894531250e+00
-3.191862344741821289e+00
-1.002803325653076172e+00
6.395608186721801758e-01
1.384875416755676492e+00
7.434071898460388184e-01
4.299655437469481534e+00
-7.324473381042479581e+00
-9.243367195129396308e+00
-9.398223876953123224e+00
-6.867249488830566406e+00
-3.364341259002685103e+00
-4.208805561065673828e-01
2.512015342712402344e+00
4.211586952209473544e+00
-2.984689950942993164e+00
-3.705357313156127930e-01
-4.225125789642333984e+00
-9.588421821594238281e+00
-7.576290130615233487e+00
-1.308898830413818537e+01
-1.315215110778808594e+01
-8.680129051208496094e+00
-6.590384960174560547e+00
-3.080554008483886719e+00
-5.800487846136092446e-02
4.694038867950440341e+00
5.761416435241699219e+00
9.311204910278320312e+00
6.862423896789550781e+00
8.031380653381347656e+00
5.414631843566895419e+00
1.589364856481552124e-01
-5.679109096527099609e+00
-1.287858390808105469e+01
-6.378907680511474609e+00
-9.650462269783020020e-01
4.890474319458007812e+00
9.270736694335937500e+00
6.088671684265137607e+00
5.343611717224121094e+00
4.380484580993651456e+00
3.298218250274658203e+00
1.533564329147338867e+00
-2.642595767974853072e+00
2.094935417175293413e+00
1.028800606727599876e+00
-8.078233718872070312e+00
-3.362399339675903764e+00
1.141883492469787598e+00
3.711913108825684038e+00
-1.968710541725158691e+00
-1.595444560050964355e+00
-7.658498883247375488e-01
6.707395315170288086e-01
5.467425823211669922e+00
2.675741910934447798e+00
-8.131945133209228516e-01
-6.102517604827880859e+00
-9.616033554077148438e+00
-1.305109500885009766e+01
-1.366267108917236506e+01
-1.221906566619873047e+01
-7.860298633575438565e+00
-3.403722941875457764e-01
-1.558313965797424316e+00
3.979051113128662109e+00
4.306909084320068359e+00
3.773710489273071289e+00
2.545505285263061079e+00
-1.318989396095276101e+00
-5.315552711486816406e+00
-5.486005306243896484e+00
-3.810537099838256836e+00
1.816568255424499512e+00
3.883573770523071289e+00
8.069144248962402344e+00
7.048503875732422763e+00
5.279425621032714844e+00
3.004855871200561079e+00
-1.036214709281921387e+00
-3.767545223236083984e+00
-4.604971885681152344e+00
-6.209924697875977451e+00
-1.875197410583495872e+00
1.362078785896301270e+00
-3.576238453388213417e-02
-2.347306013107299805e+00
-1.016539573669433594e+00
1.002150297164916992e+00
3.188519954681396484e+00
3.515522480010986328e+00
-1.557604670524597168e+00
1.580102443695068359e+00
5.534282207489013672e+00
7.703983783721923828e+00
8.579181671142576349e+00
7.401607990264892578e+00
3.564084529876708984e+00
-1.308444857597350852e+00
-6.601100444793701172e+00
-4.309153079986571377e+00
-2.388141632080078125e+00
-1.189175695180892944e-01
1.669245481491088867e+00
-3.452110528945923296e+00
-6.987939357757567471e+00
-6.277130603790282315e+00
-6.757687568664550781e+00
-4.367598056793212891e+00
-1.733145833015441895e+00
5.748007297515869141e+00
1.425988525152206421e-01
-5.844167232513427734e+00
-5.049046993255615234e+00
-1.020073223114013672e+01
-8.880015015602111816e-01
1.972110986709594727e+00
6.114561557769775391e-01
8.742045164108276367e-01
-1.028507277369499207e-01
1.977966189384460449e+00
4.855837345123291016e+00
-1.086130142211914062e+00
-1.575408279895782471e-01
-1.717008113861083984e+00
3.678979575634002686e-01
1.420843958854675293e+00
4.280344009399413174e+00
7.665312767028808594e+00
6.629785060882567471e+00
3.559134483337402344e+00
-1.494089722633361816e+00
-3.583246469497681358e-02
9.415028691291807972e-01
1.118112683296203613e+00
5.990936756134033203e-01
1.404494881629943848e+00
5.795636177062987393e+00
-3.075483083724976030e+00
4.870021820068358487e+00
7.387687683105468750e+00
6.132708072662353516e+00
7.541238307952880859e+00
4.328591346740723544e+00
2.265217304229736328e+00
-5.723546147346496582e-01
-7.915970087051391602e-01
1.060476541519165039e+00
-4.468616485595703125e+00
-4.166162014007568359e+00
3.452500104904174805e+00
2.630583524703979492e+00
4.764572620391846591e+00
5.797852993011474609e+00
1.458534955978393555e+00
-3.187742710113525391e+00
-4.151844024658203125e+00
-3.216481924057006836e+00
-3.784307956695556641e+00
9.127859473228455700e-01
-6.438690185546875000e+00
-2.034920930862426758e+00
8.601462244987487793e-01
-2.057041972875595093e-01
-1.520251393318176492e+00
-5.503111362457275391e+00
-2.099718093872070312e+00
8.178985118865968185e-02
-3.503058671951293945e+00
-8.825798034667968750e-01
3.845788240432739258e+00
-4.878104329109191895e-01
-3.119830369949341264e+00
-2.771966934204101562e+00
-7.122039794921875000e+00
-7.111137866973877841e+00
-4.328772068023681641e+00
-6.065158843994141513e+00
-1.719351291656493919e+00
-1.159271121025085449e+00
2.189723253250121626e+00
3.063590526580810547e+00
-3.262738943099976030e+00
5.895425796508789062e+00
4.281209468841553623e+00
-2.689651012420654297e+00
-1.166199222207069536e-01
1.595374703407287598e+00
-6.594502925872802734e+00
-1.059539890289306641e+01
1.252076268196105957e+00
-4.615415573120117188e+00
-1.946217566728591919e-01
-7.585355758666992188e+00
6.584688663482666016e+00
-2.629817724227905273e-01
-3.824513673782348633e+00
-7.233102321624755859e-01
-2.225494384765625000e-01
-5.944300651550292969e+00
-1.827126979827880859e+00
2.678366661071777344e+00
1.129400610923767090e+00
3.103320598602294922e+00
3.238802909851073775e+00
2.578296899795531782e+00
-1.728147149085998313e+00
1.019721889495849609e+01
1.217842578887939675e+00
-2.095243453979491743e+00
2.028776645660400391e+00
5.363767147064208984e+00
3.593186378479003906e+00
6.778187751770020419e+00
7.709728240966797763e+00
1.591118335723876953e+00
3.966930389404296875e+00
5.397076606750488281e+00
6.462203860282897949e-01
1.029695272445678711e+00
-1.701848220825195312e+01
-1.180618858337402521e+01
-4.512733936309815341e+00
-2.211740016937255859e+00
-1.185882568359375000e+00
2.092514514923096147e+00
-5.487220764160156250e+00
-6.192142486572266513e+00
-1.239162564277649148e+00
-8.466013073921203613e-01
-2.083655595779418945e+00
2.971043109893798828e+00
8.384449958801269531e+00
9.473206520080566406e+00
4.970859527587891513e+00
-6.642479896545410156e+00
-9.775104522705078125e+00
-5.400449275970458984e+00
-4.888326168060302734e+00
4.343704700469971591e+00
9.982869148254396308e+00
-3.349731683731078657e+00
8.696933388710021973e-01
9.734097123146056019e-01
5.792534828186035156e+00
2.592921018600463867e+00
-9.240962028503417969e+00
-1.185110664367675781e+01
-3.910145998001098189e+00
1.802380442619323953e+00
7.759298682212829590e-01
-1.695381879806518555e+00
-3.077245712280272993e+00
5.672850012779235840e-01
-1.343396568298339844e+01
7.101383686065673828e+00
7.574588775634766513e+00
4.566020011901856357e+00
5.361100196838378906e+00
-1.181755733489990234e+01
-5.135871410369873047e+00
-1.929961562156676802e+00
-5.742424488067627841e+00
-3.476253032684326172e+00
3.059197187423706055e+00
3.265725612640381303e+00
7.175544261932372159e+00
1.589808344841003418e+00
3.739393949508666992e+00
-3.887844800949096680e+00
-9.847703933715820312e+00
-1.442366504669189453e+01
-1.169111537933349432e+01
-8.010890960693361151e+00
4.132991313934326172e+00
-4.068707942962647373e+00
-6.189023256301879883e-01
1.505472511053085327e-01
3.417836904525756836e+00
9.180822372436523438e+00
2.603058099746704102e+00
-2.048004388809204102e+00
-4.729246616363525391e+00
-3.289244651794433594e+00
-3.316580295562743697e+00
-2.125753313302993497e-01
4.890475273132324219e+00
1.795495748519897683e+00
-1.470816969871520996e+00
-1.023338198661804199e+00
-7.001521110534667969e+00
4.802002608776093084e-01
6.435853481292724609e+00
-6.881061553955077237e+00
-8.493195176124572754e-01
5.983485221862792969e+00
4.167613506317138672e+00
2.963710725307465155e-01
6.286070823669433594e+00
4.307327270507812500e+00
2.999769926071166992e+00
-1.111610412597656250e+01
-5.496964931488037109e+00
-4.454746842384337269e-01
-5.327712535858153409e+00
2.835090458393096924e-01
1.067629718780517578e+01
1.114629745483398438e+01
1.569128036499023438e+01
1.031690025329589844e+01
-1.198997497558593750e+00
-1.244067764282226562e+01
-2.038550186157226562e+01
-5.249104976654052734e+00
-4.174466133117676669e+00
1.365663528442382812e+00
6.981615066528320312e+00
7.520163059234619141e+00
9.660941958427428089e-01
3.227453947067260742e+00
3.739107370376586914e+00
8.135422706604003906e+00
4.903223991394042969e+00
6.181027889251708984e+00
7.508545517921447754e-01
-2.416514873504638672e+00
-2.358110904693603516e+00
-7.414408206939697266e+00
-4.465402126312255859e+00
-3.490899324417114258e+00
-3.528774023056030273e+00
-5.191277861595153809e-01
4.360528945922852451e+00
3.387708663940429688e+00
-1.409235239028930886e+00
-1.875140309333801270e+00
-4.025006771087647373e+00
-6.928508877754211426e-01
-4.583577156066895419e+00
-8.544847488403320312e+00
-7.974744319915771484e+00
-3.308012723922729048e+00
-2.298383116722106934e-01
-5.033617973327636719e+00
-1.890670180320739968e+00
1.486471891403198242e-01
-6.705172061920166016e-01
-2.106399297714233398e+00
-1.055117011070251687e+00
-9.893801808357239880e-01
-2.690689325332641602e+00
-2.482160806655884233e+00
-2.622070074081420898e+00
3.133820056915283203e+00
-1.427063345909118874e+00
-2.368132829666137695e+00
-2.388885974884033203e+00
5.836074948310852051e-01
3.055226206779479980e-01
5.479435443878173828e+00
3.334697484970092773e+00
4.238436222076416016e+00
6.169510364532471591e+00
2.932936429977416992e+00
4.994886398315429688e+00
8.295378684997558594e+00
6.527534961700440341e+00
4.355330467224121094e+00
3.376996040344238281e+00
3.808071613311768022e+00
7.314998149871826172e+00
4.835288524627685547e+00
2.398995161056518555e+00
-3.716486454010009766e+00
-1.045322895050048828e+00
2.322537451982498447e-01
1.996739149093628152e+00
9.554445266723632812e+00
4.415764331817626953e+00
2.102468490600585938e+00
4.427128136157989502e-01
-2.693649291992187500e+00
-6.862465858459472656e+00
2.336796998977661133e+00
3.114958286285400391e+00
3.905202388763428178e+00
2.801529645919799805e+00
-1.963508605957031250e+00
5.025365352630615234e+00
7.288159370422362393e+00
8.193005561828611505e+00
2.499896764755249023e+00
-1.687447786331176758e+00
-3.251194715499877930e+00
2.750610351562500000e+00
2.850727319717407227e+00
4.938655853271483487e+00
-5.905247926712036133e-01
-6.692659378051757812e+00
-4.250749111175537109e+00
-3.587993383407592773e+00
-1.855319261550903542e+00
-1.002954244613647683e+00
-7.619780898094177246e-01
-2.349537611007690430e+00
-4.754237651824951172e+00
-7.889418601989746094e+00
-4.557648181915283203e+00
-4.651298046112060547e+00
7.801101207733154297e-01
2.845090627670288086e+00
-1.028833031654357910e+00
-2.446518421173096147e+00
-1.232153415679931641e+00
-2.879280567169189009e+00
-2.726728439331054688e+00
-8.997153282165527344e+00
-7.149614810943604404e+00
-5.393857002258300781e+00
-1.976137876510619895e+00
-4.545415341854096014e-01
1.338708758354187012e+00
2.064288616180419922e+00
4.141620695590972900e-01
-2.155215024948120117e+00
-2.504872322082519531e+00
-3.544067859649658203e+00
-5.511193752288818359e+00
-7.889180660247802734e+00
-7.087566375732422763e+00
-2.537100076675415039e+00
-2.941208124160766602e+00
-3.455508470535278320e+00
-3.180949687957764116e+00
-3.931788682937622070e+00
-1.456994265317916870e-01
8.132781982421875000e-01
5.086468160152435303e-02
7.045601606369018555e-01
-1.127212882041931152e+00
-2.547012329101562500e+00
-9.643902778625488281e-01
1.064080238342285156e+00
7.176941394805907315e+00
3.701349496841431108e+00
4.868067741394042969e+00
6.922441959381104404e+00
6.178500175476074219e+00
5.721219539642333984e+00
3.077425003051758257e+00
-1.234289765357971191e+00
-2.264033079147338867e+00
-2.698109865188598189e+00
-3.261994600296020508e+00
-1.942510366439819558e+00
1.285786747932434082e+00
8.087065696716308594e+00
6.267858505249022549e+00
1.033426952362060369e+01
1.045339870452880682e+01
1.146202325820922852e+00
3.066582441329956055e+00
9.746037721633912243e-01
3.721675395965576172e+00
2.830638885498046875e+00
3.850694179534912109e+00
5.558047294616699219e+00
8.789031505584716797e-01
6.758451461791992188e-02
-1.186785101890563965e+00
-2.213836431503295898e+00
-1.396295189857482910e+00
2.139365196228027788e+00
2.268699645996093750e+00
1.350545525550842507e+00
-2.102136611938477007e+00
-3.264078855514526367e+00
-2.831267356872558594e+00
3.314093828201293945e+00
3.685166120529174805e+00
4.567288875579833984e+00
2.150749683380126953e+00
-1.253089308738708496e+00
-2.341381072998046875e+00
-5.815882205963134766e+00
-3.984966993331908736e+00
-2.760893106460571733e+00
-5.203700661659240723e-01
-1.877472400665283203e-01
2.132506608963012695e+00
2.833406209945678711e+00
3.282456398010253906e-01
1.808442234992980957e+00
3.612051248550415039e+00
3.099961280822753906e+00
7.622475624084472656e-01
-1.441996097564697266e+00
-3.026571035385131836e+00
-6.940511226654052734e+00
-1.185032081604003906e+01
-1.414949703216552734e+01
-1.326621913909911932e+01
-4.263463973999022549e+00
3.962283849716186523e+00
8.674955368041992188e+00
1.163869857788085938e+01
3.444394826889038086e+00
1.824977278709412065e+00
-2.967310428619384766e+00
-5.413365840911865234e+00
-8.921563148498535156e+00
-4.454579353332520419e+00
1.285899579524993896e-01
-8.336037993431091309e-01
1.900354504585265891e+00
3.668958187103271928e+00
4.029973030090332031e+00
1.510150551795959695e+00
1.759671606123447418e-02
-9.499078750610351562e+00
-2.611420869827270508e+00
-3.175454139709473211e-01
2.348161458969115767e+00
6.185180664062500000e+00
7.189043521881104404e+00
4.728555202484130859e+00
3.330590724945068359e+00
-9.687975645065307617e-01
-2.157201290130615234e+00
-1.935649752616882324e+00
1.344780087471008301e+00
1.855030417442321555e+00
4.021303653717041016e+00
4.654241561889648438e+00
2.724982738494873047e+00
2.840630292892456055e+00
9.888214468955993652e-01
-3.547798871994018555e+00
-3.345464766025543213e-01
1.173264741897583008e+00
2.412767887115478516e+00
6.693303108215332031e+00
2.654136896133423296e+00
2.705747127532958984e+00
-1.273848056793212891e+00
-1.267298340797424316e+00
-4.945137500762940341e+00
-3.439923524856567383e+00
-1.938282549381256104e-01
1.176360249519347922e+00
-1.019766647368669510e-02
1.052333450317382812e+01
2.159477710723876953e+00
3.213704109191894531e+00
-1.431097537279129028e-01
-2.742112636566162109e+00
-3.896846771240233487e+00
-4.345714092254638672e+00
-4.702862739562988281e+00
-4.890828132629394531e+00
-6.441214561462402344e+00
-4.608966350555419922e+00
2.175528287887572798e+00
3.987745285034180132e+00
8.758754730224611151e+00
3.530148506164551225e+00
2.194620847702026367e+00
-1.472662836313247403e-01
-4.211014270782471591e+00
-5.002936840057373047e+00
-2.303964376449584961e+00
-3.502995967864990234e+00
-4.867963314056396484e+00
-1.331354260444641113e+00
1.438036441802978294e+00
4.102533817291259766e+00
5.923442840576172763e+00
3.328595876693725586e+00
4.374430656433105469e+00
-8.224910736083982599e+00
-4.703306674957275391e+00
-6.446224212646483487e+00
-2.277890443801879883e+00
-2.193168997764587402e-01
3.807185411453247070e+00
7.701384067535400391e+00
6.744395256042480469e+00
3.663665771484375000e+00
-2.109202384948730469e+00
2.292002201080322266e+00
4.702518582344055176e-01
6.001308917999267578e+00
1.529548764228820801e+00
-2.574746370315552202e+00
-3.907356023788451704e+00
-6.647644519805907315e+00
-4.614223957061768466e+00
-8.406597137451173651e+00
-1.195802763104438782e-01
3.906115055084228960e+00
4.772401332855224609e+00
5.393131256103516513e+00
9.867236137390136719e+00
9.765316963195800781e+00
1.326009035110473633e+00
-6.995269775390625000e+00
-5.961896896362304688e+00
-9.455716133117675781e+00
-1.227098846435546697e+01
-9.218100547790527344e+00
-3.818684101104735884e+00
-2.930850982666016069e+00
1.660298109054565430e+00
3.328640162944793701e-01
-1.848231434822082297e+00
-1.297266930341720581e-01
1.123480200767517090e+00
-1.443973422050475852e+00
-4.142324924468993252e+00
-2.604814767837524414e+00
-4.977451801300048828e+00
1.447977304458618164e+00
2.534672498703002930e+00
4.001125335693358487e+00
-1.167862653732299805e+00
-1.815328955650329590e+00
-3.238199234008788618e+00
-2.789841413497924805e+00
-9.301470518112183727e-01
1.478459477424621582e+00
-1.062476396560669167e+00
2.943240404129028320e+00
2.689876556396484375e+00
-1.177629470825195090e+00
-4.022416591644287109e+00
-8.187733650207519531e+00
-3.627284169197082520e-01
3.268750905990600586e+00
4.603971004486083984e+00
6.246197223663330078e+00
8.703756332397460938e+00
4.321146488189696377e+00
2.284206628799438477e+00
-1.152515411376953303e+01
-1.107542896270751953e+01
-2.095924186706542969e+01
-2.181218147277832031e+01
-1.956395149230957031e+01
-1.214248180389404475e+01
-3.924302816390991211e+00
-5.974422931671142578e+00
-5.381775379180908203e+00
-8.765200376510620117e-01
-3.889930486679076704e+00
-7.152180671691894531e-01
-2.890471696853637695e+00
-1.119635772705077947e+01
-5.200879096984863281e+00
-5.890321254730224609e+00
-4.588004112243652344e+00
-7.255937576293945312e+00
-4.200710296630858487e+00
3.816363215446472168e-01
8.586523056030271661e+00
6.333417296409606934e-01
1.194927573204040305e+00
3.980669260025023970e+00
4.042409896850586826e+00
1.229705214500427246e+00
2.065246105194091797e+00
-1.679169774055480957e+00
1.098849177360534890e+00
-2.549244642257690430e+00
-1.971997141838073508e+00
3.896676063537597656e+00
1.872758865356445312e-01
5.834697723388672763e+00
5.205316543579101562e+00
1.686865091323852317e+00
2.296798706054687500e+00
7.315199375152587891e+00
1.217027187347411932e+01
4.911655426025391513e+00
2.116464614868164062e+00
3.462317228317260742e+00
-2.705864429473876953e+00
1.238091468811035156e+00
8.194257020950317383e-01
4.417840003967285156e+00
4.910973548889160156e+00
4.531244754791259766e+00
7.272755622863769531e+00
1.001090145111083984e+01
7.588589668273925781e+00
4.999160766601562500e+00
-4.390705227851868231e-01
6.941449642181396484e-01
1.478853821754455566e+00
8.573074340820312500e-01
5.079135894775391513e+00
7.183987498283386230e-01
6.341156482696532315e+00
1.159581279754638672e+01
2.129267120361328125e+01
2.254573249816894531e+01
1.554559803009033203e+01
1.641636848449707031e+01
7.802800655364990234e+00
-6.232163429260253906e+00
-1.817145347595214844e+01
-2.468947601318359375e+01
-2.538573646545410156e+01
-2.089482116699218750e+01
-6.158387184143066406e+00
1.037175178527832031e+01
3.682835006713867188e+01
4.182561492919921875e+01
3.865113067626953125e+01
3.307308578491210938e+01
1.820975494384765625e+01
-7.773332118988037109e+00
-2.137691879272460938e+01
-2.931583786010742543e+01
-2.602825164794921875e+01
-5.310976982116699219e+00
1.371640014648437500e+01
