-2.385535955429076704e+00
-2.313209772109985352e+00
-2.597545623779296875e+00
-1.623879790306091309e+00
-1.273711085319519043e+00
-1.415149331092834473e+00
-1.735374450683593750e+00
-1.940073013305664062e+00
-1.699012875556945801e+00
-1.155307650566100852e+00
-7.532236576080322266e-01
-1.918577790260314941e+00
-1.034852862358093262e+00
-1.459584832191467285e+00
-1.936998367309570312e+00
-2.825371265411376953e+00
-2.685031890869140625e+00
-9.817072749137878418e-01
-9.923065900802612305e-01
-9.935777187347412109e-01
-2.036833524703979492e+00
-1.113918900489807129e+00
-1.114501595497131126e+00
-1.571765303611755371e+00
7.829517722129821777e-01
-7.843964099884033203e-01
-8.112260699272155762e-01
-4.908330440521239679e-01
-1.780905365943908691e+00
-1.319804072380065918e+00
-7.486342787742614746e-01
-6.776106357574462891e-01
-3.586566746234893799e-01
-9.752155542373656116e-01
-1.445493578910827637e+00
-2.686177492141724077e+00
-2.277470350265502930e+00
-1.556482195854186790e+00
-7.459885478019714355e-01
-4.494173228740692139e-01
-1.820159196853637695e+00
-7.187199592590332031e-01
-3.753253221511840820e-01
-1.141564846038818359e+00
-6.344722509384155273e-01
3.418786823749541542e-02
-6.561216711997985840e-01
-6.852586865425109863e-01
-6.754981279373168945e-01
7.441021800041198730e-01
6.770758628845214844e-01
1.537259459495544434e+00
3.282115161418914795e-01
7.612788677215576172e-01
1.120740413665771706e+00
1.985964059829711914e+00
1.381399393081665039e+00
8.742208480834960938e-01
2.384129315614700595e-01
1.078200817108154297e+00
5.491895079612731934e-01
4.573984146118164062e-01
9.791395068168640137e-01
9.805372357368468128e-01
5.689657330513000488e-01
1.601994395256042480e+00
1.208963155746459961e+00
1.730699419975280762e+00
2.683152914047240767e+00
1.507171392440795898e+00
1.383520007133484109e+00
5.350610017776489258e-01
6.544409990310668945e-01
2.152970075607300249e+00
2.200033217668533325e-01
2.047888994216918945e+00
1.251555323600769043e+00
7.445778250694274902e-01
7.592513561248779297e-01
-2.735249698162078857e-01
-3.295576870441436768e-01
5.227769017219543457e-01
7.043525576591491699e-01
6.276912093162536621e-01
-8.528605103492736816e-01
-7.448985576629638672e-01
-5.635122060775756836e-01
9.803870320320129395e-02
-5.141061544418334961e-01
-3.520351648330688477e-01
-7.599171996116638184e-01
-1.189884781837463379e+00
-1.762590408325195090e+00
-9.162414819002152877e-02
6.311483681201934814e-02
-6.356924176216125488e-01
-7.801045775413513184e-01
-8.279362320899963379e-01
-1.612304598093032837e-01
1.628066778182983398e+00
2.295241594314575195e+00
6.100438833236694336e-01
-1.610646843910217285e+00
6.452521681785583496e-01
1.998906850814819558e+00
1.604251027107238770e+00
1.024944186210632324e+00
1.046373724937439187e+00
1.712769269943237305e+00
4.811651408672332764e-01
-3.115797936916351318e-01
-8.202252984046936035e-01
-6.233367919921875000e-01
-1.577765345573425293e+00
-2.210558176040649414e+00
-3.419820308685302734e+00
-1.920305967330932839e+00
-1.415284156799316406e+00
-7.820432186126708984e-01
-2.024185657501220703e+00
-2.030781745910644531e+00
-1.194417357444763184e+00
-2.882677912712097168e-01
-1.079137444496154785e+00
-2.144509315490722656e+00
-2.398944616317749023e+00
-3.723274946212768999e+00
-3.539240598678588867e+00
-3.115910768508911133e+00
-1.283743262290954590e+00
-1.871700286865234375e+00
-2.483243703842163086e+00
-2.435433387756348100e+00
-3.285656213760376421e+00
-2.226712226867675781e+00
-2.779086828231811523e+00
-2.242344141006469727e+00
-1.870988368988036887e+00
-1.016830801963806291e-01
1.891406029462814609e-01
-1.373457163572311401e-01
7.978544235229492188e-01
5.103390216827392578e-01
-2.010347843170166016e+00
-1.174128174781799094e+00
2.589260339736938477e-01
8.401710391044616699e-01
7.900887727737426758e-01
9.684048295021056019e-01
1.532187700271606445e+00
1.737519621849060059e+00
1.886331081390380859e+00
1.899374842643737571e+00
2.259660720825195757e+00
2.157887220382690430e+00
2.537485599517822266e+00
3.231112241744995117e+00
2.581560134887695757e+00
3.722042322158813477e+00
2.466208457946777344e+00
2.344633340835571733e+00
2.666692495346069336e+00
1.766590118408203125e+00
3.052151918411254883e+00
2.644273519515990767e+00
2.737238645553588867e+00
2.642911911010741743e+00
2.039982318878174272e+00
3.197927713394165039e+00
1.628573536872863770e+00
2.283471822738647461e+00
1.460424065589904785e+00
1.246790528297424316e+00
7.365329861640930176e-01
-2.799931168556213032e-02
-1.537776179611682892e-02
-3.360953629016876221e-01
-1.169582962989807129e+00
-2.090638875961304155e+00
-2.815747022628783736e+00
-2.897374629974364790e+00
-2.466753005981445312e+00
-3.169035196304321289e+00
-2.099338531494140625e+00
-3.380058765411376953e+00
-2.413431882858276367e+00
-3.019317865371703657e+00
-1.192444682121276855e+00
-1.809503793716430886e+00
-2.256122112274169922e+00
-2.530449628829956055e+00
-4.937676191329956055e-01
-1.673387289047241211e+00
-1.258340835571289062e+00
-1.394005179405212402e+00
-1.250877737998962402e+00
-1.375504732131958008e+00
-1.124871492385864480e+00
-1.717263162136077881e-01
1.305540800094604492e+00
4.658404886722565252e-01
2.050399631261825562e-01
-4.642829596996306818e-01
5.763893127441406250e-01
7.315369844436645508e-01
1.076015233993530495e+00
2.221337795257568359e+00
2.820027589797973633e+00
1.576771378517150879e+00
1.541958570480346902e+00
2.075967311859130859e+00
2.136978387832641602e+00
1.801371455192565918e+00
2.059852600097655806e+00
2.635574817657470703e+00
2.948189496994018555e+00
2.460236549377441406e+00
2.464374780654907227e+00
3.303422212600708008e+00
2.487280845642089844e+00
1.532993197441100852e+00
8.980879187583923340e-01
1.593252569437026978e-01
-9.788155555725097656e-01
-1.057130455970764160e+00
-2.127288341522216797e+00
-2.930446386337280273e+00
-2.676391839981079102e+00
-3.585772514343261719e+00
-3.670680522918701172e+00
-3.550748109817504883e+00
-3.011439085006713867e+00
-4.067841529846191406e+00
-5.110995769500731534e+00
-3.502390861511230469e+00
-2.519904851913451704e+00
-2.720069408416748047e+00
-3.441444873809814453e+00
-2.212935209274291992e+00
-2.164468050003052202e+00
-1.654595732688903809e+00
-9.082866907119752087e-01
1.886879280209541321e-02
-1.008321419358253618e-01
-4.276814162731170654e-01
-1.283271908760070801e+00
-2.153443813323974609e+00
-1.671126604080200195e+00
-1.610250592231750488e+00
-2.789699077606201172e+00
-2.032083034515380859e+00
-2.556634187698364258e+00
-1.467670440673827903e+00
-1.518442273139953613e+00
-1.232488632202148438e+00
-1.443598270416259766e+00
-1.363087534904479980e+00
-3.046676635742187500e+00
-3.033823490142822266e+00
-2.333673000335693359e+00
-2.585228204727173296e+00
-2.675454854965209961e+00
-4.502914905548096591e+00
-4.858118057250976562e+00
-4.771255016326903409e+00
-4.263064861297606534e+00
-4.156863212585448331e+00
-4.826089859008789062e+00
-3.960446834564208984e+00
-2.345038890838623047e+00
-1.867812275886536089e+00
-1.948134541511536089e+00
-1.783364295959472878e+00
-2.107656478881835938e+00
-2.289406061172485352e+00
-2.893087387084961382e+00
-2.552803039550780806e+00
-3.108075141906738281e+00
-3.334522247314453125e+00
-3.483010530471801758e+00
-3.153421878814697266e+00
-2.122442722320556641e+00
-1.597178101539611816e+00
-1.023607701063155989e-01
5.907550454139710583e-01
3.017874062061310370e-01
2.622562944889069159e-01
8.198465108871459961e-01
3.349592089653015137e-01
1.658083558082580566e+00
-1.371629685163497925e-01
-1.071400523185729980e+00
-5.746279358863830566e-01
-2.299713157117366791e-02
-1.924847960472106934e-01
-1.595033556222915372e-01
-3.393213450908660889e-01
2.539696693420410156e-01
9.631768465042114258e-01
1.621921360492706576e-01
-1.249746322631835938e+00
-2.934403657913208008e+00
-6.388708114624022549e+00
-4.913730144500731534e+00
-3.568745613098144531e+00
-2.035470247268676758e+00
-1.986204981803894043e+00
-1.643370866775512695e+00
-2.806456089019775391e+00
-3.169709444046020508e+00
-4.523987770080566406e+00
-3.215299844741821289e+00
-2.827848434448241743e+00
-2.209161043167114258e+00
-1.756494760513305664e+00
-1.064489364624023438e+00
-9.859030842781068005e-01
-1.205864310264587402e+00
-1.120740294456481934e+00
-1.641243815422058105e+00
-2.878790616989136186e+00
-2.063765525817870650e+00
-2.705625295639038086e+00
-4.621602892875671942e-01
7.874090671539306641e-01
1.777346372604369895e+00
1.678542017936706321e+00
2.476984977722167969e+00
2.138010025024414062e+00
1.894219875335693137e+00
7.992557883262634277e-01
-4.874103069305420477e-01
-1.869284033775329590e+00
-3.783162117004394531e+00
-3.529630422592163086e+00
-3.363749742507934570e+00
-6.049870014190673828e+00
-5.687592506408691406e+00
-5.790475845336914062e+00
-6.580946445465087891e+00
-7.401639461517333984e+00
-8.253668785095214844e+00
-7.149355888366699219e+00
-7.232882976531982422e+00
-6.703366279602050781e+00
-6.956468105316162109e+00
-8.050932884216308594e+00
-8.501689910888673651e+00
-9.605536460876463067e+00
-9.557909965515136719e+00
-9.536448478698730469e+00
-9.490459442138671875e+00
-8.049447059631347656e+00
-5.042644023895263672e+00
-3.777551651000977007e+00
-2.143436193466186523e+00
-1.293493866920471191e+00
3.759981989860535223e-01
1.202328562736511230e+00
6.960626244544982910e-01
4.304708838462829590e-01
-7.134882211685180664e-01
-2.687824726104736328e+00
-3.958774805068969727e+00
-5.863365650177002841e+00
-4.893524169921875000e+00
-5.050124645233153409e+00
-5.505212306976318359e+00
-3.116919517517089844e+00
-1.339210748672485352e+00
7.546941637992858887e-01
1.707285165786743164e+00
9.450310468673706055e-01
-1.122059583663940430e+00
-2.082827091217041016e+00
-3.463312625885009766e+00
-3.869501829147338867e+00
-6.346435546875000000e+00
-7.417600631713867188e+00
-7.685582637786865234e+00
-9.009160041809082031e+00
-1.056345558166503906e+01
-1.178366088867187500e+01
-1.327284526824951172e+01
-1.277045631408691406e+01
-1.259425735473632812e+01
-1.362558937072753906e+01
-1.226604747772216797e+01
-1.314252281188964844e+01
-1.334246444702148438e+01
-1.338573551177978516e+01
-1.369174289703369318e+01
-1.470500659942626953e+01
-1.469820880889892578e+01
-1.274475765228271484e+01
-1.307179164886474432e+01
-1.123465061187743963e+01
-9.474967002868652344e+00
-7.743797779083252841e+00
-6.851954460144042969e+00
-7.029246807098388672e+00
-5.227525234222412109e+00
-3.470790624618530273e+00
-5.380170941352844238e-01
2.921540975570678711e+00
4.680483341217041016e+00
7.061720848083496094e+00
7.604325294494628906e+00
1.033492374420166016e+01
1.226934814453125000e+01
1.194948673248291016e+01
1.131333732604980469e+01
1.168308544158935547e+01
1.033419418334960938e+01
8.326708793640138495e+00
6.712551116943358487e+00
5.703029155731201172e+00
5.604372024536132812e+00
3.675276041030883789e+00
3.988209724426269531e+00
4.345525503158568781e-01
-4.166126847267150879e-01
-1.008019208908080833e+00
-1.795542478561401367e+00
-2.965037584304809570e+00
-4.800406455993652344e+00
-4.099319458007812500e+00
-3.528121232986450195e+00
-3.906303644180298296e+00
-1.483956813812256081e+00
-3.172124549746513367e-02
1.844659328460693137e+00
2.229526758193969727e+00
2.733556032180786133e+00
1.821955323219299538e+00
7.008612751960754395e-01
3.711701333522797186e-01
2.128701955080032626e-01
1.745783090591430886e+00
2.778844535350800116e-01
4.872467815876007080e-01
1.218557596206665039e+00
1.665911912918090820e+00
-4.247061610221862793e-01
-2.278694808483124057e-01
2.313331365585326871e-01
1.422129988670349121e+00
1.984702825546264870e+00
1.863861560821532759e+00
3.408441543579101562e+00
2.910289764404296875e+00
2.670301437377929688e+00
2.154006719589233398e+00
1.722875356674194336e+00
2.080236673355102539e+00
2.062862873077392578e+00
1.488505721092223899e+00
1.381441473960876465e+00
3.511042118072509766e+00
3.313968181610107422e+00
2.999697208404541016e+00
2.745177030563354492e+00
3.349854469299316406e+00
4.420860290527343750e+00
4.418435096740722656e+00
4.852962970733643466e+00
5.688365459442138672e+00
6.488574504852294922e+00
5.950427055358887607e+00
6.528507709503173828e+00
6.382014274597167969e+00
4.393398761749268466e+00
3.140753746032714844e+00
1.451681733131408691e+00
2.407600164413451704e+00
2.051109313964844194e+00
1.214584827423095703e+00
6.910558342933654785e-01
1.458307504653930886e+00
-3.821112215518951971e-01
-2.099733591079711914e+00
-2.161960363388061079e+00
-3.290013790130615234e+00
-4.287623882293701172e+00
-4.848183155059815341e+00
-5.468087196350097656e+00
-7.385563850402832031e+00
-9.568065643310546875e+00
-8.727548599243164062e+00
-8.149506568908691406e+00
-7.638066768646240234e+00
-4.989749431610106534e+00
-2.822812557220458984e+00
-4.108006954193115234e+00
-5.046993732452393466e+00
-4.405483722686768466e+00
-4.797995567321777344e+00
-3.813513278961181641e+00
-3.476695060729980469e+00
-2.000527381896972656e+00
-1.250279903411865234e+00
-7.027630209922789417e-01
6.216031908988952637e-01
1.821967124938964844e+00
1.686446815729141235e-01
-1.320886135101318359e+00
-6.943888664245605469e-01
-2.662492990493774414e+00
-3.945032358169556108e+00
-3.750819444656372070e+00
-4.638304710388183594e+00
-5.497793674468994141e+00
-5.717877388000487393e+00
-6.488278865814208984e+00
-7.362587928771972656e+00
-7.913384437561035156e+00
-8.454834938049316406e+00
-5.837992191314697266e+00
-3.767460823059082031e+00
-1.380149126052856445e+00
1.992766499519347922e+00
4.808809757232666016e+00
6.290099620819092685e+00
8.078712463378906250e+00
9.351611137390136719e+00
7.967809677124022549e+00
5.873157978057861328e+00
6.510242938995361328e+00
4.669329166412353516e+00
4.096387863159180576e+00
2.057855129241943803e+00
4.571431875228881836e-01
-1.382178068161010742e+00
-2.237527132034301758e+00
-3.449836969375610352e+00
-3.213232040405272993e+00
-3.614944934844970259e+00
-3.247486829757690430e+00
-3.007833480834961382e+00
-4.051328659057616299e+00
-6.136772155761718750e+00
-5.468889713287353516e+00
-4.132647037506104404e+00
-1.201930999755859375e+00
-1.076849341392517090e+00
-1.595711231231689675e+00
7.580754756927490234e-01
1.842687010765075906e+00
3.589864253997802734e+00
3.090682983398437056e+00
3.635622024536133257e+00
3.416814804077148438e+00
3.666303396224976030e+00
1.424669027328491211e+00
3.852796792984008789e+00
4.995719432830810547e+00
5.190798759460449219e+00
6.227222919464111328e+00
7.174295425415039062e+00
6.257426261901856357e+00
4.543170928955078125e+00
5.991507530212402344e+00
7.388944149017333984e+00
9.375501632690429688e+00
9.898900985717773438e+00
1.053601741790771662e+01
9.020982742309570312e+00
8.373328208923339844e+00
6.853812694549560547e+00
5.391304969787597656e+00
2.739151239395141602e+00
1.820850968360900879e+00
4.516340255737304688e+00
6.272358417510986328e+00
8.846674919128417969e+00
8.262863159179687500e+00
4.534802913665772373e+00
3.753903388977051225e+00
2.191625356674194336e+00
8.952224254608154297e-01
-1.181623697280883789e+00
-4.372107505798339844e+00
-5.501274108886718750e+00
-5.871029376983642578e+00
-5.964403152465820312e+00
-5.766311645507812500e+00
-4.988706588745117188e+00
-5.020302772521972656e+00
-6.181962013244628906e+00
-6.855109214782714844e+00
-5.578534126281738281e+00
-6.455153942108153409e+00
-7.327341556549072266e+00
-1.056532955169677557e+01
-1.346083259582519531e+01
-1.557332706451416016e+01
-1.773253631591796875e+01
-1.820482826232910156e+01
-1.725679588317871094e+01
-1.969848442077636719e+01
-2.119819068908691406e+01
-1.910157966613769176e+01
-1.770496559143066406e+01
-1.391439342498779297e+01
-1.186546134948730469e+01
-1.049621677398681641e+01
-1.137206840515136719e+01
-8.936123847961425781e+00
-8.787878990173339844e+00
-7.972724914550781250e+00
-5.730899810791016513e+00
-4.100640773773193359e+00
-7.189326882362365723e-01
1.038172006607055664e+00
6.051156044006347656e+00
6.202288627624512607e+00
8.503209114074707031e+00
8.779601097106933594e+00
8.712166786193847656e+00
7.181364059448242188e+00
4.182875633239746094e+00
2.428840875625610352e+00
2.788517951965332031e+00
2.631440162658691406e+00
3.293463230133056641e+00
3.390156984329224077e+00
3.398358583450317383e+00
4.299135684967041016e+00
5.333456039428710938e+00
6.475390434265137607e+00
6.170242786407471591e+00
4.772103786468505859e+00
3.317347049713134766e+00
4.954902172088623047e+00
4.610518932342528409e+00
4.000528335571288174e+00
2.880176305770873579e+00
3.192195177078247070e+00
3.128577947616576704e+00
3.755730867385863814e+00
2.160783290863036665e+00
9.118163585662841797e-01
-1.707443356513976829e+00
-2.221567869186401367e+00
-2.641034841537476030e+00
-3.114654541015625000e+00
-4.956820011138916016e+00
-6.384754657745361328e+00
-8.662477493286132812e+00
-9.014097213745117188e+00
-1.001783370971679688e+01
-8.821186065673828125e+00
-8.821744918823242188e+00
-7.571135520935058594e+00
-8.410132408142089844e+00
-8.566305160522460938e+00
-7.646983146667479581e+00
-7.367074966430664062e+00
-4.561893939971923828e+00
-3.714908838272095171e+00
-2.784110784530640093e+00
-1.647982150316238403e-01
5.238504409790039062e-01
2.600427150726318359e+00
4.965272903442382812e+00
4.669082641601562500e+00
4.531079769134521484e+00
1.408192992210388184e+00
1.653089642524719238e+00
-1.535648703575134499e+00
-1.045644044876098633e+00
-3.652282953262328657e+00
-4.852603435516356534e+00
-6.278501987457275391e+00
-7.525685787200927734e+00
-9.747348785400390625e+00
-1.106226348876953303e+01
-1.114429473876953303e+01
-1.122124481201172053e+01
-1.024219512939453303e+01
-9.622262001037597656e+00
-8.863395690917968750e+00
-6.310355186462402344e+00
-4.550437450408936435e+00
-3.128006935119628906e+00
-2.351907253265380859e+00
-9.587700366973875843e-01
-1.912196129560470581e-01
2.261551141738892046e+00
1.715124726295471191e+00
9.729282855987547718e-01
2.442295104265213013e-01
-1.132354140281677246e-02
-5.941136479377746582e-01
-8.535889387130737305e-01
-1.534449577331543191e+00
-2.427472591400146484e+00
-3.180317401885986328e+00
-3.495516061782836914e+00
-3.031905651092529297e+00
-3.618350028991698775e+00
-3.609123706817626953e+00
-3.008260965347290039e+00
-2.924605369567871094e+00
-3.322015285491943803e+00
-2.502057313919067383e+00
-2.411870718002319780e+00
-1.976341843605041282e+00
-2.699160337448120117e+00
-2.013987064361572266e+00
-4.281283378601073331e+00
-5.930238246917724609e+00
-6.911408424377441406e+00
-7.434320926666259766e+00
-6.206034183502197266e+00
-4.049514770507812500e+00
-1.452225804328918457e+00
-2.798827171325684038e+00
-4.126645088195801669e+00
-6.289374351501464844e+00
-6.241259098052978516e+00
-8.122066497802732599e+00
-8.421798706054687500e+00
-9.298604011535644531e+00
-1.225409221649169922e+01
-1.312125015258789062e+01
-1.508135604858398438e+01
-1.634687042236327770e+01
-1.847073364257812500e+01
-1.927128601074218750e+01
-2.098581314086914062e+01
-2.284244537353515980e+01
-2.091605949401855469e+01
-1.875246429443359375e+01
-1.564784526824951172e+01
-1.364045238494873047e+01
-9.534525871276855469e+00
-8.982840538024902344e+00
-9.332522392272949219e+00
-6.526015281677246094e+00
-6.681968212127685547e+00
-4.052708625793457031e+00
-4.039373874664306641e+00
-4.085534572601318359e+00
-3.193601846694946289e+00
-1.218355298042297363e+00
2.059843063354491743e+00
5.817591667175292969e+00
5.431072711944580078e+00
7.170077800750732422e+00
7.923437118530272549e+00
8.480707168579103339e+00
7.099229812622070312e+00
7.038471698760986328e+00
7.267493724822997159e+00
9.849711418151855469e+00
1.290492630004882812e+01
1.435876178741455078e+01
1.731131362915039062e+01
1.837766265869140625e+01
1.760023307800292969e+01
1.841576766967773438e+01
1.843447303771972656e+01
1.948593330383300781e+01
2.107718658447265625e+01
2.276485443115234375e+01
2.524935722351074574e+01
3.058221817016601562e+01
2.890734291076660156e+01
2.945134735107421875e+01
2.853380775451660156e+01
2.649989509582519531e+01
2.495851898193359375e+01
2.383860969543457031e+01
2.237834358215332031e+01
2.141523361206054688e+01
2.054963302612304688e+01
2.042683792114257457e+01
2.041393852233886719e+01
2.194867897033691406e+01
2.147318077087402344e+01
2.376694107055664062e+01
2.206566810607910156e+01
2.219180297851562500e+01
2.218207740783691406e+01
2.073251152038574574e+01
2.022324371337890625e+01
1.815117835998535156e+01
1.564393424987792969e+01
1.350555706024169922e+01
1.071716880798339844e+01
1.011405372619628729e+01
8.191453933715820312e+00
7.507791519165039062e+00
7.348051548004150391e+00
6.508777141571044922e+00
7.080136775970458984e+00
5.978373527526856357e+00
2.506397008895874023e+00
1.629063934087753296e-01
-1.839557647705077903e+00
-2.543939590454101562e+00
-4.261536121368408203e+00
-5.663137912750244141e+00
-4.905612945556641513e+00
-4.774137496948242188e+00
-5.268902778625488281e+00
-6.534183502197266513e+00
-6.827714920043945312e+00
-6.222815036773682529e+00
-6.442232131958007812e+00
-6.871907711029052734e+00
-6.100296974182128906e+00
-6.318666934967041016e+00
-7.789619922637939453e+00
-9.922348976135253906e+00
-9.636185646057127130e+00
-1.008434104919433594e+01
-1.110243320465088068e+01
-1.318572330474853516e+01
-1.519769859313964844e+01
-1.451057338714599432e+01
-1.342109489440917969e+01
-1.351063251495361328e+01
-1.303829479217529297e+01
-9.914553642272949219e+00
-8.596459388732910156e+00
-7.441559791564941406e+00
-3.922253608703612837e+00
-8.521032929420471191e-01
1.963145136833190918e-01
8.014549612998962402e-01
9.079847335815429688e-01
-4.001624286174774170e-01
-7.674184441566467285e-01
-1.576047062873840332e+00
-2.280521392822265625e+00
-2.492779970169067383e+00
-1.962704777717590332e+00
-2.002704858779907227e+00
-3.517406940460205078e+00
-4.997303485870361328e+00
-4.629527568817138672e+00
-3.639116764068603960e+00
-2.666450500488280806e+00
-2.886844873428344727e+00
-3.751616239547729492e+00
-3.020060300827026367e+00
-2.168461561203003374e+00
-3.733942508697510321e-01
-1.074888586997985840e+00
-1.598357677459716797e+00
-2.677644968032836914e+00
-9.582594037055968128e-01
-2.627395153045654297e+00
-3.511226892471313032e+00
-2.637218713760375977e+00
-3.716038465499877930e+00
-4.274604797363281250e+00
-4.011732578277587891e+00
-4.256540775299071377e+00
-5.388381004333496094e+00
-4.756745338439941406e+00
-5.102042198181152344e+00
-5.121171951293945312e+00
-6.315458297729492188e+00
-5.695231914520263672e+00
-5.724627494812012607e+00
-5.422291755676269531e+00
-6.280642032623291016e+00
-6.962462425231933594e+00
-7.291449546813964844e+00
-6.775496006011962891e+00
-6.254953861236572266e+00
-5.800001144409179688e+00
-7.009659767150878906e+00
-7.853313922882080078e+00
-6.139104843139647549e+00
-4.730605125427246094e+00
-4.920236587524414062e+00
-2.941796779632568359e+00
-3.569445848464966264e+00
-2.434977531433105025e+00
-2.045458793640136719e+00
-4.245053827762603760e-01
8.425368666648864746e-01
2.842216968536376953e+00
3.591336250305176225e+00
4.592499732971191406e+00
6.159986495971679688e+00
6.877160072326660156e+00
7.763949394226074219e+00
9.317441940307617188e+00
9.764043807983398438e+00
9.059823036193847656e+00
9.600035667419433594e+00
8.598322868347167969e+00
7.347120761871337891e+00
7.914245605468750000e+00
6.902960777282714844e+00
6.936368942260742188e+00
6.714374065399169922e+00
6.817932605743407315e+00
7.189397811889647549e+00
6.594784259796142578e+00
5.726550102233887607e+00
6.110277175903320312e+00
5.719543457031250000e+00
5.063886642456054688e+00
4.529246330261231357e+00
5.088289737701416016e+00
5.291846752166748047e+00
5.387746810913085938e+00
2.698761940002441406e+00
2.680467605590820312e+00
3.138249158859252930e+00
2.564935207366943803e+00
2.794295310974121094e+00
2.881914138793945312e+00
1.890911012887954712e-01
-1.089154958724975586e+00
-2.096406936645508257e+00
-3.289300441741943803e+00
-5.152402400970458984e+00
-4.804107189178466797e+00
-6.189357757568358487e+00
-6.572553634643554688e+00
-6.835736274719237393e+00
-7.551389694213867188e+00
-7.224805355072020596e+00
-8.987360000610351562e+00
-7.994370937347412109e+00
-8.280483245849611151e+00
-9.584214210510253906e+00
-1.009067249298095703e+01
-9.945489883422851562e+00
-1.012641429901123047e+01
-1.055500411987304688e+01
-1.072248744964599609e+01
-1.092410659790039062e+01
-1.307122039794922053e+01
-1.438421821594238459e+01
-1.389847183227539062e+01
-1.363012886047363281e+01
-1.426937675476074219e+01
-1.439614391326904475e+01
-1.407965755462646484e+01
-1.561704635620117188e+01
-1.529518795013427557e+01
-1.551972866058349432e+01
-1.543460941314697266e+01
-1.605207633972167969e+01
-1.593659782409667969e+01
-1.622485923767090199e+01
-1.552691268920898438e+01
-1.559228515625000000e+01
-1.609895896911621094e+01
-1.529945945739746094e+01
-1.383378124237060547e+01
-1.405745792388916016e+01
-1.435459804534911932e+01
-1.401957035064697266e+01
-1.367510795593261541e+01
-1.303938484191894531e+01
-1.132684421539306463e+01
-1.097854709625243963e+01
-1.015069103240966797e+01
-1.048604202270507812e+01
-1.011935710906982422e+01
-1.007479381561279297e+01
-7.258957386016846591e+00
-6.466076374053955078e+00
-6.707518577575683594e+00
-5.211191177368164062e+00
-5.239453792572021484e+00
-3.853594303131103960e+00
-3.217278718948364258e+00
-1.817760825157165305e+00
-1.194515943527221680e+00
-5.253856778144836426e-01
-3.464384078979492188e-01
2.910579741001129150e-01
1.426635861396789551e+00
8.273825049400329590e-01
4.192780256271361750e-01
1.555527567863464355e+00
1.693861365318298340e+00
2.226268768310546875e+00
3.576943635940552202e+00
2.492096900939941406e+00
3.174614429473876953e+00
3.089218616485596147e+00
4.087034225463866299e+00
4.268298625946044922e+00
5.233222484588623047e+00
5.582023620605468750e+00
4.001721858978272373e+00
4.318271636962891513e+00
5.470225811004638672e+00
4.519284248352050781e+00
4.330002784729003906e+00
4.439374923706054688e+00
4.202765941619873047e+00
4.802430629730224609e+00
4.477550029754638672e+00
4.440048217773437500e+00
3.460455656051636186e+00
3.224386930465698242e+00
1.423759460449218750e+00
8.756116628646850586e-01
3.266341388225555420e-01
1.769993424415588379e+00
2.618636846542358398e+00
2.792593955993652344e+00
2.794866800308227539e+00
1.560253024101257102e+00
9.899384975433349609e-01
5.895714759826660156e-01
-1.066501021385192871e+00
1.224351078271865706e-01
-3.213592171669006348e-01
-3.224708735942841131e-01
1.458925306797027588e-01
-2.263631969690322876e-01
-1.910909712314605435e-01
-4.888920485973358154e-01
4.723570048809052069e-01
1.198446869850158691e+00
1.296471714973449707e+00
1.723338723182678223e+00
2.852147579193115234e+00
2.165586471557616743e+00
1.012192010879516602e+00
3.488032102584838867e+00
3.297578334808349609e+00
2.525415658950805664e+00
1.891737699508666992e+00
2.175555229187012163e+00
2.351265430450439453e+00
7.886393666267395020e-01
1.259070336818695068e-01
-1.579616546630859375e+00
-1.416376709938049094e+00
-2.835144519805908203e+00
-4.152815818786621094e+00
-4.092675209045410156e+00
-3.747818708419799805e+00
-4.471949100494384766e+00
-2.493871450424194336e+00
-3.997740507125855380e+00
-3.598495721817016602e+00
-3.390560865402221680e+00
-2.519335031509399414e+00
-2.734762191772460938e+00
-2.712157726287841797e+00
-3.502160787582397017e+00
-2.874005079269408736e+00
-3.762563228607177734e+00
-2.996814012527466264e+00
-3.498370170593261719e+00
-3.751042842864990234e+00
-3.422513961791991743e+00
-3.510974407196044922e+00
-3.935595512390136719e+00
-2.716339588165283203e+00
-4.187036037445068359e+00
-4.492700576782226562e+00
-3.737187147140502930e+00
-5.089458465576171875e+00
-4.174146652221680576e+00
-4.240172863006591797e+00
-2.162861585617064986e+00
8.941080570220947266e-01
2.033166885375976840e-01
4.518254101276398260e-01
-9.051955491304397583e-02
2.381730228662491122e-01
3.761407136917114258e-01
-1.714633345603942871e+00
-1.435024499893188477e+00
-1.793351531028747559e+00
-1.284127950668334961e+00
3.610829710960388184e-01
1.529067993164062500e+00
1.733952045440673828e+00
2.259138822555541992e+00
2.495847225189208984e+00
2.829025983810424805e+00
4.032211780548096591e+00
4.595713615417480469e+00
3.605196475982666016e+00
4.119413852691649502e+00
3.511235952377319780e+00
4.287275314331055576e+00
5.905611991882324219e+00
6.821235179901122159e+00
6.964348316192627841e+00
6.460959434509277344e+00
4.832856655120849609e+00
6.264201164245605469e+00
6.196020603179932529e+00
7.110220432281494141e+00
7.275389194488525391e+00
7.382857799530028409e+00
7.793106555938721591e+00
7.137504577636718750e+00
6.605118751525878906e+00
6.132795333862304688e+00
6.457593441009521484e+00
7.446602821350097656e+00
7.379289627075195312e+00
8.414515495300292969e+00
7.999224185943603516e+00
9.302071571350097656e+00
8.965270042419433594e+00
7.400455474853516513e+00
7.351329803466797763e+00
8.305768966674804688e+00
8.833747863769531250e+00
1.015492057800292969e+01
8.782505035400388849e+00
1.150650119781493963e+01
1.104471397399902344e+01
9.711194038391113281e+00
1.035069656372070312e+01
1.257674026489257812e+01
1.141928768157958984e+01
1.094536590576172053e+01
8.122766494750978339e+00
6.880464553833007812e+00
6.017044544219971591e+00
5.929897785186767578e+00
7.185951232910156250e+00
9.023993492126463067e+00
8.082591056823730469e+00
6.128662109375000000e+00
7.101192951202392578e+00
6.882719516754150391e+00
7.582931995391846591e+00
5.360295295715332031e+00
2.730443954467772993e+00
1.667184829711914062e+00
2.681179046630859819e+00
2.886074066162109375e+00
2.525676012039185014e+00
1.725368261337280495e+00
-1.653475500643252979e-02
4.151698201894760132e-03
4.021358013153076172e+00
2.796533107757568359e+00
1.780530214309692383e+00
1.607875943183899148e+00
-1.009722232818603516e+00
-2.432830333709716797e+00
-4.145828723907471591e+00
-5.662875175476074219e+00
-8.454552650451660156e+00
-8.774593353271482599e+00
-6.521801948547362393e+00
-7.071033477783202237e+00
-7.205394744873047763e+00
-8.355346679687500000e+00
-8.553836822509767401e+00
-1.083501338958740234e+01
-1.297400474548339844e+01
-1.096449661254882812e+01
-9.333020210266113281e+00
-8.565595626831054688e+00
-9.459884643554687500e+00
-1.046595287322998047e+01
-9.234054565429687500e+00
-7.538551330566406250e+00
-6.468340396881104404e+00
-5.706445693969727451e+00
-5.518890380859375000e+00
-4.205358505249022549e+00
-4.114080905914306641e+00
-5.559151649475097656e+00
-4.758016109466552734e+00
-7.069056510925292969e+00
-6.032526016235352451e+00
-3.702059745788573775e+00
-3.232543945312500000e+00
-3.904386520385741743e+00
-2.383621692657470703e+00
-3.126935958862304688e+00
-4.818995952606201172e+00
-4.784510135650634766e+00
-8.834219932556152344e+00
-1.459127521514892578e+01
-1.564580726623535156e+01
-1.563120746612548828e+01
-1.536136817932128729e+01
-1.428556156158447266e+01
-1.389966487884521484e+01
-8.371082305908201349e+00
-2.319908618927001953e+00
1.989223718643188477e+00
3.942959547042847124e+00
5.562810897827148438e+00
4.949402809143066406e+00
9.900043487548828125e+00
1.502107524871826172e+01
1.997023963928222656e+01
2.198452568054199219e+01
1.704006004333496094e+01
1.288943386077880682e+01
1.243208122253417969e+01
1.403210067749023438e+01
1.295821285247802734e+01
8.486857414245605469e+00
7.455461978912353516e+00
9.112947463989257812e+00
9.387248039245603692e+00
8.930995941162109375e+00
1.194669342041015447e+01
1.605343627929687500e+01
1.914358329772948863e+01
2.044905853271484375e+01
2.097172355651855469e+01
1.781953430175781250e+01
1.643855667114257812e+01
1.383663177490234553e+01
1.175581741333007812e+01
1.329466629028320490e+01
1.422696304321289062e+01
1.245599460601806463e+01
1.082470512390136719e+01
1.086917877197265625e+01
1.082153797149658203e+01
1.129422855377197266e+01
1.288861370086669922e+01
1.482907009124756037e+01
1.438469505310058594e+01
1.037975025177001953e+01
7.253753185272217685e+00
4.986303806304931641e+00
3.180639743804932085e+00
-6.964509189128875732e-02
2.682223081588745117e+00
2.499941825866699219e+00
-1.780343413352966309e+00
-4.722937107086181641e+00
-3.747956991195679155e+00
-7.973089814186096191e-02
2.245761871337890181e+00
3.093188524246216264e+00
6.584218502044677734e+00
1.106906318664550781e+01
1.344928646087646484e+01
1.443288230895996094e+01
1.301216506958007812e+01
9.560511589050292969e+00
8.457911491394042969e+00
8.528711318969728339e+00
8.294213294982910156e+00
5.787035942077637607e+00
4.698627948760986328e+00
2.958483457565308061e+00
7.718889713287353516e-01
1.172558307647705078e+00
2.964482545852661133e+00
9.328453063964843750e+00
1.450855541229248047e+01
1.602519226074218750e+01
1.733772087097167969e+01
1.791729164123535156e+01
1.646630287170409801e+01
1.511644458770751953e+01
1.520906925201416016e+01
1.174882602691650568e+01
1.299773311614990234e+01
1.641565132141113281e+01
1.831681060791015980e+01
1.661590003967284801e+01
1.603764152526855469e+01
1.540790557861327947e+01
1.629187583923340199e+01
1.758193206787109730e+01
1.421963024139404475e+01
1.060041236877441406e+01
9.245591163635253906e+00
6.317961692810058594e+00
1.590247154235839844e+00
7.033647894859313965e-01
-1.469219803810119629e+00
-1.171887159347534180e+00
1.108517169952392578e+00
5.631938457489013672e+00
1.016276073455810369e+01
1.259446907043457031e+01
1.303221797943115234e+01
1.072900104522705078e+01
6.867582321166992188e+00
2.567414045333862305e+00
-3.062536001205444336e+00
-1.352324128150939941e+00
-3.037886619567871094e+00
-7.043929100036621094e+00
-5.980044364929199219e+00
-4.006889343261718750e+00
-1.799895167350769043e+00
-4.294229984283446377e+00
-6.322948932647705078e+00
-6.211392879486083984e+00
-2.939851522445678711e+00
-2.696164608001708984e+00
-2.783713340759277344e+00
-3.088931322097778320e+00
-5.576847553253173828e+00
-6.387317180633544922e+00
-6.570776939392089844e+00
-8.920532226562500000e+00
-8.726438522338867188e+00
-8.385804176330566406e+00
-5.267666339874268466e+00
-3.109424352645873579e+00
2.263841152191162109e+00
4.102341175079346591e+00
3.769465446472167969e+00
4.541605949401856357e+00
1.267183661460876465e+00
-1.307210206985473633e+00
-4.113855361938477451e+00
-1.592439651489257812e+00
5.251658439636231357e+00
1.052723312377929688e+01
1.056572914123535156e+01
7.999665737152099609e+00
5.517577648162841797e+00
6.721365928649902344e+00
4.426028251647949219e+00
4.455604553222656250e+00
4.666991233825683594e+00
9.336381912231443536e+00
9.025710105895996094e+00
8.511180877685548651e+00
9.016094207763671875e+00
9.761580467224119317e+00
8.616185188293457031e+00
5.274067878723144531e+00
5.446174144744873047e+00
5.810763835906982422e+00
4.893957138061523438e+00
1.744424462318420410e+00
6.078253388404846191e-01
7.055552005767822266e-01
2.822324991226196289e+00
-1.457483172416686790e+00
-3.947145938873291016e+00
-3.896753311157226562e+00
-4.939210414886474609e+00
-3.076483726501464844e+00
2.208394557237625122e-01
-7.690227627754211426e-01
5.478094220161437988e-01
-2.601997375488280806e+00
-6.939749240875244141e+00
-4.998438358306884766e+00
-2.969452381134033203e+00
-3.162540435791016069e+00
-2.182384252548217773e+00
1.863483667373656782e+00
3.721684932708739790e+00
6.223577976226807529e+00
8.055216789245605469e+00
1.075728893280029297e+01
1.084119319915771662e+01
1.029382228851318359e+01
7.977666854858397549e+00
6.570234298706054688e+00
7.451627254486083984e+00
5.762369632720947266e+00
4.594325065612792969e+00
1.720547437667846902e+00
1.192881017923355241e-01
3.270681202411652166e-01
1.663819670677185059e+00
9.699343442916870117e-01
2.770537137985229048e+00
3.920431137084961382e+00
3.696844577789306197e+00
-4.809028208255767822e-01
-5.151832580566406250e+00
-5.209451198577880859e+00
-3.742966890335083008e+00
-1.203725695610046387e+00
2.650125980377197266e+00
4.943969249725341797e+00
9.155297279357910156e+00
6.985817909240722656e+00
4.184006214141846591e+00
2.667668342590332031e+00
2.262576103210449219e+00
4.450267255306243896e-01
-4.547750473022460938e+00
-7.287349700927733487e+00
-1.142172336578369318e+01
-1.757410621643066406e+01
-1.890788841247558594e+01
-2.095857620239257457e+01
-1.768275451660156250e+01
-1.840346145629882812e+01
-1.813848876953125000e+01
-1.892884254455566406e+01
-2.094562339782714844e+01
-2.327279853820801137e+01
-2.227679824829101562e+01
-2.248609352111816406e+01
-2.259159278869628906e+01
-2.299948120117187500e+01
-2.340577888488769176e+01
-2.425794029235839844e+01
-2.312582778930664062e+01
-2.349113464355469105e+01
-2.031445503234863637e+01
-1.722077178955077770e+01
-1.766807556152343750e+01
-1.785485649108886719e+01
-1.774139595031738637e+01
-1.636027908325195312e+01
-1.584792518615722656e+01
-1.520010757446289062e+01
-1.377711105346679510e+01
-1.139123821258544922e+01
-1.044743824005126953e+01
-7.351194858551025391e+00
-6.487860679626464844e+00
-5.858221530914307529e+00
-5.102099418640136719e+00
-6.236651897430419922e+00
-6.045696735382080078e+00
-4.993581295013427734e+00
-3.905294179916381836e+00
-3.231696367263793945e+00
-2.771339893341064453e+00
-2.589685201644897017e+00
-2.542569875717163086e+00
-9.277378916740416370e-01
1.300959289073944092e-01
5.453789830207824707e-01
4.868170022964478094e-01
2.009173870086669922e+00
1.656354069709777832e-01
2.081071883440017423e-01
2.262158632278442383e+00
1.820957183837890403e+00
1.344185709953307883e+00
3.699467182159423828e+00
3.823384523391724077e+00
3.206183671951293945e+00
5.140860080718994141e+00
3.720790386199951172e+00
2.978603363037109375e+00
4.474925518035888672e+00
3.880303621292113814e+00
3.944953918457031250e+00
4.638154029846191406e+00
4.107186794281006748e+00
3.907149314880371094e+00
5.068242549896240234e+00
5.416657924652099609e+00
5.783146858215332031e+00
5.286258220672606534e+00
5.079107284545898438e+00
3.266893386840820312e+00
3.818841218948363814e+00
4.762518882751464844e+00
3.217433691024780273e+00
3.848219633102416992e+00
4.242158889770508701e+00
3.687620162963866743e+00
3.173475742340087891e+00
4.869833946228027344e+00
4.664616107940673828e+00
4.647749423980712891e+00
4.886245727539063388e+00
5.842568874359130859e+00
5.164021968841552734e+00
4.118896484375000000e+00
4.159595966339111328e+00
4.122704982757568359e+00
3.731655120849609819e+00
4.664025306701660156e+00
4.244782447814941406e+00
2.864473342895508257e+00
3.039750099182128906e+00
2.867597818374633789e+00
3.280881166458129883e+00
2.552649259567260742e+00
2.870297670364379883e+00
3.707991123199462891e+00
2.962384223937988281e+00
4.145501136779785156e+00
4.333251953125000000e+00
2.898129224777221680e+00
3.698018550872802290e+00
3.170362949371337891e+00
3.640105962753296343e+00
2.763392448425292969e+00
3.963112592697143999e+00
2.127425193786620650e+00
1.791209459304809570e+00
1.186194181442260742e+00
6.790484786033629261e-01
1.970131278038024902e+00
2.355104684829711914e+00
2.294774532318115234e+00
2.471430778503417969e+00
1.776871919631958008e+00
3.718889951705932617e+00
2.102179288864136186e+00
2.539819955825805664e+00
3.505133152008056641e+00
2.393961668014526367e+00
2.608619928359985352e+00
1.631746053695678711e+00
1.584912657737731934e+00
1.133426904678344727e+00
1.770370125770568848e+00
1.403287649154663086e+00
1.522443413734436035e+00
1.481984138488769531e+00
2.009922266006469727e+00
2.143491029739379883e+00
1.879125714302063210e+00
5.290457606315612793e-01
1.471345186233520508e+00
1.962378740310668945e+00
1.576477408409118874e+00
5.265529751777648926e-01
1.589517593383789062e+00
1.137788414955139160e+00
1.008281946182250977e+00
3.651552200317382812e-01
1.614317059516906738e+00
2.758120298385620117e-01
9.765670895576475941e-01
7.106204032897949219e-01
1.283728003501892090e+00
6.706874370574951172e-01
8.219586014747620739e-01
1.492158919572830200e-01
2.086352705955505371e-01
-1.121420145034790039e+00
-5.600037574768066406e-01
-1.627284437417984009e-01
8.676043748855590820e-01
9.515774250030517578e-02
3.030981123447418213e-01
8.523074984550476074e-01
1.565060913562774658e-01
3.801451027393341064e-01
-1.604964613914489524e+00
-9.858778119087220349e-01
-7.092604041099548340e-01
-1.244018673896789551e+00
-1.391645669937133789e+00
-6.512626409530639648e-01
2.060390859842300415e-01
-8.349159359931945801e-01
-6.921699643135070801e-01
-4.112706184387207031e-01
-4.603488147258759100e-01
-2.273672521114349088e-01
-2.763379812240601141e-01
-1.996692180633544922e+00
-4.527694880962371826e-01
2.609237432479858398e-01
-2.873541712760924738e-01
4.238699376583098810e-01
2.477003484964371005e-01
2.159577310085296631e-01
-9.422310441732408004e-02
-5.869768261909484863e-01
-6.971551775932312012e-01
-6.149033829569816589e-02
9.325729608535767712e-01
6.187341809272766113e-01
-5.844842791557312012e-01
-6.648060083389282227e-01
-8.783302903175354004e-01
-1.113934516906738503e+00
-4.744186997413635254e-01
-1.093222573399543762e-01
-5.259786918759346008e-02
-7.545524239540100098e-01
-5.354674458503723145e-01
-9.016749262809752308e-01
-8.699368238449096680e-01
-1.264718770980834961e+00
-1.478185176849365234e+00
-1.321347355842590332e+00
-1.607295989990234375e+00
-2.216628313064575195e+00
-1.507490873336791992e+00
-1.145250320434570312e+00
-7.123085260391235352e-01
-4.559721052646636963e-01
-1.302107214927673118e+00
-6.501767039299011230e-02
5.173957943916320801e-01
4.160739183425902765e-01
7.610552906990051270e-01
-1.039527952671051025e-01
1.587038755416869895e+00
1.591027140617370605e+00
1.816722512245178445e+00
1.060873866081237793e+00
2.810495376586914062e+00
1.992361426353454368e+00
2.350021839141845703e+00
4.850465059280396063e-01
1.739125370979309082e+00
6.888477206230163574e-01
2.114101685583591461e-02
-1.150249481201172097e+00
-1.624137163162231445e+00
-8.204972743988037109e-01
-8.043321967124938965e-01
3.628273308277129572e-01
-3.858620226383209229e-01
-4.003864899277687073e-02
6.458933651447296143e-02
4.154775738716125488e-01
1.950999647378921231e-01
6.075617671012878418e-01
1.441917121410369873e-01
-7.823669910430906815e-02
1.139174848794937273e-01
1.737435609102249146e-01
-3.095134496688842773e-01
-1.122280955314636230e+00
-2.377531528472900391e-01
-3.521417677402496338e-01
-7.065202593803405762e-01
-6.811870336532592773e-01
-1.537740230560302734e+00
-1.235271453857422097e+00
-1.242832779884338379e+00
-1.316407918930053711e+00
-8.138181567192077637e-01
-1.226840853691100852e+00
-1.276496052742004395e+00
-1.734002232551574707e+00
-1.709605455398559570e+00
-1.761097669601440430e+00
-2.155554294586181641e+00
-1.992745518684387207e+00
-7.894709706306457520e-01
-4.507124423980712891e-01
-9.333114027976990856e-01
-1.453052759170532227e+00
-1.723367571830749512e+00
-1.837005138397216797e+00
-2.086902379989624023e+00
-2.806538820266724077e+00
-2.488743782043457031e+00
-1.929175972938537598e+00
-2.016633749008178711e+00
-1.826900124549865501e+00
-1.869973659515380859e+00
-2.354865789413451704e+00
-1.612093687057495117e+00
-3.033222436904907227e+00
-4.117377281188964844e+00
-3.798351526260376421e+00
-3.976355791091918945e+00
-2.902840614318848100e+00
-3.327851295471191406e+00
-2.552617311477661133e+00
-1.928920269012451172e+00
-1.286102294921875000e+00
-1.234083056449889915e+00
-1.843013614416122437e-01
-1.038730978965759277e+00
-1.796129584312438965e+00
-1.831734061241149902e+00
-2.146351575851440430e+00
-2.769539833068848100e+00
-1.517865896224975586e+00
-1.323720932006835938e+00
-1.022499203681945801e+00
-2.093855381011963335e+00
-1.322318911552429199e+00
-1.732710003852844238e+00
-2.072724342346191406e+00
-1.519356608390808105e+00
-1.338321924209594727e+00
-1.325498819351196289e+00
-1.049865841865539551e+00
-1.047921657562256081e+00
-1.886471986770629661e+00
-1.284746170043945090e+00
-1.784109711647033691e+00
-2.571700811386108398e+00
-2.536720752716064453e+00
-3.337774038314819780e+00
-3.012313127517700195e+00
-3.117611885070801225e+00
-3.565624475479126421e+00
-1.815284729003906472e+00
-2.295076608657836914e+00
-3.475351333618163618e+00
-3.314995527267456055e+00
-3.339375257492064986e+00
-2.925158262252808061e+00
-4.939046859741210938e+00
-4.514707088470458984e+00
-4.738633632659912109e+00
-4.896759510040283203e+00
-5.258673667907714844e+00
-5.365164279937744141e+00
-5.597358703613281250e+00
-5.288273334503173828e+00
-5.018982410430908203e+00
-5.270065307617188388e+00
-5.415032386779785156e+00
-5.316041946411132812e+00
-4.519559383392333984e+00
-5.855225563049316406e+00
-4.416265964508056641e+00
-4.467722415924072266e+00
-4.947916507720947266e+00
-5.475695133209228516e+00
-5.269600868225097656e+00
-4.482615947723388672e+00
-3.787955522537231889e+00
-3.972647666931151900e+00
-3.132404565811156782e+00
-2.748208045959472656e+00
-4.105348587036133701e+00
-3.361810445785522461e+00
-2.267511844635009766e+00
-2.000005722045898438e+00
-2.634573936462402344e+00
-2.867702722549438477e+00
-3.327675104141235796e+00
-2.494592666625977007e+00
-2.545992612838745117e+00
-1.897262573242187500e+00
-1.808935165405273215e+00
-1.746671795845031516e+00
-1.513809680938720703e+00
-8.101057410240173340e-01
7.605329900979995728e-02
-1.101183772087097168e+00
-1.181297659873962402e+00
-1.262918114662170410e+00
-2.342310190200805664e+00
-9.609231352806092419e-01
3.930382430553436279e-02
-2.932109534740447998e-01
-3.320686221122741699e-01
-8.208987116813659668e-02
1.252182722091674805e-01
-1.468344628810882568e-01
4.370988160371780396e-02
-5.535314232110977173e-02
4.038657844066620428e-01
1.059293895959853987e-01
-3.378184735774993896e-01
1.027225404977798323e-01
2.905139625072479248e-01
-1.637359410524368564e-01
-4.589549005031586248e-01
-6.070353388786315918e-01
-6.662828326225280762e-01
-6.931436657905578613e-01
-2.822970747947692871e-01
-8.770443797111511230e-01
-9.794178605079651989e-01
-1.372372388839721680e+00
-6.399825811386108398e-01
-1.602789402008056641e+00
-5.182301998138427734e-01
-3.748939633369445801e-01
-8.916912674903870739e-01
-1.558871269226074219e+00
-1.964610219001770020e+00
-1.502248287200927512e+00
-6.994462609291076660e-01
-4.775792658329010010e-01
2.901291660964488636e-02
-5.976117253303527832e-01
-9.019165635108947754e-01
-7.791426181793212891e-01
-5.294345617294311523e-01
5.141556859016418457e-01
3.446168303489685059e-01
8.430317640304565430e-01
2.476600110530852994e-01
2.705181241035460871e-01
4.331918954849243164e-01
4.249004125595092773e-01
-2.194426357746124545e-01
1.472589969635009766e+00
5.377545952796936035e-01
3.026702105998992920e-01
-9.876728057861328125e-02
1.430571675300597922e+00
1.323335170745849609e+00
-2.716406248509884228e-02
-2.235442698001861572e-01
-3.884493112564086914e-01
-4.105457365512847900e-01
-7.472968101501464844e-01
-1.099505901336670144e+00
-1.058349728584289551e+00
-1.000290036201477051e+00
-1.382861971855163574e+00
-9.880028963088988148e-01
5.563191175460815430e-01
-1.045821681618690352e-01
1.409151405096054077e-01
-2.773484885692596436e-01
2.639304399490356445e-01
-3.728486895561218262e-01
-1.340105682611465454e-01
7.403159141540527344e-01
9.702775478363035999e-01
-2.948073856532573700e-02
4.074445068836212158e-01
7.723652720451354980e-01
7.232449650764465332e-01
-5.906016449443995953e-04
2.580867409706115723e-01
4.365156590938568115e-01
7.905918173491954803e-03
-7.740072160959243774e-02
5.664028525352478027e-01
3.141724765300750732e-01
1.268845498561859131e-01
2.148338221013545990e-02
3.955436348915100098e-01
-4.274229407310485840e-01
-5.224999785423278809e-01
1.101751446723937988e+00
2.365560978651047030e-01
2.822435200214385986e-01
-9.644580483436584473e-01
-6.805639266967773438e-01
-1.275075674057006836e+00
-8.959578275680541992e-01
-1.567819237709045410e+00
-1.026201128959655762e+00
-1.646495699882507102e+00
-1.899885416030884011e+00
-1.603706926107406616e-01
-7.802840471267700195e-01
-9.152783155441284180e-01
-6.290513277053833008e-01
-1.106604337692260742e+00
-1.024536609649658203e+00
-1.431242346763610840e+00
-1.086875796318054199e+00
-2.793818414211273193e-01
-1.111718773841857910e+00
-1.105437755584716797e+00
-1.021019458770752175e+00
-3.398149013519287109e-01
3.809098303318024237e-01
1.983753561973571999e+00
5.495606660842895508e-01
-2.117785438895225178e-02
-9.569236636161804199e-02
3.850280940532683771e-01
1.670020341873168945e+00
6.854485720396041870e-02
5.768366456031799316e-01
8.859120011329650879e-01
6.368168592453002930e-01
9.013438820838928223e-01
9.541370868682860218e-01
5.999537706375122070e-01
-6.046965718269348145e-01
3.290866315364837646e-01
-8.669978976249694824e-01
-1.464596033096313699e+00
-9.950974583625792347e-01
-6.168882250785827637e-01
-3.163325190544128418e-01
5.153605341911315918e-01
1.477144807577133179e-01
3.257887670770287514e-03
-2.993272542953491211e-01
1.154278069734573503e-01
7.236033678054809570e-02
9.903089404106140137e-01
9.017616510391236462e-01
1.990665867924690247e-02
6.602811217308044434e-01
6.624811887741088867e-01
8.822674155235290527e-01
9.743788242340087891e-01
1.245326399803161621e+00
7.690970320254564285e-03
9.617715477943420410e-01
1.238831758499145508e+00
9.687297940254212536e-01
1.418552279472350852e+00
9.978412389755247913e-01
1.378328084945678711e+00
1.481518387794494629e+00
2.608824729919433594e+00
2.785440206527709961e+00
1.016136646270752175e+00
2.034824371337890181e+00
2.107830047607421875e+00
3.412387371063232422e+00
2.902943372726440430e+00
2.489480972290039062e+00
2.289260149002075195e+00
1.803058862686156782e+00
2.073405027389526367e+00
1.153053045272827148e+00
1.694404363632201926e+00
1.421782612800597922e+00
1.158990144729614480e+00
2.046260595321655718e+00
1.657037973403930886e+00
1.781944513320922852e+00
1.031538486480713113e+00
5.688697695732116699e-01
7.441713809967041016e-01
1.760322093963623047e+00
1.565058469772338867e+00
1.206814765930175781e+00
1.050090193748473899e+00
5.506036877632141113e-01
-8.014883100986480713e-02
1.105649471282958984e+00
1.253702759742736816e+00
2.370102882385253906e+00
1.990762710571289062e+00
1.802021026611327903e+00
3.954154491424560991e+00
2.442524194717407227e+00
2.662132501602173296e+00
2.426205635070800781e+00
1.916670322418213113e+00
2.169131994247436523e+00
1.037532567977905273e+00
3.237875699996948242e-01
2.592312335968017578e+00
4.007073402404785156e+00
4.003087043762207031e+00
3.768025159835815874e+00
1.399512410163879395e+00
1.804352045059204102e+00
1.389141201972961426e+00
1.232649326324462891e+00
1.044719338417053223e+00
8.414985537528991699e-01
9.419025778770447888e-01
5.842660665512084961e-01
1.148245453834533691e+00
-5.784531235694885254e-01
-4.617639780044556219e-01
-1.123830556869506836e+00
4.834530353546143133e-01
-7.425467371940612793e-01
-1.694073230028152466e-01
-1.422468900680541992e+00
2.151630520820617398e-01
-1.487713456153869629e+00
-2.039688110351562500e+00
-9.626998901367187500e-01
-3.157220125198364258e+00
-1.916090369224548340e+00
-1.832646489143372026e+00
-1.901650786399841309e+00
-2.993756055831908736e+00
-3.119427680969238281e+00
-2.848338127136230469e+00
-3.064435005187988281e+00
-3.190450668334961382e+00
-3.367137432098388672e+00
-2.453855276107788086e+00
-3.517937183380126953e+00
-3.147057294845581055e+00
-2.549222230911254883e+00
-2.322280883789062500e+00
-2.912064552307128906e+00
-2.034344673156738281e+00
-2.972717046737671343e+00
-2.448836565017700195e+00
-2.530276298522949219e+00
-3.458941698074341264e+00
-3.528864860534667969e+00
-3.161556243896484375e+00
-3.205812931060791016e+00
-3.565690040588378906e+00
-2.805044651031494141e+00
-1.608313679695129395e+00
-2.559201240539550781e+00
-1.959686160087585227e+00
-2.112286567687988281e+00
-1.749649643898010476e+00
-2.412705659866333008e+00
-3.604002237319945401e+00
-1.285423398017883301e+00
-1.614805459976196567e-01
-1.961887478828430453e-01
-2.720557451248168945e-01
-8.348088860511779785e-01
-1.409879684448242188e+00
-1.073165774345397949e+00
-1.111720919609069824e+00
-3.223561942577362061e-01
-2.620043978095054280e-02
1.180876612663269043e+00
-3.495623171329498291e-01
-6.361351013183593750e-01
-6.708741784095764160e-01
1.254393756389617920e-01
9.447885155677796520e-01
9.060510993003844105e-01
-4.009360969066620428e-01
-1.821148991584777610e+00
-1.214447736740112305e+00
-1.435606479644775391e+00
-1.193033695220947266e+00
-1.143328905105590820e+00
-1.487364530563354492e+00
-1.255643606185913086e+00
-1.369576752185821533e-01
-1.032698512077331543e+00
-1.363419532775879128e+00
-2.046391487121581587e+00
-1.211354970932006836e+00
-1.042209148406982422e+00
-8.374983072280883789e-01
-1.353446364402770996e+00
-1.614451050758361816e+00
-1.810254573822021262e+00
-1.844782233238219993e+00
-6.997241973876953125e-01
-4.483936727046967108e-01
-1.128178238868713379e+00
-2.163840532302856445e+00
-2.445129871368408203e+00
-1.939025998115539995e+00
-2.044433355331420898e+00
-2.833400964736938477e+00
-2.593215465545654297e+00
-2.802522420883178711e+00
-2.678877353668212891e+00
-3.696925878524779829e+00
-4.039303779602051669e+00
-4.098826408386231357e+00
-5.315331459045410156e+00
-4.373722076416016513e+00
-4.740797996520996094e+00
-5.578162670135498047e+00
-4.297138690948486328e+00
-3.305398225784301758e+00
-4.064105510711669922e+00
-3.789854288101195845e+00
-4.635441303253173828e+00
-5.426353454589843750e+00
-5.877919673919677734e+00
-5.339942932128906250e+00
-4.799482345581054688e+00
-4.812386989593505859e+00
-3.792103767395019975e+00
-4.673679828643798828e+00
-4.635843276977539062e+00
-4.846353054046630859e+00
-4.308104038238524502e+00
-3.716041564941406250e+00
-3.835844278335571289e+00
-3.173120975494384766e+00
-4.258335590362548828e+00
-5.606623649597167969e+00
-5.144936084747314453e+00
-5.441653728485106534e+00
-3.618458509445190430e+00
-3.625524759292602539e+00
-2.947064399719238281e+00
-2.746538162231445312e+00
-4.069976806640625000e+00
-2.505917072296142578e+00
-1.996080040931701660e+00
-2.012995243072509766e+00
-2.170011520385741743e+00
-2.215908050537109375e+00
-1.985985040664672852e+00
-9.685096144676208496e-01
-1.465918421745300293e+00
-4.781872928142548163e-01
-9.053674936294555664e-01
-6.614598631858825684e-01
-2.448925822973251620e-01
4.482057094573975164e-01
1.298248767852783203e-01
-8.591773360967636108e-02
1.910869628190994540e-01
8.219100236892700195e-01
1.236309170722961426e+00
1.663264989852905273e+00
1.304839372634887695e+00
1.491961359977722168e+00
1.268824458122253418e+00
1.043642163276672363e+00
1.171445012092590332e+00
1.309765696525573508e+00
4.863898158073424738e-01
1.326149344444274902e+00
9.906528592109680176e-01
1.524077653884887695e+00
1.365230083465576172e+00
4.359104931354522705e-01
7.086479663848876953e-01
1.470672726631164551e+00
1.071558833122253418e+00
8.340442925691604614e-02
-3.308704495429993231e-01
-7.252566218376159668e-01
-6.967667937278747559e-01
-1.018231391906738503e+00
-1.092161178588867188e+00
-1.431127905845641868e+00
-1.466712355613708496e+00
-5.749430060386657715e-01
1.772066503763198853e-01
4.383145570755004883e-01
5.505494475364685059e-01
-3.948347270488739014e-01
-4.934466779232025146e-01
-1.737739205360412598e+00
-1.587893515825271606e-01
-2.012352794408798495e-01
-6.994972229003906250e-01
-8.740018606185913086e-01
-1.602257013320922852e+00
-2.374623537063598189e+00
-2.837795019149780273e+00
-1.910470843315124290e+00
-2.087275266647339311e+00
-3.221468210220336914e+00
-3.100808858871459961e+00
-4.065830230712891513e+00
-4.868062496185302734e+00
-4.217025756835937500e+00
-3.487684965133666992e+00
-3.161356449127197266e+00
-2.190740823745727539e+00
-2.192801237106323242e+00
-1.942710041999816895e+00
-3.013878822326660156e+00
-2.773782253265380859e+00
-2.863075971603393555e+00
-2.033059358596801758e+00
-2.137043952941894531e+00
-1.745566606521606445e+00
-1.971093773841858132e+00
-2.589433193206787109e+00
-2.191094875335693359e+00
-3.104028463363647461e+00
-3.316561698913573775e+00
-3.261521100997924805e+00
-4.009024143218993252e+00
-4.140976428985596591e+00
-4.356321334838866299e+00
-4.245970249176024502e+00
-3.959658384323120117e+00
-4.688276767730712891e+00
-4.114336013793944424e+00
-3.393898963928222656e+00
-3.033168315887451172e+00
-3.399590253829956055e+00
-3.662646293640136719e+00
-3.781052112579345703e+00
-3.779034852981567827e+00
-4.035262584686278409e+00
-3.198679924011230469e+00
-3.026884317398071733e+00
-2.897320270538330078e+00
-2.901913404464721680e+00
-3.048203468322753906e+00
-2.406185388565063477e+00
-2.204165697097778320e+00
-1.969110965728759988e+00
-1.309633731842041016e+00
-1.469031691551208496e+00
-1.993098616600036843e+00
-1.867819905281066895e+00
-1.437942147254943848e+00
-1.583460450172424316e+00
-1.839140415191650391e+00
-1.332486152648925781e+00
-1.642304182052612305e+00
-1.389826178550720215e+00
-1.835190296173095925e+00
-1.802383184432983620e+00
-1.985860466957092507e+00
-2.770049810409545898e+00
-2.239995479583739790e+00
-2.213801860809326172e+00
-1.708427190780639648e+00
-2.093354940414428711e+00
-2.420368909835815430e+00
-1.563177943229675293e+00
-1.893808245658874290e+00
-1.780466675758361816e+00
-2.397128105163574219e+00
-2.439906597137451172e+00
-2.195286750793456587e+00
-1.852327704429626465e+00
-1.998034119606018066e+00
-1.812773585319519043e+00
-9.576749205589294434e-01
-1.605870723724365234e+00
-1.621915578842163086e+00
-2.066516637802124023e+00
-1.482770442962646484e+00
-1.654934763908386230e+00
-9.088714718818664551e-01
-1.821950554847717285e+00
-1.273928523063659668e+00
-1.956579327583313210e+00
-1.662191152572631836e+00
-1.700644850730895996e+00
-1.423584461212158203e+00
-2.349175691604614258e+00
-1.982766151428222878e+00
-3.146824359893798828e+00
-2.681817054748535156e+00
-2.451649665832519531e+00
-2.302894115447998047e+00
-2.548516988754272461e+00
-1.569417953491210938e+00
-2.084379673004150391e+00
-1.324808001518249512e+00
-2.232505798339844194e+00
-2.134282827377319780e+00
-1.754486680030822754e+00
-1.975486397743225098e+00
-2.941415548324584961e+00
-2.155901432037353072e+00
-2.355900764465332031e+00
-2.417720317840576172e+00
-1.511296272277831809e+00
-2.802413225173950195e+00
-2.341966629028320312e+00
-2.719595193862915039e+00
-2.795119762420654297e+00
-1.913762569427490456e+00
-1.442202329635619895e+00
-1.992113590240478294e+00
-2.031850814819335938e+00
-2.546011209487915039e+00
-1.744546651840209961e+00
-1.949222445487975852e+00
-2.601211786270141602e+00
-1.261421084403991699e+00
-1.011657714843750000e+00
-1.052525043487548828e+00
-1.725013107061386108e-01
-1.916560381650924683e-01
1.909032464027404785e-01
1.914285421371459961e+00
8.820958137512207031e-01
5.350341200828552246e-01
-3.204770386219024658e-02
2.923124432563781738e-01
6.740564703941345215e-01
1.401629090309143066e+00
1.174576401710510476e+00
9.289101958274840198e-01
2.114244461059570312e+00
1.449059009552001953e+00
3.373455405235290527e-01
1.281730890274048074e+00
2.956227585673331867e-02
-1.036573648452758789e-01
-2.522755563259124756e-01
5.405321717262268066e-01
1.006494998931884766e+00
-3.695527613162993275e-01
6.479238867759704590e-01
1.090612411499023438e+00
3.260870575904846191e-01
1.177444338798522949e+00
9.744365215301513672e-01
-7.210151553153991699e-01
-9.648568630218505859e-01
-7.210123538970947266e-01
-1.321538805961608887e+00
-1.568194985389709695e+00
-1.094691872596740723e+00
-7.715318799018859863e-01
-1.012660384178161621e+00
2.181625217199325562e-01
1.721739619970321378e-01
5.373332649469376304e-02
4.372776448726654053e-01
1.560811102390289307e-01
1.163958981633186479e-01
-4.449729919433593750e-01
-1.297389566898345947e-01
5.946772638708353043e-03
-8.815768957138061523e-01
-1.169601798057556152e+00
-1.043853878974914551e+00
-1.470918178558349609e+00
-1.282055974006652832e+00
-1.290948390960693359e+00
-1.046408176422119141e+00
-2.029926776885986328e+00
-1.661935806274414062e+00
-2.054880142211914062e+00
-1.851858973503112793e+00
-1.846035361289978027e+00
-1.052960395812988503e+00
-1.345740079879760742e+00
-4.866814613342285156e-01
-1.728104233741760476e+00
-1.808419466018676758e+00
-2.085304737091064453e+00
-9.999768733978271484e-01
-1.184790849685668945e+00
-1.938411831855774148e+00
-9.528381824493408203e-01
-8.737433552742004395e-01
-9.254041314125059925e-01
-1.177787065505981445e+00
-1.734395861625671387e+00
-2.189944744110107422e+00
-2.079768419265746626e+00
-2.698905706405640093e+00
-1.920619368553161621e+00
-2.085763216018676758e+00
-1.412803530693054199e+00
-1.539542794227600098e+00
-2.526862144470214844e+00
-2.648982524871826172e+00
-2.319608926773071733e+00
-1.543365001678466797e+00
-2.713597059249877930e+00
-2.555397033691406250e+00
-3.003088235855102539e+00
-3.771393299102783203e+00
-5.003717899322509766e+00
-5.628456115722656250e+00
-4.760814666748046875e+00
-4.294096469879149502e+00
-4.182445049285888672e+00
-3.786960601806640625e+00
-3.616638898849487305e+00
-4.256698131561278409e+00
-4.631678104400634766e+00
-2.952847003936768022e+00
-3.387007236480712891e+00
-4.541058063507080078e+00
-3.293034076690673828e+00
-3.384439706802368164e+00
-2.615423917770385742e+00
-3.328990697860717773e+00
-2.418267250061035156e+00
-2.264555454254150391e+00
-2.304980039596557617e+00
-2.706431388854980469e+00
-3.054175376892089844e+00
-2.870560884475708008e+00
-3.302255392074584961e+00
-3.580634117126464844e+00
-3.545477867126464844e+00
-1.844323754310608132e+00
-1.674585223197936790e+00
-2.290061473846435547e+00
-1.915989637374878152e+00
-1.532371282577514648e+00
-2.276987552642822266e+00
-1.530631303787231445e+00
-1.559031367301940918e+00
-1.451503992080688477e+00
-1.286465287208557129e+00
-1.721846103668213113e+00
-1.526192665100097656e+00
-2.192671060562134233e+00
-7.765595912933349609e-01
-7.756478786468505859e-01
-7.754667401313781738e-01
-1.029523015022277832e+00
2.716275751590728760e-01
3.050079643726348877e-01
9.582533836364746094e-01
-1.045003771781921387e+00
-9.135199785232543945e-01
4.951279461383820135e-01
-1.077957987785339355e+00
-1.739173293113708496e+00
-8.133760094642639160e-01
-1.702357411384582297e+00
7.394444942474365234e-01
2.622575998306274414e+00
8.279807567596435547e-01
-2.299023568630218506e-01
