-1.499101877212524414e+00
-1.570637226104736328e+00
-1.375007271766662598e+00
-1.277539134025573508e+00
-1.081443905830383301e+00
-7.617877125740051270e-01
-6.792574524879455566e-01
-6.078341603279113770e-01
-4.239721894264221191e-01
-3.169914782047271729e-01
-1.424189954996109009e-01
-2.582600414752960205e-01
-2.549939453601837158e-01
-3.737868368625641563e-02
2.270252555608749112e-01
4.305221736431121826e-01
3.375693857669830322e-01
5.376854538917541504e-01
4.737699627876281738e-01
5.121271610260010876e-01
5.461139082908629261e-01
5.763311982154846191e-01
6.775473356246948242e-01
7.338585853576659046e-01
9.383165240287779651e-01
9.030875563621519886e-01
9.913225173950196423e-01
1.003698945045471191e+00
9.447775483131407581e-01
1.020265460014343262e+00
1.086234331130981445e+00
9.962331652641296387e-01
9.883873462677001953e-01
9.246097207069395862e-01
1.128317356109619141e+00
1.136338353157043679e+00
1.085896611213684082e+00
7.258149981498718262e-01
6.758922934532165527e-01
7.081072926521301270e-01
6.753836870193481445e-01
6.966270208358764648e-01
9.087726473808287464e-01
8.826512098312377930e-01
8.972520232200622559e-01
9.179802536964416504e-01
7.940005064010620117e-01
7.431889772415161133e-01
5.937665700912475586e-01
5.212091207504272461e-01
4.785857796669005793e-01
4.635876417160034180e-01
4.099130630493164062e-01
5.387407541275024414e-01
4.988163113594055176e-01
4.959056377410889227e-01
3.565917313098907471e-01
4.852376282215117853e-01
3.485268056392669678e-01
2.014419287443161011e-01
1.370666027069091797e-01
-1.116948388516902924e-02
2.916835807263851166e-02
-1.249309852719306946e-01
5.058045499026775360e-03
-4.013843089342116616e-02
-1.622812300920486450e-01
-3.162964284420012873e-01
-4.175081849098205566e-01
-3.593782484531402588e-01
-5.302668213844299316e-01
-4.949615299701690119e-01
-5.950244665145874023e-01
-4.954302608966826837e-01
-5.649050474166870117e-01
-6.384515762329101562e-01
-7.165340185165405273e-01
-7.221983075141906738e-01
-7.274459004402160645e-01
-7.452750802040100098e-01
-8.144208192825317383e-01
-6.801529526710510254e-01
-6.767129302024841309e-01
-7.421274781227111816e-01
-7.350109219551086426e-01
-7.365547418594359241e-01
-7.365228533744812012e-01
-7.229617238044738770e-01
-7.123769521713256836e-01
-5.581657290458679199e-01
-6.353466510772705078e-01
-6.318323612213134766e-01
-7.769363522529602051e-01
-8.415985703468322754e-01
-8.628339171409606934e-01
-6.818382143974304199e-01
-6.372167468070983887e-01
-1.246024012565612793e+00
1.358862370252609253e-01
3.453456759452819824e-01
4.019386470317841131e-01
3.290341496467590332e-01
1.056623533368110796e-01
-1.900568902492523193e-01
-4.471054375171660822e-01
-6.877589225769042969e-01
-9.606722593307496227e-01
-1.005055904388427512e+00
-1.016847014427185059e+00
-8.332569003105163574e-01
-7.434852719306945801e-01
-4.635293185710906982e-01
-3.219668269157409668e-01
-2.009389400482177457e-01
-1.193526238203048706e-01
-2.484837323427200595e-01
-3.930992782115935724e-01
-5.772298574447631836e-01
-7.410174608230590820e-01
-6.961766481399536133e-01
-6.762872934341430664e-01
-5.794749259948729359e-01
-3.134976625442504883e-01
-1.079262346029281616e-01
-4.355735704302787781e-02
-1.192388497292995626e-02
1.021494492888450623e-01
1.172831002622842789e-02
-2.614322118461131703e-02
-4.471199586987496116e-02
-8.963079750537872314e-02
3.552330285310745239e-02
7.057209312915802002e-02
1.141646057367324690e-01
1.495246291160583496e-01
3.136569559574127197e-01
2.709559202194213867e-01
3.220473527908325195e-01
2.584115564823150635e-01
2.471920102834700983e-01
2.792061865329742432e-01
3.130435645580291748e-01
3.615454733371735174e-01
3.327187299728393555e-01
2.632148265838623047e-01
2.196784615516662598e-01
2.700060606002808172e-01
3.220465183258057196e-01
4.148207604885100763e-01
4.682556092739105225e-01
4.820175170898438055e-01
4.389470219612121582e-01
4.420965909957885742e-01
4.043202102184296209e-01
3.637326657772064209e-01
3.584780693054199219e-01
4.018697440624237061e-01
4.434590339660645086e-01
2.976049780845642090e-01
2.444143891334533414e-01
2.355122715234756470e-01
1.545771509408950806e-01
1.189631745219230791e-01
1.569801419973373413e-01
2.982032001018524170e-01
4.904741048812866211e-01
3.795234560966492254e-01
5.084123015403747559e-01
4.169487655162810724e-01
4.163230955600738525e-01
3.646296262741088867e-01
3.229292333126068115e-01
3.335130214691162109e-01
3.980100452899932861e-01
5.292876958847045898e-01
7.333909273147583008e-01
8.235302567481994629e-01
8.147437572479248047e-01
8.263385891914367676e-01
7.485379576683044434e-01
6.277843117713928223e-01
6.770015358924865723e-01
6.055388450622558594e-01
6.398805975914001465e-01
7.272067666053771973e-01
7.531853318214416504e-01
7.878806591033935547e-01
6.966362595558166504e-01
7.042688727378845215e-01
5.737160444259643555e-01
5.669745206832885742e-01
4.954474270343781073e-01
3.825647830963134766e-01
3.015142679214476984e-01
2.526584267616271973e-01
3.502042889595031738e-01
3.247574269771575928e-01
3.116348087787628174e-01
3.711262643337249756e-01
3.298308253288269043e-01
3.252555131912231445e-01
2.741154432296752930e-01
1.786935776472091397e-01
1.374201625585556030e-01
-2.953853830695152630e-02
2.405591309070586811e-02
-2.094547078013420105e-02
-3.985415399074553749e-02
-4.688720405101776123e-02
-7.097071409225463867e-02
9.494313038885591680e-03
-1.205751001834869524e-01
-1.521418988704681396e-01
-3.524783253669738770e-01
-4.401415884494781494e-01
-4.773327708244323730e-01
-3.169186711311340332e-01
-3.431233763694763184e-01
-2.741296887397766113e-01
-2.297966927289963046e-01
-2.563320100307465155e-01
-4.034163653850554865e-01
-5.293367505073547363e-01
-5.449511408805847168e-01
-6.595587730407714844e-01
-7.364324331283569336e-01
-7.700043916702270508e-01
-7.391598820686340332e-01
-6.743712425231933594e-01
-6.828721761703491211e-01
-5.692619681358337402e-01
-3.870564699172973633e-01
-3.146643340587615967e-01
-2.583316862583160400e-01
-3.263466060161590576e-01
-4.529460966587066095e-01
-5.539511442184448242e-01
-6.156958341598510742e-01
-5.284701585769653320e-01
-5.216001272201538086e-01
-4.978667497634888250e-01
-5.242927074432373047e-01
-3.816634714603424072e-01
-2.536163032054901123e-01
-1.458287984132766724e-01
-4.214548319578171470e-02
-1.541057527065277100e-01
-1.996264606714248657e-01
-2.532650232315063477e-01
-3.645034432411193848e-01
-3.923894464969635010e-01
-2.819297313690184992e-01
-1.333132684230804443e-01
-1.286313310265540903e-02
2.107674181461334506e-01
3.670670092105865479e-01
2.873831391334533691e-01
3.060317337512969971e-01
1.569191813468933105e-01
1.229899451136589050e-01
-8.223110809922218323e-03
-5.095158517360686562e-02
1.346742659807205200e-01
2.319588661193847934e-01
4.363838732242584229e-01
4.685549139976502020e-01
4.139271676540374756e-01
4.162906110286713202e-01
3.413549661636352539e-01
1.929698884487152100e-01
7.277093082666397095e-02
1.277502477169036865e-01
2.054412662982940674e-01
3.057172596454620361e-01
4.800309538841248114e-01
6.805334091186523438e-01
6.410225033760070801e-01
6.534122228622436523e-01
5.379944443702697754e-01
3.782994151115417480e-01
3.265298008918762207e-01
2.186256796121597290e-01
1.383830606937408447e-01
2.045970410108566562e-01
3.087720572948455811e-01
4.060446321964263916e-01
5.224145650863647461e-01
4.541861116886138916e-01
3.736079633235930841e-01
2.449436634778976440e-01
1.837445348501205167e-01
1.385865658521652222e-01
7.422617077827453613e-02
1.306933611631393433e-01
2.130560874938964844e-01
4.218164086341857910e-01
6.106107234954833984e-01
6.033977270126342773e-01
6.911096572875976562e-01
6.053416728973388672e-01
4.998006224632263184e-01
2.609704732894896906e-01
1.844573467969894409e-01
1.079478785395622392e-01
1.341131627559661865e-01
2.716253697872161865e-01
4.538550078868865967e-01
4.832225739955902100e-01
5.260407924652100720e-01
4.834169745445252020e-01
4.287706911563872736e-01
2.232230901718139926e-01
2.628116607666016180e-01
6.421217322349546952e-02
-1.526528876274824142e-02
-2.692482993006706238e-02
2.593142539262771953e-02
4.223249107599257729e-02
8.334549516439437866e-02
1.155404597520828247e-01
1.345915794372558594e-01
1.166536509990692000e-01
3.293502330780028603e-02
-6.639357656240461869e-02
-8.359471708536148071e-02
-1.108613684773445268e-01
-1.966947466135025024e-01
-2.588105797767639160e-01
-2.368358820676803866e-01
-2.704841792583465576e-01
-3.137867450714111328e-01
-2.385934889316559115e-01
-3.002268075942993164e-01
-3.318540155887603760e-01
-5.261580348014831543e-01
-6.214191913604736328e-01
-7.174052596092224121e-01
-6.426782608032226562e-01
-5.884359478950500488e-01
-5.069676041603088379e-01
-4.801960587501525879e-01
-4.099788963794708252e-01
-4.253978431224822998e-01
-6.107743382453918457e-01
-7.549178004264831543e-01
-8.762814402580261230e-01
-9.057898521423340954e-01
-8.301695585250854492e-01
-7.876880168914794922e-01
-5.385907292366027832e-01
-4.965097010135650080e-01
-4.353667497634888250e-01
-3.340252041816711426e-01
-3.615011274814605713e-01
-2.921847105026245117e-01
-2.234661132097244540e-01
-1.469307839870452881e-01
-4.816536232829093933e-02
-7.718045264482498169e-02
-8.263028413057327271e-02
-2.299907803535460871e-01
-3.314985036849976141e-01
-3.964126408100128174e-01
-3.814288377761840820e-01
-3.356900513172149658e-01
-2.899751663208007812e-01
-4.663025960326194763e-02
-4.597872961312532425e-03
1.294528245925903320e-01
2.324064075946807861e-01
3.336286842823029120e-01
4.575815200805664062e-01
3.819764852523804266e-01
4.844074547290802002e-01
5.151713490486145020e-01
4.929375648498535156e-01
4.251076281070709229e-01
3.164028525352478027e-01
1.936695426702499390e-01
9.863978624343872070e-02
3.877210617065429688e-02
3.086074814200401306e-02
8.676284551620482011e-02
5.930428206920623779e-02
2.084245234727859497e-01
2.199932783842086792e-01
1.434851586818695068e-01
8.799450099468231201e-02
8.412946015596389771e-03
-2.934170700609683644e-02
-5.420835316181182861e-02
-2.451645582914352417e-02
-1.077585816383361816e-01
-3.751672804355621338e-02
6.440740823745727539e-02
3.301496505737305243e-01
3.389784395694733221e-01
4.043430685997009277e-01
6.269153356552124023e-01
7.538903355598449707e-01
7.889537811279296875e-01
9.324880838394163929e-01
8.338577747344970703e-01
8.756573796272277832e-01
7.799065113067626953e-01
9.286239147186280407e-01
9.523446559906005859e-01
1.065334320068359375e+00
1.288593888282776101e+00
1.456245303153991699e+00
1.423729896545410156e+00
1.402280926704406738e+00
1.282780051231384499e+00
1.141431689262389915e+00
1.104113101959228294e+00
1.083462595939636230e+00
1.075230002403259277e+00
1.007898449897765891e+00
1.174795508384704590e+00
1.275482177734375000e+00
1.301210403442382812e+00
1.255447983741760476e+00
1.111935973167419434e+00
1.031721472740173118e+00
8.985620141029357910e-01
6.973404288291931152e-01
6.266519427299499512e-01
5.831628441810607910e-01
4.724504053592681885e-01
4.559878408908843994e-01
5.848249793052673340e-01
6.944531202316284180e-01
7.253841161727905273e-01
8.120359778404235840e-01
7.876769304275512695e-01
7.399424314498901367e-01
5.819489955902099609e-01
5.450353026390075684e-01
4.136896431446074884e-01
3.244295120239257812e-01
3.292000889778137207e-01
3.508605957031250000e-01
5.445215702056884766e-01
7.344980835914611816e-01
8.824489116668701172e-01
8.492426872253417969e-01
7.840070724487304688e-01
6.439089775085449219e-01
5.785796642303466797e-01
5.013037323951721191e-01
6.168563961982727051e-01
7.129191756248474121e-01
6.826847791671752930e-01
8.089069128036499023e-01
8.311858177185058594e-01
8.681359291076659046e-01
8.600959777832031250e-01
6.465374827384948730e-01
5.872398614883422852e-01
4.317955672740935724e-01
5.044785141944885254e-01
5.437110662460327148e-01
5.410925149917602539e-01
5.259463787078857422e-01
4.769792854785919189e-01
4.784962534904479980e-01
5.588190555572509766e-01
4.941430389881134033e-01
3.850290775299072266e-01
2.263032346963882446e-01
1.335792839527130127e-01
7.974997162818908691e-02
-5.145616084337234497e-02
1.357665564864874060e-02
-8.740177750587461991e-02
-1.485960930585861206e-01
-1.139056459069252014e-01
-3.469095826148986816e-01
-2.778336703777313232e-01
-5.071788430213928223e-01
-5.474226474761962891e-01
-6.060948371887207031e-01
-5.098032355308532715e-01
-6.578291058540344238e-01
-6.624710559844970703e-01
-5.091107487678527832e-01
-4.091352820396422785e-01
-4.499434232711791992e-01
-5.027465820312500000e-01
-4.313163757324218750e-01
-3.974070250988007147e-01
-3.022877871990203857e-01
-2.077379971742630005e-01
-6.683436036109924316e-02
-7.855933904647827148e-02
-7.023573666810989380e-02
-1.032757684588432312e-01
-9.293531626462936401e-02
-2.395487874746322632e-01
-2.998290061950684149e-01
-2.812254726886749268e-01
-4.024443402886391380e-02
4.014494270086288452e-02
5.287265405058861473e-02
-3.407703340053558350e-02
7.248267531394957108e-02
-1.980881392955780029e-01
-2.906398773193359375e-01
-4.355234801769257147e-01
-5.152508616447448730e-01
-4.690398573875427246e-01
-3.854831755161284845e-01
-3.230979144573212225e-01
-2.468389868736267090e-01
-2.358390241861343384e-01
-3.294681608676910400e-01
-4.432367384433745228e-01
-5.768303871154785156e-01
-8.298728466033935547e-01
-8.356051445007324219e-01
-8.882128596305847168e-01
-7.962175011634826660e-01
-7.212682366371154785e-01
-6.384104490280151367e-01
-6.259715557098388672e-01
-6.069661378860473633e-01
-8.533677458763122559e-01
-1.012067794799804910e+00
-1.001272559165954590e+00
-1.245550632476806641e+00
-1.265760898590087891e+00
-1.268844127655029297e+00
-1.282624363899230957e+00
-1.345214843750000000e+00
-1.336683750152587891e+00
-1.535847187042236328e+00
-1.616340994834899902e+00
-1.663958072662353516e+00
-1.739519715309143066e+00
-1.685825228691100852e+00
-1.639016270637512207e+00
-1.562203049659729004e+00
-1.441284775733947754e+00
-9.212501049041748047e-01
-9.086748957633972168e-01
-5.164765715599060059e-01
-3.366982936859130859e-01
-2.129218280315399170e-01
4.338947311043738625e-02
1.822809106670319817e-03
-4.310959577560424805e-02
-2.141173928976058960e-01
-2.597033679485321045e-01
-5.551588535308837891e-01
-5.253918766975402832e-01
-4.000303149223328192e-01
-2.768112123012542725e-01
4.071275517344474792e-02
2.888625860214232843e-01
2.068033516407012939e-01
2.042478621006011963e-01
1.561802029609680176e-01
1.569764018058776855e-01
1.418513953685760498e-01
2.167065143585205078e-01
3.340832889080048163e-01
3.471294939517974854e-01
2.565614879131317139e-01
3.433271124958992004e-02
-2.069940119981765470e-01
-2.598941922187805176e-01
-1.567007899284362793e-01
2.503341734409332275e-01
4.836824238300324041e-01
7.262530922889709473e-01
8.232936263084411621e-01
7.054352164268493652e-01
3.688422739505767822e-01
-3.571386635303496621e-02
-7.158230990171432495e-02
-7.623539865016937256e-02
2.437753602862358093e-02
3.377563655376434326e-01
5.457597374916076660e-01
6.327191591262817383e-01
4.895601272583007812e-01
2.935641407966613770e-01
2.226296365261077881e-01
4.723310098052024841e-02
-8.749005384743213654e-03
-1.085693761706352234e-01
-2.801135480403900146e-01
-6.012202501296997070e-01
-7.178575396537780762e-01
-7.637553811073303223e-01
-8.083860874176025391e-01
-8.067556619644165039e-01
-6.435636281967163086e-01
-5.162593126296997070e-01
-1.799651831388473511e-01
1.430130004882812500e-01
4.399292767047882080e-01
7.661210298538208008e-01
9.666916728019714355e-01
1.002385616302490234e+00
7.509056925773620605e-01
2.721631228923797607e-01
-3.288919478654861450e-02
-3.873990476131439209e-01
-3.694835007190703791e-01
-1.353504955768585205e-01
2.860384881496428888e-01
5.444984436035156250e-01
7.861004471778870739e-01
8.239103555679321289e-01
6.941499710083007812e-01
4.424718320369721014e-01
2.196741402149200439e-01
9.947703778743743896e-02
1.500709801912307462e-01
3.448080122470856268e-01
4.665501713752746027e-01
5.751191973686218262e-01
6.636349558830261230e-01
5.823624730110168457e-01
5.657618045806884766e-01
4.629223346710205078e-01
3.445470631122589111e-01
2.759114503860473633e-01
2.245701551437377930e-01
2.082507461309432983e-01
1.614310890436172485e-01
1.802290529012680054e-01
8.989499509334564209e-02
-1.445618225261569023e-03
-5.199819058179855347e-02
-1.323593854904174805e-01
-1.549950093030929565e-01
-9.244849532842636108e-02
4.403590038418769836e-02
2.702887356281280518e-01
4.324883818626403809e-01
4.179817736148834229e-01
5.398298501968383789e-01
4.367727339267730713e-01
4.262878894805908203e-01
2.454228997230529508e-01
9.421097487211227417e-02
-1.118556931614875793e-01
1.717271469533443798e-02
2.181321196258068085e-02
1.499636322259902954e-01
2.963294684886932373e-01
3.830977082252502441e-01
5.718968510627746582e-01
6.882569193840026855e-01
6.258913874626159668e-01
3.782858848571776789e-01
8.755882829427719116e-02
-1.691024750471115112e-01
-3.341673612594604492e-01
-3.731899261474609375e-01
-3.625946938991546631e-01
-2.727150917053223211e-01
1.044222991913557053e-02
1.179669946432113509e-01
4.393863677978516180e-01
6.916084885597229004e-01
7.697740197181701660e-01
7.370206713676452637e-01
4.433197081089020331e-01
1.606223583221435547e-01
-7.691417634487152100e-02
-3.120032846927642822e-01
-3.420409858226776123e-01
-3.399520516395568848e-01
-2.794850766658782959e-01
-6.781670451164245605e-02
1.146815158426761627e-02
2.375538349151611606e-01
1.500525623559951782e-01
1.196920573711395264e-01
2.075104275718331771e-03
-1.912401467561721524e-01
-2.541488111019134521e-01
-2.218579798936843872e-01
1.065008528530597687e-02
1.614115089178085327e-01
3.484484553337097168e-01
4.940502345561981201e-01
4.729664027690888006e-01
3.503990173339843750e-01
2.120414972305297574e-01
5.133680626749991677e-02
2.091214293614029884e-03
7.427984476089477539e-02
1.937017589807510376e-01
3.375515639781951904e-01
4.920904636383057196e-01
4.681592285633087158e-01
4.363334476947783869e-01
2.870466709136962891e-01
9.856100380420683427e-02
-7.738802582025527954e-02
-1.938524544239043912e-01
-1.148935928940773010e-01
-5.000370740890502930e-02
1.138909719884395599e-02
1.164788529276847701e-01
1.287559866905212402e-01
2.218015938997268677e-01
3.135041594505310059e-01
6.692016124725343185e-02
7.661060243844985962e-02
4.623899236321448586e-02
1.223016306757926941e-01
2.953290045261383057e-01
5.202415585517883301e-01
4.678420126438140869e-01
6.987055540084838867e-01
7.221303582191467285e-01
6.408717036247253418e-01
5.921196937561035156e-01
5.128634572029113770e-01
5.418378710746765137e-01
5.638137459754943848e-01
6.951797604560852051e-01
8.747963905334472656e-01
8.412886857986450195e-01
8.167071342468261719e-01
8.543388247489929199e-01
9.118342399597167969e-01
1.041443705558776855e+00
1.149464368820190430e+00
1.394353032112121582e+00
1.564384579658508301e+00
1.689913749694824219e+00
1.681090831756591797e+00
1.545735001564026101e+00
1.383986830711364746e+00
1.392759084701538086e+00
1.240873932838439941e+00
1.175075054168701172e+00
1.214809656143188477e+00
1.162798404693603516e+00
1.113749742507934570e+00
1.207793951034545898e+00
1.262624740600585938e+00
1.332858920097350852e+00
1.329643368721008301e+00
1.367327570915222168e+00
1.316836118698119895e+00
1.225165247917175293e+00
1.137099385261535645e+00
9.287868142127991833e-01
8.230090141296386719e-01
8.496838808059692383e-01
8.196693062782287598e-01
7.276048064231872559e-01
7.326661944389343262e-01
7.891395092010498047e-01
7.451005578041076660e-01
8.427072167396545410e-01
5.457099080085754395e-01
4.100737571716309149e-01
6.585385650396347046e-02
-2.734766602516174316e-01
-1.025968939065933228e-01
-1.958766281604766846e-01
-8.860765397548676925e-02
-1.703742295503616611e-01
-2.436605840921401978e-01
-2.699567675590515137e-01
-2.446382045745849609e-01
-3.063074350357056219e-01
-2.976803183555603027e-01
-1.605261862277984619e-01
-7.384761422872541947e-02
-1.607175543904304504e-02
1.758356229402124882e-04
-2.642497234046459198e-02
8.162909001111984253e-02
-1.147020012140274048e-01
-3.563899695873260498e-01
-4.170074164867401123e-01
-6.488436460494995117e-01
-5.820301175117492676e-01
-7.577477097511291504e-01
-9.208710193634032093e-01
-9.202999472618104138e-01
-1.081227898597717285e+00
-1.033919334411620872e+00
-1.136049389839172363e+00
-1.202518939971923828e+00
-1.278173208236694336e+00
-1.285486817359924316e+00
-1.227920174598693848e+00
-1.068030476570129395e+00
-9.260483980178831898e-01
-8.686697483062744141e-01
-9.693917036056519665e-01
-1.058153986930847168e+00
-1.247218728065490723e+00
-1.349388480186462402e+00
-1.292406678199768066e+00
-1.255934000015258789e+00
-1.144514918327331543e+00
-1.101220011711120605e+00
-1.084239482879638894e+00
-1.189392924308776855e+00
-1.330148816108703613e+00
-1.539160490036010742e+00
-1.556162357330322488e+00
-1.660262823104858398e+00
-1.633041381835937500e+00
-1.510179400444030762e+00
-1.395713925361633301e+00
-1.312460780143737793e+00
-1.276608228683471680e+00
-1.254260540008544922e+00
-1.321453571319580078e+00
-1.204011917114257812e+00
-1.161737799644470215e+00
-1.069296836853027122e+00
-7.927360534667968750e-01
-5.739786028861999512e-01
-4.247557520866394043e-01
-5.707718133926391602e-01
-8.388119935989379883e-01
-1.003858447074889915e+00
-1.053288698196411133e+00
-1.069567322731017844e+00
-1.068748831748962402e+00
-1.009265899658203125e+00
-8.714680075645446777e-01
-7.255758643150329590e-01
-5.297328233718872070e-01
-4.875383377075194757e-01
-5.193181037902832031e-01
-4.761187434196472168e-01
-5.648325681686401367e-01
-4.300608038902282715e-01
-2.442497909069061002e-01
-2.937717922031879425e-02
-2.105677425861358365e-01
-7.174557447433473067e-02
6.716847419738769531e-02
2.840195894241333008e-01
5.316069722175598145e-01
4.229266047477722168e-01
7.003282308578491211e-01
6.070891618728637695e-01
6.923019886016845703e-01
7.105512022972106934e-01
9.044535160064696155e-01
9.444965720176695667e-01
1.065693259239196777e+00
1.237782478332519531e+00
1.202573299407958984e+00
1.323583602905273438e+00
1.484821200370788574e+00
1.572036027908325195e+00
1.617940545082092507e+00
1.710682868957519531e+00
1.780881404876708984e+00
1.828823208808899148e+00
1.780532240867614746e+00
1.601833820343017578e+00
1.588521838188171387e+00
1.661686182022094727e+00
1.644191145896911621e+00
1.705630540847778320e+00
1.696037054061889648e+00
1.611026883125305176e+00
1.678754925727844238e+00
1.672083139419555664e+00
1.517235279083251953e+00
1.362885355949402078e+00
1.256996870040893555e+00
1.337985992431640625e+00
1.388212561607360840e+00
1.284283280372619629e+00
1.232258796691894309e+00
1.204520702362060325e+00
1.261977314949035645e+00
1.313291430473327637e+00
1.265928983688354492e+00
1.262790083885192871e+00
1.228429794311523438e+00
1.137190222740173118e+00
1.019648432731628418e+00
8.978684544563293457e-01
8.664077520370483398e-01
8.223903179168701172e-01
8.566511869430541992e-01
7.328959703445434570e-01
6.615181565284729004e-01
4.327813982963562012e-01
4.891235828399658203e-01
1.927435696125030518e-01
-3.377377614378928444e-02
-8.658367395401000977e-02
-1.979017108678817471e-01
-3.354072570800781250e-01
-4.330720305442810059e-01
-5.028765797615051270e-01
-5.282464027404785156e-01
-7.298937439918518066e-01
-7.999517917633056641e-01
-1.052546977996826172e+00
-1.363645434379577637e+00
-1.361052751541137695e+00
-1.647254943847656250e+00
-1.604261159896850586e+00
-1.650354146957397683e+00
-1.695838093757629395e+00
-1.635032176971435547e+00
-1.671361207962035911e+00
-1.593730926513672097e+00
-1.640075206756591797e+00
-1.718377470970153809e+00
-1.792233467102050781e+00
-1.946522235870361106e+00
-1.955549836158752441e+00
-1.928095459938049094e+00
-1.949389457702636719e+00
-1.715635180473327637e+00
-1.513164639472961426e+00
-1.436710000038146973e+00
-1.312088489532470703e+00
-1.203184723854064941e+00
-1.201700687408447266e+00
-1.216245651245117188e+00
-1.233663558959960938e+00
-1.362271904945373535e+00
-1.345064759254455566e+00
-1.275234222412109375e+00
-1.201598405838012695e+00
-1.255501031875610352e+00
-9.744795560836791992e-01
-8.353711366653442383e-01
-8.076448440551757812e-01
-5.762950181961059570e-01
-5.934854745864868164e-01
-6.208878159523010254e-01
-6.203523278236389160e-01
-6.176282763481140137e-01
-6.422076225280761719e-01
-5.942419767379760742e-01
-7.359845638275146484e-01
-6.345138549804687500e-01
-5.526570677757263184e-01
-4.174155294895172119e-01
-2.885971069335936945e-01
-8.714921027421951294e-02
-6.833710521459579468e-02
4.808219149708747864e-02
1.107865720987319946e-01
2.769152224063872736e-01
3.776178061962128241e-01
6.273847222328186035e-01
7.638114690780640759e-01
9.252557754516601562e-01
8.401380181312561035e-01
7.740449905395507812e-01
7.957167029380798340e-01
8.957871794700622559e-01
9.609137773513793945e-01
1.148551106452942117e+00
1.371605515480041504e+00
1.442205905914306641e+00
1.436747670173645020e+00
1.430101752281188965e+00
1.356988549232482910e+00
1.318905115127563699e+00
1.360279679298400879e+00
1.361516356468200906e+00
1.448106169700622559e+00
1.595481753349304199e+00
1.576992034912109375e+00
1.576765775680541992e+00
1.700002431869506836e+00
1.720517396926880105e+00
1.721092104911804199e+00
1.636890292167663574e+00
1.477947115898132324e+00
1.388876795768737793e+00
1.512495040893554910e+00
1.401466608047485352e+00
1.356084108352661133e+00
1.359729170799255371e+00
1.259046435356139915e+00
1.244863867759704590e+00
1.029524445533752441e+00
8.827702999114990234e-01
7.734491825103759766e-01
6.900035142898559570e-01
5.336477160453796387e-01
5.199006199836730957e-01
3.643592894077301025e-01
3.559875488281250000e-01
1.536113917827606201e-01
1.273458302021026611e-01
-4.127115383744239807e-02
-1.183475106954574446e-01
-8.285717666149139404e-02
-1.334824115037918091e-01
-1.372496634721755981e-01
-3.103680908679962158e-01
-3.256363272666931152e-01
-4.038695693016052246e-01
-6.366078257560729980e-01
-6.338397860527038574e-01
-6.697708368301391602e-01
-7.289062142372131348e-01
-7.469447255134582520e-01
-7.685026526451110840e-01
-7.485445141792297363e-01
-7.927948236465454102e-01
-9.533274173736572266e-01
-1.085522055625915527e+00
-1.167559862136840820e+00
-1.193328619003295898e+00
-1.052480936050415039e+00
-9.268344044685363770e-01
-8.310194015502929688e-01
-8.160884976387023926e-01
-7.668228149414062500e-01
-8.405244350433349609e-01
-8.553869724273681641e-01
-8.727060556411743164e-01
-9.493274092674256481e-01
-9.247600436210632324e-01
-9.290527105331419788e-01
-8.269500732421875000e-01
-7.694211006164550781e-01
-7.682716250419616699e-01
-7.554625272750854492e-01
-7.208014726638793945e-01
-7.488230466842651367e-01
-6.545633077621459961e-01
-4.041484296321868896e-01
-4.078384041786193848e-01
-2.947486937046051025e-01
-3.302119374275207520e-01
-2.201755493879318515e-01
-3.980193287134170532e-02
2.363305166363715779e-02
9.568940103054048019e-02
1.300996690988540372e-01
1.308201402425765991e-01
1.264707446098327637e-01
2.053233534097671509e-01
2.831274569034576416e-01
3.104984462261199951e-01
5.103020071983337402e-01
4.576951563358306885e-01
5.958203673362731934e-01
5.999924540519714355e-01
5.564917922019958496e-01
5.642954111099243164e-01
5.800060629844665527e-01
7.920091152191162109e-01
9.234457015991212048e-01
9.392290711402891956e-01
1.038130283355713113e+00
1.020826101303100586e+00
9.251311421394348145e-01
7.286141514778137207e-01
5.805612206459045410e-01
5.004486441612243652e-01
4.698148965835570734e-01
6.653702855110168457e-01
7.286469936370849609e-01
7.647728919982909046e-01
8.567576408386229359e-01
9.423193335533142090e-01
8.463551402091979980e-01
5.636250376701354980e-01
3.773276209831237793e-01
2.970544993877410889e-01
9.466072916984558105e-02
-3.693943098187447288e-02
-6.408573687076568604e-02
1.387433260679244995e-01
1.989362984895706454e-01
2.465430349111557007e-01
1.985040754079818726e-01
1.382760703563690186e-01
6.269685924053192139e-02
-4.574321582913398743e-02
-1.618886291980743408e-01
-2.340182811021805087e-01
-2.912485599517822266e-01
-3.725689649581909180e-01
-3.716636598110198975e-01
-4.298171401023864746e-01
-4.867783784866333008e-01
-5.596340298652648926e-01
-4.622401297092437744e-01
-3.868131637573242188e-01
-3.537453114986420233e-01
-3.982057273387908936e-01
-5.598465800285339355e-01
-7.034202218055725098e-01
-7.609626054763793945e-01
-6.976245641708374023e-01
-5.770440101623535156e-01
-6.026812791824340820e-01
-4.588382542133330744e-01
-4.665980041027069092e-01
-3.674703836441040039e-01
-3.377875983715056818e-01
-3.867908716201782227e-01
-5.638403296470642090e-01
-6.480240225791931152e-01
-6.440411210060120739e-01
-4.641546607017517090e-01
-3.320012986660004217e-01
-2.309058457612991611e-01
-3.967282772064208984e-01
-4.168730378150939941e-01
-4.301413595676422119e-01
-4.678668677806854248e-01
-5.047339797019958496e-01
-4.750529229640961248e-01
-2.821970582008361816e-01
-1.097986698150634766e-01
2.077116444706916809e-02
4.538935050368309021e-02
-1.175059005618095537e-01
-1.058720648288726807e-01
-1.693902462720870972e-01
-1.821882575750350952e-01
-3.066321611404418945e-01
-4.056968986988068182e-01
-4.055578410625457764e-01
-4.068973362445830744e-01
-1.409866511821746826e-01
-5.875558033585549095e-02
1.878097802400588989e-01
5.428013801574707031e-01
5.305101275444030762e-01
3.910005390644073486e-01
2.785565853118896484e-01
3.046237528324127197e-01
2.649004757404327393e-01
2.069030851125716886e-01
1.310380250215530396e-01
1.508780568838119507e-01
3.598506450653076172e-01
7.732196450233459473e-01
1.040542840957641602e+00
1.353018403053283691e+00
1.506465911865234375e+00
1.475910782814026101e+00
1.448024511337280495e+00
1.317040324211120605e+00
1.245639562606811523e+00
1.146705389022827148e+00
1.168620586395263672e+00
1.352843523025512695e+00
1.581142187118530495e+00
1.783463001251220703e+00
1.975530266761780007e+00
1.853201985359191895e+00
1.794981479644775391e+00
1.696578741073608398e+00
1.174692630767822488e+00
9.512788057327270508e-01
7.222856283187866211e-01
8.106901645660400391e-01
8.477157354354858398e-01
9.236603975296020508e-01
1.001395344734192117e+00
9.852038025856018066e-01
1.019442796707153098e+00
9.051718115806579590e-01
7.576839923858642578e-01
3.187720477581024170e-01
3.539398312568665106e-01
3.477791324257850647e-02
-9.633202850818634033e-02
-1.422713845968246460e-01
-5.374250560998916626e-02
1.766433417797088623e-01
2.570589184761047363e-01
5.359585583209992149e-02
-4.477739930152893066e-01
-4.870204627513886053e-01
-9.505632519721983753e-01
-1.180324554443359375e+00
-1.694658756256103516e+00
-2.258537292480468750e+00
-2.464795827865600586e+00
-2.595931529998779741e+00
-2.392970800399780273e+00
-1.972413778305053711e+00
-1.649191737174987793e+00
-1.632318139076233132e+00
-1.746144652366638184e+00
-1.924929738044738770e+00
-2.335812330245972124e+00
-2.668976306915283203e+00
-2.815523386001586914e+00
-2.621679067611694336e+00
-2.457015275955200195e+00
-2.234617948532104492e+00
-2.048620462417602539e+00
-1.671808481216430886e+00
-1.128985166549682617e+00
-9.147474169731140137e-01
-5.557259917259216309e-01
-4.477045834064484198e-01
-3.858964741230010986e-01
-4.188149273395537775e-01
-4.892471134662628174e-01
-1.312061399221420566e-01
-2.879889309406280518e-01
-4.824680387973785956e-01
-6.302918195724487305e-01
-5.799387097358703613e-01
-4.423546791076660156e-01
-2.014294266700744629e-01
3.386099338531494141e-01
7.874017357826232910e-01
1.739129304885864480e+00
2.656675815582275391e+00
2.983544826507568359e+00
3.380083799362182617e+00
3.091457843780517578e+00
2.815424680709838867e+00
2.498296976089477095e+00
2.444367885589600053e+00
2.500431776046752930e+00
2.755175352096557617e+00
3.346480131149291992e+00
3.465979576110839844e+00
3.426002740859985352e+00
3.300376176834106445e+00
3.192855119705200195e+00
2.870697021484375000e+00
2.627830505371093750e+00
2.496128082275390181e+00
2.621392011642456055e+00
2.681369304656982422e+00
2.669018745422363725e+00
2.506802558898925781e+00
2.147088766098022461e+00
1.410279512405395508e+00
1.131181240081787109e+00
6.660330295562744141e-01
6.008059382438659668e-01
8.708522319793701172e-01
1.140047550201416016e+00
1.315684795379638894e+00
1.148594379425048828e+00
8.705066442489624023e-01
-3.259311243891716003e-02
-1.238438248634338379e+00
-1.731703639030456321e+00
-2.532885074615478516e+00
-2.812945604324340820e+00
-3.443980932235717773e+00
-3.777341604232788086e+00
-3.808085203170775923e+00
-3.731788158416748047e+00
-3.640082597732543945e+00
-3.271752357482910156e+00
-3.080856800079345703e+00
-2.972231149673461914e+00
-3.032226800918578657e+00
-3.213756084442138672e+00
-3.619337558746337891e+00
-3.676378250122070312e+00
-3.921708345413208008e+00
-4.116695880889893466e+00
-4.290131568908691406e+00
-4.242837429046631748e+00
-4.093133449554443359e+00
-3.317137479782104492e+00
-3.050462007522583008e+00
-2.233242988586425781e+00
-1.698208451271057129e+00
-1.594177007675170898e+00
-1.510229468345641868e+00
-1.531645655632019043e+00
-1.377397656440734863e+00
-1.090990781784057617e+00
-1.100708603858947754e+00
-6.909390687942504883e-01
-6.125208735466003418e-01
3.331005107611417770e-03
5.312461256980895996e-01
4.993035495281220038e-01
1.129585981369018555e+00
1.121910572052001953e+00
1.624822497367858887e+00
1.817015290260314941e+00
2.571159601211548296e+00
3.344948053359985352e+00
3.718869686126708984e+00
4.547278881072998047e+00
4.757355213165283203e+00
5.397965431213378906e+00
5.837703227996826172e+00
5.872501850128173828e+00
6.251652240753173828e+00
6.561688423156737393e+00
6.774989604949951172e+00
6.739928722381592685e+00
6.712750434875487393e+00
6.489115715026856357e+00
6.190656185150146484e+00
5.703724384307861328e+00
5.569787979125976562e+00
5.170373916625976562e+00
4.666144847869873047e+00
4.332002639770508701e+00
3.626315832138061523e+00
3.338791608810424805e+00
2.287732124328613281e+00
1.958623051643372026e+00
9.167410135269163929e-01
1.391570549458265131e-02
-4.155102372169495184e-01
-1.002168416976928711e+00
-1.201193571090698242e+00
-1.488804578781128152e+00
-1.915655612945556863e+00
-2.222337007522583008e+00
-3.108594894409180132e+00
-3.485402822494506836e+00
-4.520231246948242188e+00
-5.043532848358153409e+00
-5.686124324798583984e+00
-5.919240474700927734e+00
-5.952660083770752841e+00
-6.055418014526367188e+00
-6.270358562469482422e+00
-6.521298408508300781e+00
-6.682176113128662109e+00
-7.003492355346679688e+00
-7.081884384155272549e+00
-7.240720748901367188e+00
-7.238423347473143643e+00
-7.194204330444335938e+00
-6.827950000762940341e+00
-6.389891624450683594e+00
-6.202291011810302734e+00
-5.644423484802246094e+00
-5.455453872680664062e+00
-5.277514457702636719e+00
-5.080544471740722656e+00
-5.081162929534912109e+00
-4.662345886230468750e+00
-4.563648223876953125e+00
-3.774127960205078125e+00
-3.286182880401611772e+00
-2.077915191650390181e+00
-6.050202846527099609e-01
-9.338881075382232666e-02
1.118159890174865501e+00
1.684899091720581055e+00
2.973389148712158203e+00
4.309329509735106534e+00
4.823946475982666016e+00
6.057180881500244141e+00
6.378312110900878906e+00
7.174080371856689453e+00
7.677315711975097656e+00
7.941361427307128906e+00
8.159296989440917969e+00
8.431953430175781250e+00
8.798477172851562500e+00
9.107483863830566406e+00
9.387581825256347656e+00
9.658121109008787286e+00
9.706176757812500000e+00
9.629834175109863281e+00
9.511827468872070312e+00
9.258363723754882812e+00
9.240831375122070312e+00
8.839613914489746094e+00
8.132784843444824219e+00
7.706131458282471591e+00
6.799743652343750000e+00
5.505284786224365234e+00
4.852585315704346591e+00
3.330389261245727539e+00
3.909895420074462891e+00
1.034418344497680886e+00
9.200822710990905762e-01
3.155236244201660156e-01
-7.356608510017395020e-01
-1.126928210258484109e+00
-1.775562047958374023e+00
-1.833234786987304910e+00
-2.260622501373291016e+00
-2.700740337371826172e+00
-2.867829322814941406e+00
-3.660753250122070312e+00
-3.983908653259276900e+00
-4.626462459564208984e+00
-5.085173606872558594e+00
-5.160267353057861328e+00
-5.191359519958496094e+00
-5.293405532836914062e+00
-5.245596885681152344e+00
-5.287111282348632812e+00
-5.245723724365233487e+00
-5.146914482116699219e+00
-4.971232414245605469e+00
-4.706189155578613281e+00
-4.495472908020020419e+00
-4.457649230957031250e+00
-4.117078304290772373e+00
-3.665324449539185014e+00
-3.358633756637572798e+00
-3.321425199508666992e+00
-2.758505821228027788e+00
-2.590804338455200195e+00
-2.411435604095458984e+00
-2.240152359008789062e+00
-2.329926490783691406e+00
-2.007623195648193359e+00
-1.962121129035949707e+00
-1.657662153244018555e+00
-1.247841119766235352e+00
-1.101372599601745605e+00
-7.101896405220031738e-01
-6.341803669929504395e-01
-3.635788857936859131e-01
-2.479003965854645053e-01
8.312007994391023028e-04
1.356894671916961392e-01
2.774701118469238281e-01
2.943449914455413818e-01
4.944496452808379572e-01
8.314541578292846680e-01
9.554060697555541992e-01
1.014664173126220703e+00
1.104268431663513184e+00
1.228053450584411621e+00
9.986273646354676403e-01
1.049807190895080566e+00
1.146171808242798074e+00
1.198021650314331055e+00
1.331428885459899902e+00
1.529878258705139160e+00
1.705554246902465820e+00
1.805790305137634499e+00
1.779723525047302246e+00
1.763917088508605957e+00
1.642159700393676758e+00
1.452663183212280495e+00
1.370906352996826172e+00
1.331577658653259277e+00
1.298180103302001953e+00
1.415836095809936301e+00
1.483497738838195801e+00
1.598544478416442871e+00
1.554504275321960449e+00
1.508198618888854980e+00
1.402506351470947266e+00
1.454988121986389160e+00
1.213193774223327637e+00
1.005632877349853516e+00
9.767557382583618164e-01
8.845015764236450195e-01
8.470217585563659668e-01
9.082818031311036266e-01
8.326258659362792969e-01
8.262764215469359241e-01
7.590491771697998047e-01
6.701151132583618164e-01
6.416240334510803223e-01
5.048564076423645020e-01
4.711326658725737970e-01
4.052704274654388983e-01
3.838423192501068115e-01
3.634558916091918945e-01
2.904392480850219727e-01
3.625803291797637939e-01
2.422239184379577637e-01
2.865635454654693604e-01
1.084075570106506348e-01
5.502092093229293823e-02
4.422612115740776062e-02
-1.227165237069130083e-01
-1.819291859865188876e-01
-2.162726819515228549e-01
-2.175114452838897428e-01
-2.582311928272247314e-01
-3.338211178779602051e-01
-4.068287611007689319e-01
-4.637201428413391113e-01
-5.553010106086730957e-01
-6.743896007537841797e-01
-7.614303231239318848e-01
-6.772903203964233398e-01
-6.034787297248840332e-01
-5.305269956588745117e-01
-5.103821754455566406e-01
-4.782819449901580811e-01
-4.208633303642272949e-01
-4.698099493980408270e-01
-4.791992604732513983e-01
-5.719860196113586426e-01
-5.549513697624206543e-01
-6.203421950340270996e-01
-5.891559123992919922e-01
-5.619547367095947266e-01
-5.147016048431396484e-01
-4.683237373828887939e-01
-4.550591409206389826e-01
-3.902930617332458496e-01
-3.904066979885100763e-01
-4.362294077873229980e-01
-5.000708103179931641e-01
-4.682202637195587158e-01
-3.657088875770568848e-01
-4.332115948200225830e-01
-4.070343673229217529e-01
-4.291576445102692206e-01
-4.467413723468781073e-01
-4.842507243156433105e-01
-4.288795292377471924e-01
-4.393049478530883789e-01
-4.630008935928344727e-01
-4.963257014751433771e-01
-5.248378515243529163e-01
-5.505725145339965820e-01
-3.871029019355773926e-01
-3.905337154865264893e-01
-3.336935341358184814e-01
-3.298484683036804199e-01
-3.656904101371765137e-01
-4.243388473987578791e-01
-4.929979145526885986e-01
-4.956514835357666016e-01
-5.869814157485961914e-01
-6.048860549926757812e-01
-6.222846508026123047e-01
-5.704872608184814453e-01
-5.552980303764343262e-01
-5.107657909393309437e-01
-5.544714927673339844e-01
-4.930689334869384766e-01
-4.309661388397216797e-01
-4.234573841094970703e-01
-3.266344964504241943e-01
-3.123416006565093994e-01
-2.705390155315399170e-01
-3.099914193153380793e-01
-3.576386570930480957e-01
-3.882123529911041260e-01
-4.333003461360930841e-01
-4.915436506271361750e-01
-5.183528065681457520e-01
-4.031156003475189209e-01
-3.420239090919494629e-01
-1.686478704214096069e-01
-1.942677795886993131e-01
-1.030437052249908308e-01
-3.298434987664223411e-02
-9.838849306106567383e-02
-1.200797781348228455e-01
-1.387646049261093140e-01
-1.323062628507614136e-01
-1.471437066793441772e-01
-1.948600858449935913e-01
-1.493283808231353760e-01
-8.579614758491516113e-02
-1.527904719114303762e-02
1.023101136088371277e-01
1.344586461782455444e-01
2.215361148118972778e-01
1.576690077781677246e-01
1.102236658334732056e-01
7.296347618103027344e-02
-3.954159095883369446e-02
-1.189737096428871294e-01
-1.511697471141815186e-01
-1.048359721899032593e-01
1.199389901012182236e-02
1.604467332363128662e-01
1.341344416141510010e-01
1.493685692548751831e-01
1.284338533878326416e-01
1.468509286642074585e-01
5.083831958472728729e-03
4.095507040619850159e-02
5.717858672142028809e-02
9.218672662973403931e-02
1.666445434093475342e-01
1.655974537134170532e-01
2.513915002346038818e-01
2.127535790205001553e-01
2.296920120716094971e-01
2.888211309909821112e-01
3.563615381717681885e-01
4.092078506946564276e-01
3.921856582164764959e-01
3.611757457256317139e-01
3.954060077667235773e-01
4.498198032379150391e-01
5.033235549926757812e-01
4.274265170097351074e-01
4.599267840385437012e-01
4.779261350631713867e-01
4.870509505271912176e-01
4.754500687122344971e-01
4.761940538883209229e-01
4.766316115856170099e-01
4.968561530113220215e-01
5.048145651817321777e-01
5.064861774444578968e-01
4.725545048713684082e-01
4.515358209609985907e-01
4.260033965110778809e-01
3.877900540828704834e-01
3.327046930789947510e-01
3.397388458251953125e-01
2.908981442451477051e-01
2.639806866645812988e-01
2.347853928804397583e-01
1.866936832666397095e-01
1.518010944128036499e-01
2.357694655656814575e-01
2.692784368991851807e-01
2.703214883804320734e-01
3.343596458435058594e-01
2.786614298820496161e-01
2.726219594478607178e-01
2.088389843702316562e-01
2.150625176727771759e-02
-1.420863121747970581e-01
-3.188034147024154663e-02
-1.296037137508392612e-01
-1.568318605422973633e-01
-1.694063246250152588e-01
-5.755674839019776085e-02
-2.377824299037456166e-02
-1.915936172008514404e-02
-1.217563226819038530e-01
-1.702587455511093140e-01
-2.402639985084533414e-01
-3.009848594665527344e-01
-1.820259392261505127e-01
-1.831326633691787997e-01
-1.724067777395248413e-01
-1.581609547138214111e-01
-1.417101770639419556e-01
-1.387570798397064209e-01
-1.730851978063583374e-01
-2.424489110708236972e-01
-1.537446826696395874e-01
-2.793134450912476141e-01
-2.937815487384796143e-01
-1.919187009334563931e-01
-1.474293917417526245e-01
-1.237725690007209778e-01
-6.104790791869163513e-02
-4.443354532122612000e-02
-2.121589630842208862e-01
-2.289852052927016934e-01
-2.445037961006165106e-01
-2.999744117259979248e-01
-2.954617738723754883e-01
-2.823935151100159247e-01
-2.965144515037537176e-01
-3.236977159976959229e-01
-2.680985629558563232e-01
-3.958493471145629883e-01
-4.449055194854735773e-01
-4.677892327308654785e-01
-4.606065750122069757e-01
-4.105424284934997559e-01
-3.181192576885223389e-01
-3.671874403953552246e-01
-2.639800012111663818e-01
-2.631506025791168213e-01
-2.758384943008422852e-01
-2.947889864444733221e-01
-2.431673705577850619e-01
-1.985401213169097900e-01
-1.426675766706466675e-01
-1.496962457895278931e-01
-8.248385787010192871e-02
-1.552007496356964111e-01
-8.084945380687713623e-02
-9.611133486032485962e-02
-2.596820518374443054e-02
-3.210243955254554749e-02
4.096477106213569641e-02
1.571956276893615445e-01
1.807957440614700595e-01
2.667627036571503241e-01
1.596032381057739258e-01
6.352128833532331986e-02
8.559514582157135010e-02
7.546688616275787354e-02
7.119440287351606889e-02
4.026549309492111206e-02
-1.447803061455488205e-02
6.648383289575578170e-02
1.814174652099609375e-01
1.572639048099517822e-01
2.870416045188903809e-01
3.679430782794951837e-01
3.594714701175689697e-01
4.365640580654143732e-01
4.324488639831542969e-01
4.591567218303679865e-01
3.781248629093170166e-01
4.132396578788756769e-01
3.916838467121124268e-01
4.412258267402648926e-01
3.973586559295654297e-01
4.811933040618897039e-01
5.378268361091613770e-01
5.097401738166809082e-01
5.986192226409912109e-01
5.923090577125549316e-01
5.786173343658447266e-01
5.246994495391845703e-01
4.508993327617645264e-01
3.765745759010314941e-01
3.334502577781677246e-01
3.483284711837769110e-01
3.566840589046478271e-01
4.060265421867370605e-01
5.226402878761291504e-01
3.981932997703552246e-01
5.185185074806213379e-01
4.590896070003510077e-01
4.089854657649993896e-01
4.068470299243927002e-01
3.941444754600524902e-01
3.893326222896575928e-01
4.096251726150513250e-01
4.791781306266785223e-01
5.570489168167114258e-01
4.689535498619080145e-01
3.470214903354644775e-01
3.587707877159119207e-01
3.787058889865875244e-01
3.549730479717254639e-01
3.754336833953857422e-01
5.186208486557006836e-01
5.577341914176940918e-01
6.367250084877014160e-01
6.524649262428283691e-01
6.187871098518371582e-01
5.751284956932067871e-01
5.337859988212585449e-01
4.858749806880950928e-01
4.608406424522399902e-01
4.780521094799041748e-01
5.109921097755432129e-01
4.601623117923737127e-01
4.898836016654968262e-01
5.062192082405089222e-01
5.174445509910583496e-01
5.065241456031799316e-01
5.340864062309265137e-01
4.460200667381287176e-01
3.549264967441558838e-01
3.613141477108001709e-01
3.920957446098328192e-01
4.278204143047332764e-01
3.523412346839904785e-01
2.990094423294067383e-01
2.481064498424530029e-01
3.358506858348846436e-01
2.298637330532073975e-01
8.610493689775466919e-02
-4.584497213363648155e-02
-2.460450865328311920e-02
-6.540427356958389282e-02
3.802679711952805519e-03
8.704006671905517578e-02
8.464827388525009155e-02
-4.281881824135780334e-02
-1.153059229254722456e-01
-1.707221269607543945e-01
-1.543478667736053467e-01
-2.025593072175979892e-01
-2.086164802312850952e-01
-1.877525895833969116e-01
-1.124568283557891707e-01
-9.341651201248167558e-02
-8.858432620763778687e-02
-7.879936695098876953e-02
-8.238931000232697921e-02
-1.194947957992553433e-01
-1.617274135351181030e-01
-1.753302514553070068e-01
-1.967878639698028842e-01
-1.937954127788543979e-01
-1.726215183734893799e-01
-1.871131509542464655e-01
-1.119833067059516768e-01
-1.615022569894790372e-01
-1.431957036256790161e-01
-1.923322528600692749e-01
-1.668762564659118652e-01
-1.547358632087707520e-01
-1.306994706392288208e-01
-1.677278727293014526e-01
-1.045262739062309265e-01
-3.757667914032936096e-02
3.426678106188773415e-02
1.147729065269231796e-02
-3.572399169206618569e-02
-4.005997627973557212e-02
-6.439491361379622025e-02
-5.518452450633049011e-02
-1.893716491758823742e-02
-1.762757450342178622e-01
-1.022412255406379561e-01
-6.247514486312866211e-02
-7.818157225847244263e-02
1.491195559501647949e-01
2.477222532033920566e-01
3.806243836879729669e-01
4.487607479095458984e-01
4.471894502639770508e-01
3.955583274364471991e-01
3.111600279808044434e-01
2.478514611721039096e-01
2.310792952775954923e-01
2.527801096439361572e-01
3.007563948631286621e-01
3.566050827503204346e-01
3.119866549968719482e-01
3.387811779975891113e-01
3.219388425350189209e-01
2.868241071701049805e-01
2.627942860126495361e-01
3.157837688922882080e-01
3.203010559082031250e-01
2.382452338933944980e-01
2.273696810007095614e-01
2.154112309217453003e-01
1.912963688373565396e-01
2.599097490310668945e-01
3.285471200942993164e-01
2.482765316963196078e-01
2.388446778059005460e-01
2.962070703506469727e-01
2.560103237628936768e-01
1.461868882179260531e-01
1.608738601207733154e-01
7.812649756669998169e-02
9.040395170450210571e-02
5.874869599938392639e-02
1.980095207691192627e-01
1.666377484798431396e-01
1.872688531875610629e-01
4.636349901556968689e-02
-8.760689757764341182e-03
-7.278626412153244019e-02
-1.296940147876739502e-01
-1.551849097013473511e-01
-1.486344784498214722e-01
-1.043163761496544023e-01
-2.702322602272033691e-02
5.113378539681434631e-02
-5.408238247036933899e-02
-1.875035464763641357e-02
-6.941561121493577957e-03
-1.972903683781624187e-02
-1.226583775132894343e-02
-2.519545890390872955e-02
-2.667624689638614655e-02
-1.194061478599905968e-04
4.518199339509010315e-02
8.069866895675659180e-02
9.955526143312454224e-02
3.018534928560256958e-02
8.999895304441452026e-03
5.284126847982406616e-03
2.206810936331748962e-02
4.883570596575737000e-02
-2.371630165725946426e-03
3.867771849036216736e-02
7.037711888551712036e-02
1.133051514625549316e-01
-2.404272183775901447e-02
-1.678198575973510742e-01
-1.626681387424468994e-01
-1.296623647212982178e-01
3.612398356199265220e-02
8.222775161266326904e-02
2.400018507614732222e-03
1.600584387779235840e-01
2.745260000228881836e-01
3.731597363948822021e-01
4.046874642372130793e-01
3.158436417579650879e-01
2.961294651031494141e-01
2.774631679058074951e-01
3.225015103816986084e-01
2.208482176065444946e-01
2.135879546403884888e-01
2.211789637804031372e-01
2.425906956195831576e-01
2.732430398464202881e-01
3.089132308959960938e-01
2.747462689876556396e-01
3.093266189098358154e-01
2.083052992820740024e-01
1.909198313951492587e-01
1.905521899461746493e-01
2.423297613859176913e-01
2.839435935020446777e-01
2.899466454982757568e-01
2.692575752735137939e-01
2.663785219192504883e-01
2.730183005332946777e-01
2.454241514205932895e-01
1.157773733139037947e-01
7.936428487300872803e-02
8.368664234876632690e-02
1.208365485072136064e-01
1.514935642480850220e-01
1.086684167385101318e-01
1.386062204837799072e-01
2.157532572746276855e-01
1.832497566938400546e-01
1.236436367034911971e-01
4.604429379105567932e-02
-2.000747807323932648e-02
4.568533040583134565e-03
-2.822007238864898682e-02
-5.301906727254390717e-03
5.291397124528884888e-02
1.912302225828170776e-01
1.195168197154998779e-01
9.365361928939819336e-02
3.008488379418849945e-02
-4.417967796325683594e-02
-1.070634722709655762e-01
-1.476065665483474731e-01
-1.550014019012451172e-01
-1.482905149459838867e-01
-1.408907622098922729e-01
-2.244879454374313354e-01
-2.349797785282135010e-01
-2.246071249246597290e-01
-1.595817804336548129e-01
-1.396988183259963989e-01
-1.407659961842000484e-03
-3.030613064765930523e-02
7.653933018445968628e-02
5.099173262715339661e-02
1.225485838949680502e-02
5.816947668790817261e-02
1.088616028428077559e-01
1.900291889905929565e-01
2.070697844028472900e-01
2.303115576505661011e-01
1.541095525026321411e-01
2.238129377365112582e-01
2.658535242080688477e-01
2.114633023738861084e-01
3.404823839664459229e-01
3.065120279788970947e-01
3.613440990447998047e-01
3.504000604152679443e-01
4.160454869270325262e-01
3.664833605289459229e-01
4.085928201675415039e-01
4.505390524864196777e-01
5.830692648887634277e-01
5.328305959701538086e-01
5.253547430038452148e-01
5.087625384330750622e-01
5.248921513557434082e-01
4.090986251831055243e-01
3.243299424648284912e-01
2.422362267971039096e-01
1.977486908435821256e-01
2.717453241348266602e-01
3.302481174468994141e-01
3.829666972160338800e-01
4.045261442661284845e-01
4.156129360198975164e-01
3.937233388423920233e-01
3.268266618251800537e-01
2.048307806253432672e-01
1.694369912147521973e-01
1.393677294254302979e-01
6.952345371246337891e-02
1.942960917949676514e-01
1.844143271446228027e-01
1.250447928905487061e-01
5.763220414519309998e-02
4.994044825434684753e-02
7.172676175832747025e-02
8.421281725168228149e-02
8.015736937522888184e-02
7.915247976779937744e-02
6.184912100434302590e-02
6.470616161823272705e-02
6.565548479557037354e-02
6.824938952922821045e-02
6.920759379863739014e-02
-2.264412352815270424e-03
-1.296269893646240234e-02
1.065254807472229004e-01
3.767989203333854675e-02
5.812830105423927307e-02
9.397695958614349365e-02
1.329592913389205933e-01
1.379094272851943970e-01
1.333372890949249268e-01
1.005920544266700745e-01
7.857782393693923950e-02
7.969363778829574585e-02
9.142325818538665771e-02
1.220588758587837219e-01
1.736925244331359863e-01
1.389175951480865479e-01
1.696203202009201050e-01
1.781523823738097867e-01
1.623289585113525391e-01
1.086592152714729309e-01
5.723476782441138527e-02
1.711442619562149048e-01
1.361415535211563110e-01
1.146327555179595947e-01
1.272563934326171875e-01
1.487864404916763306e-01
7.083144783973693848e-02
1.500854045152664185e-01
1.354939937591552734e-01
1.143933460116386552e-01
7.963246852159500122e-02
1.353629082441330234e-01
1.010657399892807007e-01
7.438432425260543823e-02
4.805240035057067871e-02
1.843129284679889679e-02
5.641310289502143860e-02
1.404260657727718353e-02
-2.835935726761818279e-02
-5.205751582980155945e-02
2.067526057362556111e-02
5.959479603916406631e-03
-7.645286619663237658e-03
-1.761747524142265320e-02
-1.251066923141479492e-01
-1.717290282249450684e-01
-5.147289484739303589e-02
-5.737345293164252541e-02
-2.592298015952110291e-02
1.475453004240989685e-02
4.027190431952477195e-02
3.916408866643905640e-02
-5.761508271098137596e-02
-1.195468306541442732e-01
-1.154719591140747209e-01
-1.702907532453536987e-01
-1.996449828147887906e-01
-2.108519226312637329e-01
-1.929552704095840454e-01
-1.712838262319564819e-01
-1.363829970359802246e-01
-8.924756944179534912e-02
-4.990997165441513062e-02
-1.837108880281448364e-01
-1.845695823431015015e-01
-1.973070502281188965e-01
-2.054768353700637540e-01
-1.774150133132934570e-01
-1.605101972818374634e-01
-2.400367110967636108e-01
-1.277223527431488037e-01
-2.078330516815185200e-02
2.262537367641925465e-02
4.138726741075516441e-02
1.665264554321765900e-02
4.344604909420012734e-02
6.716275960206985474e-02
7.443064451217651367e-02
1.245901808142662048e-01
3.927610814571380615e-02
1.627207994461059570e-01
2.727396786212921143e-01
2.438011914491652887e-01
3.374743759632110596e-01
3.174895644187927246e-01
3.670045733451843262e-01
3.943053185939788818e-01
3.895981013774871826e-01
3.784922659397125244e-01
3.170016705989837646e-01
2.792605757713317871e-01
3.369984328746796209e-01
3.176413476467133123e-01
2.932446897029877264e-01
4.527499079704285223e-01
4.420684278011322021e-01
4.192207455635070801e-01
4.364735186100006104e-01
3.365937769412994385e-01
3.269429802894592285e-01
3.113776147365570068e-01
3.311477303504943848e-01
3.644179701805114746e-01
3.836892247200012207e-01
4.754108190536499023e-01
5.207688808441162109e-01
4.362450242042541504e-01
4.797520935535430908e-01
3.925243318080902100e-01
2.773757874965667725e-01
2.406526803970336914e-01
1.832116991281509122e-01
1.097047850489616394e-01
1.106048524379730225e-01
1.608784049749374390e-01
2.425830662250519076e-01
3.263079822063446045e-01
3.845961689949036200e-01
3.951906859874724787e-01
3.377415835857391357e-01
2.003915607929229459e-01
1.363591104745864868e-01
-1.488871965557336807e-02
-6.231586635112762451e-02
-1.185655146837234497e-01
-1.109508499503135681e-01
-4.039272293448448181e-02
1.430474519729614535e-01
2.146502286195755005e-01
2.595411837100983221e-01
1.555902957916259766e-01
1.160419061779976030e-01
-8.160498738288879395e-02
-2.062708139419555942e-01
-2.653621435165405273e-01
-2.550591826438903809e-01
-1.473162621259689331e-01
9.102594107389450073e-03
1.544835120439529419e-01
1.712436228990554810e-01
1.977834552526473999e-01
9.210689365863800049e-02
8.353329263627529144e-03
-7.797597348690032959e-02
-1.457692086696624756e-01
-1.582409590482711792e-01
-1.033088788390159607e-01
-1.035646535456180573e-02
1.040768846869468689e-01
1.424019634723663330e-01
1.545404940843582153e-01
6.463650614023208618e-02
1.611000895500183105e-01
7.128889858722688155e-02
3.113177418708801270e-02
7.553195953369140625e-02
5.703832581639289856e-02
3.695059567689896324e-02
4.317161813378334045e-02
8.760714530944824219e-02
1.404283493757247925e-01
1.947204321622848511e-01
2.047531455755233487e-01
1.874977946281433105e-01
1.449782699346542636e-01
6.665582209825515747e-02
1.278539001941680735e-02
1.631829887628555298e-02
6.422170251607894897e-02
8.606246113777160645e-02
8.701542764902114868e-02
1.133397370576858521e-01
1.156906858086585999e-01
1.099245995283126692e-01
1.253959089517593384e-01
4.830847308039665222e-02
5.687011405825614929e-02
9.015220403671263261e-02
6.693805009126661820e-02
1.246098950505256792e-01
8.166077733039855957e-02
1.807939708232879916e-01
1.873913854360580444e-01
2.012837827205657959e-01
2.124145776033401212e-01
1.354757994413376132e-01
2.097730189561843872e-01
1.983201056718826572e-01
1.828408390283584872e-01
1.760837435722351074e-01
1.622964441776275635e-01
1.408131122589111328e-01
1.398420929908752441e-01
2.066166847944259921e-01
1.980808079242706576e-01
1.243084073066711565e-01
1.191910207271576067e-01
1.044566184282302718e-01
1.701230257749557495e-01
1.427031159400939941e-01
1.366029232740402222e-01
1.293375492095947266e-01
1.147473976016044478e-01
1.002060994505882402e-01
7.744546234607697921e-02
1.271430701017379761e-01
1.679137945175170898e-01
1.988106667995452881e-01
1.444565653800964633e-01
1.015572249889373779e-02
-5.743132904171943665e-02
-9.033470600843429565e-02
4.936893656849861145e-02
5.015180259943008423e-02
2.751065231859683990e-02
1.462544035166501825e-02
-4.238964989781379700e-02
-7.615657150745391846e-02
-1.001340597867965559e-01
-2.485509961843490254e-02
-1.518615894019603729e-02
-9.424366056919097900e-03
-4.014752805233002576e-03
-7.268366403877734271e-03
-1.827351562678813934e-02
-3.469786047935486534e-02
-8.600031584501266479e-02
-7.460680603981018066e-02
-7.255917042493820190e-02
-6.901644170284271240e-02
1.873154565691948284e-02
4.112884774804115295e-02
3.972911462187767029e-02
5.378338694572448730e-02
-2.584015578031539917e-02
-4.295584931969642639e-02
-4.904276505112648010e-02
4.553051665425300598e-02
7.663913071155548096e-02
2.833914384245872498e-02
3.671041876077651978e-02
3.770079836249352195e-02
1.980905607342720032e-02
5.055521614849566329e-04
6.729649379849434766e-03
4.250770434737205505e-02
1.105539575219154358e-01
9.631044417619703812e-02
1.309508979320526123e-01
1.369804441928863525e-01
1.008404716849327226e-01
-2.674178034067153931e-02
-3.098281286656856190e-02
9.879702329635620117e-02
4.157098382711410522e-02
7.841307669878005981e-02
8.902838081121444702e-02
1.839700788259506503e-01
1.883761733770370483e-01
1.316991597414016724e-01
1.290102303028106689e-01
1.332198679447174072e-01
1.363347917795181274e-01
1.288093626499176025e-01
1.063907742500305315e-01
2.216015458106994629e-01
8.506225794553758102e-02
2.724164351820945740e-02
-4.336626082658768394e-02
-3.030670247972011913e-02
-1.401285524480044625e-03
-4.002799745649099350e-03
1.284698303788900549e-02
-1.558528561145067215e-02
3.955056145787239075e-02
5.343692749738693237e-02
5.579765141010285118e-02
9.816525876522064209e-02
1.004857942461967607e-01
1.059316247701644759e-01
-1.273138727992772883e-02
-1.163082048296928545e-01
-1.563138812780380249e-01
-1.471208184957504550e-01
-2.522373199462890278e-02
2.652198262512684215e-02
7.113081961870192094e-02
-8.009298890829086304e-02
-1.099764257669448714e-01
-1.631318330764770508e-01
-2.031532302498817097e-02
-4.732410237193108299e-02
-1.076448261737823625e-01
-1.809231638908386508e-01
-1.699578166007995605e-01
-1.280619651079178134e-01
2.072091959416866302e-02
9.384924918413162231e-02
5.238556861877442100e-02
5.636054277420043945e-02
4.360994696617127159e-02
3.969877958297729492e-02
2.591181360185146332e-02
-1.409796881489455483e-03
1.624808162450790405e-01
1.010558754205703597e-01
1.246456876397132735e-01
1.061684712767601013e-01
1.486734598875045776e-01
1.804895512759685169e-02
-5.205345153808593750e-02
-8.843911439180374146e-02
-6.044894456863402626e-02
-9.211265295743942261e-02
-3.219114616513251564e-02
1.780377179384231567e-01
1.351280063390731812e-01
2.270101308822632113e-01
2.357161417603492737e-02
-5.668097361922263405e-02
-1.273197084665298462e-01
-2.473549172282218933e-02
-6.165024638175965049e-02
-2.801307849586009979e-02
3.947220742702483437e-02
5.146854370832443237e-02
9.952893108129499955e-02
8.565296977758407593e-02
1.170056778937578201e-02
-4.061317816376686096e-02
-8.907841145992279053e-02
-9.718669950962068038e-02
-7.330770790576934814e-02
-4.190600663423538208e-02
-1.866365969181060791e-02
-7.052219007164240751e-03
1.259034313261509115e-02
4.679156839847564697e-02
9.612543880939483643e-02
1.253782510757446567e-01
1.259991675615310669e-01
7.032078504562377930e-02
8.416152745485305786e-02
7.334592193365097046e-02
8.853826671838758641e-03
-7.651802152395247025e-02
-1.485266238451004028e-01
-1.775400340557098389e-01
-1.516120433807373047e-01
-2.772113122045993805e-02
8.373425342142581940e-03
1.073744799941778183e-02
1.332967891357839108e-03
-3.137957304716110229e-02
-6.792255491018295288e-02
-3.561807423830032349e-02
-9.028763324022293091e-02
-6.411828100681304932e-02
-1.235322728753090044e-01
-1.618250757455825806e-01
-1.711181700229644775e-01
-1.851429790258407870e-01
-3.335266113281250000e-01
-2.227871865034103394e-01
-1.690392345190048218e-01
-1.129851713776588440e-01
-1.847411990165710449e-01
-1.289759427309036532e-01
-2.688559889793395996e-01
-1.022608391940593546e-02
-2.339775860309600830e-02
-4.084837064146996238e-02
-4.478444159030913613e-02
2.466238662600517273e-02
-5.740970373153687217e-02
-2.681004106998444159e-01
-1.313701122999191284e-01
-3.689050972461700995e-01
1.263659447431564609e-01
-6.476075504906476628e-04
-1.851504892110824863e-01
1.196238845586776733e-01
5.412456989288328968e-01
4.651704430580139160e-01
1.612277776002883911e-01
-2.805778197944164276e-02
-2.287731766700744906e-01
-2.794345319271088202e-01
-2.069642841815948486e-01
-1.270104497671127319e-01
