2.043049812316894531e+00
2.040779113769531250e+00
2.039041280746459961e+00
2.039061307907104492e+00
2.035966396331786665e+00
2.033818721771239790e+00
2.032487869262695757e+00
2.031617879867553711e+00
2.027579069137572798e+00
2.025313377380370650e+00
2.026786327362060547e+00
2.024954795837402344e+00
2.033864498138428178e+00
2.033846378326416016e+00
2.034382104873656782e+00
2.033667087554932085e+00
2.033971548080444336e+00
2.035219192504883257e+00
2.033939123153686523e+00
2.035068035125732422e+00
2.035915136337280273e+00
2.036261558532715288e+00
2.035395860671996626e+00
2.036460161209106445e+00
2.037389993667602539e+00
2.038403987884521040e+00
2.039081335067749023e+00
2.037889957427978516e+00
2.038121223449706587e+00
2.037009239196777344e+00
2.035451650619506836e+00
2.039614439010620117e+00
2.039299249649048296e+00
2.038155317306518555e+00
2.038226604461669922e+00
2.036955118179321289e+00
2.035641431808472124e+00
2.035372018814086914e+00
2.032850265502929688e+00
2.033206939697265625e+00
2.033172845840454102e+00
2.033578872680664062e+00
2.030854701995849609e+00
2.031104803085326704e+00
2.031627178192138672e+00
2.031251907348633257e+00
2.030747175216675249e+00
2.034220218658447710e+00
2.031526088714600053e+00
2.031740427017211914e+00
2.037416696548461914e+00
2.033472061157226562e+00
2.033669471740722656e+00
2.033010005950928178e+00
2.032192707061768022e+00
2.030951738357543945e+00
2.030539512634277344e+00
2.030196189880370650e+00
2.030204534530640093e+00
2.029808044433593750e+00
2.027822017669677734e+00
2.027915239334106445e+00
2.027218103408813032e+00
2.027502775192260742e+00
2.026136875152588335e+00
2.025775432586669922e+00
2.023207902908324751e+00
2.022824764251708984e+00
2.020611524581909180e+00
2.020722627639770508e+00
2.019756078720092773e+00
2.018061637878418413e+00
2.017499446868896484e+00
2.016902685165405273e+00
2.014102697372436523e+00
2.013396024703979492e+00
2.012577533721924272e+00
2.009871482849120650e+00
2.007647752761840820e+00
2.008582592010498047e+00
2.007272720336914062e+00
2.006293773651123047e+00
2.007048606872558594e+00
2.004714965820312500e+00
2.003870487213134766e+00
2.003257274627685103e+00
2.001320362091064453e+00
2.000331878662109375e+00
1.998349666595458984e+00
1.999186038970947710e+00
1.999178767204284890e+00
1.997063517570496050e+00
1.996468901634216309e+00
1.996447205543518066e+00
1.993016600608825684e+00
1.990834593772887962e+00
1.991244316101074441e+00
1.991907358169556108e+00
1.991868615150452104e+00
1.991197109222411887e+00
1.991738915443420410e+00
1.992040038108825684e+00
1.990767598152160867e+00
1.992114901542664018e+00
1.992103815078735574e+00
1.991729140281676802e+00
1.991832733154296875e+00
1.991540431976318359e+00
1.992893934249878152e+00
1.992482066154479980e+00
1.991906166076659934e+00
1.996493577957153098e+00
1.995384454727172852e+00
1.995244860649108887e+00
1.995489001274108887e+00
1.996090531349181907e+00
1.995679497718811035e+00
1.996265172958374023e+00
1.997509002685546875e+00
1.996706247329711914e+00
2.000284671783447710e+00
1.999406695365905540e+00
2.000654697418213335e+00
2.003443717956543413e+00
2.002023458480834961e+00
2.003566026687621626e+00
2.003815412521362305e+00
2.004586219787597656e+00
2.006848573684692383e+00
2.005544424057006836e+00
2.008805751800536665e+00
2.009895801544189009e+00
2.011213064193725586e+00
2.011730670928955078e+00
2.012670993804932085e+00
2.014914751052856445e+00
2.015273094177245650e+00
2.017524957656860352e+00
2.016984224319458008e+00
2.018049478530884233e+00
2.020138740539551225e+00
2.020854949951171875e+00
2.021328926086426225e+00
2.022784948348999023e+00
2.023582935333251953e+00
2.026895999908447710e+00
2.026000022888184038e+00
2.027213811874389648e+00
2.029327392578125000e+00
2.029419898986816406e+00
2.030841112136840820e+00
2.031362295150756836e+00
2.032401800155640093e+00
2.032979011535644531e+00
2.032979965209960938e+00
2.035893201828003374e+00
2.034982442855834961e+00
2.035398483276366743e+00
2.036827802658081055e+00
2.038581848144531250e+00
2.040401458740234375e+00
2.039432525634765625e+00
2.040898323059081587e+00
2.040277719497680664e+00
2.041697025299072266e+00
2.041280746459960938e+00
2.043571233749389648e+00
2.043965578079224077e+00
2.045508146286010742e+00
2.045495271682739702e+00
2.045933485031128374e+00
2.047281980514526367e+00
2.047759056091308594e+00
2.048505544662476030e+00
2.048740625381469727e+00
2.049045801162720171e+00
2.049012184143066406e+00
2.050053358078003374e+00
2.050407648086548296e+00
2.050616741180419922e+00
2.050471782684325728e+00
2.051240205764770508e+00
2.052691459655761719e+00
2.052788734436034712e+00
2.052090883255004883e+00
2.052358388900756836e+00
2.053399085998534712e+00
2.053572177886963335e+00
2.054810762405395508e+00
2.055833578109740767e+00
2.056113719940185103e+00
2.057365894317626953e+00
2.057332038879394531e+00
2.056788206100464311e+00
2.058104276657104492e+00
2.058623075485229048e+00
2.057998180389404297e+00
2.058659076690674272e+00
2.057694196701050249e+00
2.057621240615844727e+00
2.058408260345458984e+00
2.060359239578246626e+00
2.060610532760620117e+00
2.061581134796142578e+00
2.062580823898315430e+00
2.062574863433838335e+00
2.065695285797119141e+00
2.065448522567749023e+00
2.066550254821777344e+00
2.068000316619873047e+00
2.067418336868285689e+00
2.067709445953369141e+00
2.068138599395751953e+00
2.068388223648071733e+00
2.069621324539185014e+00
2.070739030838012695e+00
2.071120023727416992e+00
2.072926998138428178e+00
2.072297334671020508e+00
2.071831703186034712e+00
2.073409795761108398e+00
2.073839426040649414e+00
2.075381994247436523e+00
2.075737476348876953e+00
2.075472831726073775e+00
2.075910329818725586e+00
2.076012372970581055e+00
2.076782464981079102e+00
2.076919317245483398e+00
2.079562902450561079e+00
2.079501390457153320e+00
2.080598115921020508e+00
2.081444978713989258e+00
2.081516265869140625e+00
2.082900285720824751e+00
2.082690954208374023e+00
2.082453250885009766e+00
2.083519697189331055e+00
2.084903240203857422e+00
2.085825681686401367e+00
2.085855007171630859e+00
2.086690187454224077e+00
2.086824893951416016e+00
2.087086677551269087e+00
2.087750434875488281e+00
2.089636087417602539e+00
2.091070652008056641e+00
2.091237545013428178e+00
2.092039108276366743e+00
2.093593358993530273e+00
2.094352722167968750e+00
2.095935106277465820e+00
2.095824956893920898e+00
2.095575332641601562e+00
2.097419261932373047e+00
2.098145246505737305e+00
2.099109411239624023e+00
2.099412202835083008e+00
2.100814104080199751e+00
2.101650238037109375e+00
2.102437496185302734e+00
2.104072809219360352e+00
2.103430986404418945e+00
2.104750633239745650e+00
2.104182481765746626e+00
2.105463266372680664e+00
2.107095241546630859e+00
2.107776165008544922e+00
2.109372377395629883e+00
2.110373973846435547e+00
2.110595703125000000e+00
2.110899925231933594e+00
2.111129283905029297e+00
2.112353801727294922e+00
2.112568378448486328e+00
2.112196207046509233e+00
2.112094879150390181e+00
2.114788293838500977e+00
2.115185499191284180e+00
2.115203857421875000e+00
2.117092847824096680e+00
2.118143558502197266e+00
2.118940114974976030e+00
2.120520830154418945e+00
2.120486021041870117e+00
2.122774124145508257e+00
2.124198436737060547e+00
2.124086380004883257e+00
2.124688148498534712e+00
2.126340866088866743e+00
2.126578807830810547e+00
2.127488374710083008e+00
2.127699136734009233e+00
2.128649234771728516e+00
2.129865646362304688e+00
2.130213737487793413e+00
2.130940437316894531e+00
2.131770372390746626e+00
2.133217811584472656e+00
2.132984399795531782e+00
2.134228229522705078e+00
2.133446693420409712e+00
2.135530948638916016e+00
2.136703491210937056e+00
2.136591196060180664e+00
2.137872219085693359e+00
2.138275623321533203e+00
2.139425516128540039e+00
2.141177892684936523e+00
2.141229391098022461e+00
2.141550779342651811e+00
2.143599271774291992e+00
2.144269227981567383e+00
2.144872426986694336e+00
2.146309375762939453e+00
2.147406101226806197e+00
2.148060083389282227e+00
2.148629426956176758e+00
2.150053024291991743e+00
2.150647401809692383e+00
2.152166843414306197e+00
2.152582168579101562e+00
2.152827739715575728e+00
2.154218673706054688e+00
2.153653144836426225e+00
2.156202793121338335e+00
2.156330823898315430e+00
2.158497810363769087e+00
2.159790992736816406e+00
2.160818815231323242e+00
2.161514520645141602e+00
2.161780834197998047e+00
2.162621974945068359e+00
2.162568092346191406e+00
2.164897203445434570e+00
2.165260791778564453e+00
2.167487382888793945e+00
2.167574644088745117e+00
2.169120311737060547e+00
2.169521093368530273e+00
2.171268939971924272e+00
2.171022891998291016e+00
2.173451185226440430e+00
2.174200534820556641e+00
2.175146818161010742e+00
2.177054882049560547e+00
2.177061319351196289e+00
2.176682472229004350e+00
2.178578138351440430e+00
2.179088592529296875e+00
2.180624723434447798e+00
2.180083036422729048e+00
2.181502342224120650e+00
2.182017326354980469e+00
2.182942628860473633e+00
2.183006048202514204e+00
2.184559106826782227e+00
2.184822559356689009e+00
2.185667753219604492e+00
2.186347007751465288e+00
2.187816143035888672e+00
2.186942815780640093e+00
2.187777280807495117e+00
2.189634561538696289e+00
2.189965248107909712e+00
2.191016674041748047e+00
2.190906524658203125e+00
2.192991495132446289e+00
2.194242238998413086e+00
2.193382501602173296e+00
2.194095373153686523e+00
2.195117473602294922e+00
2.196039676666260210e+00
2.196091413497925249e+00
2.196478843688965288e+00
2.198107242584228516e+00
2.199198007583618164e+00
2.201256275177001953e+00
2.200793981552124023e+00
2.200695037841796875e+00
2.202382087707519531e+00
2.203099489212036133e+00
2.204447984695434570e+00
2.204885959625244141e+00
2.205695390701293945e+00
2.207119464874268022e+00
2.209112167358398438e+00
2.209184169769287109e+00
2.210802793502808061e+00
2.210371971130371094e+00
2.211821794509888139e+00
2.211960315704345703e+00
2.214734315872192383e+00
2.213705778121947798e+00
2.215393066406250000e+00
2.216032266616821289e+00
2.218634128570556641e+00
2.218724012374877930e+00
2.220394611358642578e+00
2.221398591995239702e+00
2.222857475280761719e+00
2.223611831665039062e+00
2.224744558334350586e+00
2.224991798400878906e+00
2.225969791412353072e+00
2.227749824523925781e+00
2.227156639099121094e+00
2.228841543197631836e+00
2.229760169982910156e+00
2.231149673461914062e+00
2.230765104293823242e+00
2.233077287673950195e+00
2.233934164047240767e+00
2.234957456588745117e+00
2.236369132995605025e+00
2.238141059875488281e+00
2.238550424575805664e+00
2.238732337951660156e+00
2.239338636398315430e+00
2.240722417831420898e+00
2.242698907852173296e+00
2.242327213287353072e+00
2.245710134506225586e+00
2.245667457580566406e+00
2.246042728424072266e+00
2.248641014099121094e+00
2.248866558074951172e+00
2.249671220779418945e+00
2.250058412551879883e+00
2.251265287399291992e+00
2.252169847488403764e+00
2.254065275192260742e+00
2.254399776458739790e+00
2.254577875137329102e+00
2.256077051162720171e+00
2.256947517395019531e+00
2.257204532623291016e+00
2.257969856262207031e+00
2.258535146713256836e+00
2.259408235549926758e+00
2.258837938308715820e+00
2.260331869125365767e+00
2.261391639709472656e+00
2.261506319046020508e+00
2.261313915252685103e+00
2.262640953063964844e+00
2.262530803680419922e+00
2.263617515563964844e+00
2.264022350311279741e+00
2.265685081481933594e+00
2.265818357467651811e+00
2.266267538070678711e+00
2.266235351562500000e+00
2.267264842987060547e+00
2.268852472305298296e+00
2.268907546997070312e+00
2.268921613693237305e+00
2.268544912338256836e+00
2.270120859146118164e+00
2.272194623947143999e+00
2.272280931472778320e+00
2.272949695587158203e+00
2.273601531982421875e+00
2.274579286575317383e+00
2.274787902832031250e+00
2.276378154754638672e+00
2.276803255081176758e+00
2.277415275573730469e+00
2.279220342636108398e+00
2.279578685760498047e+00
2.280565261840820312e+00
2.282056093215942383e+00
2.282660007476806197e+00
2.283139705657958984e+00
2.283291339874268022e+00
2.285050392150878906e+00
2.285797834396362305e+00
2.287093877792358398e+00
2.288544416427612305e+00
2.288315057754516602e+00
2.289678573608398438e+00
2.291007518768310547e+00
2.291192770004272461e+00
2.293138742446899414e+00
2.293824672698974609e+00
2.295017719268798828e+00
2.295806169509888139e+00
2.296253919601440430e+00
2.298858165740966797e+00
2.298643827438354492e+00
2.298598527908325195e+00
2.300324916839600053e+00
2.299765348434447798e+00
2.301437139511108398e+00
2.301720619201660156e+00
2.302459955215454102e+00
2.303622484207153320e+00
2.303858041763305664e+00
2.303966045379638672e+00
2.305092096328735796e+00
2.305524587631225586e+00
2.306710481643676758e+00
2.307897090911864790e+00
2.309549331665039062e+00
2.309625625610352007e+00
2.311210632324218750e+00
2.312379598617553711e+00
2.312908887863159180e+00
2.313741922378540039e+00
2.314309358596801758e+00
2.314736843109130859e+00
2.316505670547485352e+00
2.318495512008666992e+00
2.319556951522826704e+00
2.321025133132934570e+00
2.322168350219726562e+00
2.322594881057739702e+00
2.323757410049438477e+00
2.324777603149414062e+00
2.326008558273315430e+00
2.325989484786987749e+00
2.326920032501220703e+00
2.329046964645385742e+00
2.329203128814697266e+00
2.330097198486328125e+00
2.331910133361816406e+00
2.332508563995361328e+00
2.332692623138428178e+00
2.333873271942138672e+00
2.334861278533935547e+00
2.335402488708496094e+00
2.336177110671997070e+00
2.337080717086791992e+00
2.339791297912597656e+00
2.341260671615600586e+00
2.341212987899780273e+00
2.342060804367064986e+00
2.343364238739013672e+00
2.343088626861572266e+00
2.345828294754028320e+00
2.345366239547729048e+00
2.346557617187500000e+00
2.347639560699462891e+00
2.348953723907470703e+00
2.348807811737060547e+00
2.350955009460449219e+00
2.350634813308715820e+00
2.351796150207519531e+00
2.352070569992064986e+00
2.353648185729980469e+00
2.355199575424194336e+00
2.355748653411864790e+00
2.356064796447753906e+00
2.358423948287963867e+00
2.358099222183227539e+00
2.357257366180419922e+00
2.360461950302124023e+00
2.360601902008056641e+00
2.361943960189819780e+00
2.362830877304076704e+00
2.363174676895141602e+00
2.363368749618530273e+00
2.362669467926025391e+00
2.362807273864746094e+00
2.363919258117675781e+00
2.365088939666748047e+00
2.364376544952392578e+00
2.366591691970825195e+00
2.366622209548950195e+00
2.367592334747314453e+00
2.367626428604125977e+00
2.368724346160888672e+00
2.369277000427246094e+00
2.372360706329345703e+00
2.372383832931518555e+00
2.374828577041625977e+00
2.375000953674316406e+00
2.374090909957885742e+00
2.375793933868408203e+00
2.377020597457885742e+00
2.378149271011352539e+00
2.379608631134033203e+00
2.379947662353516069e+00
2.380818367004394531e+00
2.381660699844360352e+00
2.380823612213134766e+00
2.380012273788451704e+00
2.382702827453613281e+00
2.383052825927734375e+00
2.383753538131713867e+00
2.384817600250244141e+00
2.384592771530151811e+00
2.385966300964355469e+00
2.387056350708008257e+00
2.388709783554076704e+00
2.389044523239136186e+00
2.390021085739136186e+00
2.390904426574707031e+00
2.391216754913330078e+00
2.391842126846313032e+00
2.391816616058349609e+00
2.394160270690917969e+00
2.394023418426513672e+00
2.393469333648681641e+00
2.394430398941040039e+00
2.395326852798461914e+00
2.395400762557983398e+00
2.396719217300415039e+00
2.397826671600341797e+00
2.397650957107543945e+00
2.399447202682495117e+00
2.399770021438598189e+00
2.401654243469238281e+00
2.401646375656127930e+00
2.401548862457275391e+00
2.402787923812865767e+00
2.404172897338866743e+00
2.404956579208374023e+00
2.405463218688964844e+00
2.407023429870605025e+00
2.406861066818237305e+00
2.408779859542846680e+00
2.408256769180298296e+00
2.409583568572998047e+00
2.410870552062988281e+00
2.411549806594848633e+00
2.412755250930786133e+00
2.413254737854003906e+00
2.412919282913208008e+00
2.414218187332153320e+00
2.414845943450928178e+00
2.414379835128784180e+00
2.416485071182250977e+00
2.417671203613280806e+00
2.417899608612060547e+00
2.418256044387817383e+00
2.419916391372680664e+00
2.420538663864136186e+00
2.423162937164306197e+00
2.424424648284912109e+00
2.423626661300659180e+00
2.424921989440917969e+00
2.424718379974364790e+00
2.425681352615356445e+00
2.427541255950928178e+00
2.428283214569091797e+00
2.428379297256469727e+00
2.429174900054932085e+00
2.429819822311401367e+00
2.430826187133789062e+00
2.433024644851685014e+00
2.434072971343994141e+00
2.435238361358642578e+00
2.435559272766113281e+00
2.436218976974487749e+00
2.438022375106811523e+00
2.438042402267456055e+00
2.438160181045531782e+00
2.440145730972290039e+00
2.439682483673096147e+00
2.440916061401366743e+00
2.442497968673706055e+00
2.443398714065552202e+00
2.445218086242675781e+00
2.445564508438110352e+00
2.445844411849976030e+00
2.447133064270019531e+00
2.448217868804932085e+00
2.448644399642944336e+00
2.449938297271728516e+00
2.449484586715698242e+00
2.450422525405884233e+00
2.450328350067138672e+00
2.450371980667114258e+00
2.451652765274048296e+00
2.452348709106445312e+00
2.451834917068481001e+00
2.453036546707153320e+00
2.454162597656250000e+00
2.454056501388549805e+00
2.453088760375977007e+00
2.454800844192504883e+00
2.455441236495972124e+00
2.456616163253784180e+00
2.457348823547363725e+00
2.457506895065308061e+00
2.458596229553222656e+00
2.458000659942626953e+00
2.458481550216674805e+00
2.460173130035400391e+00
2.460093736648560014e+00
2.460124492645264116e+00
2.460633993148804155e+00
2.461582183837890181e+00
2.462706327438354492e+00
2.463815450668334961e+00
2.464076757431030273e+00
2.465185403823852539e+00
2.465457201004028320e+00
2.466112136840820312e+00
2.466030597686768022e+00
2.467335224151611772e+00
2.467386960983276367e+00
2.467910289764404297e+00
2.469044208526611772e+00
2.467577457427978516e+00
2.468998193740844727e+00
2.469867944717407227e+00
2.470336914062500000e+00
2.472315073013305664e+00
2.473918676376342773e+00
2.473767995834350586e+00
2.474753856658935547e+00
2.474832057952880859e+00
2.475475549697875977e+00
2.474464178085326704e+00
2.474932670593261719e+00
2.475547075271606445e+00
2.477897882461548296e+00
2.477691173553466797e+00
2.478815555572509766e+00
2.479239702224731445e+00
2.479860544204711914e+00
2.481154680252075195e+00
2.481842517852783203e+00
2.482600927352905273e+00
2.483564376831054688e+00
2.485076665878295898e+00
2.484759330749512163e+00
2.484183788299560547e+00
2.486114740371704102e+00
2.485979795455932617e+00
2.486463308334350586e+00
2.487602233886718750e+00
2.488352775573730469e+00
2.490948915481567383e+00
2.490397453308105025e+00
2.490400314331054688e+00
2.491844415664673296e+00
2.493187904357910156e+00
2.493657588958739790e+00
2.495883941650390181e+00
2.496214866638184038e+00
2.496002435684204102e+00
2.497946500778198242e+00
2.497577428817749023e+00
2.498764991760253906e+00
2.499169349670410156e+00
2.498552560806274414e+00
2.499596357345581055e+00
2.499928951263428178e+00
2.500008821487426758e+00
2.502424716949462891e+00
2.502112150192260742e+00
2.504017591476440430e+00
2.503947734832764116e+00
2.505120038986206055e+00
2.505270719528198242e+00
2.506044626235961914e+00
2.506903886795043945e+00
2.507197618484497070e+00
2.508747577667236328e+00
2.509043931961060014e+00
2.509512662887572798e+00
2.509573459625244141e+00
2.510478258132934570e+00
2.511679649353027788e+00
2.512441158294677734e+00
2.513104438781738281e+00
2.514544248580932617e+00
2.513874053955078125e+00
2.513904094696044922e+00
2.515156507492064986e+00
2.514756441116333008e+00
2.515598058700561079e+00
2.516681909561156782e+00
2.516175985336304155e+00
2.515952587127685103e+00
2.518469810485839844e+00
2.518088102340698242e+00
2.518288135528564453e+00
2.520493984222412109e+00
2.520876646041870117e+00
2.521625041961669922e+00
2.522178173065185103e+00
2.522651195526123047e+00
2.523469209671020508e+00
2.524146080017089844e+00
2.525066137313842773e+00
2.525345802307128906e+00
2.526974916458129883e+00
2.527406692504883257e+00
2.528587102890014204e+00
2.529511213302612305e+00
2.528671741485596147e+00
2.530429840087890181e+00
2.531778335571289062e+00
2.531128168106079102e+00
2.532081604003906250e+00
2.532730340957641602e+00
2.532853603363037109e+00
2.535386800765990767e+00
2.535228252410888672e+00
2.534680604934692383e+00
2.536820650100708008e+00
2.538315057754516602e+00
2.539094448089600053e+00
2.539871454238892046e+00
2.540283441543579102e+00
2.541365623474121094e+00
2.542939901351928711e+00
2.543031930923461914e+00
2.544990301132201704e+00
2.544498920440673828e+00
2.545170783996582031e+00
2.547407150268554688e+00
2.547329664230346680e+00
2.547677040100097656e+00
2.547725439071655718e+00
2.549159049987792969e+00
2.550633907318115234e+00
2.552274465560913086e+00
2.551631927490234375e+00
2.553779840469360352e+00
2.553408622741699219e+00
2.552814006805419922e+00
2.553711891174316406e+00
2.554304361343384233e+00
2.553524017333984375e+00
2.555518388748168945e+00
2.555366992950439453e+00
2.555861949920654297e+00
2.555809259414673296e+00
2.556056022644042969e+00
2.557337284088134766e+00
2.558016061782836914e+00
2.557342290878295898e+00
2.558384895324707031e+00
2.559198856353760210e+00
2.560079097747802734e+00
2.561067819595336914e+00
2.560550451278686523e+00
2.560820341110229048e+00
2.561726093292236328e+00
2.560753345489501953e+00
2.561387538909912109e+00
2.563032388687134233e+00
2.562378168106079102e+00
2.564680576324462891e+00
2.564666986465454102e+00
2.565278768539428711e+00
2.565939664840698242e+00
2.565266132354736328e+00
2.566711425781250000e+00
2.567140817642211914e+00
2.568536520004272461e+00
2.569024801254272461e+00
2.570111036300659180e+00
2.570508480072021040e+00
2.570706129074096680e+00
2.571336030960083008e+00
2.572742700576782227e+00
2.572908163070678711e+00
2.574974775314331055e+00
2.574716567993164062e+00
2.575931310653686523e+00
2.576235055923461914e+00
2.577219963073730469e+00
2.579002141952514204e+00
2.579231739044189009e+00
2.580195903778076172e+00
2.582075119018554688e+00
2.582101821899414062e+00
2.582773447036743164e+00
2.584774255752563477e+00
2.585403680801392046e+00
2.587262868881225586e+00
2.588591575622558594e+00
2.587878942489624023e+00
2.588765859603881836e+00
2.589869022369384766e+00
2.591106891632080078e+00
2.591667890548706055e+00
2.592457056045531782e+00
2.593238353729248047e+00
2.593464851379394531e+00
2.594723224639892578e+00
2.595044136047363725e+00
2.596854448318481001e+00
2.597583532333374023e+00
2.598323583602905273e+00
2.599261522293090820e+00
2.599350690841674805e+00
2.598520278930664062e+00
2.601574420928955078e+00
2.600699186325072798e+00
2.600820779800415039e+00
2.601635456085205078e+00
2.601369857788085938e+00
2.602174758911133257e+00
2.602340459823608398e+00
2.603622913360596147e+00
2.605173349380493164e+00
2.605615854263305664e+00
2.606628417968750000e+00
2.606261253356933594e+00
2.606917858123779741e+00
2.606520652770996094e+00
2.607984542846680132e+00
2.608041286468505859e+00
2.609470367431640625e+00
2.611615896224976030e+00
2.611583709716796875e+00
2.610970497131348100e+00
2.612390756607056108e+00
2.612401008605957031e+00
2.613928318023681641e+00
2.614124774932861328e+00
2.614800453186035156e+00
2.617082834243774414e+00
2.616494178771972656e+00
2.618114233016968218e+00
2.618704557418823242e+00
2.619379758834838867e+00
2.619517803192138672e+00
2.619979143142700195e+00
2.621422529220581055e+00
2.622224330902100053e+00
2.623679876327514204e+00
2.622550010681152344e+00
2.623064041137695757e+00
2.624309539794921875e+00
2.623447179794311523e+00
2.623973608016968218e+00
2.624208688735961914e+00
2.625895738601685014e+00
2.626501560211181641e+00
2.626480579376220703e+00
2.627030372619628906e+00
2.628691434860229048e+00
2.628516674041748047e+00
2.629800796508789062e+00
2.630487680435180664e+00
2.629869222640990767e+00
2.631442546844482422e+00
2.632498264312744141e+00
2.633019447326660156e+00
2.633648157119750977e+00
2.634564161300659180e+00
2.634728431701660156e+00
2.636223077774048296e+00
2.638017416000365767e+00
2.637778997421264648e+00
2.639820575714111772e+00
2.642171621322631836e+00
2.641609191894531250e+00
2.643021821975708008e+00
2.643466472625732422e+00
2.644239902496337891e+00
2.646436452865600586e+00
2.646586418151855469e+00
2.646025896072388139e+00
2.647634983062744141e+00
2.648252248764038086e+00
2.649185180664062500e+00
2.652145385742187500e+00
2.651636123657226562e+00
2.652044057846069336e+00
2.655092477798461914e+00
2.653918266296386719e+00
2.654029607772826704e+00
2.655243158340454102e+00
2.656812429428100586e+00
2.657588720321655718e+00
2.658921003341674805e+00
2.659664630889892578e+00
2.660940408706665039e+00
2.661172866821289062e+00
2.660827875137329102e+00
2.662855863571166992e+00
2.664068937301636186e+00
2.664980173110961914e+00
2.666029930114746094e+00
2.667204380035400391e+00
2.667259216308593750e+00
2.668118953704833984e+00
2.669538974761962891e+00
2.670952558517456055e+00
2.671305894851685014e+00
2.672069549560546875e+00
2.673159360885620117e+00
2.675212144851685014e+00
2.674948453903198242e+00
2.676946640014648438e+00
2.677253723144531250e+00
2.677304983139038086e+00
2.678385257720947710e+00
2.678953886032104492e+00
2.679764509201049805e+00
2.680842638015747070e+00
2.681416511535644531e+00
2.682834625244140625e+00
2.682665586471557617e+00
2.683636665344238281e+00
2.683461427688598189e+00
2.685334444046020508e+00
2.685578584671020508e+00
2.686169862747192383e+00
2.688278436660766602e+00
2.689056873321533203e+00
2.690043926239013672e+00
2.691552877426147461e+00
2.692060470581054688e+00
2.693111658096313032e+00
2.694187402725220171e+00
2.694203376770019531e+00
2.697104215621947798e+00
2.697032451629638672e+00
2.696979999542236328e+00
2.697493076324462891e+00
2.699031829833984375e+00
2.698698282241821289e+00
2.700685977935791016e+00
2.700891733169556108e+00
2.701210021972655806e+00
2.702272415161133257e+00
2.703130483627319780e+00
2.703139066696166992e+00
2.705998182296752930e+00
2.705735683441162109e+00
2.706111669540405273e+00
2.706806659698486328e+00
2.707765579223633257e+00
2.708495378494262695e+00
2.710560560226440430e+00
2.710599899291991743e+00
2.711745023727416992e+00
2.712158679962158203e+00
2.713639497756958008e+00
2.714843034744262695e+00
2.715541839599609375e+00
2.716013908386230469e+00
2.717621564865112305e+00
2.718216180801392046e+00
2.719150781631469727e+00
2.720929622650146484e+00
2.720739126205444336e+00
2.721293687820434570e+00
2.722499132156372070e+00
2.723865509033203125e+00
2.724070549011230469e+00
2.725467920303344727e+00
2.726685762405395508e+00
2.728259086608886719e+00
2.727828741073608398e+00
2.728151321411133257e+00
2.730084896087646484e+00
2.730229377746582031e+00
2.731290578842163086e+00
2.732304096221923828e+00
2.732489824295043945e+00
2.733173370361328125e+00
2.733921527862548828e+00
2.734520196914673296e+00
2.735656738281250000e+00
2.736339807510375977e+00
2.737139225006103516e+00
2.738808870315552202e+00
2.738240718841552734e+00
2.737954139709472656e+00
2.739081621170043945e+00
2.739967823028564453e+00
2.741107702255249023e+00
2.742692232131958008e+00
2.743279218673706055e+00
2.744060993194580078e+00
2.745170831680298296e+00
2.744907617568969727e+00
2.745120286941528320e+00
2.745745420455932617e+00
2.746645689010620117e+00
2.746433019638061079e+00
2.748715877532958984e+00
2.748340606689453125e+00
2.749877214431762695e+00
2.749923467636108398e+00
2.752097606658935547e+00
2.751992940902709961e+00
2.753667116165161133e+00
2.753398180007934570e+00
2.754057168960571733e+00
2.756466627120972124e+00
2.755325317382812500e+00
2.756737232208251953e+00
2.757976293563842773e+00
2.758996248245239702e+00
2.759568452835083008e+00
2.759806394577026367e+00
2.760226011276245117e+00
2.761809110641479492e+00
2.761946678161621094e+00
2.763113260269165039e+00
2.764306545257568359e+00
2.764035224914550781e+00
2.766008853912353072e+00
2.765865802764892578e+00
2.766889810562134233e+00
2.768341302871704102e+00
2.768623590469360352e+00
2.770140171051025391e+00
2.771509170532226562e+00
2.772076606750488281e+00
2.771687030792236328e+00
2.773922920227050781e+00
2.773994207382201704e+00
2.774072885513305664e+00
2.775950670242309570e+00
2.775819063186645064e+00
2.776620864868164062e+00
2.777926683425903764e+00
2.778757572174072266e+00
2.779094457626342773e+00
2.779702425003052202e+00
2.780043363571166992e+00
2.782234907150268999e+00
2.783343553543090820e+00
2.784170389175415039e+00
2.783934354782104492e+00
2.785143136978149414e+00
2.786430358886718750e+00
2.787200927734375000e+00
2.788816213607788086e+00
2.789440631866455078e+00
2.789622306823730469e+00
2.791065931320190430e+00
2.792348623275756836e+00
2.794511318206787109e+00
2.794595956802368164e+00
2.794209480285644531e+00
2.796039581298828125e+00
2.795630931854248047e+00
2.798161506652832031e+00
2.798395156860352007e+00
2.800085306167602539e+00
2.800359964370727539e+00
2.801335334777832031e+00
2.802839756011962891e+00
2.802150487899780273e+00
2.804186344146728516e+00
2.804627656936645064e+00
2.807384967803955078e+00
2.807797431945800781e+00
2.808422803878784180e+00
2.809229373931884766e+00
2.809432268142700195e+00
2.810401678085326704e+00
2.810883045196533203e+00
2.810873985290527788e+00
2.811684131622314453e+00
2.813116312026977095e+00
2.813695907592772993e+00
2.814432621002197266e+00
2.815123796463012695e+00
2.817625045776366743e+00
2.817899227142333984e+00
2.819593667984008789e+00
2.820633888244628906e+00
2.821997642517089844e+00
2.822086811065673828e+00
2.822521924972533736e+00
2.823632955551147461e+00
2.824979543685913086e+00
2.825145959854126421e+00
2.826955318450928178e+00
2.827090501785278320e+00
2.827372074127197266e+00
2.828828573226928711e+00
2.828197956085205078e+00
2.828833580017089844e+00
2.830209732055663618e+00
2.830247163772583008e+00
2.831532716751098189e+00
2.832274436950684038e+00
2.833160877227783203e+00
2.833401918411254883e+00
2.833841562271118164e+00
2.834342718124389648e+00
2.835791110992432085e+00
2.836030721664428711e+00
2.836417675018310547e+00
2.838244915008544922e+00
2.837412595748901367e+00
2.837279081344604492e+00
2.838845729827881303e+00
2.839364767074584961e+00
2.840231895446777344e+00
2.842504262924194336e+00
2.842009067535400391e+00
2.842932224273681641e+00
2.843662023544311523e+00
2.843285083770751953e+00
2.844088554382323775e+00
2.845417261123656782e+00
2.846104383468627930e+00
2.846412181854248047e+00
2.847750902175903764e+00
2.847675561904907227e+00
2.848878860473633257e+00
2.849522829055786133e+00
2.849375486373901367e+00
2.851265430450439453e+00
2.850705623626708984e+00
2.851245880126953125e+00
2.852001428604126421e+00
2.853481292724609375e+00
2.853708028793334961e+00
2.855037927627563477e+00
2.854782104492187500e+00
2.854241132736206055e+00
2.855985641479491743e+00
2.855993509292602539e+00
2.857064008712768999e+00
2.858871459960937056e+00
2.859020233154296875e+00
2.860166549682616743e+00
2.860159873962402344e+00
2.861169815063477007e+00
2.862286806106567383e+00
2.863890171051025391e+00
2.863839387893676758e+00
2.865228891372680664e+00
2.866612195968627930e+00
2.866769552230834961e+00
2.868118524551392046e+00
2.867640495300292969e+00
2.868241548538208008e+00
2.868899583816528320e+00
2.868901968002319780e+00
2.869921445846557617e+00
2.870663881301879883e+00
2.871566534042358398e+00
2.873130559921264648e+00
2.873193740844726562e+00
2.873162269592285156e+00
2.874727725982666016e+00
2.875599145889282227e+00
2.875581026077270508e+00
2.876274585723876953e+00
2.875802278518676758e+00
2.877834558486938477e+00
2.878697156906127930e+00
2.879084825515747070e+00
2.879267692565917969e+00
2.880555629730224609e+00
2.881221294403076172e+00
2.882042646408081055e+00
2.882995605468750000e+00
2.883348941802978516e+00
2.884175062179564986e+00
2.885302782058716264e+00
2.885113239288330078e+00
2.886081695556640625e+00
2.887097597122192383e+00
2.886890888214111772e+00
2.888562679290771484e+00
2.887917757034301758e+00
2.888627290725708008e+00
2.891013383865356445e+00
2.891948699951171875e+00
2.891666173934936523e+00
2.893061876296997070e+00
2.893110036849976030e+00
2.894535303115844727e+00
2.895589590072631836e+00
2.895788908004760742e+00
2.896337509155272993e+00
2.897260427474976030e+00
2.897694349288940430e+00
2.897958040237426758e+00
2.898938179016113281e+00
2.899260520935058594e+00
2.901282310485839844e+00
2.901855945587158203e+00
2.902496099472046343e+00
2.903746128082275391e+00
2.904853582382201704e+00
2.904820919036864790e+00
2.906346797943115234e+00
2.906104326248168945e+00
2.907985925674438477e+00
2.907319784164428711e+00
2.907695055007934570e+00
2.909103870391845703e+00
2.909308910369873047e+00
2.910746812820434570e+00
2.911495923995972124e+00
2.912372112274169922e+00
2.912654638290405273e+00
2.915838241577148438e+00
2.915633440017700195e+00
2.916311025619506836e+00
2.916685104370116743e+00
2.918461561203002930e+00
2.918433427810668945e+00
2.921103954315185103e+00
2.920495033264160156e+00
2.921932458877563477e+00
2.922213315963745117e+00
2.922509431838989258e+00
2.924538135528564453e+00
2.924444437026977095e+00
2.925667285919189009e+00
2.925829410552978516e+00
2.926281929016113281e+00
2.928099632263184038e+00
2.927211761474609375e+00
2.928620100021362305e+00
2.929428339004516602e+00
2.930294036865234375e+00
2.931226015090942383e+00
2.932480573654174805e+00
2.933696031570434570e+00
2.933156728744506836e+00
2.934872388839721680e+00
2.934615135192871094e+00
2.934489250183105025e+00
2.936769247055053711e+00
2.936252117156982422e+00
2.937639474868774414e+00
2.938323259353637695e+00
2.939480781555176225e+00
2.940855026245116743e+00
2.942559719085693359e+00
2.942865848541260210e+00
2.943598508834838867e+00
2.945297718048096147e+00
2.944819450378417969e+00
2.946817874908447710e+00
2.947826623916626421e+00
2.948025941848754883e+00
2.950052261352538618e+00
2.950603246688842773e+00
2.950251817703247070e+00
2.953260660171508789e+00
2.953795909881591797e+00
2.953733444213866743e+00
2.955897092819213867e+00
2.955898523330688477e+00
2.955867528915405273e+00
2.957652091979980469e+00
2.957192897796631303e+00
2.957922935485839844e+00
2.958948850631713867e+00
2.959931373596191406e+00
2.962418794631958008e+00
2.962594270706176758e+00
2.963197946548461914e+00
2.963160991668701172e+00
2.964360237121582031e+00
2.965526103973388672e+00
2.965698480606078657e+00
2.967262029647826704e+00
2.966914653778076172e+00
2.967664003372192383e+00
2.970650196075439453e+00
2.972299814224243164e+00
2.972399950027466264e+00
2.973030567169189009e+00
2.973491430282592773e+00
2.973612308502197266e+00
2.976460218429564986e+00
2.978247642517089844e+00
2.978736877441406250e+00
2.980903863906860352e+00
2.980504512786864790e+00
2.981909990310668945e+00
2.982864618301392046e+00
2.983876705169677734e+00
2.983690500259399414e+00
2.984547376632690430e+00
2.985818386077881303e+00
2.986304759979248047e+00
2.987905502319336382e+00
2.989111661911010742e+00
2.990054607391357422e+00
2.991082429885864258e+00
2.991553306579589844e+00
2.991682291030883789e+00
2.993326425552368164e+00
2.993244886398315430e+00
2.994629859924316406e+00
2.995132207870483398e+00
2.995878219604491743e+00
2.996963024139404297e+00
2.998214721679687500e+00
2.999007225036621094e+00
2.999387264251708984e+00
3.001300096511841264e+00
3.002861738204956055e+00
3.003647565841674805e+00
3.004973888397216797e+00
3.005125761032104492e+00
3.006439924240112305e+00
3.008032321929932085e+00
3.008583068847655806e+00
3.009648323059082031e+00
3.009360551834106445e+00
3.010944366455078125e+00
3.011837959289551225e+00
3.012272357940673828e+00
3.012335300445556641e+00
3.013842344284057617e+00
3.014552354812622070e+00
3.015129804611206055e+00
3.016629457473754883e+00
3.017712116241455078e+00
3.018082618713378906e+00
3.019233942031860352e+00
3.020112514495849609e+00
3.019891500473022461e+00
3.020992040634155718e+00
3.021833896636962891e+00
3.022429704666137695e+00
3.023170948028564453e+00
3.024319171905517578e+00
3.024894952774048296e+00
3.026666641235352007e+00
3.027007818222046343e+00
3.028218030929564986e+00
3.030721902847290039e+00
3.030538082122802734e+00
3.031308174133301225e+00
3.032798767089844194e+00
3.033320426940917969e+00
3.033151388168334961e+00
3.035412311553955078e+00
3.036917209625243697e+00
3.038377761840820312e+00
3.038818359375000000e+00
3.038882255554198775e+00
3.041727781295776367e+00
3.040537118911743164e+00
3.040965795516968218e+00
3.043318748474121094e+00
3.042564153671264648e+00
3.043401718139648438e+00
3.045066833496093750e+00
3.046257019042968750e+00
3.047261238098144531e+00
3.048628568649291992e+00
3.048886060714721680e+00
3.049128055572509766e+00
3.050638914108276367e+00
3.051024675369262695e+00
3.053562402725220171e+00
3.054281473159790039e+00
3.055261850357056108e+00
3.056020021438598189e+00
3.056786537170410156e+00
3.058597087860107422e+00
3.059241771697998047e+00
3.060662984848022461e+00
3.061980247497558594e+00
3.061909914016724077e+00
3.061917066574096680e+00
3.063438892364501953e+00
3.064178228378296343e+00
3.065480232238769087e+00
3.066265106201171875e+00
3.067534685134888139e+00
3.068356752395629883e+00
3.070621013641357422e+00
3.070724487304687500e+00
3.070645570755004883e+00
3.072637081146239790e+00
3.072592735290527788e+00
3.072442054748535156e+00
3.074078559875488281e+00
3.074128627777100053e+00
3.074169158935546875e+00
3.075181722640991211e+00
3.076848030090332031e+00
3.077140092849731445e+00
3.078948259353637695e+00
3.079148054122924805e+00
3.080756902694701704e+00
3.080466032028198242e+00
3.080369949340820312e+00
3.082249164581298828e+00
3.082339048385620117e+00
3.083636283874512163e+00
3.084470033645629883e+00
3.086815834045410156e+00
3.086554765701293945e+00
3.087344408035278320e+00
3.087292432785033736e+00
3.087050914764404297e+00
3.088785171508788618e+00
3.088749647140502930e+00
3.089969873428344727e+00
3.090202093124389648e+00
3.091223716735839844e+00
3.092040538787841797e+00
3.092869281768798828e+00
3.093578338623046875e+00
3.093693017959594727e+00
3.094650268554687500e+00
3.094937562942504883e+00
3.096196651458739790e+00
3.096276998519897017e+00
3.097067356109618697e+00
3.098048448562622070e+00
3.098652124404907227e+00
3.098419666290283203e+00
3.100127935409546343e+00
3.101820945739746094e+00
3.102314233779907227e+00
3.102899312973022461e+00
3.103568792343140093e+00
3.104558706283569336e+00
3.105283260345458984e+00
3.106019973754883257e+00
3.108013391494751421e+00
3.107968807220458984e+00
3.108248710632323775e+00
3.109829664230346680e+00
3.110070943832397017e+00
3.111083269119262695e+00
3.111944198608398438e+00
3.112656831741333008e+00
3.112428903579711914e+00
3.114711046218872070e+00
3.114443540573120117e+00
3.115368604660033736e+00
3.116799116134643999e+00
3.117775917053222656e+00
3.117815017700195757e+00
3.119013071060180664e+00
3.119762659072876421e+00
3.120713233947753906e+00
3.121658086776733398e+00
3.123960494995116743e+00
3.122915029525756836e+00
3.123322248458862305e+00
3.123310804367064986e+00
3.125378131866455078e+00
3.125697135925292969e+00
3.125836849212646484e+00
3.127617120742798296e+00
3.127990007400512695e+00
3.128532409667968750e+00
3.128664493560791016e+00
3.131409883499145064e+00
3.131299972534180132e+00
3.132083177566528320e+00
3.132130146026611772e+00
3.133692264556884766e+00
3.134554624557495117e+00
3.135483264923096147e+00
3.135528087615966797e+00
3.137211084365844727e+00
3.137350082397461382e+00
3.139437913894653320e+00
3.139401912689208984e+00
3.139139413833618164e+00
3.141252279281616211e+00
3.141363143920898438e+00
3.142078399658203125e+00
3.142686367034912109e+00
3.143432140350341797e+00
3.143435239791870117e+00
3.145848989486694336e+00
3.145671606063842773e+00
3.146669387817383257e+00
3.147623062133788618e+00
3.149175882339477095e+00
3.149063825607299805e+00
3.151531696319580078e+00
3.151556730270385742e+00
3.153567552566528320e+00
3.154229640960693359e+00
3.154238939285278320e+00
3.154725074768066406e+00
3.156462669372558594e+00
3.156135559082031250e+00
3.157621383666991743e+00
3.158008575439453125e+00
3.157733917236328125e+00
3.159108638763428178e+00
3.158900737762451172e+00
3.159835100173950195e+00
3.161391019821166992e+00
3.162809371948241743e+00
3.164586544036864790e+00
3.164554595947265625e+00
3.166136741638184038e+00
3.165102005004883257e+00
3.165435314178466797e+00
3.166774749755859819e+00
3.167506217956542969e+00
3.168935298919677734e+00
3.168397665023804155e+00
3.169508218765258789e+00
3.170238494873046875e+00
3.170620679855346680e+00
3.171666860580444336e+00
3.172868490219116211e+00
3.173456430435180664e+00
3.174864768981933594e+00
3.175091505050658736e+00
3.176989078521728516e+00
3.176955938339233398e+00
3.178111076354980469e+00
3.178435802459716797e+00
3.179596900939941406e+00
3.179770708084106445e+00
3.181242465972900391e+00
3.183092117309570312e+00
3.183820247650146484e+00
3.185296773910522461e+00
3.186217069625854492e+00
3.186188220977783203e+00
3.187569618225097656e+00
3.187946557998656782e+00
3.188571929931640625e+00
3.189597845077514204e+00
3.190985202789306197e+00
3.191778421401977095e+00
3.192130088806152344e+00
3.192937850952148438e+00
3.192974090576171875e+00
3.194395303726196289e+00
3.194754838943481001e+00
3.195155382156372070e+00
3.196856737136841264e+00
3.197564840316772461e+00
3.197888135910033736e+00
3.199451446533203125e+00
3.199575185775756836e+00
3.201067209243774414e+00
3.201616048812866211e+00
3.201974630355834961e+00
3.203325986862182617e+00
3.204582452774048296e+00
3.206462383270264116e+00
3.206561088562012163e+00
3.207097768783569336e+00
3.206894636154174805e+00
3.208868503570556641e+00
3.210260868072509766e+00
3.211654424667358398e+00
3.212316989898681641e+00
3.212872505187988281e+00
3.213287591934203657e+00
3.213298797607421875e+00
3.213933944702148438e+00
3.214559793472290039e+00
3.216114521026611772e+00
3.215914487838745117e+00
3.217625141143798828e+00
3.218593120574951172e+00
3.220285415649413618e+00
3.221996545791626421e+00
3.221752643585205078e+00
3.223318815231323242e+00
3.225360155105591264e+00
3.225650548934936523e+00
3.226134300231933594e+00
3.228819370269775391e+00
3.229655504226685014e+00
3.230447292327881303e+00
3.231536626815796343e+00
3.232110500335693359e+00
3.231498003005981001e+00
3.233855247497558594e+00
3.233089447021484375e+00
3.235297679901123047e+00
3.235381126403808594e+00
3.237179517745972124e+00
3.238236188888549805e+00
3.238715887069701704e+00
3.239689350128173828e+00
3.239688634872436523e+00
3.240463256835937056e+00
3.240376949310302734e+00
3.242523193359375000e+00
3.243026733398437056e+00
3.244670629501342773e+00
3.245267152786254883e+00
3.246663331985473633e+00
3.246680498123168945e+00
3.248264312744140625e+00
3.247892856597900391e+00
3.250116586685180664e+00
3.250394821166991743e+00
3.251194715499877930e+00
3.252471208572388139e+00
3.253940343856811523e+00
3.254487514495849609e+00
3.256204128265381303e+00
3.257016420364379883e+00
3.258543491363525391e+00
3.259899139404296875e+00
3.261342048645019531e+00
3.260865688323974609e+00
3.261733770370483398e+00
3.263241529464721680e+00
3.263544559478760210e+00
3.265930414199828657e+00
3.266792774200439453e+00
3.267722606658935547e+00
3.269335031509399414e+00
3.269322395324707031e+00
3.271503210067748579e+00
3.272500276565552202e+00
3.273215293884277344e+00
3.274720430374145064e+00
3.275179624557495117e+00
3.275870800018310547e+00
3.277317285537720171e+00
3.278913021087646484e+00
3.280105113983154297e+00
3.282265901565552202e+00
3.282031297683716264e+00
3.282649278640747070e+00
3.282905578613280806e+00
3.285091876983642578e+00
3.284347057342529297e+00
3.287411689758301225e+00
3.286989927291870117e+00
3.288387060165405273e+00
3.288540363311768022e+00
3.289283037185668945e+00
3.289661645889282227e+00
3.290571212768554688e+00
3.292101860046386719e+00
3.292779922485352007e+00
3.293265581130981001e+00
3.293484449386596680e+00
3.295925140380859819e+00
3.295738697052001953e+00
3.296767234802246094e+00
3.297962903976440430e+00
3.299000024795531782e+00
3.299932241439819780e+00
3.300642013549804688e+00
3.300634145736694336e+00
3.302639245986938477e+00
3.303472995758056641e+00
3.302925825119018555e+00
3.305880308151245117e+00
3.305603742599487749e+00
3.307390689849853072e+00
3.308370590209961382e+00
3.309201240539551225e+00
3.309229850769042969e+00
3.309896945953368697e+00
3.310109138488769087e+00
3.311695575714111772e+00
3.312512397766113281e+00
3.314196825027466264e+00
3.315008163452148438e+00
3.315996646881103516e+00
3.317036867141724077e+00
3.316714525222778320e+00
3.318266153335571733e+00
3.318283796310424805e+00
3.319737911224364790e+00
3.320189952850341797e+00
3.321700811386108398e+00
3.322855949401855469e+00
3.323078632354736328e+00
3.324943065643310547e+00
3.324863672256469727e+00
3.326111078262328657e+00
3.328454732894897017e+00
3.327973604202270508e+00
3.327645063400268999e+00
3.328883409500122070e+00
3.330581188201904297e+00
3.330552101135253906e+00
3.330742359161376953e+00
3.331106185913086382e+00
3.334794282913208008e+00
3.335487127304076704e+00
3.335814952850341797e+00
3.336665153503417969e+00
3.337532997131348100e+00
3.337497234344482422e+00
3.338177680969238281e+00
3.338757753372192383e+00
3.339440345764160156e+00
3.340941667556762695e+00
3.341392993927001953e+00
3.342670202255248579e+00
3.343425273895264116e+00
3.343992233276366743e+00
3.344879865646362305e+00
3.346070766448974609e+00
3.347525596618652344e+00
3.347573518753052202e+00
3.348805427551269087e+00
3.349040746688842773e+00
3.350470304489136186e+00
3.350731134414673296e+00
3.352186918258666992e+00
3.352706432342529297e+00
3.354318380355834961e+00
3.353739261627197266e+00
3.355637788772583008e+00
3.355841398239136186e+00
3.357046365737915039e+00
3.357957363128662109e+00
3.359492778778076172e+00
3.359922647476196289e+00
3.361158847808837891e+00
3.361410856246947798e+00
3.361835002899169922e+00
3.363095283508301225e+00
3.363174915313720703e+00
3.366122007369995117e+00
3.365777254104614258e+00
3.365878582000732422e+00
3.367378711700439453e+00
3.368304252624512163e+00
3.369392395019531250e+00
3.370693445205688477e+00
3.371092081069946289e+00
3.372757196426392046e+00
3.373028755187988281e+00
3.373119831085205078e+00
3.374042749404907227e+00
3.375325679779052734e+00
3.375608682632446289e+00
3.377290725708008257e+00
3.378274440765381303e+00
3.379054307937622070e+00
3.380638837814331055e+00
3.380222797393798828e+00
3.380206823348998579e+00
3.382611274719238281e+00
3.382852315902709961e+00
3.382923841476440430e+00
3.384649991989136186e+00
3.385475397109985352e+00
3.384830474853516069e+00
3.386509418487548828e+00
3.387078285217285156e+00
3.387932538986206055e+00
3.389674186706542969e+00
3.390731811523437056e+00
3.389746427536010742e+00
3.391581296920776367e+00
3.392437458038330078e+00
3.393183469772338867e+00
3.394052505493163618e+00
3.395125865936279741e+00
3.394959449768066406e+00
3.397237062454224077e+00
3.398003339767456055e+00
3.398934364318848100e+00
3.400186538696288618e+00
3.399683475494384766e+00
3.400859832763671875e+00
3.401519775390625000e+00
3.402341365814208984e+00
3.403135299682616743e+00
3.405722856521606445e+00
3.405807256698608398e+00
3.407428741455078125e+00
3.407218694686889648e+00
3.408663272857666016e+00
3.409982681274413618e+00
3.410620450973510742e+00
3.410017967224121094e+00
3.411350965499877930e+00
3.411571502685546875e+00
3.411883354187012163e+00
3.414189338684082031e+00
3.415856361389160156e+00
3.417315959930419922e+00
3.417525053024291992e+00
3.417006254196166992e+00
3.419081687927246094e+00
3.418975830078125000e+00
3.419507026672363725e+00
3.421576738357543945e+00
3.421198368072509766e+00
3.422249794006348100e+00
3.424799680709838867e+00
3.425262689590453657e+00
3.426501512527466264e+00
3.427262067794799805e+00
3.428039073944091797e+00
3.427396774291991743e+00
3.428235769271850586e+00
3.429547071456908736e+00
3.430002212524413618e+00
3.432426691055298296e+00
3.432253360748291016e+00
3.433535337448120117e+00
3.434642791748046875e+00
3.434394598007201704e+00
3.436361312866211382e+00
3.436043500900268999e+00
3.437161207199096680e+00
3.438633680343627930e+00
3.438278675079345703e+00
3.438156127929687500e+00
3.440410375595092773e+00
3.440678596496582031e+00
3.441802501678466797e+00
3.442511320114136186e+00
3.443340539932251421e+00
3.443175315856933594e+00
3.444247961044311523e+00
3.445486783981323242e+00
3.445901870727538618e+00
3.446231842041016069e+00
3.447824954986572266e+00
3.449219226837158203e+00
3.449076652526855469e+00
3.449476003646850586e+00
3.449979305267333984e+00
3.450485944747924805e+00
3.450880765914916992e+00
3.451505899429321289e+00
3.451481103897094727e+00
3.453438043594360352e+00
3.453051090240478516e+00
3.454527139663696289e+00
3.455316305160522461e+00
3.455842018127441406e+00
3.456088542938232422e+00
3.457119703292846680e+00
3.457890033721923828e+00
3.457893133163451704e+00
3.459558248519897017e+00
3.459506988525390181e+00
3.459951639175415039e+00
3.462538003921508789e+00
3.462504386901855469e+00
3.462406873703002930e+00
3.464257001876831055e+00
3.464232206344604492e+00
3.465653896331787109e+00
3.465301036834716797e+00
3.466353416442871094e+00
3.467062711715698242e+00
3.467851877212524414e+00
3.467953681945801225e+00
3.470296382904052734e+00
3.470527648925780806e+00
3.471405744552612305e+00
3.472736597061156782e+00
3.474063873291016069e+00
3.473865270614623579e+00
3.475324630737304688e+00
3.475855827331542969e+00
3.476062059402466264e+00
3.477137565612792969e+00
3.478219747543334961e+00
3.478879451751708984e+00
3.478978395462036133e+00
3.478630065917968750e+00
3.480029344558716264e+00
3.480384588241576704e+00
3.480791091918945312e+00
3.482801675796508789e+00
3.482129335403442383e+00
3.483654022216796875e+00
3.484950542449951172e+00
3.486549854278564453e+00
3.486853837966918945e+00
3.488150835037231445e+00
3.488749265670776367e+00
3.489169120788573775e+00
3.491816043853760210e+00
3.491896867752075195e+00
3.492886066436768022e+00
3.493386983871459961e+00
3.494694232940673828e+00
3.495619535446166992e+00
3.496262311935424805e+00
3.496476650238037109e+00
3.497750759124756303e+00
3.499539136886596680e+00
3.499474763870239702e+00
3.499753713607788086e+00
3.500916957855224609e+00
3.500990390777587891e+00
3.501581192016601562e+00
3.502824068069458008e+00
3.504240512847900391e+00
3.505311250686645064e+00
3.505483865737915039e+00
3.505847215652466264e+00
3.507207632064819780e+00
3.507044315338134766e+00
3.509705781936645064e+00
3.509126901626586914e+00
3.509516954421997070e+00
3.509923458099364790e+00
3.510881185531616211e+00
3.511798143386841264e+00
3.513180255889892578e+00
3.513491392135620117e+00
3.513989686965942383e+00
3.514512777328491211e+00
3.515982627868652344e+00
3.515823364257812500e+00
3.515558958053588867e+00
3.517170190811156782e+00
3.517997264862060547e+00
3.518252611160278320e+00
3.518511772155761719e+00
3.519939422607421875e+00
3.520244121551513672e+00
3.520787715911864790e+00
3.521666526794433594e+00
3.521753072738647461e+00
3.521519422531127930e+00
3.523330211639404297e+00
3.523133516311645064e+00
3.524007320404052734e+00
3.525571823120116743e+00
3.525668144226073775e+00
3.526282310485839844e+00
3.527024507522583008e+00
3.526896953582764116e+00
3.527985334396362305e+00
3.528661966323852539e+00
3.527914762496947798e+00
3.529834985733031782e+00
3.529930114746093750e+00
3.531063318252563477e+00
3.531560897827148438e+00
3.532229661941528320e+00
3.532356023788451704e+00
3.532322883605957031e+00
3.532357692718506303e+00
3.532307624816894531e+00
3.534090280532836914e+00
3.534672260284423828e+00
3.535280466079711914e+00
3.537048816680908203e+00
3.538194179534912109e+00
3.538859367370605025e+00
3.539837598800658736e+00
3.540075063705444336e+00
3.539628505706787109e+00
3.540899276733398438e+00
3.541097640991211382e+00
3.542347431182861328e+00
3.542674779891968218e+00
3.542562484741211382e+00
3.544772624969482422e+00
3.544680356979370117e+00
3.544974565505981001e+00
3.546604871749877930e+00
3.546683073043823242e+00
3.548141002655029297e+00
3.548690080642700195e+00
3.549006938934326172e+00
3.549140214920043945e+00
3.551498413085937056e+00
3.551932334899902344e+00
3.551642179489136186e+00
3.553900241851806197e+00
3.554200887680053711e+00
3.555800199508666992e+00
3.555628538131713867e+00
3.555100202560424805e+00
3.557058811187743697e+00
3.556328535079956055e+00
3.558709859848022461e+00
3.558486461639404297e+00
3.559348821640014204e+00
3.560857295989990234e+00
3.562233686447143999e+00
3.562966346740722656e+00
3.563895940780640093e+00
3.564217805862426758e+00
3.564852476119995117e+00
3.565980672836304155e+00
3.566576719284057617e+00
3.567322731018066406e+00
3.568293571472167969e+00
3.569817066192626953e+00
3.569478511810302734e+00
3.571363210678100586e+00
3.572744131088256836e+00
3.572380542755126953e+00
3.573798894882201704e+00
3.575148344039916992e+00
3.574780702590942383e+00
3.575948476791381836e+00
3.577031135559082031e+00
3.577876567840576172e+00
3.577368974685668945e+00
3.578661680221557617e+00
3.579078912734985352e+00
3.578272104263305664e+00
3.580551862716674805e+00
3.580318212509155718e+00
3.582362651824951172e+00
3.583324432373046875e+00
3.583595514297485352e+00
3.584445953369140625e+00
3.585604906082153320e+00
3.587464809417724609e+00
3.587240695953368697e+00
3.587475299835205078e+00
3.588713407516479492e+00
3.589771986007690430e+00
3.590183496475220171e+00
3.591262102127075195e+00
3.592437267303466797e+00
3.592530488967895508e+00
3.594188451766968218e+00
3.595484972000122070e+00
3.594956874847412109e+00
3.596739768981933594e+00
3.597688913345336914e+00
3.597071647644042969e+00
3.598296880722046343e+00
3.597624540328979492e+00
3.599853277206421343e+00
3.600388288497924805e+00
3.600532293319701704e+00
3.602297067642211914e+00
3.603240728378296343e+00
3.603630304336548296e+00
3.604234457015991211e+00
3.604480028152466264e+00
3.605260133743286133e+00
3.605145931243896928e+00
3.607563018798828125e+00
3.606666564941406250e+00
3.608122825622559038e+00
3.608719348907471147e+00
3.608798265457152876e+00
3.610066652297973633e+00
3.610419511795043945e+00
3.610756874084472656e+00
3.612767219543457031e+00
3.612295866012572798e+00
3.611797571182251421e+00
3.612514257431030273e+00
3.612315654754639116e+00
3.611868619918823242e+00
3.614537239074707031e+00
3.614097833633423296e+00
3.613809347152709961e+00
3.613755941390991211e+00
3.615362167358398438e+00
3.615218877792358398e+00
3.615756511688231978e+00
3.614939451217651367e+00
3.614875793457031250e+00
3.614970207214355913e+00
3.615578413009643999e+00
3.615824222564696822e+00
3.615445852279663086e+00
3.615620374679564986e+00
3.615911960601807085e+00
3.616197824478148970e+00
3.615489006042480913e+00
3.614124774932860884e+00
3.614222526550292969e+00
3.614371538162231889e+00
3.614136695861815962e+00
3.614307880401611328e+00
3.614075899124145508e+00
3.613922834396361417e+00
3.613261699676513672e+00
3.613246679306030273e+00
3.613046884536743164e+00
3.613081932067871094e+00
3.611932754516601562e+00
3.612377882003783736e+00
3.612522363662720171e+00
3.612507343292235884e+00
3.613112688064575195e+00
3.613731622695923296e+00
3.612206220626831055e+00
3.612167358398437500e+00
3.612161397933959961e+00
3.611648559570312944e+00
3.611720800399779829e+00
3.611006975173950195e+00
3.610708713531493697e+00
3.610174655914306197e+00
3.608727693557739258e+00
3.608547449111938477e+00
3.608217477798461914e+00
3.608103990554809570e+00
3.608443260192871094e+00
3.608393907546997070e+00
3.608477354049682617e+00
3.607052326202392578e+00
3.606700420379639116e+00
3.606378316879272905e+00
3.605967283248900923e+00
3.606394529342651367e+00
3.606309890747070312e+00
3.606509447097777432e+00
3.606305122375487837e+00
3.605939388275146484e+00
3.606167078018188921e+00
3.605757236480712891e+00
3.606014966964721680e+00
3.606512069702148882e+00
3.607023239135741743e+00
3.607153415679932085e+00
3.606801748275756836e+00
3.607348442077636719e+00
3.607046365737915039e+00
3.606231451034546343e+00
3.606885671615600586e+00
3.606387376785278320e+00
3.607824325561522993e+00
3.607009649276732954e+00
3.607272624969481534e+00
3.606977701187133789e+00
3.607012748718261719e+00
3.606961250305176225e+00
3.605912923812866211e+00
3.606166839599609819e+00
3.605612039566040039e+00
3.605911493301392046e+00
3.606904268264770508e+00
3.606509923934936968e+00
3.606798171997070312e+00
3.607433319091796875e+00
3.607423543930053711e+00
3.607077360153198242e+00
3.606982231140136719e+00
3.607418298721313477e+00
3.607097387313842329e+00
3.606586933135985440e+00
3.607897996902466264e+00
3.606767416000366211e+00
3.607417821884155273e+00
3.607373237609863281e+00
3.607057809829711914e+00
3.606961011886596680e+00
3.606442689895629883e+00
3.606734275817871094e+00
3.606751203536987305e+00
3.606454372406006303e+00
3.606555461883544922e+00
3.607095479965209961e+00
3.607541084289551225e+00
3.607407331466674805e+00
3.607228994369506836e+00
3.607186555862426314e+00
3.607245206832885742e+00
3.607479333877563921e+00
3.607517957687377930e+00
3.607370138168334961e+00
3.607064008712768999e+00
3.606403589248656782e+00
3.606650114059447798e+00
3.606517314910888672e+00
3.606479644775391069e+00
3.605436086654663086e+00
3.605325460433959961e+00
3.605803489685058594e+00
3.605384588241576704e+00
3.605208635330200195e+00
3.604463100433349609e+00
3.604103565216064897e+00
3.604155778884888139e+00
3.603878736495972124e+00
3.603670358657836914e+00
3.603775024414063388e+00
3.603554725646972656e+00
3.602333545684814453e+00
3.602002620697021040e+00
3.601923704147338867e+00
3.602044343948364258e+00
3.601119518280029297e+00
3.601490974426269087e+00
3.601377964019775391e+00
3.601087570190429688e+00
3.600879669189453125e+00
3.600161314010620117e+00
3.600122451782226562e+00
3.599250316619873047e+00
3.599292278289794922e+00
3.598603010177612305e+00
3.598382472991943803e+00
3.598677635192871094e+00
3.598540544509888139e+00
3.598947286605834961e+00
3.598452806472778320e+00
3.599022865295410156e+00
3.598614692687988281e+00
3.598320960998535156e+00
3.597593784332275391e+00
3.597176313400268999e+00
3.597402811050415039e+00
3.597362518310546875e+00
3.597001314163208008e+00
3.597072362899780273e+00
3.596994400024413618e+00
3.596470355987548828e+00
3.596998691558837891e+00
3.597195148468017578e+00
3.597819089889526367e+00
3.598022460937500000e+00
3.598076343536376953e+00
3.598664283752441406e+00
3.597693443298339844e+00
3.598402976989746094e+00
3.599497556686401367e+00
3.599619626998901367e+00
3.600020408630371094e+00
3.600665569305419922e+00
3.601535081863403764e+00
3.602247714996337891e+00
3.601900100708008257e+00
3.601648807525634766e+00
3.604176759719848633e+00
3.603214979171752930e+00
3.602909088134765625e+00
3.603377103805541992e+00
3.604272365570068803e+00
3.604209661483764648e+00
3.606443643569945401e+00
3.606103181838988814e+00
3.606176137924193448e+00
3.607086181640625000e+00
3.608268737792968750e+00
3.609244585037231889e+00
3.609753608703612837e+00
3.609199047088623047e+00
3.611058473587036133e+00
3.610328197479248047e+00
3.611409664154052734e+00
3.613434553146361417e+00
3.613168478012084961e+00
3.614990949630736861e+00
3.614850521087647373e+00
3.616536378860473633e+00
3.615727663040161133e+00
3.616180658340453657e+00
3.616516590118408203e+00
3.616123437881469727e+00
3.617353439331055132e+00
3.617470502853393555e+00
3.618195295333862305e+00
3.617467641830443892e+00
3.618060588836669922e+00
3.618904829025268999e+00
3.619670629501343218e+00
3.619833230972290039e+00
3.620281219482421875e+00
3.620361566543578657e+00
3.620840549468993697e+00
3.621407747268676758e+00
3.621705770492553711e+00
3.622145652770996094e+00
3.623127937316895419e+00
3.621248006820679155e+00
3.622433900833129883e+00
3.622622013092041016e+00
3.622493267059326172e+00
3.622866630554198775e+00
3.622677564620972124e+00
3.622742176055908203e+00
3.623105287551879883e+00
3.623143911361694336e+00
3.623412609100341797e+00
3.622268438339233398e+00
3.622088670730591264e+00
3.622450113296508789e+00
3.622365474700928178e+00
3.623458385467528853e+00
3.622298479080200195e+00
3.622330665588378906e+00
3.622591495513916016e+00
3.622431993484497070e+00
3.622791767120360884e+00
3.622834205627441406e+00
3.622921705245972124e+00
3.622899055480957031e+00
3.622511863708496094e+00
3.622607469558716264e+00
3.622182130813599077e+00
3.621991395950316939e+00
3.622268915176392046e+00
3.622133970260620117e+00
3.621372938156127930e+00
3.621535778045654297e+00
3.621466159820556641e+00
3.621412754058837891e+00
3.621546983718872070e+00
3.621305704116820845e+00
