-7.199791908264160156e+00
-5.862836360931396484e+00
-6.483615875244141513e+00
-7.050399780273437500e+00
-6.182494640350342685e+00
-5.990230560302733487e+00
-5.454700946807861328e+00
-4.879511356353759766e+00
-2.806009292602539062e+00
-3.987895727157592773e+00
-3.574367523193359819e+00
-4.066639423370361328e+00
-4.064415931701660156e+00
-3.337142944335937056e+00
-3.134130239486694336e+00
-2.292214155197143999e+00
-2.288052558898925781e+00
-2.183483123779296875e+00
-1.034705281257629395e+00
-1.580488443374633789e+00
-4.612054824829102118e-01
-4.407371282577514648e-01
-1.737783789634704590e+00
-2.058484792709350586e+00
-1.906549811363219993e+00
-1.197619080543518066e+00
-1.514624834060668945e+00
-1.378906250000000000e+00
-8.624666929244995117e-01
5.246971845626831055e-01
3.199695143848657608e-03
-6.983067393302917480e-01
1.558195590972900391e+00
2.471432924270629883e+00
2.291767835617064986e+00
3.208813190460205078e+00
3.771931171417235884e+00
4.308963775634766513e+00
3.071843624114990234e+00
3.460121154785155806e+00
3.571681737899780273e+00
4.216403484344481534e+00
3.888278484344481534e+00
3.632558584213256836e+00
3.289290904998779741e+00
3.368731737136841264e+00
3.437285184860229048e+00
3.250250577926636186e+00
3.133110046386718750e+00
3.120418548583984375e+00
2.835817337036133257e+00
2.197594642639159712e+00
3.279643535614013672e+00
2.779239177703857422e+00
3.144852399826049805e+00
3.014563560485839844e+00
3.075810432434082031e+00
1.651168942451476829e+00
7.788543105125427246e-01
-1.806834340095520020e-02
1.040963530540466309e+00
9.866071939468383789e-01
1.041668295860290305e+00
7.933380007743835449e-01
7.054658532142639160e-01
6.294050812721252441e-01
-1.537977810949087143e-02
-1.947270892560482025e-02
-2.194232493638992587e-01
-5.569212436676025391e-01
-5.076115727424621582e-01
8.843557834625244141e-01
-3.662603199481964111e-01
-9.074356555938719593e-01
-1.209833264350891113e+00
-1.236234903335571289e+00
-1.048080921173095703e+00
-1.268601536750793679e+00
-8.047478199005126953e-01
-1.099177241325378418e+00
-1.440685749053955078e+00
-1.629068374633789062e+00
-9.554200172424316406e-01
-1.968913078308105247e+00
-8.301599621772766113e-01
-1.103483438491821289e+00
2.409966289997100830e-02
-8.935225009918212891e-01
-4.318705797195434570e-01
-7.745306938886642456e-02
-9.267277782782912254e-04
6.914371997117996216e-02
1.670237481594085416e-01
-9.901357889175416149e-01
-7.126204967498779297e-01
-3.039454519748687744e-01
1.941116601228713989e-01
-1.132432579994201660e+00
-1.275885581970214844e+00
-3.707173466682434082e-01
-6.629576683044433594e-01
-6.461753249168395996e-01
-1.339261293411254883e+00
-5.528507828712463379e-01
-1.466406434774398804e-01
-3.312670886516571045e-01
-9.771013259887696423e-01
-7.458191514015197754e-01
-6.684260368347167969e-01
-3.694845139980316162e-01
-3.441530168056488037e-01
8.324736952781677246e-01
1.561688538640737534e-02
4.038498699665069580e-01
-2.881478071212769110e-01
-6.990636885166166825e-02
-9.868147373199464001e-01
-9.465759247541427612e-02
-3.978954851627349854e-01
-9.865687489509583630e-01
-7.936832904815673828e-01
-7.192250490188598633e-01
-6.273764371871948242e-01
2.029963396489619862e-02
-4.089487791061401367e-01
-1.258310377597808838e-01
-5.795689821243286133e-01
-1.194008812308311462e-01
-7.275232672691345215e-01
-1.265796899795532227e+00
-1.167976021766662598e+00
-1.436844348907470703e+00
-1.460779309272765891e+00
-2.234530210494995117e+00
-1.617467880249023438e+00
-1.434418320655822754e+00
-2.103650331497192383e+00
-1.822019577026367188e+00
-2.228896856307983398e+00
-2.861842870712280273e+00
-3.232187032699584961e+00
-4.199682235717772549e+00
-2.708075761795043945e+00
-3.325145006179809570e+00
-3.763946056365966797e+00
-3.843714475631713867e+00
-4.090398788452147549e+00
-4.522938728332520419e+00
-3.327939987182616743e+00
-4.211489200592041016e+00
-3.916653156280517578e+00
-4.094920635223388672e+00
-3.383677721023560014e+00
-3.843774080276488814e+00
-3.527032852172852007e+00
-4.733741760253906250e+00
-4.141044616699218750e+00
-3.310676574707031250e+00
-2.932346582412720171e+00
-3.073843240737915039e+00
-3.270940542221069336e+00
-3.142975807189941406e+00
-2.381759881973266602e+00
-3.121473550796508789e+00
-2.220202207565308061e+00
-1.802106618881225586e+00
-2.392644643783569336e+00
-5.173189043998718262e-01
5.876054763793945312e-01
9.296317696571350098e-01
1.468221545219421387e+00
1.380715966224670410e+00
1.934018015861511230e+00
8.963295817375183105e-01
2.592902183532714844e+00
2.530179500579833984e+00
2.529658317565917969e+00
2.030164480209350586e+00
2.068446874618530273e+00
2.183811187744140625e+00
1.915914893150329590e+00
1.336375713348388894e+00
1.915301382541656494e-01
7.814731597900390625e-01
1.093496084213256836e+00
9.843271970748900257e-01
6.366566419601440430e-01
1.911392450332641602e+00
2.287062168121337891e+00
3.235482692718506303e+00
3.271339416503906250e+00
5.524154663085937500e+00
4.355247497558593750e+00
3.778042554855346236e+00
3.887121915817260742e+00
2.240827322006225586e+00
2.446054697036743164e+00
5.652720481157302163e-02
-4.400901794433593750e-01
1.643564105033874512e-01
-2.558642029762268066e-01
-1.251915693283081055e+00
-1.946606993675231934e+00
-3.559321403503417969e+00
-5.347045898437500000e+00
-7.382475376129150391e+00
-8.591938972473144531e+00
-8.996152877807617188e+00
-1.132833099365234553e+01
-1.172306060791015447e+01
-1.190668106079101562e+01
-1.263940906524658203e+01
-1.336195087432861328e+01
-1.294668865203857422e+01
-1.314069271087646484e+01
-1.453962039947509766e+01
-1.427926921844482422e+01
-1.595682811737060547e+01
-1.663819122314452770e+01
-1.728469467163085938e+01
-1.670602416992187500e+01
-1.431961536407470703e+01
-1.409130477905273438e+01
-1.295048618316650568e+01
-1.259826946258544922e+01
-1.248305416107177557e+01
-1.246399688720703303e+01
-1.224386882781982422e+01
-1.244716453552246094e+01
-9.835478782653806817e+00
-8.177008628845214844e+00
-6.060900688171387607e+00
-4.756230354309082031e+00
-3.727683305740356889e+00
-2.363148689270019531e+00
-7.358571290969848633e-01
-2.953032553195952814e-01
6.131092905998229980e-01
1.238433003425597922e+00
3.677049160003662109e+00
4.425639152526856357e+00
5.709275245666503906e+00
6.291808128356933594e+00
8.126093864440917969e+00
7.751657009124755859e+00
8.096367835998535156e+00
9.029009819030761719e+00
9.468441009521484375e+00
1.019565010070800781e+01
1.175290966033935547e+01
1.258025646209716797e+01
1.378625965118408203e+01
1.538740539550781250e+01
1.497625827789306463e+01
1.467662239074707031e+01
1.296546268463134766e+01
1.248203086853027344e+01
1.029329776763916016e+01
9.692057609558103692e+00
1.023551750183105646e+01
9.901478767395019531e+00
1.011907577514648438e+01
9.828868865966796875e+00
9.070956230163574219e+00
9.700619697570800781e+00
8.521571159362792969e+00
7.945965290069580078e+00
7.777903556823729581e+00
8.079136848449707031e+00
8.009351730346679688e+00
6.016843795776367188e+00
7.150819301605224609e+00
4.787008762359619141e+00
3.756770372390747070e+00
2.029700756072998047e+00
1.862829446792602317e+00
8.683468699455261230e-01
1.232443451881408691e+00
1.523005127906799094e+00
9.104592800140379749e-01
-8.411946892738342285e-01
-1.041297793388366699e+00
-2.186565160751342773e+00
-2.394032478332519531e+00
-1.891621351242065208e+00
-2.503179788589477095e+00
-1.297125101089477539e+00
-1.908114671707153098e+00
-1.785017609596252441e+00
-1.007391095161437988e+00
-1.016883969306945801e+00
-2.501548528671264648e+00
-2.211841106414794922e+00
-2.004926919937134233e+00
-1.196407318115234375e+00
-1.443464517593383789e+00
-1.974869489669800027e+00
-9.397973418235779919e-01
-7.202850580215454102e-01
-1.368141651153564453e+00
-1.091431379318237305e+00
-5.372430682182312012e-01
-1.104239225387573242e+00
-2.250789105892181119e-01
-1.686132252216339111e-01
5.813003331422806480e-02
-7.380055189132690430e-01
-6.076517105102539062e-01
-5.019806027412414551e-01
-3.805975615978240967e-01
-1.175442337989807129e+00
-1.587206363677978294e+00
-7.977600693702697754e-01
-4.718709588050841730e-01
-5.570281744003295898e-01
-1.709148168563842773e+00
-1.744407653808593750e+00
-1.281149506568908691e+00
-1.635687947273254395e+00
-8.179580569267272949e-01
-1.850407004356384499e+00
-2.555274724960326704e+00
-3.388868808746337891e+00
-2.055770635604858398e+00
-2.197839736938477007e+00
-3.093189716339111772e+00
-2.787172555923461914e+00
-2.652628421783447710e+00
-2.478007555007934570e+00
-2.915830373764038086e+00
-2.051266670227051225e+00
-4.366660594940185547e+00
-3.714671850204468218e+00
-4.009767532348633701e+00
-3.705454587936401811e+00
-3.591295719146728516e+00
-2.865812778472900391e+00
-3.885902166366576704e+00
-4.812452316284179688e+00
-5.014150142669677734e+00
-5.052325248718261719e+00
-4.323283672332763672e+00
-3.770587921142578125e+00
-5.029986858367919922e+00
-3.712528228759765625e+00
-3.534206390380859819e+00
-3.518022060394287109e+00
-4.368875980377196377e+00
-6.126681804656982422e+00
-5.976612091064452237e+00
-6.899069309234619141e+00
-6.254956245422362393e+00
-6.465118408203125000e+00
-6.737181663513183594e+00
-5.037601947784423828e+00
-6.476326942443847656e+00
-6.251849174499512607e+00
-4.433274269104003906e+00
-3.709855556488037109e+00
-3.627369403839111328e+00
-3.515187501907348633e+00
-4.194469451904296875e+00
-3.706158161163330078e+00
-4.489936828613281250e+00
-5.375808715820312500e+00
-5.396588325500488281e+00
-4.600579261779785156e+00
-5.111373424530028409e+00
-4.760009765625000000e+00
-3.432194709777832031e+00
-3.282341957092285156e+00
-3.097262144088745117e+00
-4.357048034667968750e+00
-3.876897573471068892e+00
-4.573558330535888672e+00
-6.705950260162353516e+00
-7.574641227722167969e+00
-8.150257110595701349e+00
-8.033549308776855469e+00
-6.748099327087402344e+00
-5.767510414123535156e+00
-4.639562129974365234e+00
-2.548079729080200195e+00
-1.987636804580688477e+00
-1.608368039131164551e+00
9.509903937578199906e-02
1.068463563919067383e+00
2.422994136810302734e+00
3.853557348251343218e+00
4.894054412841796875e+00
4.505486488342285156e+00
5.299686908721923828e+00
3.903696060180663618e+00
3.998484611511231357e+00
3.947567939758301225e+00
5.388833522796630859e+00
4.414387226104736328e+00
3.637050151824951172e+00
4.328864574432373047e+00
6.258841991424560547e+00
7.257660865783691406e+00
6.775433540344237393e+00
7.906965732574462891e+00
6.170289993286132812e+00
5.532107353210449219e+00
6.318409919738769531e+00
6.525042057037353516e+00
8.040203094482423651e+00
9.764323234558103692e+00
8.610788345336914062e+00
8.179640769958496094e+00
7.611858367919922763e+00
7.701608657836914062e+00
7.197753429412842685e+00
5.125746250152587891e+00
2.586333990097045898e+00
3.470023870468140204e-01
3.847836852073668878e-01
1.291048407554626465e+00
6.055813431739807129e-01
-6.056187748908996582e-01
-1.101119637489318848e+00
4.878069832921028137e-02
-5.414975062012671730e-02
-2.229694128036499023e+00
-1.928540945053100808e+00
-2.275649309158325195e+00
-2.668683767318725586e+00
-2.445275306701660156e+00
-2.292451143264770508e+00
-2.169283628463745117e+00
-8.802052140235900879e-01
-1.615076093003153801e-03
1.472506999969482422e+00
2.818420410156250000e+00
1.835052847862244096e+00
3.745789527893065296e-01
-1.886406064033508301e+00
-2.463298320770264116e+00
-3.154386520385741743e+00
-2.956478357315063477e+00
-4.327495396137237549e-01
2.893943548202514204e+00
3.928421497344970259e+00
5.294795036315917969e+00
6.416335582733153409e+00
6.628754615783691406e+00
6.231458187103272373e+00
6.811296463012695312e+00
6.003898143768311435e+00
5.888703823089599609e+00
3.826742172241211382e+00
2.001588821411133257e+00
1.014733433723449707e+00
-2.270926088094711581e-01
-1.686669826507568359e+00
-1.238282561302185059e+00
-7.168837785720825195e-01
1.146038055419922097e+00
4.531715869903564453e+00
6.375201702117919922e+00
8.199060440063478339e+00
8.912927627563476562e+00
9.722089767456056464e+00
1.045812511444091797e+01
1.022051239013672053e+01
1.014567279815673828e+01
9.019734382629396308e+00
6.084531307220458984e+00
3.939485788345336914e+00
1.471366643905639648e+00
-7.948160916566848755e-02
-2.013422966003418413e+00
-3.689307689666748047e+00
-4.677598953247070312e+00
-7.120590209960937500e+00
-7.936581134796142578e+00
-9.651304244995117188e+00
-9.875123977661132812e+00
-1.144263362884521484e+01
-1.163896656036376953e+01
-1.245551490783691406e+01
-1.171111202239990234e+01
-1.128591346740722656e+01
-1.042012596130371271e+01
-9.023236274719238281e+00
-7.644402503967285156e+00
-7.777279853820800781e+00
-7.967237949371337891e+00
-7.292964935302733487e+00
-5.847548484802246094e+00
-6.388454914093017578e+00
-5.595686912536621094e+00
-5.001222610473632812e+00
-5.346992492675781250e+00
-6.349623203277587891e+00
-5.683718204498291016e+00
-5.545672893524169922e+00
-7.019330024719237393e+00
-7.679244995117187500e+00
-5.562451839447021484e+00
-5.553679943084716797e+00
-5.382795810699462891e+00
-4.282167911529541016e+00
-2.645054101943969727e+00
-6.267727613449096680e-01
-1.243341937661170959e-01
1.124313950538635254e+00
1.048390746116638184e+00
-1.312640607357025146e-01
-5.881891399621963501e-02
8.556495606899261475e-02
8.378286957740783691e-01
3.117521286010741743e+00
4.488742828369141513e+00
6.024391174316406250e+00
6.646221637725830078e+00
6.915734291076660156e+00
5.270605564117431641e+00
3.628317832946776900e+00
2.507207870483398438e+00
1.229202866554260476e+00
-6.290564537048339844e-01
-3.225859642028808594e+00
-4.742777824401856357e+00
-9.209079742431640625e+00
-1.143651294708251953e+01
-1.330506610870361328e+01
-1.305428886413574219e+01
-1.342201137542724432e+01
-1.076274681091308594e+01
-8.080775260925292969e+00
-6.011362552642822266e+00
-3.256648302078247070e+00
6.389371752738952637e-01
2.875664949417114258e+00
4.847368717193604404e+00
5.593041419982910156e+00
5.429258823394775391e+00
3.502896785736083984e+00
1.777847647666931152e+00
4.807263910770416260e-01
-1.585897922515869141e+00
-6.808869242668151855e-01
-1.259607076644897683e+00
2.592637240886688232e-01
1.927738428115844727e+00
2.408158063888549805e+00
9.852128624916075550e-01
1.336646676063537598e+00
1.193256258964538574e+00
5.487750172615051270e-01
4.250028431415557861e-01
-9.639949798583984375e-01
-2.175595760345458984e+00
-3.299656152725220171e+00
-5.102258682250976562e+00
-7.212287425994872159e+00
-6.970280647277832031e+00
-8.964721679687500000e+00
-8.863416671752929688e+00
-7.585524559020996094e+00
-5.741580963134766513e+00
-2.421601533889770508e+00
-1.037567973136902078e+00
6.076468229293823242e-01
1.820098876953125000e+00
4.250118732452393466e+00
6.103034973144531250e+00
8.676023483276367188e+00
1.032175254821777344e+01
1.214081859588623047e+01
1.297590923309326172e+01
1.538380813598632812e+01
1.497218513488769531e+01
1.498044490814208984e+01
1.283401107788085938e+01
9.933362960815429688e+00
8.110830307006835938e+00
4.091297149658203125e+00
1.500014066696166992e+00
-1.212610244750976562e+00
-4.945414543151856357e+00
-8.293382644653320312e+00
-9.678528785705566406e+00
-1.049391365051269531e+01
-1.101516914367675781e+01
-1.207166957855224432e+01
-1.421592140197753906e+01
-1.529108524322509766e+01
-1.781133651733398438e+01
-1.991719436645507812e+01
-2.026727104187012074e+01
-2.018913078308105113e+01
-2.007243919372558594e+01
-2.147296905517578125e+01
-2.425902366638183949e+01
-2.492721748352051137e+01
-2.515957450866698863e+01
-2.159974861145019531e+01
-2.319163703918457031e+01
-2.216951942443848012e+01
-2.374577140808105113e+01
-2.529868507385253906e+01
-2.751418304443359375e+01
-2.862146949768066406e+01
-2.772254180908203125e+01
-2.603509712219238637e+01
-2.495393753051757457e+01
-2.128540992736816406e+01
-1.999345588684082031e+01
-1.826368141174316406e+01
-1.566149711608886719e+01
-1.098912525177001953e+01
-8.919408798217773438e+00
-8.904122352600097656e+00
-7.817440986633300781e+00
-8.506743431091308594e+00
-7.470932483673096591e+00
-3.860633134841918945e+00
-3.432078599929809570e+00
-1.214405775070190430e+00
-5.078046321868896484e-01
-1.545556664466858132e+00
-3.211280107498168945e+00
-2.564939260482788086e+00
-2.313710212707519531e+00
-1.434583663940429688e+00
2.418553590774536133e+00
7.861615657806396484e+00
9.131669998168943536e+00
1.166550540924072443e+01
1.289291667938232422e+01
1.396437358856201172e+01
1.232141208648681463e+01
1.266354465484619318e+01
1.265689754486083984e+01
1.454503536224365234e+01
1.466002273559570490e+01
1.640677070617675781e+01
1.669527435302734730e+01
1.658355903625488637e+01
1.393137550354003906e+01
1.295997428894042969e+01
9.912101745605466974e+00
5.755800724029541016e+00
3.867426633834838867e+00
1.376437187194824219e+00
-1.243823528289794922e+00
-3.691195011138916016e+00
-5.862768650054932529e+00
-8.076817512512207031e+00
-8.706465721130371094e+00
-8.864398002624511719e+00
-8.148808479309082031e+00
-7.595760345458983487e+00
-7.845103263854979581e+00
-8.308095932006835938e+00
-1.007614994049072443e+01
-1.084092235565185547e+01
-1.247584056854248047e+01
-1.290639972686767578e+01
-1.287691211700439453e+01
-1.151059913635253906e+01
-1.139848232269287287e+01
-1.166197681427001953e+01
-1.284412670135498047e+01
-1.340375995635986506e+01
-1.098977565765380682e+01
-9.369725227355957031e+00
-3.828441381454468218e+00
-3.072936236858367920e-01
3.033633947372436523e+00
4.059833526611328125e+00
3.295246601104736328e+00
2.207578897476196289e+00
3.957900702953338623e-01
-2.142634391784668413e+00
-1.579028844833374023e+00
-8.874300122261047363e-01
-9.369706511497497559e-01
-2.953005790710448775e+00
-1.970426440238952859e+00
-1.657270789146423118e+00
-1.062896490097045898e+00
1.752408862113952637e+00
6.771154403686522549e+00
8.338844299316406250e+00
1.307268810272216797e+01
1.522144794464111328e+01
1.733212089538574219e+01
1.929393577575683949e+01
1.878905487060546875e+01
2.042261505126953125e+01
2.130581092834472656e+01
2.142942047119140625e+01
2.043641090393066406e+01
1.951125144958496094e+01
1.734070968627929332e+01
1.768990135192871094e+01
1.550426864624023438e+01
1.496096420288085938e+01
1.447384357452392578e+01
1.494871997833251953e+01
1.415195465087890447e+01
1.305598640441894531e+01
1.389639282226562500e+01
1.276783657073974432e+01
1.456261920928955078e+01
1.631474685668945312e+01
1.623438644409179332e+01
1.649534797668457031e+01
1.597212982177734553e+01
1.580845451354980469e+01
1.411966037750243963e+01
1.218362903594970703e+01
1.011969947814941406e+01
7.372687339782714844e+00
6.282914161682128906e+00
3.411402463912963867e+00
1.200439572334289551e+00
-1.345678567886352317e+00
-3.011172771453857422e+00
-5.291901588439941406e+00
-6.903838157653808594e+00
-8.624017715454103339e+00
-1.013147926330566406e+01
-1.268585300445556463e+01
-1.288019466400146484e+01
-1.499954128265380682e+01
-1.462477111816406250e+01
-1.128366851806640447e+01
-1.027815341949462713e+01
-7.713779926300048828e+00
-7.407813072204589844e+00
-5.139074802398681641e+00
-4.327350616455078125e+00
-3.552596569061279741e+00
-3.877673745155335028e-01
2.132329463958739790e+00
4.062821388244628906e+00
3.026906728744506836e+00
3.248027801513671875e+00
3.218042373657226562e+00
4.531640529632568359e+00
1.703564167022705078e+00
2.768314361572265625e+00
3.230624198913573775e+00
2.768760204315185103e+00
3.854989290237426314e+00
4.510773181915283203e+00
2.691441297531127930e+00
2.781422853469848633e+00
3.376353979110717773e+00
3.286620616912841797e+00
3.490230321884155718e+00
3.504440307617187500e+00
4.255207538604736328e+00
3.309175014495849609e+00
2.248244762420654297e+00
2.262022733688354492e+00
2.001827239990234375e+00
8.441143035888671875e-01
1.309150815010070801e+00
1.433739542961120605e+00
1.955615639686584473e+00
3.488928079605102539e+00
3.929539442062377930e+00
4.063271999359131748e+00
6.068114280700683594e+00
8.160921096801757812e+00
7.608117103576660156e+00
7.085781097412108487e+00
7.088980197906494141e+00
5.857512950897217685e+00
5.275586605072021484e+00
5.594282150268554688e+00
4.579936504364013672e+00
4.190474033355712891e+00
4.370292186737060547e+00
3.269234180450439453e+00
3.874275684356689453e+00
3.555550575256348100e+00
2.752491712570190430e+00
3.085749864578247070e+00
2.944006443023681641e+00
3.358223676681518555e+00
3.141938924789428711e+00
3.962149381637572798e+00
4.962726593017578125e+00
4.137038707733153409e+00
4.396193981170653409e+00
3.319114208221435547e+00
3.511774539947509766e+00
3.268160343170166016e+00
3.901395559310913086e+00
3.066992044448852539e+00
1.757761240005493164e+00
2.418415784835815430e+00
1.313096523284912109e+00
2.549998283386230469e+00
1.574884772300720215e+00
6.303985118865966797e-01
1.120889425277709961e+00
1.183047965168952942e-01
7.299192547798156738e-01
1.338592290878295898e+00
3.008428215980529785e-01
1.527962565422058105e+00
2.306230783462524414e+00
2.203381776809692383e+00
3.177625417709350586e+00
3.398809909820556641e+00
2.518503189086914062e+00
1.146867394447326882e+00
1.442718505859375000e+00
5.649663209915161133e-01
1.642432570457458496e+00
3.467414975166320801e-01
1.238591194152832031e+00
-2.118115499615668904e-02
-3.651278614997863770e-01
-5.281268954277038574e-01
2.392114251852035522e-01
3.119303584098815918e-01
-4.656138122081757147e-01
3.679597675800324041e-01
8.076943755149841309e-01
1.493010520935058594e+00
2.692564010620116743e+00
2.451800107955932617e+00
1.987756371498108132e+00
1.685433864593506081e+00
1.274995446205139160e+00
1.755598902702331543e+00
1.202032804489135520e+00
1.564200162887573242e+00
1.533851504325866699e+00
1.115041136741638184e+00
1.523532986640930176e+00
1.299713850021362305e+00
7.967614531517028809e-01
-2.224296629428863525e-01
1.108834862709045410e+00
-3.031668365001678467e-01
-4.328673183917999268e-01
-1.971911787986755593e+00
-3.490656614303588867e+00
-3.740197896957397461e+00
-4.087543487548828125e+00
-6.043549537658691406e+00
-6.588173389434815341e+00
-8.070545196533201349e+00
-7.604478359222412109e+00
-7.810083866119384766e+00
-8.250762939453125000e+00
-8.508955001831054688e+00
-9.463343620300292969e+00
-1.046143913269042969e+01
-9.967005729675292969e+00
-9.812340736389160156e+00
-9.972052574157716620e+00
-9.930826187133787286e+00
-1.135155296325683594e+01
-1.170701217651367188e+01
-1.123294830322265625e+01
-1.189580059051513494e+01
-9.974311828613279474e+00
-9.329087257385253906e+00
-9.663293838500976562e+00
-7.549069881439208984e+00
-8.187295913696289062e+00
-8.161113739013673651e+00
-8.247736930847167969e+00
-7.230778217315673828e+00
-7.211277484893798828e+00
-7.116551876068115234e+00
-6.094412326812744141e+00
-5.914856433868407315e+00
-6.119240760803222656e+00
-4.922254085540772373e+00
-4.101335525512694424e+00
-3.271860361099243164e+00
-2.690783739089965820e+00
-1.447487473487854004e+00
-9.556028246879577637e-01
-4.718216061592102051e-01
-1.748108625411987305e+00
-1.428311228752136230e+00
-6.590508222579956055e-01
-7.163607478141784668e-01
-1.105996847152709961e+00
-7.823851704597473145e-01
-1.315375804901123047e+00
-1.439872980117798074e+00
-1.656234145164489524e+00
-2.073325157165527788e+00
-1.879473328590393066e+00
-2.165512800216675249e+00
-8.198326826095581055e-02
6.488289833068847656e-01
1.185517430305480957e+00
1.234985113143920898e+00
1.036639809608459695e+00
1.646855235099792480e+00
2.422067642211914062e+00
2.142549276351928711e+00
2.385729789733886719e+00
3.552165985107421875e+00
3.604212522506713867e+00
4.099915504455566406e+00
2.853732109069823775e+00
2.892471075057983398e+00
2.503204107284545898e+00
5.266318798065185547e+00
5.207756042480468750e+00
5.861498355865479404e+00
6.277518272399902344e+00
4.979802608489990234e+00
4.411239624023437500e+00
4.871295452117919922e+00
4.778866767883300781e+00
5.230418682098388672e+00
6.403997898101807529e+00
6.564697742462157315e+00
6.864031791687012607e+00
6.443701267242432529e+00
6.386816024780272549e+00
6.030285835266112393e+00
5.969434738159179688e+00
5.824199676513672763e+00
3.893614292144775835e+00
3.046480178833008257e+00
2.070850610733031782e+00
1.180402517318725586e+00
9.059351086616516113e-01
7.929533720016479492e-01
6.556202769279479980e-01
8.100762963294982910e-01
-7.596694827079772949e-01
-1.753461122512817383e+00
-6.112701296806335449e-01
-4.509051144123076837e-01
-2.888149917125701904e-01
-5.536484122276306152e-01
-1.308386802673339844e+00
-5.999819040298461914e-01
-1.286770105361938477e+00
-4.460062682628632147e-01
-4.298101738095283508e-02
3.434188365936279297e-01
2.402887642383575439e-01
-1.513597369194030762e+00
5.530173182487487793e-01
1.030619621276855691e+00
2.180345773696899414e+00
1.341793298721313699e+00
8.048883676528930664e-01
3.985423594713211060e-02
-2.958200871944427490e-01
-4.765037000179290771e-01
2.700304687023162842e-01
4.438154697418212891e-01
-1.241059005260467529e-01
-5.992259383201599121e-01
-1.228491187095642090e+00
-4.652709662914276123e-01
-1.667039155960083008e+00
2.746850252151489258e-01
2.938945889472960871e-01
-8.753317594528196854e-02
-1.585167288780212402e+00
-2.330462932586669922e+00
-3.158343076705932617e+00
-3.259798765182495117e+00
-2.625742435455322266e+00
-2.736557960510253906e+00
-3.069838523864746094e+00
-2.908098936080932617e+00
-3.582301139831542969e+00
-4.211798667907714844e+00
-4.218093872070312500e+00
-5.273649215698242188e+00
-5.661142349243164062e+00
-6.003302574157714844e+00
-6.554702758789063388e+00
-6.211957454681396484e+00
-5.201481819152832031e+00
-3.717372894287108931e+00
-4.124937057495116299e+00
-5.093696594238281250e+00
-4.206002712249756748e+00
-5.009814739227294922e+00
-3.821921825408935991e+00
-4.321861267089843750e+00
-3.176346540451049805e+00
-3.505197525024413618e+00
-3.429971218109131303e+00
-3.457864999771118164e+00
-3.232270717620849609e+00
-4.354701995849608487e+00
-4.193185806274413174e+00
-3.860710859298706055e+00
-3.974739789962768999e+00
-3.687906980514526367e+00
-2.941793203353881836e+00
-3.516482830047607422e+00
-2.393275976181030273e+00
-2.944891929626464844e+00
-2.482254266738892046e+00
-2.103832006454468218e+00
-1.752121567726135254e+00
-1.580657362937927246e+00
-9.654701948165893555e-01
-7.276777178049087524e-02
-1.277859658002853394e-01
-7.751905322074890137e-01
-9.542201161384583630e-01
-1.226507186889648438e+00
-1.467124342918395996e+00
-1.058292746543884499e+00
7.212825417518615723e-01
-4.747342690825461647e-02
-6.333175897598266602e-01
-8.414437770843505859e-01
-1.163741469383239524e+00
-1.355148911476135254e+00
-6.496368646621704102e-01
5.131437182426452637e-01
-1.657215952873229980e+00
-3.039222478866576704e+00
-3.686543703079224077e+00
-1.921526789665222390e+00
1.654802858829498569e-01
9.283386468887327991e-01
2.337988138198852539e+00
1.370434761047363281e+00
4.660214185714722235e-01
-2.297276258468628277e-02
5.910752713680267334e-02
-5.209589004516601562e-01
-1.012246251106262207e+00
-1.983271360397338867e+00
-1.678135037422180176e+00
1.505746364593506081e+00
2.899750709533691406e+00
1.713976025581360085e+00
4.235481262207031250e+00
3.041185617446899414e+00
1.676301956176757812e+00
-3.232936561107635498e-01
8.718091845512390137e-01
9.208158254623411976e-01
-3.419995009899139404e-01
-8.645087480545043945e-01
1.111605405807495117e+00
1.627651333808899148e+00
4.088388919830321377e+00
4.689198017120361328e+00
5.864267349243164062e+00
5.587623119354248047e+00
5.508142471313476562e+00
5.835934638977050781e+00
6.325913429260253906e+00
7.354091167449951172e+00
7.376760959625244141e+00
5.845884323120117188e+00
4.870345115661621094e+00
4.847444534301757812e+00
5.564858913421630859e+00
7.535638332366942471e+00
9.839617729187011719e+00
9.988620758056640625e+00
8.718836784362792969e+00
5.825990676879882812e+00
3.247460603713989258e+00
3.685655593872070312e+00
3.088297128677368164e+00
3.857617378234863281e+00
5.537236213684082031e+00
4.203863620758056641e+00
3.490864753723144531e+00
2.378824234008789062e+00
3.907689332962036133e+00
3.756931066513061523e+00
4.594341278076171875e+00
3.726953506469727007e+00
9.059996604919433594e-01
1.183835342526435991e-01
3.951523005962371826e-01
-3.734752535820006769e-01
-1.088518649339676042e-01
-2.257946729660034457e-01
-9.870873689651488148e-01
-2.106072902679443637e-01
-1.819329261779784712e+00
-2.518712580204010010e-01
1.983592629432678445e+00
9.376788735389709473e-01
-6.784873083233832446e-03
-3.272542059421539307e-01
3.101621568202972412e-01
2.587151765823364258e+00
2.474297761917114258e+00
2.218244314193725586e+00
5.075260996818542480e-01
1.826809346675872803e-01
-9.477313756942747913e-01
-2.128466665744781217e-01
-9.726669788360595703e-01
-1.109884381294250488e+00
1.737011551856994629e+00
1.099148750305175781e+00
-1.968817114830016868e+00
-3.716096639633178267e+00
-4.513384819030761719e+00
-4.053686141967772549e+00
-2.951707839965820312e+00
-3.117811918258666992e+00
-5.487104415893554688e+00
-4.233386516571044922e+00
-1.442386269569396973e+00
-2.086777687072754350e+00
-1.429379820823669434e+00
8.836333155632019043e-01
2.018636703491210938e+00
3.439499139785766602e+00
2.609868049621582031e+00
-1.679628938436508179e-01
-2.682581663131713867e+00
-2.913919925689697266e+00
-4.981057167053222656e+00
-7.478976249694824219e+00
-5.766629219055175781e+00
-4.394304752349853516e+00
-5.418887138366699219e+00
-7.658434391021727627e+00
-7.664352416992187500e+00
-5.329484462738037109e+00
-6.924907684326172763e+00
-7.456755638122558594e+00
-6.580699443817138672e+00
-8.169009208679200995e+00
-1.047904586791992188e+01
-7.489897727966308594e+00
-6.953015804290772373e+00
-7.911785125732422763e+00
-8.361172676086425781e+00
-4.898034572601318359e+00
-1.707451581954956055e+00
1.707062005996704102e+00
-1.047287344932556152e+00
-3.241126298904418945e+00
-3.227815628051758257e+00
-4.291370868682861328e+00
-3.957639694213866743e+00
-3.714238882064819336e+00
-2.588219404220581055e+00
-2.248215436935424805e+00
6.259375214576721191e-01
1.121998429298400879e+00
-4.817777574062346857e-01
-8.802953362464904785e-01
3.977073431015015204e-01
1.906177401542664018e+00
7.961674928665161133e-01
-1.140752196311950906e+00
-2.820777416229248047e+00
1.141568660736083984e+00
1.597884774208068848e+00
3.555045843124389648e+00
6.566729068756104404e+00
6.324153900146483487e+00
4.457352161407471591e+00
4.237982332706450861e-01
-2.968248128890991211e+00
-3.927453756332397461e+00
-2.030632734298706055e+00
6.142587214708327553e-02
-1.967033296823501587e-01
-2.957759380340576172e+00
-6.162127971649169922e+00
-4.426473140716552734e+00
2.506854057312012163e+00
4.799122333526611328e+00
5.860630035400391513e+00
6.668537139892577237e+00
6.717242717742919922e+00
5.432880878448486328e+00
2.129765033721924272e+00
1.133683323860168457e+00
-3.081852197647094727e+00
-2.963612318038940430e+00
-2.809929132461548296e+00
-3.611636638641356978e+00
-2.917804241180419922e+00
-3.014100790023804155e+00
-3.341058969497680664e+00
-1.098196148872375710e+00
-3.217226982116698775e+00
-5.061346054077148438e+00
-4.667481422424316406e+00
-1.869113564491271973e+00
-1.294924139976501687e+00
2.271476268768310547e+00
3.141417741775512695e+00
9.747784614562988281e+00
1.013435840606689631e+01
3.480737209320068359e+00
-1.072516441345214844e+00
-4.569025039672851562e+00
-4.131931781768798828e+00
-5.998180389404297763e+00
-3.684616565704345703e+00
9.842859506607055664e-01
1.617294549942016602e+00
-1.246838212013244629e+00
3.546151220798492432e-01
3.351737737655640093e+00
5.295810222625731534e+00
4.925819396972656250e+00
3.387637376785278320e+00
3.829202413558959961e+00
3.819773912429809570e+00
3.936892032623291016e+00
3.616521835327148882e+00
2.281150817871093750e+00
2.846297025680541992e+00
8.993840813636779785e-01
-1.471230626106262207e+00
-1.796711564064026101e+00
-1.296706080436706321e+00
-4.268736839294433594e-01
8.046693205833435059e-01
1.990501731634139737e-01
-2.624971389770508257e+00
-5.218129158020020419e+00
-6.794690608978272373e+00
-6.791920185089111328e+00
-7.865144252777099609e+00
-1.134029960632324219e+01
-1.394685077667236506e+01
-1.160522651672363281e+01
-7.282195091247558594e+00
-3.876624107360839844e+00
-2.975783586502075195e+00
-2.534578800201416016e+00
-3.734791278839111328e+00
-6.714047431945800781e+00
-7.175645351409912109e+00
-1.019378471374511719e+01
-1.318000316619873047e+01
-1.500703430175781250e+01
-1.030931854248046697e+01
-2.942659378051758257e+00
2.225847721099853072e+00
5.718948364257812500e+00
6.612677574157714844e+00
2.314809799194335938e+00
-1.658210396766662598e+00
-5.479587078094481534e+00
-9.419930458068847656e+00
-1.119678783416748047e+01
-9.767125129699707031e+00
-7.774127483367919922e+00
-3.946831464767456055e+00
2.414634466171264648e+00
6.880439281463622159e+00
9.624564170837402344e+00
8.953997611999511719e+00
7.417871475219727451e+00
4.487574100494384766e+00
3.894664287567138228e+00
2.487967967987060547e+00
2.688509225845336914e+00
1.685421943664550781e+00
-7.491431236267090954e-01
-1.606754183769225852e+00
-1.953626513481139915e+00
-2.224646806716918945e+00
-1.790698647499084473e+00
-1.250515818595886230e+00
-1.812386631965636763e+00
-2.512700080871582031e+00
-2.974471569061279741e+00
-1.019125819206237793e+00
-7.661759853363037109e-02
-2.363856695592403759e-02
1.490564823150634766e+00
-8.159163594245910645e-01
-9.085401892662048340e-01
-9.594454169273376465e-01
-4.099892675876617432e-01
-1.049875617027282715e+00
-1.138449072837829590e+00
-3.503784179687500000e+00
-3.898460388183593750e+00
-4.098080158233643466e+00
-6.367148876190185547e+00
-4.696145057678222656e+00
-5.321115493774414062e+00
-4.959240913391113281e+00
-4.932779312133789062e+00
-4.092890262603759766e+00
-5.182884216308593750e+00
-6.262202262878417969e+00
-5.989418029785156250e+00
-6.296470642089843750e+00
-6.582595825195312500e+00
-5.260125637054443359e+00
-6.714604854583740234e+00
-6.567897796630858487e+00
-5.618983745574951172e+00
-4.817048549652099609e+00
-4.028395652770996094e+00
-3.873708009719848633e+00
-3.344765424728393555e+00
-2.910281181335448775e+00
-3.277563571929932085e+00
-3.266906023025512695e+00
-3.199856281280517578e+00
-2.584084510803222656e+00
-2.717435836791991743e+00
-2.841517925262451172e+00
-2.060146808624268022e+00
-2.417508840560913086e+00
-2.640870094299316406e+00
-2.832411527633666992e+00
-1.728697299957275391e+00
-1.220858454704284890e+00
-2.161868333816528320e+00
-1.469568014144897683e+00
-2.223360300064086914e+00
-1.598708391189575195e+00
-2.533885955810546875e+00
-2.136548995971680132e+00
-1.804184317588806374e+00
-1.390163064002990723e+00
-6.926716566085815430e-01
-1.117699146270751953e+00
-1.069012522697448730e+00
-1.840357065200805664e+00
-1.769088745117187500e+00
-1.758964896202087402e+00
-2.601995944976806197e+00
-1.973620772361755593e+00
-1.012624382972717285e+00
-1.996698856353759988e+00
-1.922209858894347922e+00
-1.715594172477722168e+00
-2.405123710632324219e+00
-2.013628005981445312e+00
-2.721598625183105025e+00
-2.518707275390625000e+00
-2.958602905273437056e+00
-1.928413510322570801e+00
-1.980167031288146973e+00
-1.548748135566711426e+00
-1.241372942924499512e+00
-2.136499166488647461e+00
-1.215125203132629395e+00
-2.155827760696410689e+00
-1.047973275184631126e+00
-1.576190829277038574e+00
-1.780612707138061523e+00
-1.933531880378723145e+00
-2.148475885391235796e+00
-1.721149921417236328e+00
-2.922168254852294922e+00
-2.658085823059082031e+00
-3.650241613388061523e+00
-2.733181238174438477e+00
-2.103130578994750977e+00
-3.038072824478149414e+00
-2.883572816848754883e+00
-2.660411357879638672e+00
-2.245302200317383257e+00
-1.942050457000732422e+00
-1.291356682777404785e+00
-2.239732980728149414e+00
-1.986165046691894309e+00
-2.118807315826416016e+00
-8.778954744338989258e-01
-2.226160049438477007e+00
-1.835001707077026367e+00
-2.199160099029541016e+00
-1.847358465194701926e+00
-2.134553194046020508e+00
-2.549875736236572266e+00
-1.492623448371887207e+00
-1.642557144165039062e+00
-1.214106678962707520e+00
-2.053785800933838335e+00
-2.333654642105102539e+00
-1.346612215042114480e+00
-1.479838013648986816e+00
-9.996179938316344105e-01
-8.944643735885620117e-01
-7.451774477958679199e-01
-2.756540477275848389e-01
9.091524481773376465e-01
6.907383799552917480e-01
1.614733189344406128e-01
-1.838443428277969360e-01
6.448069810867309570e-01
-1.664642244577408184e-02
-6.900712847709655762e-02
4.149132668972015936e-01
2.163489460945129117e-01
1.309176802635192871e+00
2.140669345855713335e+00
2.758726835250854492e+00
3.770982503890991211e+00
3.256790399551392046e+00
3.516873121261596680e+00
3.680346965789794922e+00
4.302842617034912109e+00
4.469012737274169922e+00
4.058471202850341797e+00
3.643576383590697798e+00
4.193837165832520419e+00
4.616544246673583984e+00
4.919994831085205078e+00
5.196544647216796875e+00
5.729358673095702237e+00
6.277112960815429688e+00
6.695728778839111328e+00
5.299317359924316406e+00
5.934006214141846591e+00
6.675523757934570312e+00
6.223850727081298828e+00
6.797539710998535156e+00
6.767000675201416016e+00
6.198481082916259766e+00
4.167709350585937500e+00
4.104763031005858487e+00
4.292961120605468750e+00
4.116141319274901456e+00
4.519715309143066406e+00
3.968718767166137695e+00
4.795160293579101562e+00
4.233238697052001953e+00
4.222691535949707031e+00
4.509345054626464844e+00
3.765809059143065518e+00
3.490774869918823242e+00
3.150732040405272993e+00
3.849637985229491743e+00
2.881272554397583008e+00
2.601043939590454102e+00
1.566937565803527832e+00
2.629321575164794922e+00
2.573290348052978516e+00
3.069554567337036133e+00
3.155600309371947798e+00
3.771332979202271396e+00
2.905495882034301758e+00
2.134201765060425249e+00
2.970866441726685014e+00
2.911132574081421343e+00
3.325409650802612305e+00
3.110579490661621094e+00
2.157196283340454102e+00
2.405517339706420898e+00
2.983635425567626953e+00
2.559822797775268999e+00
2.595523595809936523e+00
2.710268974304199219e+00
2.241857051849364790e+00
2.173639059066772461e+00
1.099876403808593750e+00
1.732560634613036887e+00
9.069978594779968262e-01
1.181358933448791504e+00
7.418217062950134277e-01
5.068823695182800293e-01
-6.766648292541503906e-01
-3.283450603485107422e-01
-5.449478030204772949e-01
-2.207555532455444336e+00
-2.066114664077759233e+00
-1.583711266517639160e+00
-1.974935173988342507e+00
-1.107047915458679199e+00
-3.122342109680176225e+00
-2.121021032333374023e+00
-2.649487018585205078e+00
-1.612857699394225852e+00
-4.073005318641663153e-01
-2.247963905334472656e+00
-6.239980459213256836e-01
-8.050575107336044312e-02
-4.176872223615646362e-02
1.839832663536072055e-01
1.097404241561889648e+00
1.675407290458679199e+00
8.589116334915161133e-01
2.484938859939575195e+00
1.207703590393066406e+00
4.610308110713958740e-01
2.009054899215698242e+00
1.710257053375243919e+00
1.540576219558715820e+00
2.260383844375610352e+00
2.315213203430175781e+00
2.304745912551879883e+00
2.256436109542846680e+00
4.165410995483398438e-01
-5.552149415016174316e-01
-6.062496304512023926e-01
-4.062855541706085205e-01
-6.857985854148864746e-01
-5.722757577896118164e-01
-5.356801152229309082e-01
-1.775565147399902344e+00
-1.386852979660034180e+00
-1.596754431724548340e+00
-1.331716418266296387e+00
-1.545069694519043191e+00
-1.655677080154418945e+00
-2.297256469726562500e+00
-3.013155460357666016e+00
-2.686725139617919922e+00
-1.786992073059081809e+00
-1.720261693000793679e+00
-2.547349929809570312e+00
-1.914097428321838379e+00
-8.902918696403503418e-01
-1.469402551651000977e+00
-1.585657119750976562e+00
-1.316146612167358398e+00
-1.596665263175964355e+00
-1.927953124046325684e+00
-1.110091686248779297e+00
-4.293228089809417725e-01
-2.208310216665267944e-01
-4.650898277759552002e-01
-3.806103765964508057e-01
-2.111737966537476030e+00
-7.692232728004455566e-02
-2.965753674507141113e-01
-2.800769507884979248e-01
5.404181480407714844e-01
4.285840094089508057e-01
-9.393326044082641602e-01
1.421179324388504028e-01
4.438527822494506836e-01
9.961600899696350098e-01
6.360164284706115723e-01
1.263735771179199219e+00
1.228399515151977539e+00
1.812942147254944070e+00
-8.213180117309093475e-03
1.595217347145080566e+00
2.117256164550780806e+00
1.656712412834167703e+00
2.035001516342163086e+00
1.920883297920226829e+00
2.868290662765502930e+00
2.666537284851074219e+00
2.701701164245605025e+00
2.320146083831787109e+00
2.516274452209472656e+00
2.180490732192993164e+00
5.725121498107910156e-01
1.441478848457336426e+00
2.292442798614501953e+00
1.871683478355407937e+00
3.838111400604248047e+00
3.074741363525390181e+00
3.560349225997924805e+00
3.485974550247192383e+00
3.258107900619506836e+00
2.833729028701782227e+00
4.121749877929688388e+00
3.796997070312500000e+00
4.310332775115966797e+00
4.489659309387207031e+00
2.366786003112792969e+00
3.124118804931640625e+00
3.791588306427001953e+00
2.890148639678955078e+00
2.610492229461669922e+00
4.113994121551513672e+00
3.114204883575439453e+00
2.434509515762329102e+00
2.906665802001953125e+00
2.951102733612060547e+00
3.555424690246582031e+00
3.067878007888793945e+00
3.499509334564208984e+00
2.432817697525024414e+00
2.299203872680664062e+00
2.912015914916991743e+00
3.726730585098266602e+00
2.681628465652465820e+00
1.751201987266540305e+00
1.740522146224975586e+00
2.264506578445434570e+00
3.143686771392822266e+00
2.722889900207519531e+00
2.608474493026733398e+00
3.094934940338134766e+00
1.636294603347778320e+00
1.865052700042724831e+00
9.960971474647521973e-01
8.549545407295227051e-01
8.704937696456909180e-01
4.369920790195465088e-01
4.239412546157836914e-01
1.169620513916015625e+00
9.340453147888183594e-02
-2.969655692577362061e-01
-9.182604402303695679e-02
-9.549190402030943714e-01
-1.346741318702697754e+00
-1.663975596427917703e+00
-1.239176869392395020e+00
-1.105906844139099121e+00
-1.609019994735717773e+00
-1.333251118659973145e+00
-2.770302772521972656e+00
-3.819863796234131303e+00
-3.238951921463012695e+00
-2.518098354339600053e+00
-3.430617094039916992e+00
-3.055288791656493697e+00
-2.357287168502808061e+00
-2.334724903106689009e+00
-1.907941222190856934e+00
-2.182819366455078125e+00
-3.959885358810424805e+00
-4.141213417053223544e+00
-4.696825981140136719e+00
-4.947759151458740234e+00
-5.477877616882324219e+00
-5.267907619476318359e+00
-4.916844844818115234e+00
-3.524598836898804155e+00
-3.707324266433716264e+00
-3.088955879211426225e+00
-3.430167198181152344e+00
-2.915741682052612305e+00
-3.841592788696288618e+00
-3.517281532287597656e+00
-4.046283245086669922e+00
-3.449066162109375000e+00
-3.646771669387817383e+00
-1.626045942306518555e+00
-2.997505664825439453e+00
-2.257240295410155806e+00
-3.189361810684203657e+00
-2.080647468566894531e+00
-2.811935424804687500e+00
-2.755028247833251953e+00
-1.883994817733764870e+00
-3.841845393180847168e-01
3.976587951183319092e-02
8.182796239852905273e-01
-8.280429244041442871e-01
6.786346435546875000e-01
1.769732475280761497e+00
2.377740621566772461e+00
1.748318552970886230e+00
2.821444749832153320e+00
3.180972099304198775e+00
2.315127372741699219e+00
3.543358087539673296e+00
4.859487533569335938e+00
4.375226497650146484e+00
4.163686275482178623e+00
4.313792228698730469e+00
5.068678379058837891e+00
4.817179203033447266e+00
4.852554321289063388e+00
4.416457653045653409e+00
3.049288988113403764e+00
1.538656711578369141e+00
1.013881087303161621e+00
6.818315982818603516e-01
-1.496205091476440430e+00
-4.583958625793457031e+00
-4.326541423797606534e+00
-4.353057861328125000e+00
-4.670840740203856534e+00
-3.628567218780517578e+00
-3.131169795989990234e+00
-1.390782833099365234e+00
-2.975416481494904120e-01
1.799506664276123047e+00
3.837431192398071289e+00
4.517915248870849609e+00
6.345974922180175781e+00
8.143286705017089844e+00
8.509542465209960938e+00
9.244689941406250000e+00
1.033627223968506037e+01
1.241350650787353516e+01
1.234599685668945312e+01
1.155998706817626953e+01
1.015978145599365234e+01
8.450797080993652344e+00
8.209720611572267401e+00
7.691138267517089844e+00
6.393857479095458984e+00
6.769539356231689453e+00
6.669187068939208984e+00
6.328742504119872159e+00
4.669347286224365234e+00
3.816230773925780806e+00
1.359687447547912598e+00
-1.545238941907882690e-01
-6.687533855438232422e-01
-2.645660161972045898e+00
-4.832722187042236328e+00
-5.283177852630615234e+00
-5.265388488769531250e+00
-6.538206577301025391e+00
-6.059953689575195312e+00
-4.961926460266113281e+00
-3.828188419342041016e+00
-2.484274864196777344e+00
-2.931114673614501953e+00
-2.375593185424804688e+00
-3.086931228637695757e+00
-3.665250301361083984e+00
-3.797603130340576172e+00
-5.739568233489990234e+00
-4.370412826538086826e+00
-3.016793489456176758e+00
-9.561381340026855469e-01
9.226206541061400257e-01
1.756080865859985352e+00
3.246083498001098189e+00
4.758638381958007812e+00
5.509379863739013672e+00
7.561119556427002841e+00
8.592228889465332031e+00
6.851545333862304688e+00
4.559159278869628906e+00
4.563891887664794922e+00
3.663152694702148882e+00
1.958942532539367898e+00
3.523251533508301225e+00
3.921650171279907227e+00
3.195308446884155718e+00
3.887074947357177734e+00
4.846966266632080078e+00
5.420510292053222656e+00
5.448335170745849609e+00
5.092173576354980469e+00
4.588552951812744141e+00
4.940854072570800781e+00
5.292073726654052734e+00
5.702262878417968750e+00
4.419703006744384766e+00
4.119999408721923828e+00
4.268772602081298828e+00
3.331099033355712891e+00
3.563749551773071733e+00
2.266682147979736328e+00
1.676099896430969238e+00
3.696370497345925071e-02
-1.236491203308105691e+00
-1.433096885681152344e+00
-2.511015415191650391e+00
-2.752327442169189009e+00
-2.912761211395264116e+00
-4.395674228668212891e+00
-6.364969730377197266e+00
-6.920478820800781250e+00
-7.264648914337157315e+00
-7.551345348358153409e+00
-8.184066772460937500e+00
-9.626099586486816406e+00
-1.056287670135498047e+01
-1.030177116394042969e+01
-1.195743751525878729e+01
-1.280328273773193537e+01
-1.389761066436767578e+01
-1.312897396087646484e+01
-1.264848995208740234e+01
-1.240236759185791016e+01
-1.234433650970458984e+01
-1.168316459655761541e+01
-1.208262634277343750e+01
-1.174325084686279297e+01
-1.146155738830566406e+01
-1.130748653411865234e+01
-1.143540573120117188e+01
-1.144587135314941406e+01
-1.164200305938720703e+01
-1.083780097961425781e+01
-9.725209236145019531e+00
-9.561514854431152344e+00
-9.650481224060060370e+00
-1.037341880798339844e+01
-9.073985099792480469e+00
-9.155337333679199219e+00
-8.713864326477049005e+00
-7.664707660675048828e+00
-7.847150325775145596e+00
-6.702897548675537109e+00
-6.702334880828857422e+00
-6.374592781066895419e+00
-6.041825771331787109e+00
-5.100235939025878906e+00
-4.429048538208007812e+00
-4.401429653167724609e+00
-3.916323184967041016e+00
-3.756759405136108843e+00
-2.582206964492798296e+00
-2.242431879043579102e+00
-2.493590831756591797e+00
-2.141713619232177734e+00
-2.512678146362304688e+00
-1.354545950889587402e+00
-1.222878694534301758e+00
-8.197352886199951172e-01
-1.025342106819152832e+00
2.991341054439545233e-01
2.314059734344482422e-01
-6.796508282423019409e-02
3.875416517257689319e-01
1.292322129011154175e-01
6.948632746934890747e-02
1.040374279022216797e+00
5.048134326934814453e-01
8.784770369529724121e-01
8.114342689514159046e-01
5.174328088760375977e-01
6.648620963096618652e-01
1.344087123870849609e+00
9.927145838737487793e-01
-3.395845415070652962e-03
1.317383527755737305e+00
3.696590960025786798e-01
6.683467030525207520e-01
5.435853600502014160e-01
7.005648016929626465e-01
5.254346877336502075e-03
6.828755736351013184e-01
1.454903721809387207e+00
1.503684043884277122e+00
1.219280958175659180e+00
1.181448101997375710e+00
1.793960094451904297e+00
2.379028797149658203e+00
2.282207489013671875e+00
2.362151384353637695e+00
1.487005472183227539e+00
2.895538330078125000e+00
2.810255765914916992e+00
2.945942878723144531e+00
2.743356943130493164e+00
3.321124553680419922e+00
3.565806388854980469e+00
3.519289731979370117e+00
2.839734554290771484e+00
4.435559749603272373e+00
4.427209854125976562e+00
4.567109107971191406e+00
5.600306987762451172e+00
6.097492694854736328e+00
5.316626548767089844e+00
5.248743057250976562e+00
3.222671031951904297e+00
2.950679540634155718e+00
4.048798084259033203e+00
2.463864564895629883e+00
2.649005651473999023e+00
2.027073383331299272e+00
1.494733214378356934e+00
4.232030391693115234e+00
3.738701343536376953e+00
3.472708940505981001e+00
3.011841297149658203e+00
2.989026784896850586e+00
1.787367820739745872e+00
2.068174839019775391e+00
1.637224197387695090e+00
1.238867521286010742e+00
2.337581396102905273e+00
2.719726085662841797e+00
3.696587800979614258e+00
3.113751888275146484e+00
2.332366466522216797e+00
2.560831785202026367e+00
2.665632247924804688e+00
2.367100477218627930e+00
1.823152661323547585e+00
2.461253404617309570e+00
2.452901363372802734e+00
2.490322589874268022e+00
2.460589885711669922e+00
2.420638322830200195e+00
1.801399111747741699e+00
1.566538214683532715e+00
1.043941736221313699e+00
9.620553255081175648e-01
1.442736148834228294e+00
7.427341938018798828e-01
1.059766888618469238e+00
9.296627342700956864e-02
4.991623573005199432e-03
4.533678889274597168e-01
1.124554872512817383e+00
5.863299965858460583e-01
4.818582534790039062e-01
6.548981070518493652e-01
-1.538463234901428223e-01
1.174966022372245789e-01
-2.521753609180450439e-01
-6.752083897590637207e-01
1.306408643722534180e-01
3.779619038105010986e-01
2.476250231266021451e-01
3.216853365302086570e-02
3.955613970756530762e-01
9.851706027984620251e-01
1.814633250236511230e+00
3.192599415779113770e-01
-5.795868635177612305e-01
7.527875155210494995e-02
3.162621855735778809e-01
7.320377826690673828e-01
2.118693351745605025e+00
2.194219827651977095e+00
2.512213230133056641e+00
2.422127246856689009e+00
1.596324086189270020e+00
3.089606523513793945e+00
3.274117946624756303e+00
3.251752614974976030e+00
2.864845514297485352e+00
3.328793048858642578e+00
3.876054048538208008e+00
4.123206615447998047e+00
3.069585800170898438e+00
3.876536130905151811e+00
3.393161773681640625e+00
3.390804529190063477e+00
2.987763881683349609e+00
3.671507596969604936e+00
3.685225486755371094e+00
3.212519645690917969e+00
2.904251337051392046e+00
4.169108390808105469e+00
2.414001703262329102e+00
3.287399530410766602e+00
2.964478015899658203e+00
2.950153589248656782e+00
2.216784477233886719e+00
1.906973838806152344e+00
2.500225305557250977e+00
1.842876911163330078e+00
2.515121459960937056e+00
1.550460100173950195e+00
1.550121426582336426e+00
7.640954852104187012e-01
1.074948191642761230e+00
7.832809686660766602e-01
3.777969628572463989e-02
2.195838093757629117e-01
2.725558578968048096e-01
-1.020392179489135520e+00
-1.800249814987182617e+00
-1.218803763389587402e+00
-2.205144882202148438e+00
-1.183114767074584961e+00
-7.157745361328125000e-01
-7.301977276802062988e-01
-1.505184650421142578e+00
-2.261252403259277344e+00
-2.877135276794433594e+00
-1.764211535453796387e+00
-2.451251029968261719e+00
-1.618175745010375977e+00
-2.604088306427001953e+00
-3.024516582489013672e+00
-3.394343852996826172e+00
-3.532011270523071733e+00
-4.582537651062011719e+00
-4.155432701110839844e+00
-4.137322425842285156e+00
-3.600142955780029297e+00
-3.764265298843383789e+00
-5.141412258148193359e+00
-4.728928089141846591e+00
-4.640769958496093750e+00
-4.103351593017578125e+00
-3.914279699325561523e+00
-4.421852111816406250e+00
-4.172595024108886719e+00
-4.080257415771483487e+00
-2.771516799926758257e+00
-2.148140907287597656e+00
-1.253939747810363770e+00
-2.060585737228393555e+00
-2.990153789520264116e+00
-3.154487133026123047e+00
-4.016818523406981534e+00
-3.778111696243286133e+00
-3.149899721145629883e+00
-5.320960998535156250e+00
-3.055558681488037109e+00
-2.921133756637572798e+00
-3.571545124053955078e+00
-3.363356828689575195e+00
-3.911845684051513672e+00
-3.451685190200805664e+00
-3.434885978698730469e+00
-2.874774217605591264e+00
-3.070925951004028320e+00
-2.641616106033325195e+00
-9.052373170852660023e-01
-2.718912124633789062e+00
-1.822308659553528054e+00
-1.694469690322875977e+00
-2.828621387481689009e+00
-3.775595426559447798e+00
-2.499328613281250000e+00
-1.559824585914611816e+00
-2.271924734115600586e+00
-1.800196766853332297e+00
-2.127346038818359819e+00
-1.675864696502685547e+00
-2.121068477630615234e+00
-2.276372194290161133e+00
-1.379436373710632324e+00
-1.027242422103881836e+00
3.664397597312927246e-01
-5.244525671005249023e-01
-1.442127227783203125e+00
-2.121218204498291016e+00
-2.458013772964477095e+00
-2.486208677291870117e+00
-1.767940163612365501e+00
-1.609098553657531516e+00
-1.729766368865966797e+00
-1.651933193206786887e+00
-2.237659931182861328e+00
-2.262601852416991743e+00
-2.375001192092895508e+00
-1.992781400680541992e+00
-5.153607130050659180e-01
-3.425337672233580988e-01
-4.663905501365662176e-01
-1.592353463172912598e+00
-1.783333063125610352e+00
-2.143687725067138672e+00
-2.266299247741699219e+00
-2.509005308151245117e+00
-2.814759731292724609e+00
-1.116423606872558594e+00
-3.888870775699616034e-01
-5.327115654945373535e-01
-1.004568189382553239e-01
-7.010167241096496582e-01
-3.414044976234436035e-01
9.160761833190917969e-01
-9.860162734985351562e-01
-9.829443693161011852e-01
-2.069798707962035689e+00
-2.391011953353881836e+00
-1.744933128356933594e+00
-1.969222128391265869e-01
4.923111572861672142e-02
-3.365183174610137939e-01
5.804250240325927734e-01
3.093979954719543457e-01
1.345760226249694824e+00
-8.785688877105712891e-01
-1.728826165199279785e+00
-5.410826802253723145e-01
1.175916194915771484e-01
1.556863665580749512e+00
1.655884861946105957e+00
4.797744750976561945e-01
1.110576033592223899e+00
1.669782772660255432e-02
-1.136373996734619141e+00
-1.840206980705260786e+00
-2.039487123489379883e+00
-2.061985731124878374e+00
-1.987369656562804732e+00
-7.205213904380798340e-01
-6.871728897094726562e-01
3.567667603492736816e-01
-1.036128401756286621e+00
-2.684684991836548296e+00
-4.433867931365966797e+00
-6.143321514129638672e+00
-5.639436721801757812e+00
-5.080248832702636719e+00
-3.748940229415893555e+00
-2.369102954864501953e+00
-2.675078868865966797e+00
-2.770724296569824219e+00
-1.221515536308288574e+00
-3.432507038116455078e+00
-4.330662250518798828e+00
-5.294488906860351562e+00
-6.144021034240722656e+00
-6.982830524444580078e+00
-8.130784034729003906e+00
-7.604650020599365234e+00
-7.361943244934082031e+00
-4.893815040588378906e+00
-4.155229091644287109e+00
-4.981328487396240234e+00
-5.121603012084960938e+00
-3.882051467895508257e+00
-2.711001396179199219e+00
-4.513924598693847656e+00
-6.270360469818115234e+00
-6.455677509307861328e+00
-8.387608528137207031e+00
-9.424385070800779474e+00
-7.765548706054686612e+00
-5.938585281372070312e+00
-6.531294822692871094e+00
-6.147656917572021484e+00
-3.335284948348998579e+00
-1.668593049049377441e+00
-4.909946322441101074e-01
-1.759437441825866699e+00
-3.105569839477538618e+00
-5.773650646209717685e+00
-3.185180664062500000e+00
-1.597020864486694336e+00
-9.513226747512816273e-01
-3.561516284942626953e+00
-6.711967468261718750e+00
-7.760401725769042969e+00
-4.039062976837158203e+00
1.886596441268920898e+00
4.598157405853272373e+00
5.984226703643798828e+00
6.465075016021728516e+00
5.572950839996337891e+00
4.799287796020507812e+00
3.246853590011596680e+00
2.603522300720214844e+00
-2.378585785627365112e-01
-4.903315007686614990e-01
3.421972036361694336e+00
4.367388248443604404e+00
7.207542419433593750e+00
8.911237716674804688e+00
4.579851150512695312e+00
3.864912509918212891e+00
4.333876132965087891e+00
5.933840751647949219e+00
5.524724483489990234e+00
6.702022552490233487e+00
8.300578117370605469e+00
6.837816238403320312e+00
8.817848205566406250e+00
9.922844886779783380e+00
7.294832229614257812e+00
4.993206024169921875e+00
5.699801445007324219e+00
9.902595520019533026e+00
1.242426204681396484e+01
1.518842220306396484e+01
1.556997776031493963e+01
1.121010303497314453e+01
1.622779846191406250e+01
1.805382728576660156e+01
1.137882995605468750e+01
8.475852966308593750e+00
1.158732604980468750e+01
1.328012847900390447e+01
1.385669136047363281e+01
1.365181541442871271e+01
1.111067104339599609e+01
9.465589523315429688e+00
9.562253952026367188e+00
1.193660545349121271e+01
1.193386554718017578e+01
1.371719074249267578e+01
1.386012840270996094e+01
1.426337814331054688e+01
1.504838943481445312e+01
9.903418540954589844e+00
2.986063718795776367e+00
9.134521484375000000e+00
1.179888343811035156e+01
1.248272514343261541e+01
1.165401935577392578e+01
1.278185844421386719e+01
1.268070888519287287e+01
1.354355812072753906e+01
1.451609992980957031e+01
1.916556549072265625e+01
2.112215423583984375e+01
2.042468261718750000e+01
2.084260940551757457e+01
1.865270423889160156e+01
1.259431552886962713e+01
9.467308998107910156e+00
9.059531211853027344e+00
1.009049224853515625e+01
6.023097991943358487e+00
4.151252746582031250e+00
3.643807172775268999e+00
2.683547735214232843e-01
-2.956408023834228516e+00
-4.822338581085205078e+00
-7.254101276397705078e+00
-7.881046295166016513e+00
-8.070853233337402344e+00
-2.835831880569458008e+00
-5.197514891624450684e-01
-1.432500630617141446e-01
9.131413698196412243e-01
-1.562877297401428223e+00
-1.611665129661560059e+00
1.113346576690673828e+00
6.863355159759521484e+00
9.930673599243164062e+00
1.310941982269287287e+01
1.484855747222900568e+01
1.466714668273925781e+01
1.360797405242919922e+01
1.032119750976562322e+01
7.811053276062012607e+00
8.979232788085937500e+00
1.193647766113281250e+01
1.062668514251708984e+01
7.829161167144775391e+00
6.872409343719482422e+00
5.716463088989257812e+00
1.886397123336791992e+00
1.134111404418945090e+00
-8.805736303329467773e-01
-1.924965143203735574e+00
-3.663141965866088867e+00
-4.000650882720946377e+00
-2.751393795013428178e+00
-1.901765227317810059e+00
-1.156330227851867676e+00
-1.471146464347839355e+00
-5.314140319824218750e-01
-1.342927455902099609e+00
1.624704837799072488e+00
3.664444446563720703e+00
8.981597900390625000e+00
1.497967147827148438e+01
1.961524391174316406e+01
2.109735298156738637e+01
2.328074645996093395e+01
2.529384613037109020e+01
2.444726562500000000e+01
2.114254188537597656e+01
1.501510620117187500e+01
1.019350814819335938e+01
8.293449401855468750e+00
5.124104976654052734e+00
-3.057897984981536865e-01
-3.082693815231323242e+00
-6.858214378356933594e+00
-1.004150390625000000e+01
-1.337126731872558594e+01
-1.509316253662109553e+01
-1.508926868438720703e+01
-1.379581546783447266e+01
-1.702806282043457031e+01
-2.065095138549804688e+01
-2.214995765686035156e+01
-2.282332038879394531e+01
-1.634662055969238637e+01
-1.446314811706542969e+01
-1.289643478393554688e+01
-1.241310882568359553e+01
-1.612771797180175781e+01
-1.758877182006835938e+01
-2.027367210388183949e+01
-2.392664146423339844e+01
-2.250650405883789062e+01
-1.705960083007812500e+01
-1.250875091552734553e+01
-1.620805358886718750e+01
-1.982545089721680043e+01
-1.934049797058105113e+01
-1.954526710510253906e+01
-2.132626342773437145e+01
-2.074327278137207031e+01
-2.209733009338378906e+01
-2.367457008361816406e+01
-2.627926445007323863e+01
-2.988344955444335938e+01
-3.007773971557617188e+01
-3.020297813415527344e+01
-2.975404167175292969e+01
-3.017348861694335938e+01
-3.024320220947265625e+01
-2.627112579345703125e+01
-2.612752151489257457e+01
-2.410078430175780895e+01
-2.359733772277832031e+01
-2.525495338439941051e+01
-2.845141792297363637e+01
-2.762236022949219105e+01
-2.607499885559082031e+01
-2.615584754943848012e+01
-2.326291084289551137e+01
-2.100673866271972656e+01
-2.382458496093750000e+01
-2.225762367248535156e+01
-2.284415435791015980e+01
-2.094839859008789062e+01
-2.100254249572753906e+01
-1.935703849792480469e+01
-2.004047203063964844e+01
-1.841472434997558594e+01
-1.526120185852050781e+01
-1.360534381866455078e+01
-9.983258247375488281e+00
-9.476027488708496094e+00
-8.602889060974121094e+00
-8.288761138916017401e+00
-7.816442012786865234e+00
-7.969477176666259766e+00
-7.323113918304442471e+00
-7.682578563690185547e+00
-5.804644584655762607e+00
-6.177334785461425781e+00
-4.489185810089111328e+00
-4.736145973205566406e+00
-2.605307579040527788e+00
-1.506960630416869895e+00
-3.402942895889282227e+00
-2.550595521926879883e+00
-4.297443866729736328e+00
-4.385551452636718750e+00
-4.979006290435791016e+00
-3.418387651443481001e+00
-4.169571399688721591e+00
-4.141294002532958984e+00
-3.750771284103393555e+00
-4.060892105102538174e+00
-2.898067474365234375e+00
-2.611508607864379883e+00
-3.993715524673461914e+00
-3.830363512039185014e+00
-5.064734458923339844e+00
-6.555751323699951172e+00
-6.557982921600342685e+00
-6.057176589965820312e+00
-5.663918495178222656e+00
-5.257689952850341797e+00
-5.120899200439453125e+00
-4.647115707397460938e+00
-5.899604797363281250e+00
-5.621333122253417969e+00
-5.665053367614746094e+00
-4.385252475738524502e+00
-3.849336385726928711e+00
-5.181104660034179688e+00
-5.176202774047851562e+00
-5.791784763336182529e+00
-5.029292106628417969e+00
-4.264395713806151456e+00
-4.476730346679688388e+00
-3.499267339706421343e+00
-3.825289726257323775e+00
-4.428952693939208984e+00
-5.072611331939697266e+00
-5.819839954376221591e+00
-4.513082981109619141e+00
-5.980927467346191406e+00
-5.436799049377441406e+00
-5.849751949310302734e+00
-4.912436962127685547e+00
-3.777120828628540039e+00
-4.742144584655761719e+00
-3.207685708999633789e+00
-2.491335153579711914e+00
-2.877864122390747070e+00
-1.736606001853942871e+00
-3.401090383529663086e+00
-1.271130204200744629e+00
-2.197365283966064453e+00
-2.724626302719115767e+00
-2.276677608489990234e+00
-2.301817893981933594e+00
-1.335133671760559082e+00
-2.554742991924285889e-01
-2.716045379638671875e-01
-1.805668920278548639e-01
-8.833655118942260742e-01
-2.171384811401366743e+00
-2.028006076812744141e+00
-6.780170798301696777e-01
-5.368897318840026855e-01
-6.788135766983032227e-01
-1.127764463424682617e+00
-9.413923621177672230e-01
-9.214383959770203747e-01
-1.436464786529541016e+00
-2.583486437797546387e-01
-8.362275362014770508e-01
-1.183580398559570312e+00
-9.566179513931274414e-01
-1.131251215934753418e+00
-2.316325426101685014e+00
-2.071115970611572266e+00
-1.721883893013000488e+00
-1.813072919845581055e+00
-2.043106317520141602e+00
-2.265659332275390181e+00
-2.798467636108398438e+00
-2.759662866592407227e+00
-4.814046859741210938e+00
-4.557939529418945312e+00
-4.230313301086426669e+00
-3.309319972991943803e+00
-4.259635925292968750e+00
-2.563652515411376953e+00
-2.934830188751220703e+00
-3.924241304397583008e+00
-3.684411048889160156e+00
-3.940386772155761719e+00
-3.124829769134521040e+00
-3.625480651855468750e+00
-3.473018646240234375e+00
-3.801445960998535156e+00
-4.015627384185791016e+00
-3.572167396545410156e+00
-2.435257196426392046e+00
-3.496372938156127930e+00
-3.239726305007934570e+00
-3.300054788589477095e+00
-3.823365926742553711e+00
-3.931807041168212891e+00
-2.723371505737304688e+00
-2.432155132293701172e+00
-2.383316993713378906e+00
-3.073254108428955078e+00
-2.190278053283691406e+00
-3.713246881961823065e-01
-1.190383791923522949e+00
-1.866109490394592507e+00
-2.239974260330200195e+00
-2.746547937393188477e+00
-2.951110839843750000e+00
-1.737596392631530762e+00
-1.188739418983459695e+00
-1.003607034683227539e+00
-1.558170795440673828e+00
-7.998062968254089355e-01
-1.239680767059326172e+00
2.194823175668716431e-01
2.682090699672698975e-01
7.827441692352294922e-01
9.709344804286956787e-02
-3.380947709083557129e-01
-6.274966597557067871e-01
-1.733870625495910645e+00
-1.194572210311889648e+00
7.537742704153060913e-02
-2.701689302921295166e-01
-8.919935822486877441e-01
-6.299149394035339355e-01
4.141253232955932617e-02
2.723546624183654785e-01
-1.530410796403884888e-01
-7.755501270294190563e-01
-3.613357841968535822e-01
-6.256393790245056152e-01
-1.909973740577697532e+00
-2.125719308853149414e+00
-1.577720999717712402e+00
-9.768362045288085938e-01
-7.117939591407775879e-01
-9.631909728050231934e-01
-1.446501851081847922e+00
-2.365003585815429688e+00
-2.769493341445923296e+00
-2.395653486251831055e+00
-2.445749044418334961e+00
-2.563893795013428178e+00
-1.636753916740417703e+00
-3.149070978164673296e+00
-4.087551593780518466e+00
-3.849848270416260210e+00
-3.670963287353516069e+00
-3.489062786102294922e+00
-3.757870197296143022e+00
-2.854088306427001953e+00
-3.862752199172973633e+00
-3.558659791946411133e+00
-3.910282135009765625e+00
-4.064178943634033203e+00
-3.587271213531493697e+00
-3.966907501220703125e+00
-3.843981742858887163e+00
-3.860827684402466264e+00
-4.678033351898193359e+00
-4.356988430023193359e+00
-3.918112993240356889e+00
-3.644187688827514204e+00
-2.955910921096801758e+00
-2.946431159973144531e+00
-1.651734471321105957e+00
-1.913898706436156782e+00
-2.189817905426025391e+00
-2.748604297637939453e+00
-3.078721761703491211e+00
-3.565288066864013672e+00
-4.374386310577393466e+00
-4.628684520721436435e+00
-5.108903884887695312e+00
-4.066386222839356357e+00
-3.559032201766968218e+00
-3.846248865127563921e+00
-3.755338191986083984e+00
-3.729468345642089844e+00
-4.006824970245361328e+00
-4.621109008789063388e+00
-4.583738803863525391e+00
-4.622595787048339844e+00
-4.742779254913330078e+00
-3.994691371917724609e+00
-3.637900590896606445e+00
-3.197543382644653320e+00
-3.203453540802001953e+00
-3.361857891082764116e+00
-4.820676803588867188e+00
-4.545733928680419922e+00
-4.867366313934326172e+00
-5.144593715667724609e+00
-5.420937538146972656e+00
-4.827350139617919922e+00
-4.992910385131835938e+00
-5.080081939697266513e+00
-6.178792476654052734e+00
-6.202337741851807529e+00
-6.006409168243407315e+00
-4.879878997802733487e+00
-6.091928958892822266e+00
-6.372523784637451172e+00
-6.202018260955810547e+00
-5.571998596191406250e+00
-4.510996818542480469e+00
-3.679322481155395952e+00
-3.972738742828368697e+00
-4.527501583099365234e+00
-5.023035049438476562e+00
-5.727295398712157315e+00
-5.624180316925048828e+00
-5.512474060058593750e+00
-6.155347347259521484e+00
-6.688701152801513672e+00
-6.276675224304199219e+00
-6.010095596313477451e+00
-5.180399417877197266e+00
-5.515524864196777344e+00
-5.868210792541503906e+00
-5.520888805389403409e+00
-6.244416713714599609e+00
-6.074559688568115234e+00
-6.034510135650634766e+00
-5.773804664611816406e+00
-5.248216629028320312e+00
-4.811073303222656250e+00
-4.955869197845458984e+00
-4.716079235076903409e+00
-5.353601932525634766e+00
-4.576750278472900391e+00
-4.740696430206298828e+00
-5.498558521270751953e+00
-5.590718269348144531e+00
-6.081687927246093750e+00
-5.214029788970947266e+00
-4.978298664093018466e+00
-4.849988460540772373e+00
-5.060488224029541016e+00
-4.550946712493896484e+00
-4.595606327056884766e+00
-4.338340759277343750e+00
-4.640704154968261719e+00
-4.595279693603516513e+00
-3.933762550354003906e+00
-4.438788414001464844e+00
-3.344168186187743697e+00
-3.497416496276855469e+00
-3.978126049041748047e+00
-3.709443807601928711e+00
-3.590617179870605025e+00
-3.816362380981444868e+00
-4.209952354431151456e+00
-3.465805530548096147e+00
-3.751724243164063388e+00
-4.451828479766846591e+00
-4.333717823028564453e+00
-4.768043041229248047e+00
-4.774243354797363281e+00
-4.556388854980468750e+00
-5.367476940155028409e+00
-5.542128562927246094e+00
-5.310063838958740234e+00
-5.715898036956787109e+00
-6.297431468963622159e+00
-5.744587421417236328e+00
-6.338706493377685547e+00
-5.955242633819580078e+00
-6.021757602691650391e+00
-5.995616436004638672e+00
-6.449092864990233487e+00
-6.768263339996337891e+00
-6.252214908599853516e+00
-6.311782360076903409e+00
-5.922746181488037109e+00
-6.595669746398925781e+00
-5.380464076995849609e+00
-4.657953262329101562e+00
-4.590934276580810547e+00
-4.477241516113281250e+00
-3.408782482147216797e+00
-3.105014562606811523e+00
-3.799002885818481445e+00
-4.379535675048828125e+00
-4.033004760742188388e+00
-4.153133392333983487e+00
-3.485939025878906250e+00
-3.606775283813477007e+00
-3.383543252944946289e+00
-3.389920234680176225e+00
-3.213461637496947798e+00
-4.006430149078368252e+00
-3.819746255874633789e+00
-3.000902175903320312e+00
-2.983757972717285156e+00
-2.879962682723998579e+00
-2.798972368240356445e+00
-2.828695297241211382e+00
-2.488736629486083984e+00
-2.345408678054809570e+00
-3.240338087081908736e+00
-2.812459707260131836e+00
-2.624944925308227539e+00
-2.042728900909424272e+00
-2.268471240997314453e+00
-1.160116672515869141e+00
-5.369052886962890625e-01
-2.417444705963134766e+00
-1.642583012580871582e+00
-1.540378451347350852e+00
-1.868007898330688477e+00
-1.120964646339416504e+00
-1.623797535896301270e+00
-1.002608776092529297e+00
-1.615061759948730469e+00
-1.051571846008300781e+00
-1.826061367988586426e+00
-1.067988991737365501e+00
-1.219627380371093750e+00
-1.272662281990051270e+00
-1.411578059196472168e+00
-1.533486008644104004e+00
-1.840034246444701926e+00
-2.056097269058227539e+00
-1.522187232971191406e+00
-5.838969945907592773e-01
-1.028103590011596902e+00
-1.610061049461364746e+00
-1.547556519508361816e+00
-1.604043126106262207e+00
-1.405326485633850098e+00
-1.359575271606445090e+00
-2.104994773864745650e+00
-8.390808105468750000e-01
-2.181183815002441406e+00
-1.905110597610473633e+00
-1.897115349769592507e+00
-2.151797294616698775e+00
-1.434729337692260742e+00
-2.378669261932373047e+00
-2.668569087982177734e+00
-2.285729408264160156e+00
-1.383858203887939675e+00
-1.183902740478515625e+00
-1.424610614776611106e+00
-2.169817209243774414e+00
-2.351706981658935547e+00
-1.445176720619201660e+00
-1.575862884521484375e+00
-1.101208090782165527e+00
-1.055485486984252930e+00
-1.780990481376648171e+00
-1.709383726119995117e+00
-1.314747333526611106e+00
-1.667813539505004883e+00
-3.971081674098969061e-01
-5.839347839355468750e-01
-6.153183579444885254e-01
-1.498376846313476562e+00
-1.101740956306457520e+00
-8.591060042381286621e-01
-1.115537643432617188e+00
-4.179068803787232000e-01
-8.056076765060424805e-01
-1.101524829864501953e+00
-8.236274123191833496e-01
-1.291575670242309570e+00
-1.012711167335510476e+00
-2.064926624298096147e+00
-2.951251268386841264e+00
-3.689587116241455078e+00
-3.517347097396850586e+00
-3.391725063323974609e+00
-3.506811857223510742e+00
-2.025629043579101562e+00
-2.939964771270751953e+00
-3.403275728225708008e+00
-2.635191679000854492e+00
-3.247242927551269087e+00
-1.673633575439453125e+00
-1.952785730361938477e+00
-2.633265256881713867e+00
-3.383110284805298296e+00
-3.324580907821655718e+00
-4.047707080841064453e+00
-3.915998458862304688e+00
-3.555581092834472656e+00
-2.645740985870361328e+00
-3.519778251647948775e+00
-3.224167346954345703e+00
-3.587823867797852007e+00
-3.511480569839477095e+00
-4.100243568420410156e+00
-4.802350521087647373e+00
-4.783824443817138672e+00
-4.542096138000488281e+00
-3.947973489761352983e+00
-3.760291337966918945e+00
-4.387836456298828125e+00
-4.253521442413330078e+00
-4.272594928741455078e+00
-3.646316051483153409e+00
-5.329595565795898438e+00
-5.449207305908203125e+00
-5.595182418823242188e+00
-5.321879386901856357e+00
-4.903357982635498047e+00
-4.681072235107421875e+00
-5.734252929687500000e+00
-6.144587993621826172e+00
-6.837103843688964844e+00
-6.420226573944092685e+00
-5.418879508972167969e+00
-5.455553531646728516e+00
-4.848344326019287109e+00
-4.834568023681641513e+00
-4.584220886230468750e+00
-4.516580581665039062e+00
-4.853008270263671875e+00
-4.952964782714843750e+00
-4.871487140655518466e+00
-4.669370651245117188e+00
-4.997861862182617188e+00
-3.233695507049560547e+00
-4.645337104797363281e+00
-3.615060567855834961e+00
-3.294626712799072266e+00
-3.409394502639770508e+00
-2.855212211608886719e+00
-1.310113430023193359e+00
-2.685837030410766602e+00
-2.087690353393554688e+00
-2.002376556396484375e+00
-3.340255498886108398e+00
-2.539549827575684038e+00
-3.295291423797607422e+00
-4.025420188903808594e+00
-2.803915739059447798e+00
-2.304400920867919922e+00
-8.494553565979003906e-01
-1.936069250106811523e+00
-2.274608135223388672e+00
-4.049970626831055576e+00
-9.537779688835144043e-01
-1.299601435661315918e+00
-1.995546579360961914e+00
-9.601051807403564453e-01
-1.591595053672790305e+00
-2.805867195129394531e+00
-1.355327129364013672e+00
-7.617190480232238770e-01
-1.602869033813476562e+00
-3.362702131271362305e-01
7.560399770736694336e-01
4.188122749328612726e-01
3.867911398410797119e-01
1.575469613075256348e+00
7.935817241668701172e-01
4.128145277500153143e-01
4.686953425407410223e-01
6.725423932075500488e-01
7.253295779228209339e-01
5.599843859672546387e-01
1.255594730377197266e+00
5.100906491279602051e-01
-1.161320447921752930e+00
-2.788559794425964355e-01
-1.860398948192596436e-01
1.844439804553985596e-01
-2.243833094835281372e-01
2.962549626827239990e-01
-4.797127246856690008e-01
3.128511011600494385e-01
5.064399242401123047e-01
-2.991984598338603626e-02
5.632220506668090820e-01
2.159631103277206421e-01
1.434798240661621094e-01
4.269125461578369141e-01
-1.004018113017082214e-01
-2.737706005573273260e-01
-3.541042804718017578e-01
-6.479477286338806152e-01
-8.178466558456420898e-01
-8.258804082870483398e-01
-1.047330260276794434e+00
-4.246322214603424072e-01
-1.735836029052734375e+00
-8.937070369720458984e-01
-9.868327379226683460e-01
-1.224546551704406738e+00
-1.055854678153991699e+00
-1.195798993110656738e+00
-1.755469083786010742e+00
-1.636859178543090820e+00
-1.354050517082214355e+00
-1.113659381866455078e+00
-1.004216313362121582e+00
-1.557261466979980469e+00
-1.483001470565795898e+00
-5.770862102508544922e-01
1.151960641145706316e-01
-4.606245756149291992e-01
-4.680269062519074041e-01
-1.031120866537093977e-01
-1.518403738737106601e-01
-7.181747555732727051e-01
-7.156702876091003418e-01
-5.987992882728576660e-01
-1.359060406684875710e+00
-2.480831444263458530e-01
2.000779211521148682e-01
-6.831406354904174805e-01
-6.919263005256652832e-01
9.458272457122803845e-01
1.061774849891662598e+00
7.388036847114562988e-01
6.042858362197875977e-01
1.901345849037170410e+00
-7.893189787864685059e-02
4.597121477127075195e-01
5.871364474296569824e-02
-1.138089671730995317e-01
-3.405053913593292236e-01
-1.366608977317810059e+00
-7.321088314056396484e-01
-8.565834760665893555e-01
-9.427334070205688477e-01
-2.263632789254188538e-02
-1.061022400856017844e+00
-1.110777258872985840e+00
-1.445806622505188210e+00
-1.903320670127868874e+00
-1.446345448493957520e+00
-1.804588317871093528e+00
-1.342081785202026367e+00
-2.976408243179321289e+00
-1.959140062332153098e+00
-2.304901361465454102e+00
-2.751168489456176758e+00
-3.183201313018798828e+00
-3.302990674972533736e+00
-3.636577367782592773e+00
-2.991429567337036133e+00
-3.767680168151855913e+00
-4.043828487396240234e+00
-4.158905029296875000e+00
-3.960455179214477539e+00
-4.794690132141113281e+00
-3.484050035476685014e+00
-3.900147914886474609e+00
-3.380503177642822266e+00
-4.289874553680419922e+00
-2.459302425384521040e+00
-3.353495597839355469e+00
-3.944154500961304155e+00
-2.677586793899536133e+00
-3.878779888153076172e+00
-3.530468940734863725e+00
-2.936528205871582031e+00
-3.126548290252685103e+00
-3.182710170745849609e+00
-2.203652858734130859e+00
-3.543474197387695757e+00
-2.798317909240722656e+00
-1.445414066314697266e+00
-1.917236208915710449e+00
-7.189285755157470703e-01
-3.126309156417846680e+00
-3.090320587158203125e+00
-3.286339044570923296e+00
-3.709324121475220171e+00
-3.163806676864623579e+00
-3.247431278228760210e+00
-2.370279550552368164e+00
-3.866036653518676758e+00
-3.653454780578612837e+00
-3.415268659591674805e+00
-3.217010021209716797e+00
-2.562377452850341797e+00
-2.051608562469482422e+00
-2.831195354461669922e+00
-2.746366739273071733e+00
-3.866479158401488814e+00
-1.358269929885864480e+00
-7.619901895523071289e-01
-2.129301309585571733e+00
-2.576834201812744141e+00
-2.823932170867919922e+00
-2.055958271026611772e+00
-1.626280546188354492e+00
-2.372605085372924805e+00
-2.697249174118041992e+00
-2.277194261550903764e+00
-1.892540454864501953e+00
-1.067162156105041504e+00
-1.420588731765746848e+00
-1.268211364746093750e+00
-2.333229064941406250e+00
-1.228925228118896484e+00
-1.865492105484008789e+00
-1.891604900360107644e+00
-2.035219669342041016e+00
-1.567993760108947754e+00
-1.649897813796996848e+00
-2.126938581466675249e+00
-2.018930912017822266e+00
-7.818461656570434570e-01
-6.186491250991821289e-01
3.686852287501096725e-03
-6.945970654487609863e-01
-1.143913388252258301e+00
-1.844100952148437278e+00
-1.582521796226501687e+00
-1.830827593803405540e+00
-1.250211954116821289e+00
-1.777480125427245872e+00
-1.439129114151000977e+00
-7.550625205039978027e-01
-6.669630855321884155e-02
-2.803640365600585938e-01
-5.104519128799438477e-01
-5.592315793037414551e-01
-9.823222160339355469e-01
-9.233103990554809570e-01
-1.295960426330566406e+00
-1.501823425292968750e+00
-1.115009665489196777e+00
-1.258136510848999023e+00
-1.766449570655822754e+00
-1.052417635917663574e+00
-3.714947998523712158e-01
7.263105511665344238e-01
9.438188672065735974e-01
7.717423439025878906e-01
-2.133688777685165128e-01
-4.890298545360565186e-01
-1.803101599216460627e-01
-3.244694769382476807e-01
2.380876988172531128e-01
-6.487639546394348145e-01
-1.303172588348388894e+00
-9.673844575881958008e-01
-3.077470064163208008e-01
-1.692724078893661499e-01
-3.368256390094757080e-01
3.615553677082061768e-01
2.672074735164642334e-01
4.291314780712128241e-01
2.128882706165313721e-02
-9.537246078252792358e-02
8.949147462844848633e-01
2.618285454809665680e-02
8.949941396713256836e-01
2.450161457061768022e+00
1.156654953956604004e+00
3.051227331161499023e-01
6.776052713394165039e-01
2.503916919231414795e-01
