3.871222496032714844e+00
3.870717287063599077e+00
3.869353294372559038e+00
3.866756439208983931e+00
3.869173049926758257e+00
3.875139236450195312e+00
3.875081539154052734e+00
3.877381086349487305e+00
3.877178430557251421e+00
3.878524780273437500e+00
3.878113746643065518e+00
3.879804849624633789e+00
3.880625009536743164e+00
3.880361557006836382e+00
3.880365371704101562e+00
3.880901336669921875e+00
3.884321689605712891e+00
3.884994268417358398e+00
3.884557008743286133e+00
3.885329723358153409e+00
3.884725093841552734e+00
3.885644435882567915e+00
3.886075019836426225e+00
3.886178731918334961e+00
3.887429237365722212e+00
3.886669874191283736e+00
3.886994123458862305e+00
3.887175083160399947e+00
3.886863470077514204e+00
3.885548114776611328e+00
3.885457754135131836e+00
3.885777711868286133e+00
3.885775089263916016e+00
3.887264013290404829e+00
3.888205289840697798e+00
3.888012886047363281e+00
3.887211084365844727e+00
3.886314630508423296e+00
3.886184930801392046e+00
3.886114835739136186e+00
3.886324405670166016e+00
3.885717153549193448e+00
3.886166810989379883e+00
3.885974884033203125e+00
3.885728836059569424e+00
3.887151241302489790e+00
3.887048721313477007e+00
3.886644601821899414e+00
3.886081695556640625e+00
3.885603666305541992e+00
3.885565280914306197e+00
3.885797262191772905e+00
3.886236190795897549e+00
3.887130975723266602e+00
3.888539552688599077e+00
3.888667821884155273e+00
3.889745235443115234e+00
3.890096664428711382e+00
3.890745878219604936e+00
3.890463590621947798e+00
3.890723943710326704e+00
3.890147447586060014e+00
3.890793561935424805e+00
3.892456531524658203e+00
3.891942501068115234e+00
3.891789436340332031e+00
3.893842697143554243e+00
3.892764329910278320e+00
3.890222072601318359e+00
3.894602060317993164e+00
3.898386240005493164e+00
3.896348237991333008e+00
3.893830537796020952e+00
3.893287420272826704e+00
3.895020484924316850e+00
3.892843008041381836e+00
3.891691207885741743e+00
3.892860412597655806e+00
3.892797470092772993e+00
3.892936944961548296e+00
3.892503261566162109e+00
3.892756223678588867e+00
3.891966104507446289e+00
3.892425775527953657e+00
3.892142534255981001e+00
3.893488407135009766e+00
3.894387006759643999e+00
3.893647432327271396e+00
3.893393278121947798e+00
3.893896818161010298e+00
3.894021272659301758e+00
3.894016981124877930e+00
3.893002986907958984e+00
3.893860101699828657e+00
3.893636226654052734e+00
3.893961668014526367e+00
3.880288839340209961e+00
3.880600452423096147e+00
3.881066799163817471e+00
3.880954504013061523e+00
3.880448341369628906e+00
3.881286621093750000e+00
3.882526397705078125e+00
3.879414558410644975e+00
3.879693031311035156e+00
3.879194259643554243e+00
3.878861427307128906e+00
3.879224300384521484e+00
3.878621339797973633e+00
3.879614830017089844e+00
3.880037784576416016e+00
3.880543947219848633e+00
3.880336046218872070e+00
3.880388498306273526e+00
3.880267620086669922e+00
3.880448818206787109e+00
3.881772041320801225e+00
3.881219625473023349e+00
3.880572319030761719e+00
3.881693840026855913e+00
3.882251739501953125e+00
3.882859230041503906e+00
3.884632825851439986e+00
3.885182142257689542e+00
3.884469509124756303e+00
3.885849237442016602e+00
3.888262033462524858e+00
3.887885093688964844e+00
3.887574672698975053e+00
3.888276338577271396e+00
3.888404130935668945e+00
3.889019727706908736e+00
3.890760898590087891e+00
3.889981746673583984e+00
3.890679359436035156e+00
3.891525983810424805e+00
3.891993284225463867e+00
3.892432928085326704e+00
3.892433643341064897e+00
3.892315864562987837e+00
3.892286300659180132e+00
3.893382549285888672e+00
3.894067287445068803e+00
3.894384860992432085e+00
3.894398212432860884e+00
3.894626617431640625e+00
3.896159172058105469e+00
3.896066188812256303e+00
3.895716190338135210e+00
3.896360874176025391e+00
3.896259307861328125e+00
3.896026611328125000e+00
3.896013975143432617e+00
3.896459341049193448e+00
3.897317647933959961e+00
3.898086786270141602e+00
3.898086547851562500e+00
3.898530244827271396e+00
3.899290561676025391e+00
3.899769544601439986e+00
3.899242639541626421e+00
3.899045228958129883e+00
3.899207115173339844e+00
3.898286581039428711e+00
3.897786378860473633e+00
3.897861957550048828e+00
3.897235631942748579e+00
3.899388551712036133e+00
3.899574518203735796e+00
3.898291587829589844e+00
3.898531198501586914e+00
3.898078680038451704e+00
3.897209167480468750e+00
3.896970272064208984e+00
3.897021770477294922e+00
3.896133899688720703e+00
3.895358324050903320e+00
3.895896196365356889e+00
3.895009994506836382e+00
3.895454883575439897e+00
3.895146846771239790e+00
3.895480632781982422e+00
3.895606517791748047e+00
3.894462823867798296e+00
3.895481586456298828e+00
3.894933700561522993e+00
3.893973827362060991e+00
3.893113613128662109e+00
3.894280195236206055e+00
3.893115758895873579e+00
3.894073963165283203e+00
3.891380310058593750e+00
3.891390085220336914e+00
3.891681909561156782e+00
3.891640424728393555e+00
3.891746520996093750e+00
3.891285657882689542e+00
3.891507148742676225e+00
3.891981601715087891e+00
3.893185138702392578e+00
3.893474340438842329e+00
3.893096685409546343e+00
3.893435478210448775e+00
3.892019748687743697e+00
3.892019271850586382e+00
3.891859769821166992e+00
3.893046617507935014e+00
3.892392396926879883e+00
3.891778469085692915e+00
3.893139839172363281e+00
3.894265651702881303e+00
3.895098447799682617e+00
3.895269870758056641e+00
3.895547151565552202e+00
3.896739482879639116e+00
3.895790576934815341e+00
3.895184516906737393e+00
3.897729635238647905e+00
3.897998094558716264e+00
3.898469686508178267e+00
3.898850917816162109e+00
3.900557518005371094e+00
3.900792121887207031e+00
3.899946928024291992e+00
3.900075912475586382e+00
3.899446725845336914e+00
3.899535179138184038e+00
3.899011135101318359e+00
3.899395227432251421e+00
3.899544000625609463e+00
3.899202108383178267e+00
3.900763750076293945e+00
3.901176214218140093e+00
3.901566743850708008e+00
3.901389598846435991e+00
3.900284051895141602e+00
3.900236606597900835e+00
3.898969888687133789e+00
3.899348020553588867e+00
3.899214744567871094e+00
3.897954702377319336e+00
3.897894382476807085e+00
3.897680044174193448e+00
3.897515296936035156e+00
3.897186279296875000e+00
3.896196842193603960e+00
3.896441698074341264e+00
3.896440029144287109e+00
3.897066116333008257e+00
3.898435831069945401e+00
3.898550510406493697e+00
3.898458957672118697e+00
3.897356033325195312e+00
3.897853374481201172e+00
3.897376298904418945e+00
3.897164344787597656e+00
3.896946907043457031e+00
3.895337581634521484e+00
3.896181106567383257e+00
3.895512104034423828e+00
3.894181489944458008e+00
3.894222736358642578e+00
3.892589092254639116e+00
3.892465353012084961e+00
3.893322706222533736e+00
3.893172502517700195e+00
3.893011093139647993e+00
3.893261671066283736e+00
3.892499208450316939e+00
3.892060279846191850e+00
3.892656087875366211e+00
3.892602205276488814e+00
3.892437696456908736e+00
3.891305208206176758e+00
3.891655206680298296e+00
3.892260551452636719e+00
3.891296386718750000e+00
3.890217304229735884e+00
3.890636205673217773e+00
3.890930891036987305e+00
3.891145944595336914e+00
3.891061782836913618e+00
3.890568017959594282e+00
3.890471220016479936e+00
3.889639616012572798e+00
3.889677286148071289e+00
3.889065027236938477e+00
3.889362335205078125e+00
3.891345262527466264e+00
3.890619516372680664e+00
3.892122507095336914e+00
3.891409873962401456e+00
3.890207767486571822e+00
3.890252590179443359e+00
3.889653444290161133e+00
3.889289379119873047e+00
3.888293743133544922e+00
3.889408826828002930e+00
3.890442132949828657e+00
3.890527486801147905e+00
3.892063379287720171e+00
3.892221212387084961e+00
3.892079114913940874e+00
3.892057180404663086e+00
3.891511201858520952e+00
3.891534566879272905e+00
3.893643140792847124e+00
3.893935441970825195e+00
3.895033836364746094e+00
3.894589185714721680e+00
3.895338058471680132e+00
3.896434545516968218e+00
3.897418022155761719e+00
3.897774696350097656e+00
3.897558450698852983e+00
3.897759199142456055e+00
3.896762847900391069e+00
3.898214817047118697e+00
3.896846532821655273e+00
3.897259712219238281e+00
3.896984577178955078e+00
3.897468090057373047e+00
3.899065256118774414e+00
3.899443149566649502e+00
3.900194168090819868e+00
3.901065349578857422e+00
3.899286746978760210e+00
3.899075508117676225e+00
3.899698972702025479e+00
3.899424552917480913e+00
3.900399208068848100e+00
3.899827003479003906e+00
3.900140523910522461e+00
3.901150465011596680e+00
3.901957035064696822e+00
3.903389453887939897e+00
3.902890682220458984e+00
3.902989387512207031e+00
3.903788566589355913e+00
3.903740644454956055e+00
3.903108835220336914e+00
3.902842998504639116e+00
3.903967618942260742e+00
3.906067848205566406e+00
3.905686616897583008e+00
3.906064033508301225e+00
3.905586242675780806e+00
3.906240224838256836e+00
3.905639886856078657e+00
3.906295776367187944e+00
3.907553195953368697e+00
3.907587051391601562e+00
3.906299829483031782e+00
3.907635688781737393e+00
3.908870697021484819e+00
3.909331560134888139e+00
3.909326314926147905e+00
3.911178350448607954e+00
3.910903453826903853e+00
3.910353183746337891e+00
3.911393880844116211e+00
3.912086248397826704e+00
3.912575006484985796e+00
3.913159847259521484e+00
3.914543151855468750e+00
3.914831161499023882e+00
3.914664268493651900e+00
3.914822340011596680e+00
3.914514303207397461e+00
3.915166616439819336e+00
3.915804624557495117e+00
3.916461706161498579e+00
3.916012287139892578e+00
3.916287660598754883e+00
3.916540622711181641e+00
3.917856216430663618e+00
3.917393684387207031e+00
3.918216228485107422e+00
3.919203281402587891e+00
3.919445514678955078e+00
3.921273708343506303e+00
3.920820713043212891e+00
3.923242092132567915e+00
3.923206329345703125e+00
3.924537420272826704e+00
3.925431966781616211e+00
3.926284790039063388e+00
3.926748037338256836e+00
3.928415298461913618e+00
3.928998231887817383e+00
3.930351495742798296e+00
3.930606365203857422e+00
3.933217287063599077e+00
3.933494329452514204e+00
3.934065580368041992e+00
3.933429718017578125e+00
3.935476303100586382e+00
3.935163259506225586e+00
3.935518503189086914e+00
3.936172962188720703e+00
3.934997558593750000e+00
3.935658931732177734e+00
3.935653448104857510e+00
3.935851335525512695e+00
3.937466859817504883e+00
3.937407016754150391e+00
3.937272071838378906e+00
3.937212944030761719e+00
3.937284231185913086e+00
3.936846733093261719e+00
3.937224626541137695e+00
3.938045501708983931e+00
3.938550472259521484e+00
3.938556194305419922e+00
3.938905954360961914e+00
3.940501689910888672e+00
3.940100193023681641e+00
3.941630363464355913e+00
3.939943552017211914e+00
3.939204692840576172e+00
3.937794446945190430e+00
3.938569068908691406e+00
3.939588308334351030e+00
3.940512180328368697e+00
3.939722299575805664e+00
3.939660549163817471e+00
3.939642429351807085e+00
3.939011573791503906e+00
3.939215660095214844e+00
3.939536333084105557e+00
3.938756704330443892e+00
3.939664363861083984e+00
3.940956115722655806e+00
3.941721439361571822e+00
3.941505193710326704e+00
3.940459251403808594e+00
3.940708875656127930e+00
3.941128253936768022e+00
3.941305398941040039e+00
3.941398620605468750e+00
3.941956281661987305e+00
3.941494226455688921e+00
3.940776824951171875e+00
3.939293146133423296e+00
3.939915180206298828e+00
3.940469026565552202e+00
3.938129186630248579e+00
3.937969207763671875e+00
3.936807870864868164e+00
3.936465024948120117e+00
3.935118675231933594e+00
3.934132337570190430e+00
3.934326410293578657e+00
3.934234857559203657e+00
3.934257507324218306e+00
3.933895587921143022e+00
3.933319807052611861e+00
3.931265592575072798e+00
3.930992126464844194e+00
3.930320262908935991e+00
3.930009365081787109e+00
3.928009510040283203e+00
3.927486896514892578e+00
3.926884412765502930e+00
3.926708936691283736e+00
3.927096366882323775e+00
3.926799535751343218e+00
3.926118612289428711e+00
3.926279306411743164e+00
3.924583435058593750e+00
3.923409700393676758e+00
3.923503637313842329e+00
3.923241853713988814e+00
3.923242330551147905e+00
3.922900915145873579e+00
3.924585819244384766e+00
3.925025224685668945e+00
3.924498319625855380e+00
3.924422264099121094e+00
3.924226522445679155e+00
3.924812793731689453e+00
3.925612449645996094e+00
3.925993442535399947e+00
3.924966335296631303e+00
3.925811767578125000e+00
3.925492525100708008e+00
3.925307989120483398e+00
3.925102233886719194e+00
3.926634311676025391e+00
3.926443815231323242e+00
3.927862405776977539e+00
3.929649353027344194e+00
3.929847955703735796e+00
3.928572416305541992e+00
3.927809953689575195e+00
3.927422285079956055e+00
3.929542303085326704e+00
3.930297851562500000e+00
3.931392192840576172e+00
3.932024478912353516e+00
3.933043003082275391e+00
3.931327104568481445e+00
3.931075811386108843e+00
3.931932926177978516e+00
3.930840015411376953e+00
3.930598020553588867e+00
3.930195093154907227e+00
3.929945945739746094e+00
3.929431438446044922e+00
3.926932334899902344e+00
3.927296876907348633e+00
3.928845643997191939e+00
3.929989576339721680e+00
3.930955171585083008e+00
3.930408954620360884e+00
3.930631160736083984e+00
3.927879571914673296e+00
3.929091691970825195e+00
3.928517341613769531e+00
3.927820920944213867e+00
3.926294803619384766e+00
3.924935579299927202e+00
3.925738334655761719e+00
3.926340103149413618e+00
3.927311658859252930e+00
3.926853895187377930e+00
3.925097465515136719e+00
3.926495552062987837e+00
3.923879623413086382e+00
3.922377586364746094e+00
3.922244787216186523e+00
3.920907020568848100e+00
3.922582864761352983e+00
3.922728300094604936e+00
3.925067424774169922e+00
3.926168441772461382e+00
3.925584793090819868e+00
3.926106214523314986e+00
3.924804687500000000e+00
3.926570653915404829e+00
3.927017450332641602e+00
3.926384925842285156e+00
3.928530454635620117e+00
3.924886941909790039e+00
3.925463199615479404e+00
3.925831556320190430e+00
3.928044795989990234e+00
3.927923202514647993e+00
3.928118705749512163e+00
3.928480863571166992e+00
3.928450107574462891e+00
3.929405450820923296e+00
3.929703235626220703e+00
3.927279710769652876e+00
3.928318500518798828e+00
3.924321889877319336e+00
3.924313306808472124e+00
3.924263954162597656e+00
3.925618886947631836e+00
3.927080869674682617e+00
3.930181264877319336e+00
3.929606676101685014e+00
3.932498693466186523e+00
3.932291746139526367e+00
3.932490110397338867e+00
3.930408239364623579e+00
3.929188013076782227e+00
3.928330659866333008e+00
3.928268194198607954e+00
3.928809642791748047e+00
3.930235862731933594e+00
3.929011583328247070e+00
3.929824352264403853e+00
3.929404973983764648e+00
3.929131031036376953e+00
3.925751924514770508e+00
3.925671815872191939e+00
3.924787759780883789e+00
3.924113750457764116e+00
3.923779964447021484e+00
3.919626951217651367e+00
3.921367406845092773e+00
3.919971466064453125e+00
3.919873952865600586e+00
3.920140266418457031e+00
3.918804168701171875e+00
3.918111562728881836e+00
3.916276216506958008e+00
3.914740800857543945e+00
3.914685249328612837e+00
3.913102865219116211e+00
3.913357734680176225e+00
3.911072492599487305e+00
3.909122228622436968e+00
3.909094333648681641e+00
3.908719778060913086e+00
3.908354282379150391e+00
3.910486698150634322e+00
3.908802032470703125e+00
3.906212329864501953e+00
3.906375885009765625e+00
3.906268119812012163e+00
3.904559373855591264e+00
3.904468297958373579e+00
3.902902126312256303e+00
3.902053594589233398e+00
3.902957439422607866e+00
3.903110027313231978e+00
3.902374267578125000e+00
3.902640581130981001e+00
3.901607513427734375e+00
3.900442600250243697e+00
3.899727344512939897e+00
3.899837017059326172e+00
3.897776126861571822e+00
3.897169589996337891e+00
3.896759271621703657e+00
3.896539926528930220e+00
3.896115064620972124e+00
3.897891283035278320e+00
3.897849559783935991e+00
3.898834228515625000e+00
3.899285554885863814e+00
3.901095628738403320e+00
3.900748252868651900e+00
3.900317668914794922e+00
3.900794744491576704e+00
3.901069879531860796e+00
3.902834892272948775e+00
3.900789976119995117e+00
3.901384830474853516e+00
3.901862859725951704e+00
3.901452541351318359e+00
3.903221130371093750e+00
3.902865409851073775e+00
3.902191877365111861e+00
3.902432680130004883e+00
3.901634931564331055e+00
3.902905464172363281e+00
3.905322313308716264e+00
3.905477285385131836e+00
3.906358242034912109e+00
3.906027793884276900e+00
3.905485630035399947e+00
3.907721519470214844e+00
3.906683206558227983e+00
3.907005071640015093e+00
3.907462358474731001e+00
3.909166097640991211e+00
3.911677122116088867e+00
3.912191152572631836e+00
3.912623643875122070e+00
3.912086248397826704e+00
3.913575887680053711e+00
3.912392854690552202e+00
3.913404941558837891e+00
3.914710760116576704e+00
3.915038585662841797e+00
3.914687633514403853e+00
3.915550470352173296e+00
3.916723728179932085e+00
3.915956020355224609e+00
3.917189598083496094e+00
3.917949438095092773e+00
3.917600870132446289e+00
3.917134046554564986e+00
3.918385744094848633e+00
3.918182849884033203e+00
3.918296575546264648e+00
3.916680335998535156e+00
3.916996955871582031e+00
3.915650606155395952e+00
3.915060758590697798e+00
3.915389537811279297e+00
3.914715528488158736e+00
3.915541410446166992e+00
3.913908481597900835e+00
3.915026187896728960e+00
3.914030075073241743e+00
3.912036895751953125e+00
3.912357568740844727e+00
3.910538434982299805e+00
3.910155057907104936e+00
3.910376548767089844e+00
3.909231662750243697e+00
3.908949851989746094e+00
3.907712221145629883e+00
3.908236980438231978e+00
3.908015966415404829e+00
3.908183336257935014e+00
3.907910108566283736e+00
3.907108783721923828e+00
3.907692909240722212e+00
3.906795978546143022e+00
3.906891107559203657e+00
3.908221721649169922e+00
3.906267642974853516e+00
3.906540632247924805e+00
3.906427621841431108e+00
3.905901670455932617e+00
3.906395673751831055e+00
3.905101060867309570e+00
3.905136823654174805e+00
3.905241966247559038e+00
3.904639482498168945e+00
3.906004667282104936e+00
3.905413150787353516e+00
3.904819488525391069e+00
3.905589103698730469e+00
3.905362844467163086e+00
3.903758049011231357e+00
3.904114246368408203e+00
3.904052734375000000e+00
3.905456066131591797e+00
3.905608415603637695e+00
3.905323266983031782e+00
3.904310226440429688e+00
3.904513359069823775e+00
3.903161764144897461e+00
3.902929067611694336e+00
3.903376340866088867e+00
3.902645587921143022e+00
3.902872562408447266e+00
3.901535272598266602e+00
3.901650905609131303e+00
3.900566577911376953e+00
3.900351762771606445e+00
3.900286912918091264e+00
3.900254249572753906e+00
3.901643276214600053e+00
3.901719570159912109e+00
3.901120662689208984e+00
3.900211572647095171e+00
3.901348352432251421e+00
3.900396823883056641e+00
3.901556253433227983e+00
3.901679992675780806e+00
3.901440620422363281e+00
3.900466918945312944e+00
3.900495052337647373e+00
3.899607181549071822e+00
3.900313377380371094e+00
3.900137186050415039e+00
3.900896787643432617e+00
3.900521993637084961e+00
3.900466680526732954e+00
3.899845838546752930e+00
3.899121046066283736e+00
3.897214412689208984e+00
3.896027803421020952e+00
3.897355318069458008e+00
3.896372795104980913e+00
3.896733999252319336e+00
3.896872043609618697e+00
3.898424148559569424e+00
3.899246215820312944e+00
3.898787498474121094e+00
3.897515773773193803e+00
3.897336483001708984e+00
3.896535634994506836e+00
3.896136999130248579e+00
3.895486116409301758e+00
3.895134925842285156e+00
3.894554853439331055e+00
3.896271705627441406e+00
3.895227193832397461e+00
3.894674062728881836e+00
3.895099639892578125e+00
3.894063949584961382e+00
3.893777132034301758e+00
3.892632246017456055e+00
3.893124580383301225e+00
3.893470048904418945e+00
3.891816377639770508e+00
3.890973806381225586e+00
3.891350746154785156e+00
3.890469789505004883e+00
3.891068935394287109e+00
3.889011621475220171e+00
3.889514684677123579e+00
3.889403820037841797e+00
3.886365175247191939e+00
3.887779474258423296e+00
3.887843847274779829e+00
3.885628938674927202e+00
3.884827613830566406e+00
3.885564804077148882e+00
3.879233837127685547e+00
3.879316568374633789e+00
3.879900455474853516e+00
3.879468202590942383e+00
3.879124164581298828e+00
3.878177404403687412e+00
3.877564430236815962e+00
3.876155614852904829e+00
3.875588893890381303e+00
3.875793695449828657e+00
3.875763893127441406e+00
3.875635862350463867e+00
3.878450393676758257e+00
3.878087759017943892e+00
3.877445697784423828e+00
3.876054763793944868e+00
3.877481460571288618e+00
3.878674030303955078e+00
3.879061222076416016e+00
3.877226114273071289e+00
3.878947019577025479e+00
3.879398107528687412e+00
3.880895137786864790e+00
3.881223440170288086e+00
3.882282972335815874e+00
3.882146120071411133e+00
3.883876085281372070e+00
3.886474609375000000e+00
3.886715650558472124e+00
3.888882160186768022e+00
3.889370441436768022e+00
3.890835046768188921e+00
3.890369415283203125e+00
3.890484809875487837e+00
3.891145706176758257e+00
3.891382932662963867e+00
3.892858505249023882e+00
3.893696784973144975e+00
3.892780542373656782e+00
3.893685340881348100e+00
3.895282983779907227e+00
3.896831750869751421e+00
3.898006677627563921e+00
3.899282932281493697e+00
3.897025346755981001e+00
3.898882150650023970e+00
3.901075124740600586e+00
3.900511741638184038e+00
3.902464866638184038e+00
3.903425693511962891e+00
3.905259370803833008e+00
3.906407833099364790e+00
3.905921697616576704e+00
3.906678915023804155e+00
3.907146692276001421e+00
3.907810926437377930e+00
3.906317949295043945e+00
3.907676219940185547e+00
3.909131288528441495e+00
3.908490419387817383e+00
3.909497261047363281e+00
3.910194873809815341e+00
3.909231185913086382e+00
3.910988807678223100e+00
3.911161661148071289e+00
3.913134813308716264e+00
3.913690328598023349e+00
3.913617134094238281e+00
3.914435625076293945e+00
3.914123773574828657e+00
3.913566350936889648e+00
3.912904500961304155e+00
3.911803960800171343e+00
3.912700176239013672e+00
3.911660671234131303e+00
3.911438703536987305e+00
3.912528753280640093e+00
3.912185668945312944e+00
3.912551403045654297e+00
3.911936283111571822e+00
3.912621736526488814e+00
3.909910440444945401e+00
3.908711671829224077e+00
3.908452033996582031e+00
3.907650709152221680e+00
3.907937526702881303e+00
3.907130718231201172e+00
3.906031370162963867e+00
3.906315565109252930e+00
3.906506538391112837e+00
3.907069921493529385e+00
3.905930757522583008e+00
3.905239105224609819e+00
3.905152559280395952e+00
3.905112743377685547e+00
3.905516862869263139e+00
3.907614946365356889e+00
3.905669450759888139e+00
3.904925107955932617e+00
3.901729345321655273e+00
3.901335000991820845e+00
3.900487661361694336e+00
3.900191068649291992e+00
3.899389028549193448e+00
3.898902654647826704e+00
3.898354530334472656e+00
3.895609378814696822e+00
3.895302057266235352e+00
3.894797325134276900e+00
3.893673896789551225e+00
3.893560886383056641e+00
3.892548561096191850e+00
3.893244266510009766e+00
3.893454551696776900e+00
3.892125606536864790e+00
3.891664028167724609e+00
3.891070842742919922e+00
3.890258550643921343e+00
3.888154029846191850e+00
3.887871026992798296e+00
3.887917041778564897e+00
3.886718750000000000e+00
3.887465715408325195e+00
3.887223243713378906e+00
3.886542081832885742e+00
3.886071920394897461e+00
3.884992837905883789e+00
3.885149002075195312e+00
3.884942531585692915e+00
3.885113954544067383e+00
3.884506464004516602e+00
3.883719921112060991e+00
3.883677959442138228e+00
3.882402181625366211e+00
3.882196426391601562e+00
3.882617950439453125e+00
3.882078409194945401e+00
3.882621765136719194e+00
3.880535364151001421e+00
3.879651546478271928e+00
3.878472328186035156e+00
3.879453659057616743e+00
3.879622697830200195e+00
3.879430532455443892e+00
3.879979133605957031e+00
3.879473209381103960e+00
3.878164768218993697e+00
3.878307342529296875e+00
3.879045248031616211e+00
3.878045797348023349e+00
3.876261472702025479e+00
3.874767303466796875e+00
3.874379634857177734e+00
3.874004125595092773e+00
3.874169826507567915e+00
3.874243736267089844e+00
3.876624584197998047e+00
3.878163576126098189e+00
3.878030300140381303e+00
3.879174947738647905e+00
3.879098653793334961e+00
3.878233432769775835e+00
3.880886793136596680e+00
3.880207538604735884e+00
3.880629777908325195e+00
3.880368471145629883e+00
3.881365299224853516e+00
3.882321596145629883e+00
3.882574319839477539e+00
3.883140325546264648e+00
3.882129669189453125e+00
3.881891489028930220e+00
3.882689952850341797e+00
3.881527423858642578e+00
3.882812976837158203e+00
3.881659746170043945e+00
3.881457090377808061e+00
3.882075309753417969e+00
3.882621049880981001e+00
3.882974624633788618e+00
3.882090568542480913e+00
3.881499528884888139e+00
3.881188631057739258e+00
3.879795789718627930e+00
3.881253480911254883e+00
3.880452871322631836e+00
3.880198478698730469e+00
3.881561756134033203e+00
3.880094051361083984e+00
3.880699157714844194e+00
3.879688978195190430e+00
3.878799438476562500e+00
3.879152297973633257e+00
3.878514051437377930e+00
3.878300189971923828e+00
3.877642154693603960e+00
3.877715826034546343e+00
3.876513719558716264e+00
3.875789880752563921e+00
3.875484466552734375e+00
3.875381231307983843e+00
3.875318288803100586e+00
3.876120567321776900e+00
3.876716136932373047e+00
3.877075910568236861e+00
3.874794006347655806e+00
3.875494003295897549e+00
3.876037597656250000e+00
3.875953197479248047e+00
3.876791715621947798e+00
3.876827716827392578e+00
3.877332687377929688e+00
3.876200914382935014e+00
3.876162290573120117e+00
3.875706434249877930e+00
3.875610828399658203e+00
3.876485586166381836e+00
3.877797126770019975e+00
3.878188610076903853e+00
3.879245758056640625e+00
3.879813909530640093e+00
3.879997491836548296e+00
3.879795789718627930e+00
3.879197359085083008e+00
3.878401279449462891e+00
3.878279685974121094e+00
3.878635883331298828e+00
3.878716707229614258e+00
3.879243135452271396e+00
3.879480600357056108e+00
3.880339622497559038e+00
3.880903005599976030e+00
3.881216764450072798e+00
3.880412817001343218e+00
3.881528854370116743e+00
3.881788969039916992e+00
3.882524251937866211e+00
3.884673595428466797e+00
3.885659217834472656e+00
3.886068344116211382e+00
3.886699199676513672e+00
3.886568069458008257e+00
3.886153936386108843e+00
3.886264324188231978e+00
3.887553453445434570e+00
3.887725114822388139e+00
3.889292716979980913e+00
3.888864517211913618e+00
3.889320850372314453e+00
3.890158176422118697e+00
3.890230894088745117e+00
3.890619754791260210e+00
3.890211582183837891e+00
3.890672445297241211e+00
3.891818761825561523e+00
3.891779184341431108e+00
3.891463279724121094e+00
3.892518520355224609e+00
3.892716646194458008e+00
3.894125938415527344e+00
3.894415855407714844e+00
3.894136905670166016e+00
3.894407987594604936e+00
3.894574880599976030e+00
3.894813060760498047e+00
3.894781112670897549e+00
3.894663810729980913e+00
3.894304037094116211e+00
3.894621610641479936e+00
3.894925355911254883e+00
3.894571542739868164e+00
3.895632028579711914e+00
3.895915746688842329e+00
3.897347927093506303e+00
3.896324396133423296e+00
3.896756649017333984e+00
3.896672964096068892e+00
3.896222591400146484e+00
3.895672321319580078e+00
3.896295309066772905e+00
3.896469354629516602e+00
3.896463394165038618e+00
3.896436214447021484e+00
3.894966125488280806e+00
3.895515918731689453e+00
3.894844055175780806e+00
3.893812656402587891e+00
3.895083904266356978e+00
3.892894506454468218e+00
3.892963171005248579e+00
3.892337083816527876e+00
3.890786886215209961e+00
3.890179395675658736e+00
3.889335155487060991e+00
3.888936281204224077e+00
3.888120412826538086e+00
3.887849569320679155e+00
3.885862588882446289e+00
3.886400699615479404e+00
3.886307001113892046e+00
3.884396314620972124e+00
3.884066343307495117e+00
3.885828495025634322e+00
3.883428096771239790e+00
3.884098529815673828e+00
3.882253646850586382e+00
3.881542682647705078e+00
3.881889343261719194e+00
3.879712343215942383e+00
3.879842281341552734e+00
3.879739522933959961e+00
3.881528615951538086e+00
3.880236625671386275e+00
3.880687713623046875e+00
3.878813982009888139e+00
3.878867149353027344e+00
3.877659797668457031e+00
3.880187034606933594e+00
3.881443262100220171e+00
3.881054162979126421e+00
3.880511760711669922e+00
3.880727291107177734e+00
3.880687475204468218e+00
3.881383895874023882e+00
3.881530284881591797e+00
3.884689092636108843e+00
3.884171962738037109e+00
3.884758710861206055e+00
3.883388757705688921e+00
3.884113311767578125e+00
3.883911371231078657e+00
3.883707284927368164e+00
3.884522199630736861e+00
3.884562730789185014e+00
3.885727167129516602e+00
3.887217521667480913e+00
3.888517856597900835e+00
3.890717744827271396e+00
3.892085790634155273e+00
3.892492532730102983e+00
3.894724369049071822e+00
3.894189119338988814e+00
3.895096540451049805e+00
3.894791364669799805e+00
3.894600868225097656e+00
3.897377252578735796e+00
3.900099515914916992e+00
3.901089906692504883e+00
3.902394294738769531e+00
3.902748823165893555e+00
3.902836561203002930e+00
3.903200149536133257e+00
3.902812957763671875e+00
3.903097391128540039e+00
3.902989387512207031e+00
3.902110338211060014e+00
3.902678251266479936e+00
3.902989625930786133e+00
3.904023647308349609e+00
3.903825521469116211e+00
3.902740240097046343e+00
3.903203487396239790e+00
3.902546405792235884e+00
3.902475833892822266e+00
3.903947114944458008e+00
3.903704404830932617e+00
3.904510974884033203e+00
3.904062271118163618e+00
3.904535531997680664e+00
3.904731512069701704e+00
3.904579639434815341e+00
3.903838872909546343e+00
3.903974533081055132e+00
3.904137134552001953e+00
3.902833700180053711e+00
3.902951002120972124e+00
3.902468681335448775e+00
3.901332855224609819e+00
3.901336431503296343e+00
3.900623798370360884e+00
3.900382280349731001e+00
3.900831937789916992e+00
3.900866508483887163e+00
3.901345014572143999e+00
3.900658845901488814e+00
3.900548934936522993e+00
3.899603366851807085e+00
3.898716211318969727e+00
3.899579524993896928e+00
3.898781776428223100e+00
3.899813652038573775e+00
3.901230335235596147e+00
3.901984930038451704e+00
3.903652667999268022e+00
3.903256893157958984e+00
3.902898550033568892e+00
3.903190851211548296e+00
3.903702497482299805e+00
3.903028964996337891e+00
3.904530763626098189e+00
3.906373023986815962e+00
3.907502651214600053e+00
3.907284021377563921e+00
3.908766269683837891e+00
3.910296678543091264e+00
3.911006450653076172e+00
3.912315368652344194e+00
3.912574052810668945e+00
3.912914276123046875e+00
3.912431478500366211e+00
3.911368846893310991e+00
3.914341688156127930e+00
3.914204835891724077e+00
3.914674758911133257e+00
3.916328430175780806e+00
3.917779684066772905e+00
3.919645071029663086e+00
3.921110391616820845e+00
3.922222614288330078e+00
3.923313617706298828e+00
3.924328804016112837e+00
3.925221443176269531e+00
3.925626277923583984e+00
3.927359342575072798e+00
3.927780866622924805e+00
3.929304122924804688e+00
3.928820371627808061e+00
3.930506706237792969e+00
3.932413816452025479e+00
3.934485435485839844e+00
3.936522245407104936e+00
3.936689615249633789e+00
3.937720775604248047e+00
3.938429117202758789e+00
3.937398672103881836e+00
3.936356306076049805e+00
3.935842037200928178e+00
3.937186241149902344e+00
3.940273046493529385e+00
3.940891265869140625e+00
3.941546678543091264e+00
3.940759897232056108e+00
3.940531969070434570e+00
3.942243576049804688e+00
3.942057609558105469e+00
3.941554069519042969e+00
3.941924571990966797e+00
3.940726518630981001e+00
3.940435886383056641e+00
3.939463853836060014e+00
3.939616680145264116e+00
3.939826965332031250e+00
3.940871000289916992e+00
3.940330505371093750e+00
3.940318584442138228e+00
3.939808130264281782e+00
3.937751531600951704e+00
3.936542272567748579e+00
3.936006307601928711e+00
3.935737133026123047e+00
3.936326026916503906e+00
3.938277006149291992e+00
3.937331676483153409e+00
3.938596725463866743e+00
3.939254760742187944e+00
3.937063932418823242e+00
3.936645030975341797e+00
3.935788631439208984e+00
3.935701131820679155e+00
3.935376167297363281e+00
3.937380075454711914e+00
3.937400579452514204e+00
3.938138723373413086e+00
3.937189102172852007e+00
3.935188531875609463e+00
3.935562849044799805e+00
3.935646533966064897e+00
3.935794830322265625e+00
3.935676574707031250e+00
3.934690475463866743e+00
3.935449600219727007e+00
3.934167385101318359e+00
3.934133529663086382e+00
3.934498786926269531e+00
3.933215141296386275e+00
3.932993650436401811e+00
3.934562921524048296e+00
3.936161518096923828e+00
3.936446666717528853e+00
3.936689376831055132e+00
3.934279441833496094e+00
3.934363603591918945e+00
3.934558629989623579e+00
3.934986114501953125e+00
3.934967756271361417e+00
3.934805154800415039e+00
3.935795545578002930e+00
3.937117099761962891e+00
3.937310457229614258e+00
3.938134193420410156e+00
3.938324689865111861e+00
3.937980890274048296e+00
3.940638303756713867e+00
3.941073894500732866e+00
3.941905021667480913e+00
3.942240476608276811e+00
3.942603588104248047e+00
3.944502830505371094e+00
3.946153402328491211e+00
3.947507143020629883e+00
3.948814868927001953e+00
3.948392629623413086e+00
3.949705362319945401e+00
3.951237916946411133e+00
3.951428651809692827e+00
3.951772689819336382e+00
3.953038692474364790e+00
3.952860593795775923e+00
3.953287839889526367e+00
3.954343080520629883e+00
3.954549551010131836e+00
3.955332756042480913e+00
3.955806016921997070e+00
3.956151008605957031e+00
3.957534551620483398e+00
3.956402540206908736e+00
3.959136486053466797e+00
3.958575725555419922e+00
3.959571599960326704e+00
3.959424018859863281e+00
3.960615873336791992e+00
3.961592674255371094e+00
3.961819648742676225e+00
3.962380647659301758e+00
3.963313579559326172e+00
3.963148832321166992e+00
3.962624788284301758e+00
3.962910652160644975e+00
3.962829351425171343e+00
3.963081121444701704e+00
3.961866140365600586e+00
3.960765123367309570e+00
3.960988044738769531e+00
3.960836887359618697e+00
3.961603164672852007e+00
3.961908817291260210e+00
3.963064670562743697e+00
3.964376926422118697e+00
3.965428829193115234e+00
3.964672327041626421e+00
3.964319467544556108e+00
3.963791608810424805e+00
3.961891174316406250e+00
3.962624788284301758e+00
3.961990594863892046e+00
3.963051319122314453e+00
3.961840867996216264e+00
3.960519313812256303e+00
3.962070226669311968e+00
3.961473226547241211e+00
3.961352109909057617e+00
3.962388753890991211e+00
3.962414503097533736e+00
3.962470531463623047e+00
3.962574005126953125e+00
3.962441205978393555e+00
3.962757825851439986e+00
3.961093425750732866e+00
3.962178945541381836e+00
3.961258649826049805e+00
3.961417913436889648e+00
3.959987163543701172e+00
3.960364580154418945e+00
3.960277318954468218e+00
3.958420276641845703e+00
3.958407878875732866e+00
3.959553241729735884e+00
3.959976196289063388e+00
3.960062265396118164e+00
3.960317850112915039e+00
3.961602926254272905e+00
3.959075927734375000e+00
3.957945823669433594e+00
3.957061767578125000e+00
3.958118438720703125e+00
3.957929611206055132e+00
3.957990646362304688e+00
3.959413528442383257e+00
3.959529638290404829e+00
3.958847761154174805e+00
3.958708763122559038e+00
3.955813407897948775e+00
3.958166122436522993e+00
3.956522941589355913e+00
3.955749034881591797e+00
3.955337285995483398e+00
3.954906463623046875e+00
3.955740213394165039e+00
3.956177949905395952e+00
3.955948114395141602e+00
3.956574201583862305e+00
3.954756498336791992e+00
3.954721450805663618e+00
3.954526901245116743e+00
3.956124782562256303e+00
3.956043958663940874e+00
3.956381320953368697e+00
3.956957578659057617e+00
3.956622123718261719e+00
3.956884622573852983e+00
3.957453727722167969e+00
3.955724239349364790e+00
3.955862760543823242e+00
3.957302570343017578e+00
3.957872629165649414e+00
3.958145618438720703e+00
3.957083702087401456e+00
3.956992387771606445e+00
3.956970214843750000e+00
3.957488775253296343e+00
3.957299470901488814e+00
3.958047866821288618e+00
3.958578109741211382e+00
3.960208892822265625e+00
3.959530115127563921e+00
3.960668563842772993e+00
3.960982322692871094e+00
3.960786581039428711e+00
3.961551666259765625e+00
3.960963010787963867e+00
3.960601568222046343e+00
3.960275411605834961e+00
3.960890293121337891e+00
3.960432767868041992e+00
3.960547924041748047e+00
3.960962057113647905e+00
3.959697008132935014e+00
3.960093021392822266e+00
3.959546804428100586e+00
3.960135936737060991e+00
3.960398674011231357e+00
3.958327054977416992e+00
3.958678007125855380e+00
3.955269098281860796e+00
3.955961704254150391e+00
3.956122159957885742e+00
3.956394910812377930e+00
3.956089973449707031e+00
3.958027124404907227e+00
3.957534074783325195e+00
3.957580566406250000e+00
3.957661867141724077e+00
3.958452463150023970e+00
3.957672357559203657e+00
3.957241773605346236e+00
3.956424951553344727e+00
3.956403017044067383e+00
3.955220699310303178e+00
3.955775737762451172e+00
3.955420255661010298e+00
3.954257726669311968e+00
3.952208280563354492e+00
3.950995922088623047e+00
3.947939634323120117e+00
3.949178934097290039e+00
3.948300123214721680e+00
3.948393106460571289e+00
3.947930097579956055e+00
3.944837570190429688e+00
3.944370031356811968e+00
3.943581104278564897e+00
3.942425489425658736e+00
3.941787958145141602e+00
3.941739797592163086e+00
3.941497564315796343e+00
3.940526485443115234e+00
3.940165758132935014e+00
3.941358327865600586e+00
3.941026449203491211e+00
3.941691637039185014e+00
3.941914319992065430e+00
3.941388130187987837e+00
3.942141771316527876e+00
3.941873788833618164e+00
3.941709518432616743e+00
3.941121578216552734e+00
3.941254377365111861e+00
3.941770315170288086e+00
3.941751241683959961e+00
3.942715644836426225e+00
3.942254781723023349e+00
3.942623376846313477e+00
3.942790269851685014e+00
3.940943479537963867e+00
3.942344427108764648e+00
3.941411018371582031e+00
3.941722393035888672e+00
3.941627979278564897e+00
3.941786766052246094e+00
3.942836046218872070e+00
3.942129135131836382e+00
3.942198991775512695e+00
3.941696643829345703e+00
3.941789150238037109e+00
3.941601037979126421e+00
3.940057992935180664e+00
3.940796613693236861e+00
3.940474271774291992e+00
3.940493583679198775e+00
3.940645694732666016e+00
3.940450429916381836e+00
3.940373897552489790e+00
3.939707517623900923e+00
3.939120769500732866e+00
3.938562631607056108e+00
3.937732696533203125e+00
3.938034057617187944e+00
3.937968254089355913e+00
3.938188791275023970e+00
3.938755035400391069e+00
3.939938545227051225e+00
3.939983367919921875e+00
3.939147472381591797e+00
3.938481807708739790e+00
3.937832593917847124e+00
3.937525033950805664e+00
3.938050985336304155e+00
3.937735080718993697e+00
3.940026760101318359e+00
3.940487861633301225e+00
3.940410137176513672e+00
3.940069198608398438e+00
3.939232587814331055e+00
3.939297437667847124e+00
3.938868999481201172e+00
3.938424825668334961e+00
3.940862894058227983e+00
3.940663099288940874e+00
3.940896511077881303e+00
3.940783739089966264e+00
3.940544843673706055e+00
3.940942049026488814e+00
3.940382480621337891e+00
3.941409349441527876e+00
3.941696643829345703e+00
3.940675497055053711e+00
3.940656900405883789e+00
3.940275430679320845e+00
3.940433263778687412e+00
3.940817594528198242e+00
3.941178321838378906e+00
3.940540790557860884e+00
3.940813302993774414e+00
3.940384626388549805e+00
3.939574718475341797e+00
3.939192771911621094e+00
3.937834739685058594e+00
3.937375545501708984e+00
3.936720371246337891e+00
3.935489654541016069e+00
3.935512065887451172e+00
3.935742139816283736e+00
3.936560153961181641e+00
3.936275959014892578e+00
3.936378717422484907e+00
3.935971260070801225e+00
3.935556173324584961e+00
3.934908866882323775e+00
3.934760570526123047e+00
3.933824777603148970e+00
3.932955503463745117e+00
3.933188199996947798e+00
3.932683944702148882e+00
3.932826995849609819e+00
3.933326005935668945e+00
3.933489561080932617e+00
3.932727336883544922e+00
3.932884454727173296e+00
3.932243108749389648e+00
3.931194305419921875e+00
3.930907011032104936e+00
3.930481910705566406e+00
3.930361032485961914e+00
3.930545091629027876e+00
3.929830789566040039e+00
3.929383277893065518e+00
3.929045915603637695e+00
3.928422927856444868e+00
3.928772211074828657e+00
3.927853584289551225e+00
3.926973581314086914e+00
3.926177024841308594e+00
3.926409721374512163e+00
3.926806926727294922e+00
3.927183389663695845e+00
3.927216053009033203e+00
3.925209283828735796e+00
3.924844026565552202e+00
3.923698186874389648e+00
3.922319412231444868e+00
3.923225879669189453e+00
3.923007011413573775e+00
3.922675371170043945e+00
3.923031806945801225e+00
3.922677278518676758e+00
3.923363208770751953e+00
3.923657178878783736e+00
3.923403024673461914e+00
3.923641681671143022e+00
3.923322200775146484e+00
3.924359321594238281e+00
3.925432205200195312e+00
3.924787044525146484e+00
3.925299406051636186e+00
3.925621747970581055e+00
3.926189422607421875e+00
3.925941944122314453e+00
3.926449775695801225e+00
3.925233602523804155e+00
3.925699949264526367e+00
3.925927400588988814e+00
3.926355600357056108e+00
3.925895929336548296e+00
3.925066471099853516e+00
3.924757480621337891e+00
3.925627470016479936e+00
3.925338745117187944e+00
3.926207542419433594e+00
3.924515008926392046e+00
3.924767494201660156e+00
3.923765182495116743e+00
3.924301147460937500e+00
3.925670385360717773e+00
3.925965785980224609e+00
3.925478935241698775e+00
3.925498485565185547e+00
3.926887989044189453e+00
3.926183462142943892e+00
3.926252841949462891e+00
3.926934957504272905e+00
3.927220106124877930e+00
3.926304817199707031e+00
3.925791263580321822e+00
3.925613403320312944e+00
3.925920486450195312e+00
3.926485776901245117e+00
3.926288127899169922e+00
3.926506280899048296e+00
3.926792621612548828e+00
3.926497459411621094e+00
3.926565170288086382e+00
3.926491975784301758e+00
3.927152156829833984e+00
3.927100658416748047e+00
3.927656888961791992e+00
3.927541017532348633e+00
3.927608013153076172e+00
3.928091049194336382e+00
3.927586078643798828e+00
3.927440881729126421e+00
3.926442861557006836e+00
3.926441669464111328e+00
3.926213026046752930e+00
3.925870418548583984e+00
3.925802946090697798e+00
3.925598859786987305e+00
3.924376726150512695e+00
3.924017429351807085e+00
3.923732995986938477e+00
3.923474788665771928e+00
3.924108266830443892e+00
3.924396514892578125e+00
3.925762176513671875e+00
3.925733804702758789e+00
3.924855947494506836e+00
3.924552202224731001e+00
3.925129413604735884e+00
3.924662113189696822e+00
3.924092292785644975e+00
3.924212455749512163e+00
3.924689292907714844e+00
3.924706220626831055e+00
3.925610303878783736e+00
3.925879240036010298e+00
3.925625801086426225e+00
3.925162076950072798e+00
3.924624919891356978e+00
3.923119544982910156e+00
3.923517227172852007e+00
3.923516988754272905e+00
3.923633575439453125e+00
3.923775672912597656e+00
3.923558235168457031e+00
3.923941373825072798e+00
3.923553705215453657e+00
3.922871828079224077e+00
3.923692464828491211e+00
3.922354221343993697e+00
3.921420335769652876e+00
3.922078132629394531e+00
3.922756433486938477e+00
3.922139406204224077e+00
3.921347141265868697e+00
3.921453952789306197e+00
3.921371459960937500e+00
3.921991586685180664e+00
3.921669006347655806e+00
3.921242237091064897e+00
3.921826601028441495e+00
3.921984434127808061e+00
3.921696662902832031e+00
3.921412467956542969e+00
3.921717166900634322e+00
3.921805858612060991e+00
3.921515941619873047e+00
3.920950412750243697e+00
3.922405719757080078e+00
3.922210693359375000e+00
3.922091007232666016e+00
3.920352220535278320e+00
3.922010421752929688e+00
3.922744750976562500e+00
3.922900915145873579e+00
3.923805952072143999e+00
3.923139810562133789e+00
3.923392534255981001e+00
3.924689054489136186e+00
3.924014568328857422e+00
3.924941778182983843e+00
3.923953771591186523e+00
3.923333168029785156e+00
3.924088239669799805e+00
3.923819065093993697e+00
3.924135446548461914e+00
3.923666477203368697e+00
3.924031496047973633e+00
3.924768686294556108e+00
3.923607110977173296e+00
3.924100875854491743e+00
3.922545909881591797e+00
3.923100948333739790e+00
3.923399209976195845e+00
3.923271656036376953e+00
3.923468112945556641e+00
3.922970056533813477e+00
3.922957181930541992e+00
3.922458648681640625e+00
3.922771930694580078e+00
3.923531293869018555e+00
3.922935962677001953e+00
3.923393249511719194e+00
3.923671960830688921e+00
3.923450708389281782e+00
3.923988103866576704e+00
3.923976421356201172e+00
3.924200773239136186e+00
3.924527406692504883e+00
3.923894405364990234e+00
3.924055099487304688e+00
3.925106763839721680e+00
3.925330638885498047e+00
3.924880743026732954e+00
3.925165653228760210e+00
3.925642967224121094e+00
3.927243471145629883e+00
3.926754951477051225e+00
3.927794933319091797e+00
3.929015636444091797e+00
3.930079460144042969e+00
3.931217432022095171e+00
3.931744337081908736e+00
3.932217836380004883e+00
3.932672023773193803e+00
3.932375669479370117e+00
3.932584047317504883e+00
3.932098150253296343e+00
3.930874347686768022e+00
3.931146860122680664e+00
3.930635452270508257e+00
3.931756496429443359e+00
3.931607246398926225e+00
3.931356906890868697e+00
3.931173801422118697e+00
3.931477069854735884e+00
3.931896448135376421e+00
3.932046651840209961e+00
3.932758331298828125e+00
3.932653665542602539e+00
3.933335065841674805e+00
3.934106826782226562e+00
3.933612823486328125e+00
3.933443546295166016e+00
3.934079647064208984e+00
3.933386087417602539e+00
3.932812929153441495e+00
3.932773351669311968e+00
3.932342052459716797e+00
3.932323932647705078e+00
3.931778430938720703e+00
3.931543350219727007e+00
3.932113170623779297e+00
3.931881189346313477e+00
3.932425022125243697e+00
3.931521415710448775e+00
3.932226896286010298e+00
3.932298183441162109e+00
3.932301044464111328e+00
3.932983875274658203e+00
3.933233261108398438e+00
3.933457612991333008e+00
3.932867288589477539e+00
3.933646678924560991e+00
3.933560132980346236e+00
3.934129238128662109e+00
3.933710813522338867e+00
3.934154748916626421e+00
3.934884548187256303e+00
3.935556173324584961e+00
3.936399698257446289e+00
3.936617374420166016e+00
3.936148405075072798e+00
3.936461448669433594e+00
3.936175823211669922e+00
3.935699224472046343e+00
3.936406135559082031e+00
3.936936855316162109e+00
3.936407327651977539e+00
3.936883211135863814e+00
3.937647819519042969e+00
3.937313556671143022e+00
3.937827587127685547e+00
3.938233375549316850e+00
3.939640045166016069e+00
3.940244436264038086e+00
3.940784215927123579e+00
3.940485954284667969e+00
3.941396951675415039e+00
3.941951274871826172e+00
3.943415164947509766e+00
3.944106578826903853e+00
3.944844961166381836e+00
3.947058916091918945e+00
3.947891712188720703e+00
3.946380853652953657e+00
3.947250604629516602e+00
3.947572946548461914e+00
3.950438022613524947e+00
3.951658010482788086e+00
3.953372478485107422e+00
3.953430891036987305e+00
3.952781438827514204e+00
3.952372550964355913e+00
3.950070619583129883e+00
3.949854373931884766e+00
3.948291301727294922e+00
3.947751283645629883e+00
3.948218345642089844e+00
3.949257135391235352e+00
3.948935508728027344e+00
3.949372529983520952e+00
3.949495315551758257e+00
3.949846744537353516e+00
3.949532508850097656e+00
3.949311494827271396e+00
3.949900865554809570e+00
3.950176477432251421e+00
3.950588941574096680e+00
3.950846195220947266e+00
3.950225353240966797e+00
3.951131582260131836e+00
3.952153444290161133e+00
3.951949596405028853e+00
3.952561140060424805e+00
3.952734231948852983e+00
3.952580451965332031e+00
3.951995849609375000e+00
3.951646327972412109e+00
3.950683593750000000e+00
3.951258182525634322e+00
3.950925827026366743e+00
3.951306819915771928e+00
3.951741695404052734e+00
3.953064918518065518e+00
3.954704284667968750e+00
3.954075098037720171e+00
3.955759048461913618e+00
3.955504894256591797e+00
3.956655740737915039e+00
3.957261562347412109e+00
3.960751533508301225e+00
3.962919235229491743e+00
3.962244987487792969e+00
3.963227033615111861e+00
3.963615417480468750e+00
3.964087009429932085e+00
3.965409517288208008e+00
3.965188980102538618e+00
3.967303037643432617e+00
3.968982458114623579e+00
3.969159603118896928e+00
3.968429327011108843e+00
3.969345092773437500e+00
3.969769239425658736e+00
3.969825744628905806e+00
3.970912218093872070e+00
3.971541643142700195e+00
3.971857547760009766e+00
3.971715450286864790e+00
3.972042798995972124e+00
3.971844196319580078e+00
3.971489429473876953e+00
3.972432374954224077e+00
3.972419500350951704e+00
3.973185300827025479e+00
3.973579883575439897e+00
3.973936796188354492e+00
3.974974632263184038e+00
3.975728273391724077e+00
3.974961280822753906e+00
3.976464509963988814e+00
3.975062847137451172e+00
3.975203275680541992e+00
3.974675893783568892e+00
3.976314067840576172e+00
3.976504564285278320e+00
3.977813720703125000e+00
3.978042602539063388e+00
3.977591037750243697e+00
3.977790832519531250e+00
3.976935386657714844e+00
3.977127790451049805e+00
3.979227542877196822e+00
3.978876829147338867e+00
3.979598760604857510e+00
3.980597496032714844e+00
3.979786634445190430e+00
3.979546785354614258e+00
3.980352163314819336e+00
3.981648206710815874e+00
3.981466770172118697e+00
3.982136726379394531e+00
3.981639385223388672e+00
3.983188867568969727e+00
3.983745574951171875e+00
3.984148979187012163e+00
3.984428644180298296e+00
3.984245061874389648e+00
3.985686063766479936e+00
3.985808134078979936e+00
3.987834692001343218e+00
3.988299608230591264e+00
3.987221479415893555e+00
3.986758470535278320e+00
3.987133741378783736e+00
3.987581968307495117e+00
3.987023591995239258e+00
3.986120700836181641e+00
3.986855030059815341e+00
3.987316370010376421e+00
3.987743139266968218e+00
3.988287687301636186e+00
3.988279581069945401e+00
3.988848924636841264e+00
3.988573074340819868e+00
3.989808797836304155e+00
3.989983558654785156e+00
3.991146802902221680e+00
3.991839170455932617e+00
3.992972135543823242e+00
3.993381977081298828e+00
3.993432283401488814e+00
3.993598699569701704e+00
3.994976997375487837e+00
3.994438171386719194e+00
3.994512081146239790e+00
3.995356321334838867e+00
3.996906757354735884e+00
3.996637105941772905e+00
3.996570348739623579e+00
3.993765592575072798e+00
3.994436025619506836e+00
3.993722677230834961e+00
3.993835210800171343e+00
3.994061470031737393e+00
3.995934963226318359e+00
3.996904373168944868e+00
3.998612403869628906e+00
3.998707771301269531e+00
3.998042583465576172e+00
3.998330354690552202e+00
3.999889373779296875e+00
3.999804258346557617e+00
4.000324726104736328e+00
4.000523567199707031e+00
4.001591205596923828e+00
4.002569198608397549e+00
4.002684116363524502e+00
4.004039287567138672e+00
4.003648757934569424e+00
4.003441333770751953e+00
4.003641605377196377e+00
4.003291606903076172e+00
4.003959178924560547e+00
4.003909587860106534e+00
4.004373073577881748e+00
4.006100654602051669e+00
4.007310390472412109e+00
4.008172988891602451e+00
4.008684635162353516e+00
4.009172916412353516e+00
4.008443832397461826e+00
4.008395671844481534e+00
4.009474277496337891e+00
4.010131359100341797e+00
4.009014129638671875e+00
4.009083747863769531e+00
4.009685516357421875e+00
4.010733127593993252e+00
4.010836601257323331e+00
4.012646198272705078e+00
4.011371612548828125e+00
4.012671947479248047e+00
4.013492107391356534e+00
4.013391017913818359e+00
4.013786792755126953e+00
4.011924266815185547e+00
4.012710571289063388e+00
4.013876914978026456e+00
4.014043331146240234e+00
4.013913631439208984e+00
4.014532566070556641e+00
4.014577388763428623e+00
4.015185356140136719e+00
4.016606807708740234e+00
4.016577720642089844e+00
4.016371726989746094e+00
4.016607284545897549e+00
4.016721248626708984e+00
4.017424106597899502e+00
4.016939163208008701e+00
4.017035007476806641e+00
4.017390251159667969e+00
4.017497539520263672e+00
4.018027782440185547e+00
4.019298076629638672e+00
4.019200325012207031e+00
4.020527362823486328e+00
4.019701957702636719e+00
4.020814895629883701e+00
4.022310733795166016e+00
4.021567821502685547e+00
4.023180007934569424e+00
4.024089813232421875e+00
4.023995876312256748e+00
4.025454044342041016e+00
4.025407314300537109e+00
4.025600910186768466e+00
4.026652336120605469e+00
4.027485847473144531e+00
4.028467655181884766e+00
4.028011798858643466e+00
4.028830528259276456e+00
4.028457641601562500e+00
4.027079105377196377e+00
4.028145313262940341e+00
4.029562473297118252e+00
4.029211521148681641e+00
4.029072761535644531e+00
4.029852390289306641e+00
4.030703067779541016e+00
4.032228946685791016e+00
4.032624244689941406e+00
4.033105850219727451e+00
4.031822681427001953e+00
4.033141613006591797e+00
4.033600807189941406e+00
4.033537387847899502e+00
4.034348011016846591e+00
4.035315513610839844e+00
4.036489963531493252e+00
4.037231922149658203e+00
4.037518978118896484e+00
4.038507938385009766e+00
4.039036750793457031e+00
4.039468288421631748e+00
4.040075778961181641e+00
4.040976047515868252e+00
4.040897846221923828e+00
4.041575908660888672e+00
4.040934085845946377e+00
4.040987491607666016e+00
4.040796279907227451e+00
4.041624546051024502e+00
4.042531967163086826e+00
4.042429924011231357e+00
4.041779994964600498e+00
4.042680740356444424e+00
4.042853355407714844e+00
4.043663501739501953e+00
4.041858196258544922e+00
4.042792320251464844e+00
4.042401313781738281e+00
4.044176578521728516e+00
4.045606136322021484e+00
4.044343948364258701e+00
4.044906139373778409e+00
4.045667171478272373e+00
4.046367645263671875e+00
4.047024726867676669e+00
4.046633720397948331e+00
4.047434329986571377e+00
4.048060894012451172e+00
4.048836708068848544e+00
4.049201488494873047e+00
4.048974990844727451e+00
4.049814224243163174e+00
4.049889564514160156e+00
4.049789905548096591e+00
4.050349235534667969e+00
4.049428462982178623e+00
4.050517082214356357e+00
4.051227092742919922e+00
4.050485134124756748e+00
4.051101207733153409e+00
4.050794124603272373e+00
4.051999568939208984e+00
4.051826477050781250e+00
4.051054477691649502e+00
4.051866531372069424e+00
4.051837921142578125e+00
4.052309513092041016e+00
4.050810813903808594e+00
4.051716327667236328e+00
4.053351879119873047e+00
4.053919315338134766e+00
4.054459095001221591e+00
4.055062770843506748e+00
4.055846691131591797e+00
4.055392742156981534e+00
4.055204391479491299e+00
4.055487155914306641e+00
4.055107116699218750e+00
4.055899620056151456e+00
4.056629180908203125e+00
4.057425498962401456e+00
4.057791233062743252e+00
4.058519840240479404e+00
4.059586048126221591e+00
4.060785770416259766e+00
4.060542106628417969e+00
4.060100078582763672e+00
4.060212612152100498e+00
4.060940742492676669e+00
4.060063838958740234e+00
4.060276031494141513e+00
4.061387538909912109e+00
4.060766220092772549e+00
4.062004089355468750e+00
4.060651302337647373e+00
4.062433719635009766e+00
4.063669204711913174e+00
4.062481403350830078e+00
4.062735080718993252e+00
4.062862396240233487e+00
4.063211917877196377e+00
4.063880920410156250e+00
4.064305305480957031e+00
4.064446449279785156e+00
4.064598560333251953e+00
4.064517974853516513e+00
4.064632892608643466e+00
4.064975261688231534e+00
4.067108631134033203e+00
4.067219257354736328e+00
4.066799640655518466e+00
4.067462921142578125e+00
4.067142486572266513e+00
4.068202018737792969e+00
4.068680286407471591e+00
4.069056510925292969e+00
4.070003509521483487e+00
4.069410800933837891e+00
4.070997714996337891e+00
4.069398880004883701e+00
4.070405006408691406e+00
4.069442749023437500e+00
4.068825244903564453e+00
4.069552898406981534e+00
4.069028854370116299e+00
4.070128440856933594e+00
4.071042537689208984e+00
4.072205543518066406e+00
4.070397377014160156e+00
4.070168972015381748e+00
4.069859504699707031e+00
4.068066596984863281e+00
4.067637443542480469e+00
4.068975448608397549e+00
4.068758487701416016e+00
4.070306777954102451e+00
4.071158885955810547e+00
4.071527957916259766e+00
4.073889255523681641e+00
4.073986530303955078e+00
4.075708389282227451e+00
4.074990272521973544e+00
4.074981689453125000e+00
4.075896739959716797e+00
4.075691223144531250e+00
4.077647686004638672e+00
4.076685905456542969e+00
4.078131198883056641e+00
4.079764366149901456e+00
4.080212116241455078e+00
4.082272052764893466e+00
4.082591056823730469e+00
4.083381652832031250e+00
4.084094047546386719e+00
4.083329677581787109e+00
4.085015296936035156e+00
4.084892272949218750e+00
4.086041927337647373e+00
4.086658000946044922e+00
4.086836338043212891e+00
4.088157176971436435e+00
4.087712764739990234e+00
4.089246273040772373e+00
4.090009212493896484e+00
4.087887763977051669e+00
4.088930130004883701e+00
4.089244842529296875e+00
4.091214656829833984e+00
4.091536045074462891e+00
4.092393398284912109e+00
4.094802379608153409e+00
4.093641757965087891e+00
4.094441890716553623e+00
4.094993591308593750e+00
4.093983173370361328e+00
4.095305919647216797e+00
4.094457626342772549e+00
4.094559192657471591e+00
4.094437599182128906e+00
4.094833374023437500e+00
4.096368789672852451e+00
4.096527576446533203e+00
4.096344470977783203e+00
4.095563888549805576e+00
4.096395015716553623e+00
4.097468852996826172e+00
4.097291946411133701e+00
4.096954345703125000e+00
4.096174716949462891e+00
4.096657752990723544e+00
4.096931934356689453e+00
4.098183631896973544e+00
4.097918987274169922e+00
4.098213195800781250e+00
4.098461151123046875e+00
4.099376201629638672e+00
4.099228858947753906e+00
4.099552154541016513e+00
4.098593235015868252e+00
4.099378108978272373e+00
4.099788665771483487e+00
4.101321697235106534e+00
4.101206779479980469e+00
4.101188182830810547e+00
4.101524353027343750e+00
4.099737167358397549e+00
4.099967956542968750e+00
4.100129604339600498e+00
4.100632190704346591e+00
4.100250720977783203e+00
4.101317405700683594e+00
4.102046489715576172e+00
4.102142810821533203e+00
4.102043151855468750e+00
4.102097988128662109e+00
4.102033138275146484e+00
4.103364467620850498e+00
4.103177070617676669e+00
4.101732730865479404e+00
4.102710723876953125e+00
4.102698802947998047e+00
4.103346347808837891e+00
4.104819297790526456e+00
4.105036735534667969e+00
4.103622436523437500e+00
4.102889537811278409e+00
4.103366851806641513e+00
4.103991985321044922e+00
4.103456020355225498e+00
4.104056835174560547e+00
4.104032993316649502e+00
4.106062412261962891e+00
4.106112003326416016e+00
4.107067108154296875e+00
4.107415676116943359e+00
4.105819702148437500e+00
4.106099128723144531e+00
4.106717109680176669e+00
4.105605602264403409e+00
4.106589317321776456e+00
4.105380058288573331e+00
4.107163906097412109e+00
4.106143951416016513e+00
4.106688022613524502e+00
4.107397079467772549e+00
4.107089996337891513e+00
4.108283519744873047e+00
4.107331275939941406e+00
4.107936859130858487e+00
4.107994079589843750e+00
4.107546806335448331e+00
4.108176708221436435e+00
4.108503341674805576e+00
4.109721183776856357e+00
4.110368728637694424e+00
4.109773159027100498e+00
4.109838962554931641e+00
4.108968734741211826e+00
4.110008239746093750e+00
4.111175537109375000e+00
4.111181735992431641e+00
4.111036300659180576e+00
4.109253883361816406e+00
4.109529018402100498e+00
4.110021591186522549e+00
4.110326290130615234e+00
4.111036300659180576e+00
4.111418724060058594e+00
4.111715793609618252e+00
4.113068103790283203e+00
4.113476753234863281e+00
4.114092350006104404e+00
4.113687515258788174e+00
4.114641189575194424e+00
4.114696502685546875e+00
4.114786624908446377e+00
4.114915847778319424e+00
4.112861156463623047e+00
4.112853050231933594e+00
4.113493442535399502e+00
4.115023136138916016e+00
4.115678310394287109e+00
4.115666389465332031e+00
4.115458965301513672e+00
4.114607810974121094e+00
4.114345073699951172e+00
4.114853858947753906e+00
4.114662647247314453e+00
4.114107131958008701e+00
4.114092826843261719e+00
4.114971637725830078e+00
4.115117549896240234e+00
4.115979194641113281e+00
4.116347312927246094e+00
4.116543769836426669e+00
4.117260456085205078e+00
4.117417812347412109e+00
4.116886138916016513e+00
4.117949485778808594e+00
4.117702007293701172e+00
4.118780136108397549e+00
4.119226932525634766e+00
4.119065284729003906e+00
4.118306636810303623e+00
4.117467403411865234e+00
4.116694450378417969e+00
4.116925716400146484e+00
4.119373321533203125e+00
4.119348526000977451e+00
4.119277954101562500e+00
4.120239734649658203e+00
4.120409488677978516e+00
4.120626926422118252e+00
4.120972156524658203e+00
4.120949268341064453e+00
4.122293949127196377e+00
4.121945381164551669e+00
4.123193740844727451e+00
4.122629642486571377e+00
4.123122215270996094e+00
4.123547077178955078e+00
4.123932361602783203e+00
4.124300479888916016e+00
4.123821735382080078e+00
4.123754501342772549e+00
4.124245643615723544e+00
4.123443603515625000e+00
4.124464511871337891e+00
4.124747753143311435e+00
4.125490188598633701e+00
4.126056671142578125e+00
4.124164581298828125e+00
4.124267578125000000e+00
4.124460220336913174e+00
4.124020099639893466e+00
4.124024391174316406e+00
4.123995304107666016e+00
4.124072074890136719e+00
4.124708652496337891e+00
4.124364852905272549e+00
4.124637603759766513e+00
4.124515533447266513e+00
4.123485088348388672e+00
4.123302936553955078e+00
4.123924732208251953e+00
4.124772071838378906e+00
4.124815464019774502e+00
4.126568794250488281e+00
4.126203536987305576e+00
