1.951199412345886453e+00
1.950933575630188210e+00
1.950829982757568359e+00
1.950356841087341309e+00
1.950792789459228294e+00
1.951081156730652078e+00
1.950645685195922852e+00
1.949785828590393066e+00
1.949501395225524902e+00
1.949851632118225098e+00
1.950518965721130371e+00
1.945537209510803223e+00
1.945954322814941184e+00
1.945013642311095969e+00
1.944453716278075950e+00
1.943643331527709961e+00
1.944505453109740767e+00
1.943448662757873091e+00
1.943633913993835671e+00
1.942561626434326394e+00
1.942734718322754128e+00
1.942242383956908736e+00
1.942351818084716797e+00
1.943123817443848100e+00
1.942316889762878418e+00
1.942013382911681907e+00
1.940400600433349609e+00
1.940052747726440430e+00
1.939971566200256348e+00
1.938524007797240767e+00
1.937218546867370383e+00
1.935782551765441895e+00
1.934690356254577637e+00
1.933773756027221680e+00
1.933486580848693626e+00
1.932877540588379128e+00
1.932460427284240723e+00
1.931986689567565918e+00
1.931668639183044434e+00
1.932098388671875000e+00
1.932218790054321289e+00
1.931530475616455078e+00
1.931709885597229004e+00
1.930907011032104492e+00
1.931043863296508789e+00
1.927966594696044922e+00
1.928996086120605247e+00
1.927241325378418191e+00
1.925055265426635964e+00
1.926881432533263938e+00
1.926182150840759499e+00
1.922365307807922363e+00
1.922523856163024902e+00
1.922824144363403542e+00
1.923202633857726829e+00
1.922809720039367898e+00
1.922591090202331543e+00
1.922074079513549583e+00
1.920769333839416504e+00
1.921717166900634766e+00
1.912298083305358887e+00
1.912060022354125977e+00
1.911528229713439941e+00
1.912476539611816406e+00
1.913127303123473899e+00
1.911602377891540305e+00
1.911936163902282715e+00
1.910908699035644309e+00
1.909066677093505637e+00
1.908777356147765891e+00
1.906039237976074441e+00
1.908336162567138894e+00
1.907894611358642356e+00
1.907424926757812500e+00
1.907635807991028054e+00
1.908385396003723145e+00
1.908032655715942383e+00
1.907840609550475852e+00
1.906125068664550781e+00
1.905648827552795632e+00
1.905432581901550293e+00
1.905038952827453613e+00
1.904814362525939941e+00
1.903968572616576704e+00
1.903857946395874023e+00
1.903727173805236816e+00
1.902654290199280007e+00
1.902769327163696289e+00
1.902116417884826882e+00
1.902412056922912820e+00
1.900897860527038352e+00
1.901479959487915039e+00
1.901597857475280762e+00
1.901352167129516824e+00
1.901153564453125000e+00
1.902245163917541282e+00
1.901420593261718750e+00
1.900908708572387917e+00
1.901291012763976829e+00
1.900796532630920410e+00
1.901296496391296387e+00
1.900992989540100098e+00
1.902110934257507546e+00
1.902382254600524902e+00
1.901832342147827148e+00
1.902196407318115234e+00
1.902302980422973633e+00
1.902621984481811523e+00
1.901409506797790305e+00
1.902026057243347168e+00
1.901427268981933594e+00
1.902485489845276101e+00
1.902771234512329102e+00
1.901892900466918945e+00
1.902693390846252441e+00
1.901373267173766868e+00
1.901914715766906738e+00
1.904315948486327903e+00
1.902382373809814453e+00
1.902396321296691895e+00
1.902293324470520020e+00
1.904097199440002441e+00
1.903402924537658691e+00
1.904618024826049583e+00
1.905449986457824707e+00
1.906029701232910378e+00
1.906421899795532005e+00
1.908043026924133301e+00
1.908944964408874290e+00
1.909329295158386453e+00
1.910621762275696023e+00
1.912242174148560014e+00
1.914760112762451172e+00
1.914816856384277122e+00
1.914454102516174316e+00
1.915147185325622337e+00
1.916510343551635964e+00
1.917668581008911133e+00
1.917747497558593528e+00
1.918934345245361106e+00
1.919808387756348100e+00
1.918905138969421165e+00
1.921408772468566895e+00
1.922686934471130371e+00
1.923104286193848100e+00
1.924244523048400879e+00
1.924244046211242898e+00
1.925740480422973633e+00
1.925516247749328835e+00
1.927050113677978294e+00
1.927457332611083984e+00
1.929319381713867188e+00
1.930405735969543679e+00
1.930947780609130859e+00
1.933068394660949707e+00
1.933743476867676003e+00
1.934243679046630859e+00
1.935361504554748313e+00
1.936571955680847168e+00
1.935662031173706055e+00
1.938326597213744895e+00
1.938062667846679910e+00
1.939497113227844016e+00
1.939861655235290305e+00
1.941645860671996848e+00
1.941629409790039062e+00
1.941624999046325684e+00
1.942621469497680886e+00
1.943382263183593528e+00
1.942845702171325684e+00
1.943514466285705566e+00
1.946477293968200906e+00
1.946711182594299538e+00
1.946580052375793235e+00
1.946042776107788086e+00
1.945585370063781516e+00
1.947228550910949707e+00
1.948212146759032759e+00
1.949261903762817161e+00
1.949452280998229980e+00
1.950007677078246848e+00
1.951033234596252441e+00
1.951904296875000000e+00
1.952368140220641868e+00
1.954393506050109641e+00
1.955298542976379617e+00
1.955514669418334961e+00
1.955135703086853027e+00
1.955896615982056108e+00
1.955771684646606445e+00
1.956671118736266868e+00
1.957408666610717551e+00
1.958248257637024148e+00
1.958511948585510476e+00
1.960046172142028809e+00
1.961105585098266380e+00
1.962311148643493652e+00
1.962822437286376953e+00
1.962629199028015137e+00
1.963150262832641602e+00
1.964610219001770020e+00
1.965012907981872781e+00
1.967158675193786399e+00
1.967148065567016824e+00
1.967689633369445579e+00
1.969132065773010476e+00
1.970493078231811523e+00
1.971103787422179954e+00
1.972480535507201926e+00
1.971872687339782715e+00
1.972891926765441895e+00
1.974457025527954102e+00
1.974110841751098411e+00
1.974986672401428001e+00
1.978308439254760742e+00
1.977379679679870383e+00
1.979019641876220703e+00
1.978708624839782715e+00
1.979088306427001953e+00
1.980395674705505149e+00
1.982127070426940918e+00
1.982527256011963113e+00
1.983263969421386719e+00
1.984336376190185103e+00
1.984330415725708008e+00
1.984715223312378152e+00
1.985381960868835671e+00
1.987244009971618874e+00
1.988883852958679199e+00
1.990152359008789062e+00
1.991254329681396484e+00
1.992864966392516868e+00
1.994342088699340820e+00
1.994154572486877219e+00
1.995454072952270508e+00
1.996163129806518333e+00
1.995771408081054910e+00
1.997889399528503640e+00
1.999067783355713113e+00
1.998645424842834473e+00
1.997981071472168191e+00
1.999322533607483132e+00
2.001383066177368164e+00
2.002439975738525391e+00
2.002761602401733398e+00
2.004572153091430664e+00
2.004543066024780273e+00
2.005477190017699751e+00
2.006879568099976030e+00
2.007490634918213335e+00
2.008344650268554688e+00
2.009597301483154297e+00
2.011190414428710938e+00
2.011346340179443803e+00
2.011910200119018555e+00
2.013433933258056641e+00
2.014749050140380859e+00
2.014907598495483398e+00
2.017848730087280273e+00
2.019923448562621626e+00
2.020865201950072798e+00
2.021089553833008257e+00
2.022569417953490767e+00
2.022790193557739702e+00
2.025268316268920898e+00
2.026425600051879883e+00
2.026387453079224077e+00
2.027261018753052202e+00
2.029868841171264648e+00
2.030252933502197266e+00
2.031109094619750977e+00
2.031398773193359819e+00
2.033277034759521040e+00
2.033388137817383257e+00
2.033632516860961914e+00
2.033585309982300249e+00
2.035605669021606445e+00
2.036976099014282227e+00
2.037572860717772993e+00
2.038682222366333008e+00
2.039104938507080078e+00
2.039312839508056641e+00
2.041479349136352539e+00
2.041914463043213335e+00
2.041669368743896484e+00
2.041810989379883257e+00
2.042219877243041992e+00
2.042592287063598189e+00
2.042901277542114258e+00
2.043941736221313032e+00
2.043583154678344727e+00
2.044595241546630859e+00
2.045147418975830078e+00
2.045489788055419922e+00
2.045610189437865767e+00
2.046402692794800249e+00
2.046833753585815430e+00
2.047751426696777344e+00
2.047998189926147461e+00
2.049025058746338335e+00
2.049950122833251953e+00
2.049964427947998047e+00
2.049988269805908203e+00
2.049941539764404297e+00
2.050537109375000000e+00
2.050858259201050249e+00
2.050334692001342773e+00
2.051847696304321289e+00
2.052749633789062500e+00
2.052685976028442383e+00
2.054121732711791992e+00
2.054675579071044922e+00
2.056572914123534712e+00
2.056518793106079102e+00
2.056944847106933594e+00
2.057512998580932617e+00
2.059416055679321289e+00
2.060722827911376953e+00
2.060673713684081587e+00
2.063839912414551225e+00
2.063883066177368164e+00
2.064469099044800249e+00
2.065709352493285689e+00
2.065755128860473633e+00
2.065843820571899414e+00
2.068118572235107422e+00
2.069223403930664062e+00
2.069626331329345703e+00
2.070644378662109375e+00
2.070820331573486328e+00
2.070706605911254883e+00
2.072911500930785689e+00
2.072969436645508257e+00
2.074882507324218750e+00
2.075403690338134766e+00
2.075674057006835938e+00
2.076564311981200728e+00
2.077864170074463335e+00
2.078738451004028320e+00
2.079133033752441406e+00
2.079367399215698242e+00
2.080127716064453125e+00
2.080053329467772993e+00
2.080740213394165039e+00
2.081928014755249023e+00
2.083400249481200728e+00
2.082802295684814453e+00
2.083817005157470703e+00
2.086133480072021040e+00
2.086515903472900391e+00
2.087913513183593750e+00
2.089457750320434570e+00
2.089333057403564453e+00
2.088666200637817383e+00
2.089523792266845703e+00
2.090632915496825728e+00
2.091071605682373047e+00
2.089808464050293413e+00
2.090965032577514204e+00
2.092948436737060547e+00
2.093325853347778320e+00
2.094033718109130859e+00
2.095839738845824751e+00
2.095744371414185014e+00
2.097181081771850586e+00
2.098510503768920898e+00
2.100033998489379883e+00
2.100012063980102539e+00
2.102230310440063477e+00
2.102154970169067383e+00
2.102240562438965288e+00
2.103510379791260210e+00
2.105068683624268022e+00
2.106572866439819780e+00
2.106746673583984375e+00
2.107602834701538086e+00
2.109230995178222656e+00
2.109191656112670898e+00
2.109092712402344194e+00
2.110705852508544922e+00
2.112236738204956055e+00
2.113327026367187500e+00
2.114051342010498047e+00
2.114437103271484375e+00
2.115442514419556108e+00
2.116808176040649414e+00
2.117500543594360352e+00
2.117625713348388672e+00
2.118067979812621626e+00
2.118630409240722656e+00
2.118718147277831587e+00
2.119723558425903764e+00
2.120485305786133257e+00
2.121781826019286665e+00
2.122117042541504350e+00
2.123377799987793413e+00
2.123903751373291016e+00
2.124908208847045898e+00
2.124583244323730469e+00
2.125763654708862305e+00
2.126138210296630859e+00
2.126842021942138672e+00
2.129009723663330078e+00
2.129192829132080078e+00
2.128675937652588335e+00
2.129990816116333008e+00
2.131487131118774414e+00
2.131342411041260210e+00
2.133151054382323775e+00
2.133314132690429688e+00
2.134069204330444336e+00
2.133476257324218750e+00
2.134807109832764116e+00
2.134437084197998047e+00
2.135703802108764648e+00
2.136310100555419922e+00
2.137114763259888139e+00
2.138509750366210938e+00
2.138756513595581055e+00
2.140173196792602539e+00
2.140459299087524414e+00
2.141983032226562500e+00
2.142667770385741743e+00
2.143980264663696289e+00
2.144739389419556108e+00
2.146145105361938477e+00
2.147565841674804688e+00
2.147575855255126953e+00
2.150498628616333008e+00
2.150042057037353072e+00
2.149781227111816406e+00
2.152351379394531250e+00
2.151806354522705078e+00
2.153307199478149414e+00
2.155249834060668945e+00
2.155991554260254350e+00
2.157270669937134233e+00
2.156736135482788086e+00
2.156632184982300249e+00
2.157374620437621626e+00
2.158455610275268999e+00
2.159667491912841797e+00
2.160531282424926758e+00
2.161707401275634766e+00
2.162383794784545898e+00
2.161890745162964311e+00
2.163340091705322266e+00
2.164067506790160689e+00
2.165570259094238281e+00
2.165799617767333984e+00
2.165990829467772993e+00
2.167601823806762695e+00
2.169546365737915039e+00
2.169983386993408203e+00
2.170408964157104492e+00
2.171324014663696289e+00
2.173444509506225586e+00
2.174308776855468750e+00
2.174369096755981001e+00
2.176161050796509233e+00
2.176769495010375977e+00
2.176881790161133257e+00
2.177715539932250977e+00
2.177338838577270508e+00
2.177627325057983398e+00
2.180105209350585938e+00
2.180663824081420898e+00
2.182488203048706055e+00
2.182296514511108398e+00
2.182830333709716797e+00
2.183835506439208984e+00
2.184877872467041016e+00
2.185500860214233398e+00
2.185235500335693359e+00
2.186933755874634233e+00
2.186764001846313032e+00
2.188061237335205078e+00
2.189539432525634766e+00
2.190356492996215820e+00
2.191717147827148438e+00
2.191469669342041016e+00
2.190957546234130859e+00
2.192127943038940430e+00
2.192160844802856445e+00
2.194865226745605025e+00
2.194654941558838335e+00
2.195525884628295898e+00
2.196537017822265625e+00
2.198067188262939453e+00
2.199035406112670898e+00
2.199970960617064986e+00
2.200828552246093750e+00
2.202151536941528320e+00
2.202482700347900391e+00
2.202656984329224077e+00
2.203655481338500977e+00
2.204995632171630859e+00
2.205539464950561079e+00
2.206073760986328125e+00
2.207480192184447798e+00
2.208823204040527788e+00
2.208379507064819780e+00
2.209656953811645064e+00
2.210488557815552202e+00
2.211387872695923296e+00
2.212152719497680664e+00
2.212196826934814453e+00
2.214270114898681641e+00
2.214334964752197266e+00
2.215699672698974609e+00
2.215597152709960938e+00
2.216594934463500977e+00
2.216481924057006836e+00
2.216837644577026367e+00
2.218555688858031782e+00
2.218220710754394531e+00
2.220195770263671875e+00
2.220849752426147461e+00
2.220235824584960938e+00
2.222277402877808061e+00
2.222367525100708008e+00
2.223635196685791016e+00
2.224124193191528320e+00
2.225508213043212891e+00
2.226202726364136186e+00
2.228112936019897017e+00
2.228888511657714844e+00
2.228673696517944336e+00
2.230110406875610352e+00
2.231260538101196289e+00
2.231773853302001953e+00
2.232273340225220171e+00
2.232974767684936523e+00
2.233048439025878906e+00
2.235616683959960938e+00
2.235959291458129883e+00
2.235690593719482422e+00
2.236330509185791016e+00
2.236036300659180132e+00
2.235977411270141602e+00
2.238101243972778320e+00
2.237646102905272993e+00
2.236647844314575195e+00
2.234829664230346680e+00
2.234870910644531250e+00
2.235053777694701704e+00
2.236522912979125977e+00
2.238100051879883257e+00
2.238909244537353072e+00
2.237500190734863725e+00
2.237471342086791992e+00
2.239352941513061079e+00
2.241346120834350586e+00
2.241089344024658203e+00
2.241629362106323242e+00
2.243216753005981001e+00
2.244071245193481001e+00
2.244967937469482422e+00
2.246390104293823242e+00
2.246404647827148438e+00
2.247284650802612305e+00
2.248649120330810547e+00
2.249096155166625977e+00
2.249623298645019531e+00
2.250218629837036133e+00
2.252429962158203125e+00
2.253621578216552734e+00
2.253775596618652344e+00
2.255125045776366743e+00
2.256025314331054688e+00
2.256764173507690430e+00
2.257536888122558594e+00
2.258104085922240767e+00
2.259938001632690430e+00
2.260034084320068359e+00
2.262557506561279741e+00
2.261778593063354492e+00
2.262458801269531250e+00
2.263983011245727539e+00
2.264291048049926758e+00
2.265633344650268999e+00
2.266152143478393555e+00
2.268431425094604492e+00
2.268577098846435547e+00
2.268571138381958008e+00
2.269992589950561079e+00
2.269982099533081055e+00
2.270672321319580078e+00
2.271827459335326704e+00
2.272543668746947798e+00
2.272769212722778320e+00
2.273785829544067383e+00
2.274507522583008257e+00
2.273658752441406250e+00
2.275041341781615767e+00
2.276565790176392046e+00
2.277924299240112305e+00
2.278144121170043945e+00
2.278823137283325195e+00
2.280278921127319780e+00
2.281424760818481001e+00
2.282325983047485352e+00
2.283121109008789062e+00
2.285105943679809570e+00
2.285173892974853072e+00
2.286065340042114258e+00
2.287336111068725586e+00
2.287431955337524414e+00
2.288635969161987749e+00
2.288661956787109375e+00
2.289252519607543945e+00
2.290359497070312500e+00
2.292307376861572266e+00
2.292898893356323242e+00
2.294181108474731445e+00
2.295536994934082031e+00
2.296445846557616743e+00
2.296473741531372070e+00
2.297945022583008257e+00
2.299178361892700195e+00
2.299886703491210938e+00
2.300215721130371094e+00
2.301282882690429688e+00
2.301821708679199219e+00
2.302538633346557617e+00
2.303019046783447710e+00
2.303590536117553711e+00
2.305810451507568359e+00
2.306554555892944336e+00
2.306320190429687500e+00
2.308444976806640625e+00
2.308578491210937056e+00
2.308444976806640625e+00
2.310766696929932085e+00
2.311621427536010742e+00
2.312670230865478516e+00
2.313998460769653320e+00
2.314229488372802734e+00
2.314834356307983398e+00
2.316811323165893555e+00
2.316122770309447798e+00
2.316603660583496094e+00
2.318548202514648438e+00
2.319766521453857422e+00
2.320080041885375977e+00
2.320863485336304155e+00
2.321786880493164062e+00
2.322336673736572266e+00
2.323140621185302734e+00
2.324552059173583984e+00
2.325647592544556108e+00
2.326321601867675781e+00
2.326923131942749023e+00
2.328836202621459961e+00
2.329338550567626953e+00
2.330040693283081055e+00
2.332125663757324219e+00
2.334242820739746094e+00
2.334619283676147461e+00
2.335071563720703125e+00
2.336742877960205078e+00
2.337419033050537109e+00
2.338288307189941406e+00
2.339202165603637695e+00
2.339736938476562500e+00
2.339945554733276367e+00
2.341086864471435547e+00
2.343350648880004883e+00
2.342006444931030273e+00
2.342523813247680664e+00
2.343875408172607422e+00
2.344767570495605025e+00
2.344610452651977095e+00
2.346467256546020508e+00
2.348056554794311523e+00
2.348755598068237305e+00
2.350770235061645064e+00
2.351009130477905273e+00
2.351518392562865767e+00
2.353439092636108398e+00
2.353907346725463867e+00
2.355152606964111772e+00
2.356237649917602539e+00
2.356016635894775391e+00
2.357127189636230469e+00
2.359698295593261719e+00
2.359181642532348633e+00
2.360328435897826704e+00
2.361767530441284180e+00
2.362956047058105025e+00
2.363010168075561079e+00
2.364569902420043945e+00
2.365233421325684038e+00
2.366075038909912109e+00
2.367207050323486328e+00
2.367519855499268022e+00
2.369014263153076172e+00
2.367274522781372070e+00
2.367694377899169922e+00
2.368966341018676758e+00
2.368292331695556641e+00
2.368849515914916992e+00
2.370837211608886719e+00
2.369735717773437056e+00
2.369104623794556108e+00
2.370476245880126953e+00
2.372586727142333984e+00
2.370362758636474609e+00
2.370427846908569336e+00
2.370808839797973633e+00
2.370038747787476030e+00
2.370098590850830078e+00
2.370897293090820312e+00
2.371869325637817383e+00
2.371966123580932617e+00
2.370450258255004883e+00
2.372740268707275391e+00
2.371431112289428711e+00
2.371476173400878906e+00
2.371188640594482422e+00
2.371683597564697266e+00
2.370674133300780806e+00
2.371419668197631836e+00
2.372778654098510742e+00
2.372813701629638672e+00
2.373881578445434570e+00
2.375120401382446289e+00
2.373617649078369141e+00
2.374767780303955078e+00
2.374787330627441406e+00
2.374392032623291016e+00
2.376476049423217773e+00
2.375699520111083984e+00
2.376918077468872070e+00
2.376938581466674805e+00
2.378061294555664062e+00
2.379007816314697266e+00
2.380934953689575195e+00
2.380311250686645064e+00
2.380883932113647461e+00
2.381761789321899414e+00
2.380409717559814453e+00
2.381499290466308594e+00
2.381562471389770508e+00
2.381838321685791016e+00
2.383606195449829102e+00
2.382348060607910156e+00
2.383395910263061079e+00
2.383012771606445312e+00
2.383098125457764116e+00
2.384731292724609375e+00
2.383504152297973633e+00
2.384357452392578125e+00
2.386227846145629883e+00
2.387701511383056641e+00
2.387499809265136719e+00
2.386691093444824219e+00
2.388380050659180132e+00
2.388864040374755859e+00
2.390132665634155718e+00
2.390300273895264116e+00
2.390416145324707031e+00
2.391130924224853072e+00
2.392441034317016602e+00
2.393851280212402344e+00
2.394699096679687500e+00
2.394354343414306197e+00
2.394637823104858398e+00
2.396145343780517578e+00
2.396676540374755859e+00
2.396033048629760742e+00
2.398286342620849609e+00
2.397961854934692383e+00
2.400196552276611772e+00
2.399785518646239790e+00
2.401232481002808061e+00
2.401561737060546875e+00
2.402191638946533203e+00
2.402463912963866743e+00
2.403398036956787109e+00
2.403607606887817383e+00
2.404441118240356445e+00
2.405308961868286133e+00
2.406222820281982422e+00
2.406732797622680664e+00
2.407016754150390181e+00
2.407947778701782227e+00
2.409001827239990234e+00
2.409057855606079102e+00
2.409168481826782227e+00
2.410521984100341797e+00
2.410360097885131836e+00
2.411014556884765625e+00
2.410392999649048296e+00
2.410888910293579102e+00
2.411513090133666992e+00
2.411292076110839844e+00
2.412204027175903764e+00
2.411709785461425781e+00
2.412544250488280806e+00
2.412220716476440430e+00
2.413465738296509233e+00
2.414270877838134766e+00
2.413304805755615234e+00
2.415876388549804688e+00
2.415668010711669922e+00
2.416041612625122070e+00
2.416757106781005859e+00
2.416344165802001953e+00
2.417951822280884233e+00
2.418993234634399414e+00
2.420403480529785156e+00
2.422138690948486328e+00
2.422645092010498047e+00
2.424092054367064986e+00
2.424986839294433594e+00
2.425626039505004883e+00
2.425998687744140625e+00
2.426586627960205078e+00
2.428706645965576172e+00
2.429504394531250000e+00
2.431114912033081055e+00
2.431133031845092773e+00
2.430915832519531250e+00
2.432248115539550781e+00
2.432842016220092773e+00
2.433857440948486328e+00
2.434508562088012695e+00
2.435801267623901367e+00
2.436512947082519531e+00
2.436891555786133257e+00
2.438248157501220703e+00
2.438301086425780806e+00
2.439614057540893555e+00
2.440554380416870117e+00
2.440277576446533203e+00
2.443113565444946289e+00
2.443694829940795898e+00
2.445299148559570312e+00
2.445657014846801758e+00
2.446101903915405273e+00
2.446069717407226562e+00
2.446829319000244141e+00
2.448718309402465820e+00
2.449181556701660156e+00
2.449632167816162109e+00
2.450701951980590820e+00
2.453369855880737305e+00
2.453577995300292969e+00
2.453946113586425781e+00
2.454650163650512695e+00
2.454848527908325195e+00
2.456067562103271484e+00
2.457406282424926758e+00
2.457938671112060547e+00
2.459269523620605025e+00
2.460519790649414062e+00
2.460347652435302734e+00
2.462703227996826172e+00
2.462467193603516069e+00
2.463827371597290039e+00
2.465358257293701172e+00
2.465097665786743164e+00
2.465106010437012163e+00
2.466883420944213867e+00
2.468011856079101562e+00
2.468324661254883257e+00
2.470161199569701704e+00
2.469331979751586914e+00
2.470432519912720171e+00
2.469060182571411133e+00
2.470777511596680132e+00
2.470474958419799805e+00
2.471806287765502930e+00
2.472140312194824219e+00
2.472998619079589844e+00
2.475409030914306197e+00
2.474272727966308594e+00
2.475162744522094727e+00
2.475594758987426758e+00
2.475728750228881836e+00
2.477021217346191406e+00
2.476255655288696289e+00
2.477481126785278320e+00
2.477790832519531250e+00
2.478407859802246094e+00
2.478322505950928178e+00
2.479493379592895508e+00
2.479460954666137695e+00
2.480252742767333984e+00
2.480844020843505859e+00
2.481641054153442383e+00
2.481955289840698242e+00
2.483906984329224077e+00
2.484925270080566406e+00
2.485155820846557617e+00
2.486586093902587891e+00
2.488054990768432617e+00
2.487973451614379883e+00
2.488172292709350586e+00
2.488632678985596147e+00
2.489898204803466797e+00
2.490788936614990234e+00
2.491979360580444336e+00
2.492964029312134233e+00
2.494046688079833984e+00
2.494053840637207031e+00
2.494863510131835938e+00
2.496200084686279741e+00
2.496479749679564986e+00
2.498299360275268999e+00
2.498988389968872070e+00
2.499541997909545898e+00
2.500329732894897017e+00
2.500387668609619141e+00
2.502055168151855469e+00
2.503487110137939453e+00
2.504914045333862305e+00
2.506673336029052734e+00
2.506309509277344194e+00
2.506620645523071733e+00
2.507560253143310547e+00
2.507554292678833008e+00
2.509533643722534180e+00
2.509904623031615767e+00
2.510963439941406250e+00
2.511639356613159180e+00
2.513088226318359819e+00
2.513320684432983398e+00
2.513506889343261719e+00
2.514660120010375977e+00
2.514982700347900391e+00
2.516143560409545898e+00
2.517553091049194336e+00
2.519155979156494141e+00
2.520626544952392578e+00
2.520458936691284180e+00
2.521773576736450195e+00
2.522943019866943803e+00
2.524057149887084961e+00
2.523902416229248047e+00
2.525349140167236328e+00
2.525866508483886719e+00
2.525772333145141602e+00
2.527627468109130859e+00
2.528034925460815430e+00
2.528613805770874023e+00
2.530748128890990767e+00
2.531745672225951704e+00
2.531404495239258257e+00
2.532026529312134233e+00
2.532924652099609375e+00
2.534846782684326172e+00
2.535933017730712891e+00
2.536052227020264116e+00
2.537092447280884233e+00
2.538483142852783203e+00
2.539390563964844194e+00
2.539435625076293945e+00
2.540102958679199219e+00
2.541373014450072798e+00
2.541952133178710938e+00
2.542867422103881836e+00
2.543842315673828125e+00
2.543996810913085938e+00
2.544669389724731445e+00
2.544420480728149414e+00
2.544971942901611772e+00
2.545324325561523438e+00
2.545335054397583008e+00
2.547363758087158203e+00
2.547612428665161133e+00
2.548835992813110352e+00
2.547955036163330078e+00
2.547969341278076172e+00
2.548889636993408203e+00
2.550368070602416992e+00
2.550470829010009766e+00
2.551815509796142578e+00
2.552377939224243164e+00
2.552345752716064453e+00
2.554404258728027788e+00
2.554374217987060547e+00
2.554340362548828125e+00
2.556603193283081055e+00
2.556565046310424805e+00
2.556443691253662109e+00
2.558934450149536133e+00
2.558977603912353072e+00
2.560394525527954102e+00
2.561461448669433594e+00
2.562144517898560014e+00
2.563013553619384766e+00
2.564457416534423828e+00
2.564318180084228516e+00
2.564512968063354492e+00
2.567047595977783203e+00
2.567416667938232422e+00
2.568756580352783203e+00
2.569128990173339844e+00
2.570094823837280273e+00
2.571019649505615234e+00
2.572330474853516069e+00
2.572370290756225586e+00
2.574525117874145064e+00
2.575885295867919922e+00
2.575787544250488281e+00
2.577919006347655806e+00
2.578634023666381836e+00
2.578909635543823242e+00
2.580641269683837891e+00
2.581737041473388672e+00
2.583086729049682617e+00
2.583426952362060547e+00
2.585080623626708984e+00
2.585865736007690430e+00
2.586593389511108398e+00
2.587690353393554688e+00
2.588220119476318359e+00
2.590203285217285156e+00
2.591265439987182617e+00
2.592238426208496094e+00
2.592595577239990234e+00
2.592350006103516069e+00
2.593052864074707031e+00
2.594350099563598189e+00
2.595271587371826172e+00
2.596376657485961914e+00
2.597101211547852007e+00
2.598165512084960938e+00
2.599498033523560014e+00
2.600597381591796875e+00
2.601838827133178711e+00
2.602015733718872070e+00
2.602718830108642578e+00
2.604553222656250000e+00
2.604664802551269087e+00
2.606042861938477007e+00
2.606256484985352007e+00
2.606443643569946289e+00
2.607856750488280806e+00
2.607590198516845703e+00
2.608709096908569336e+00
2.609594821929932085e+00
2.610340833663940430e+00
2.610624790191650391e+00
2.610637903213500977e+00
2.612845420837402344e+00
2.613592386245727539e+00
2.613593816757201704e+00
2.614902973175048828e+00
2.614312171936035156e+00
2.614441156387329102e+00
2.615047216415405273e+00
2.616150617599487749e+00
2.616316795349121094e+00
2.617661237716674805e+00
2.618602752685546875e+00
2.618924856185913086e+00
2.620349407196044922e+00
2.620408773422240767e+00
2.621175765991210938e+00
2.621952533721923828e+00
2.622454166412353072e+00
2.623912096023560014e+00
2.624073505401611772e+00
2.624061584472655806e+00
2.625491619110107422e+00
2.625937938690185103e+00
2.626574993133544922e+00
2.627422332763671875e+00
2.628850460052490234e+00
2.628640174865722656e+00
2.629482269287109375e+00
2.630705595016479492e+00
2.630810499191284180e+00
2.631379127502441406e+00
2.631436824798583984e+00
2.634404659271239790e+00
2.634818792343140093e+00
2.634977579116821289e+00
2.635851860046386719e+00
2.636103153228760210e+00
2.635933399200439453e+00
2.636551380157470703e+00
2.637425661087036133e+00
2.637704372406005859e+00
2.639765501022338867e+00
2.640465736389160156e+00
2.641239166259765625e+00
2.641979694366455078e+00
2.642028093338012695e+00
2.641854286193848100e+00
2.643436670303344727e+00
2.644331455230712891e+00
2.645182609558105025e+00
2.646214246749877930e+00
2.645753145217895508e+00
2.646693706512451172e+00
2.647962093353271484e+00
2.648774862289428711e+00
2.648649930953979492e+00
2.648862361907958984e+00
2.650385856628417969e+00
2.651770353317260742e+00
2.651805162429809570e+00
2.652068138122558594e+00
2.654176712036133257e+00
2.654779672622680664e+00
2.654731035232543945e+00
2.655393123626708984e+00
2.655347347259521040e+00
2.655828475952148438e+00
2.657253742218017578e+00
2.657628774642944336e+00
2.658820390701293945e+00
2.659455299377441406e+00
2.660368919372558594e+00
2.660767793655395508e+00
2.662787437438964844e+00
2.662870407104491743e+00
2.663559675216674805e+00
2.664768695831298828e+00
2.665387868881225586e+00
2.667428970336914062e+00
2.667423963546752930e+00
2.668407201766968218e+00
2.668956279754638672e+00
2.669687747955322266e+00
2.670436382293701172e+00
2.672940969467163086e+00
2.673447132110596147e+00
2.674096107482910156e+00
2.676032066345214844e+00
2.676415205001831055e+00
2.676830291748046875e+00
2.678983688354491743e+00
2.680169105529785156e+00
2.682042121887207031e+00
2.682502508163451704e+00
2.683809041976928711e+00
2.684931755065917969e+00
2.685320377349853072e+00
2.685767650604248047e+00
2.686377286911010742e+00
2.688622713088989258e+00
2.689202070236206055e+00
2.690020799636840820e+00
2.691263437271118164e+00
2.691606760025024414e+00
2.693983793258666992e+00
2.694675922393798828e+00
2.694894552230834961e+00
2.696195602416991743e+00
2.697415828704833984e+00
2.697566747665405273e+00
2.700806379318237305e+00
2.702008485794067383e+00
2.702074289321899414e+00
2.703307628631591797e+00
2.704146623611450195e+00
2.705371141433715820e+00
2.705279827117919922e+00
2.706427574157714844e+00
2.706905603408813032e+00
2.708018779754638672e+00
2.708536148071289062e+00
2.711303234100341797e+00
2.711269617080688477e+00
2.711144924163818359e+00
2.712931394577026367e+00
2.714334964752197266e+00
2.714488983154296875e+00
2.715725421905517578e+00
2.716995716094970703e+00
2.716987848281860352e+00
2.718013763427734375e+00
2.719202756881713867e+00
2.719094038009643999e+00
2.720177650451660156e+00
2.720487594604491743e+00
2.722557306289673296e+00
2.723438739776611772e+00
2.724621772766113281e+00
2.724753141403198242e+00
2.725725173950195757e+00
2.725855350494384766e+00
2.727467060089111772e+00
2.727796316146850586e+00
2.728597640991210938e+00
2.730120897293090820e+00
2.729798555374145064e+00
2.731434345245361328e+00
2.732121467590332031e+00
2.733878612518310547e+00
2.733942985534667969e+00
2.735398530960083008e+00
2.735271215438842773e+00
2.736507415771484375e+00
2.737604618072509766e+00
2.738579511642456055e+00
2.738240718841552734e+00
2.740388631820678711e+00
2.740885496139526367e+00
2.742272853851318359e+00
2.741845130920410156e+00
2.742312431335449219e+00
2.743495464324951172e+00
2.744065046310424805e+00
2.745146274566650391e+00
2.746103763580322266e+00
2.746730566024780273e+00
2.746494293212890181e+00
2.749291181564331055e+00
2.749333143234252930e+00
2.749500751495361328e+00
2.750626087188720703e+00
2.750599861145019531e+00
2.753047943115234375e+00
2.753205060958862305e+00
2.754898071289062500e+00
2.755394458770751953e+00
2.757305383682250977e+00
2.758095026016235796e+00
2.757896184921264648e+00
2.759863615036010742e+00
2.759663105010986328e+00
2.762153148651123047e+00
2.762540817260741743e+00
2.762161731719970703e+00
2.763833045959472656e+00
2.764566421508789062e+00
2.764527797698974609e+00
2.765565156936645064e+00
2.766754388809204102e+00
2.767311334609985352e+00
2.767374515533447710e+00
2.767090559005737305e+00
2.769491672515869141e+00
2.770201683044433594e+00
2.770778179168701172e+00
2.770959615707397017e+00
2.773042678833008257e+00
2.772952556610107422e+00
2.773668289184570312e+00
2.776115894317626953e+00
2.775800228118896484e+00
2.778551101684570312e+00
2.778376340866088867e+00
2.780099868774414062e+00
2.780374765396118164e+00
2.780980825424194336e+00
2.782341480255126953e+00
2.783985614776611772e+00
2.782858610153198242e+00
2.783759355545043945e+00
2.786180257797240767e+00
2.785772085189819780e+00
2.785467624664306197e+00
2.788319826126098189e+00
2.788405179977416992e+00
2.790237903594970703e+00
2.791237592697143999e+00
2.791976928710937056e+00
2.793499708175659180e+00
2.792964458465576172e+00
2.794113397598266602e+00
2.795651912689208984e+00
2.796359777450561079e+00
2.798481702804564986e+00
2.798887491226196289e+00
2.800971984863280806e+00
2.800946712493896484e+00
2.801249980926513672e+00
2.802221298217772993e+00
2.803338289260864258e+00
2.804991006851196289e+00
2.805005550384521040e+00
2.806752443313598189e+00
2.807423591613769087e+00
2.807869434356689009e+00
2.808460474014282227e+00
2.808767318725585938e+00
2.809643507003784180e+00
2.811740636825561079e+00
2.811643838882446289e+00
2.813337564468384233e+00
2.813191652297973633e+00
2.814262390136718750e+00
2.814762830734252930e+00
2.816323995590209961e+00
2.816661357879638672e+00
2.818475008010864258e+00
2.819351434707641602e+00
2.820007085800171343e+00
2.819534301757812500e+00
2.821176767349243164e+00
2.821506023406982422e+00
2.822561979293823242e+00
2.823452711105346680e+00
2.824231624603271484e+00
2.825378894805908203e+00
2.826519727706908736e+00
2.826848983764648438e+00
2.827984809875488281e+00
2.828349590301513672e+00
2.829671621322631836e+00
2.830389499664306197e+00
2.831349611282348633e+00
2.832067966461181641e+00
2.833246231079101562e+00
2.835277318954468218e+00
2.835647344589233398e+00
2.837143898010253906e+00
2.837661981582641602e+00
2.838007450103760210e+00
2.840223789215087891e+00
2.839594364166260210e+00
2.842188358306884766e+00
2.842213630676269087e+00
2.843434810638428178e+00
2.844589948654174805e+00
2.845464468002319780e+00
2.846892833709716797e+00
2.847816228866576704e+00
2.847915172576904297e+00
2.849073171615600586e+00
2.850504875183105025e+00
2.850937843322753906e+00
2.851719379425048828e+00
2.853650331497192383e+00
2.854404926300048828e+00
2.854477643966674805e+00
2.856191635131836382e+00
2.856683731079101562e+00
2.857825756072998047e+00
2.859190702438354492e+00
2.859918355941772461e+00
2.860147237777709961e+00
2.861189603805541992e+00
2.862385034561156782e+00
2.863812923431396484e+00
2.864558219909667969e+00
2.865706205368041992e+00
2.866857767105102539e+00
2.866858720779418945e+00
2.867835521697998047e+00
2.868350744247436523e+00
2.869259595870972124e+00
2.869875431060791016e+00
2.872770309448241743e+00
2.873435974121093750e+00
2.873637676239013672e+00
2.875692605972290039e+00
2.876230239868163618e+00
2.876629590988158736e+00
2.877305746078491211e+00
2.878441095352173296e+00
2.878568887710571733e+00
2.881024599075317383e+00
2.881454706192016602e+00
2.883702039718627930e+00
2.884331703186035156e+00
2.886075258255004883e+00
2.885929346084594727e+00
2.887453317642211914e+00
2.888706207275390181e+00
2.889750957489013672e+00
2.891211032867432085e+00
2.890953302383423296e+00
2.892323970794677734e+00
2.892416477203368697e+00
2.894062757492064986e+00
2.895171165466308594e+00
2.896300792694091797e+00
2.897437810897826704e+00
2.897961854934692383e+00
2.898621797561645064e+00
2.899218320846557617e+00
2.900419712066650391e+00
2.900266408920288086e+00
2.902521371841430664e+00
2.902785062789916992e+00
2.903898954391479492e+00
2.904358148574828657e+00
2.905160188674926758e+00
2.905258417129516602e+00
2.906246662139892578e+00
2.906560897827148438e+00
2.907537698745727539e+00
2.908592462539673296e+00
2.909179925918578657e+00
2.909771203994751421e+00
2.911247730255126953e+00
2.911174297332764116e+00
2.911884784698486328e+00
2.912547111511230469e+00
2.912755966186523438e+00
2.913215875625610352e+00
2.913448572158813032e+00
2.914474725723266602e+00
2.915161371231078657e+00
2.915793418884277344e+00
2.917258739471435547e+00
2.918918609619140625e+00
2.919379949569701704e+00
2.920547246932983398e+00
2.922213077545166016e+00
2.922074556350708008e+00
2.922893047332764116e+00
2.923424005508423296e+00
2.923883199691772461e+00
2.924361228942871094e+00
2.925807714462280273e+00
2.926098346710205078e+00
2.927662134170531782e+00
2.927456140518188477e+00
2.928818225860596147e+00
2.929524183273315430e+00
2.931205272674560547e+00
2.932132720947265625e+00
2.932553052902221680e+00
2.933892726898193359e+00
2.933969020843506303e+00
2.934975147247314453e+00
2.934815168380737305e+00
2.935045480728149414e+00
2.937143325805663618e+00
2.938116550445556641e+00
2.938858032226562500e+00
2.939722299575805664e+00
2.939538955688477007e+00
2.940260171890258789e+00
2.941065073013305664e+00
2.942344903945923296e+00
2.943104982376098189e+00
2.943186283111572266e+00
2.944401979446411133e+00
2.945859193801879883e+00
2.946227312088012695e+00
2.947969436645508257e+00
2.947849512100220171e+00
2.947734117507934570e+00
2.948847055435180664e+00
2.950210809707641602e+00
2.949962854385376421e+00
2.950768232345581055e+00
2.951813936233520508e+00
2.952440023422241211e+00
2.952698707580566406e+00
2.954081058502197266e+00
2.955024719238280806e+00
2.956331491470336914e+00
2.956724405288696289e+00
2.958575963973998579e+00
2.959703207015991211e+00
2.959928035736083984e+00
2.960368633270264116e+00
2.961253881454468218e+00
2.960833549499512163e+00
2.962781190872192383e+00
2.964290380477905273e+00
2.966157674789428711e+00
2.965927124023437056e+00
2.966953754425048828e+00
2.967102766036987749e+00
2.968338966369628906e+00
2.968818664550780806e+00
2.968997001647948775e+00
2.970470666885376421e+00
2.971724271774291992e+00
2.972714662551879883e+00
2.972924232482910156e+00
2.975008726119995117e+00
2.975513219833373579e+00
2.976480245590209961e+00
2.977427005767822266e+00
2.977962255477905273e+00
2.979079961776733398e+00
2.980058908462524414e+00
2.981276035308837891e+00
2.981233835220336914e+00
2.982972860336304155e+00
2.983234882354736328e+00
2.985033512115478516e+00
2.985031604766845703e+00
2.985782623291016069e+00
2.987727642059326172e+00
2.987997293472290039e+00
2.988832235336304155e+00
2.989255428314208984e+00
2.988785505294799805e+00
2.988628864288330078e+00
2.989706039428711382e+00
2.990937709808349609e+00
2.991796255111694336e+00
2.993418693542480469e+00
2.993088006973266602e+00
2.994967222213745117e+00
2.995873928070068359e+00
2.995891094207764116e+00
2.997591972351073775e+00
2.997301816940308061e+00
2.997883558273315430e+00
2.999140024185180664e+00
3.000971555709838867e+00
3.001657724380493164e+00
3.001723766326904297e+00
3.002530813217163086e+00
3.004084110260009766e+00
3.004696607589721680e+00
3.004839658737182617e+00
3.006840229034423828e+00
3.007191181182861328e+00
3.007123231887817383e+00
3.008840084075928178e+00
3.009582757949828657e+00
3.010405540466308594e+00
3.011420965194701704e+00
3.011055707931518555e+00
3.012144088745116743e+00
3.013896465301513672e+00
3.013945341110229048e+00
3.014827966690063477e+00
3.016199588775634766e+00
3.016950845718383789e+00
3.017318010330200195e+00
3.019541740417480469e+00
3.020133256912231445e+00
3.021188020706176758e+00
3.021785020828247070e+00
3.021093368530272993e+00
3.023968219757080078e+00
3.023773908615112305e+00
3.024126768112182617e+00
3.026586771011352539e+00
3.027726888656616211e+00
3.027529954910278320e+00
3.028593778610229048e+00
3.029112815856933594e+00
3.029195308685302734e+00
3.029787063598633257e+00
3.031831979751586914e+00
3.032043695449828657e+00
3.033858299255371094e+00
3.033952474594116211e+00
3.033497571945190430e+00
3.035645246505737305e+00
3.035475969314575195e+00
3.035817861557006836e+00
3.036595821380615234e+00
3.037656068801879883e+00
3.039442539215087891e+00
3.040191650390625000e+00
3.041531562805176225e+00
3.042536735534667969e+00
3.043731212615966797e+00
3.042693614959716797e+00
3.044320821762084961e+00
3.044664859771728516e+00
3.047173500061035156e+00
3.047671318054198775e+00
3.048752069473266602e+00
3.049496889114379883e+00
3.050386428833008257e+00
3.051401615142822266e+00
3.051417350769042969e+00
3.053358316421508789e+00
3.054734706878662109e+00
3.054573297500610352e+00
3.056174278259277344e+00
3.056299686431884766e+00
3.057679653167724609e+00
3.058389663696288618e+00
3.059818506240844727e+00
3.061322689056396484e+00
3.061612367630004883e+00
3.062665224075317383e+00
3.064247846603393555e+00
3.063879251480102539e+00
3.065429210662841797e+00
3.068301200866698775e+00
3.069323539733886719e+00
3.069872140884399414e+00
3.071245193481445312e+00
3.071305274963378906e+00
3.072101831436156782e+00
3.073458909988403764e+00
3.073776483535766602e+00
3.075617074966430664e+00
3.077076673507690430e+00
3.076925754547118697e+00
3.078453063964844194e+00
3.079287767410278320e+00
3.079429149627685103e+00
3.082524776458739790e+00
3.082387447357177734e+00
3.083590745925903764e+00
3.085139989852905273e+00
3.085139036178588867e+00
3.086266517639160156e+00
3.087620973587036133e+00
3.087853670120239702e+00
3.088939189910888672e+00
3.089822292327881303e+00
3.090468406677246094e+00
3.092399597167968750e+00
3.092563629150390181e+00
3.092659473419189009e+00
3.094116449356078657e+00
3.094370841979980469e+00
3.095180511474609375e+00
3.096859931945801225e+00
3.097503423690796343e+00
3.098698854446411133e+00
3.099603414535522461e+00
3.100125551223754883e+00
3.100490570068359819e+00
3.101120948791503906e+00
3.102528333663940430e+00
3.103873968124389648e+00
3.104928731918334961e+00
3.106230735778808594e+00
3.105991601943969727e+00
3.106987714767456055e+00
3.107926607131958008e+00
3.109736919403076172e+00
3.111287832260131836e+00
3.111016273498535156e+00
3.112504959106445312e+00
3.113549947738647461e+00
3.113558292388916016e+00
3.114048480987548828e+00
3.115424633026123047e+00
3.116061925888061079e+00
3.117893457412720171e+00
3.118463039398193359e+00
3.118246316909790039e+00
3.119497060775756836e+00
3.120170354843140093e+00
3.120953798294067383e+00
3.122540712356567383e+00
3.122580051422118697e+00
3.124356746673583984e+00
3.125451564788818359e+00
3.125672578811645064e+00
3.127197742462158203e+00
3.127326965332031250e+00
3.128533124923706055e+00
3.129044055938720703e+00
3.130333662033081055e+00
3.130611181259155718e+00
3.131957054138184038e+00
3.132982969284057617e+00
3.133594274520873579e+00
3.134894609451293945e+00
3.136001825332641602e+00
3.136528730392456055e+00
3.137749910354614258e+00
3.138971090316772461e+00
3.138399600982666016e+00
3.140496492385864258e+00
3.141049623489379883e+00
3.142446041107177734e+00
3.142614364624023438e+00
3.143906354904174805e+00
3.143958568572998047e+00
3.144470930099487749e+00
3.146657466888428178e+00
3.147912979125977007e+00
3.147525072097778320e+00
3.149217128753662109e+00
3.149844408035278320e+00
3.150217056274413618e+00
3.152202844619751421e+00
3.153027296066283736e+00
3.154708862304687500e+00
3.154712438583373579e+00
3.155442953109741211e+00
3.156917095184326172e+00
3.157371759414673296e+00
3.158743143081665039e+00
3.158595085144042969e+00
3.161031007766724077e+00
3.161342620849609375e+00
3.161737203598022461e+00
3.163342237472533736e+00
3.163781404495239702e+00
3.165002346038818359e+00
3.165860652923583984e+00
3.164868116378783736e+00
3.167056798934936523e+00
3.167096614837646484e+00
3.167360305786133257e+00
3.168308973312377930e+00
3.170992374420166016e+00
3.170026063919067383e+00
3.169788360595703125e+00
3.172655105590820312e+00
3.173244237899780273e+00
3.172890424728393555e+00
3.172593593597412109e+00
3.174286365509033203e+00
3.174886941909790039e+00
3.176736116409301758e+00
3.176991224288940430e+00
3.178332567214966264e+00
3.178149223327636719e+00
3.180124282836913618e+00
3.180229663848876953e+00
3.181158781051636186e+00
3.182605743408203125e+00
3.183044672012328657e+00
3.184707880020141602e+00
3.184305667877197266e+00
3.185572862625122070e+00
3.186916112899780273e+00
3.186901807785033736e+00
3.188388109207153320e+00
3.187928438186645064e+00
3.189515590667724609e+00
3.190313339233398438e+00
3.190622091293334961e+00
3.192102193832397017e+00
3.192509889602661133e+00
3.192868471145629883e+00
3.194193363189697266e+00
3.193974494934082031e+00
3.196068048477173296e+00
3.195667743682861328e+00
3.197337150573730469e+00
3.198389530181884766e+00
3.199088811874389648e+00
3.198635816574096680e+00
3.199936389923096147e+00
3.200908899307251421e+00
3.201718330383301225e+00
3.202234983444213867e+00
3.204906702041626421e+00
3.204639196395873579e+00
3.205425500869751421e+00
3.204949140548706055e+00
3.207272052764892578e+00
3.208022117614746094e+00
3.208481073379516602e+00
3.208931446075439453e+00
3.209734201431274414e+00
3.210001230239868164e+00
3.210945129394531250e+00
3.212278366088866743e+00
3.212508201599121094e+00
3.213538885116576704e+00
3.215512037277221680e+00
3.216623306274413618e+00
3.217214584350586382e+00
3.218474149703979492e+00
3.219217777252197266e+00
3.220206499099731445e+00
3.221329689025878906e+00
3.221368312835693359e+00
3.224227666854858398e+00
3.224249839782714844e+00
3.225649595260620117e+00
3.226375579833984375e+00
3.227267980575561079e+00
3.227353572845458984e+00
3.230349540710448775e+00
3.230481147766113281e+00
3.231115102767944336e+00
3.231741905212402344e+00
3.233585834503173828e+00
3.233261585235596147e+00
3.235379457473754883e+00
3.234959840774536133e+00
3.234987497329711914e+00
3.237166404724121094e+00
3.238247871398926225e+00
3.238953828811645064e+00
3.239872455596923828e+00
3.241346120834350586e+00
3.242437839508056641e+00
3.242221832275390181e+00
3.242788076400756836e+00
3.244790077209472656e+00
3.244903326034546343e+00
3.246912479400634766e+00
3.247461795806884766e+00
3.248892784118652344e+00
3.249614953994751421e+00
3.250400066375732422e+00
3.252120256423950195e+00
3.252261400222778320e+00
3.253922700881958008e+00
3.254113435745239702e+00
3.254893064498901367e+00
3.255788564682006836e+00
3.256514072418212891e+00
3.256502389907836914e+00
3.257500886917114258e+00
3.259127140045166016e+00
3.260620594024658203e+00
3.261186599731445312e+00
3.261808872222900391e+00
3.263294458389282227e+00
3.263551473617553711e+00
3.263551712036133257e+00
3.265732049942016602e+00
3.266623020172118697e+00
3.268704891204833984e+00
3.268859148025512695e+00
3.269253969192504883e+00
3.269682884216308594e+00
3.270931482315063477e+00
3.270697832107543945e+00
3.271565198898315430e+00
3.272587299346923828e+00
3.273151397705078125e+00
3.273949861526489258e+00
3.274250268936156782e+00
3.274083375930786133e+00
3.276040315628052202e+00
3.277166604995727539e+00
3.276750564575195757e+00
3.278758049011230469e+00
3.279584646224976030e+00
3.279127836227416992e+00
3.280664443969726562e+00
3.280321359634399414e+00
3.282439708709716797e+00
3.282238245010376421e+00
3.283470153808593750e+00
3.283971786499023438e+00
3.285923957824707031e+00
3.285868167877197266e+00
3.285866498947143999e+00
3.287404537200928178e+00
3.288249969482421875e+00
3.288939714431762695e+00
3.289976358413696289e+00
3.290870428085326704e+00
3.290825605392456055e+00
3.291643619537353072e+00
3.292277574539185014e+00
3.294263601303100586e+00
3.294791698455810547e+00
3.295744419097900391e+00
3.297882556915283203e+00
3.297394275665283203e+00
3.297616004943848100e+00
3.299710512161254883e+00
3.301153182983398438e+00
3.301028251647948775e+00
3.301922559738158736e+00
3.301901578903198242e+00
3.303251981735229048e+00
3.303944110870361328e+00
3.304096698760986328e+00
3.305294036865234375e+00
3.306498050689697266e+00
3.307326316833496094e+00
3.308623075485229048e+00
3.309201955795288086e+00
3.309540271759033203e+00
3.309836626052856445e+00
3.310444593429564986e+00
3.310951709747314453e+00
3.312209129333496094e+00
3.314285039901733398e+00
3.314677476882934570e+00
3.315745592117309570e+00
3.316005468368530273e+00
3.318060159683227539e+00
3.318378686904907227e+00
3.318980216979980469e+00
3.319771766662597656e+00
3.320946693420410156e+00
3.321247100830078125e+00
3.321068286895751953e+00
3.322800159454345703e+00
3.322455644607543945e+00
3.324012041091918945e+00
3.324513912200928178e+00
3.325709104537963867e+00
3.327767610549926758e+00
3.327305316925048828e+00
3.327959775924682617e+00
3.328568220138549805e+00
3.329136848449707031e+00
3.330064773559570312e+00
3.332563877105712891e+00
3.332633733749389648e+00
3.333399534225463867e+00
3.333536386489868164e+00
3.334833621978760210e+00
3.335122823715209961e+00
3.336548566818237305e+00
3.337298154830932617e+00
3.337623834609985352e+00
3.339088916778564453e+00
3.339299440383911133e+00
3.340457677841186523e+00
3.341628551483154297e+00
3.341469049453735796e+00
3.343218088150024414e+00
3.343945980072021040e+00
3.344523191452026367e+00
3.344893455505371094e+00
3.346549272537231445e+00
3.346139430999756303e+00
3.347610712051392046e+00
3.349109411239623579e+00
3.349756240844726562e+00
3.351344823837280273e+00
3.352390289306640625e+00
3.352393865585326704e+00
3.353514432907104492e+00
3.354816436767578125e+00
3.356093406677246094e+00
3.356788635253906250e+00
3.357056379318237305e+00
3.357563257217407227e+00
3.357769012451171875e+00
3.359206199645996094e+00
3.359938144683837891e+00
3.361389636993408203e+00
3.361710309982299805e+00
3.362794160842895508e+00
3.362717628479003906e+00
3.364248037338256836e+00
3.365519523620605025e+00
3.365973711013793945e+00
3.366203069686889648e+00
3.368680477142333984e+00
3.369912862777709961e+00
3.369920969009399414e+00
3.371229887008666992e+00
3.371006488800048828e+00
3.372407674789428711e+00
3.373029470443725586e+00
3.373343467712402344e+00
3.374169826507568359e+00
3.375601053237915039e+00
3.376030683517456055e+00
3.377243280410766602e+00
3.377357959747314453e+00
3.377281665802001953e+00
3.378796339035033736e+00
3.379009485244751421e+00
3.380110025405883789e+00
3.379832029342651811e+00
3.380933046340942383e+00
3.381837606430053711e+00
3.382831096649169922e+00
3.383896589279174805e+00
3.385264635086060014e+00
3.386103868484497070e+00
3.385944604873656782e+00
3.386728048324584961e+00
3.387201070785522461e+00
3.387968540191650391e+00
3.388555765151977095e+00
3.388364315032958984e+00
3.388224124908447710e+00
3.389600038528442383e+00
3.391131877899169922e+00
3.390909433364868164e+00
3.392135143280029297e+00
3.393160581588745117e+00
3.393379449844360352e+00
3.394992113113403764e+00
3.394859313964844194e+00
3.395632266998291016e+00
3.396688222885131836e+00
3.397581815719604492e+00
3.399038553237915039e+00
3.399999618530272993e+00
3.401401042938232422e+00
3.401973009109497070e+00
3.402224302291870117e+00
3.402762413024902344e+00
3.403919458389282227e+00
3.403884887695312500e+00
3.405750751495361328e+00
3.406826734542846680e+00
3.407267332077026367e+00
3.407637834548950195e+00
3.410207986831665039e+00
3.410140037536621094e+00
3.410761356353760210e+00
3.411144495010376421e+00
3.412013530731201172e+00
3.412281274795531782e+00
3.414954900741576704e+00
3.416435241699218750e+00
3.417939901351928711e+00
3.417875051498413086e+00
3.418375253677368164e+00
3.419693231582641602e+00
3.420000314712524414e+00
3.421758651733398438e+00
3.422640562057495117e+00
3.422503471374512163e+00
3.422976732254028320e+00
3.424597978591918945e+00
3.425339460372924805e+00
3.425553083419799805e+00
3.428600549697876421e+00
3.429075002670288086e+00
3.430041313171386719e+00
3.430752277374268022e+00
3.431114196777344194e+00
3.431487798690796343e+00
3.432878017425537109e+00
3.433657884597778320e+00
3.435628890991211382e+00
3.436374902725220171e+00
3.437844276428222656e+00
3.437772035598754883e+00
3.437765121459961382e+00
3.437855482101440430e+00
3.439488410949707031e+00
3.439972877502441406e+00
3.440966367721557617e+00
3.444016933441162109e+00
3.443834304809570312e+00
3.445101022720336914e+00
3.447021722793578657e+00
3.446703672409057617e+00
3.447157382965087891e+00
3.448580980300903764e+00
3.448139667510986328e+00
3.451978683471680132e+00
3.453286886215209961e+00
3.451975584030151811e+00
3.453280210494995117e+00
3.455137252807616743e+00
3.455638170242309570e+00
3.458024740219116211e+00
3.457661867141724077e+00
3.458511829376220703e+00
3.458825826644897017e+00
3.459354639053344727e+00
3.459437608718872070e+00
3.461132049560546875e+00
3.460977315902709961e+00
3.461608171463012695e+00
3.462979793548583984e+00
3.462285757064819780e+00
3.463206291198730469e+00
3.463801383972167969e+00
3.464391469955444336e+00
3.467525959014892578e+00
3.468905925750732422e+00
3.468821048736572266e+00
3.469644308090209961e+00
3.469878911972046343e+00
3.470856428146362305e+00
3.470778465270996094e+00
3.471801519393921343e+00
3.472904443740844727e+00
3.474093675613403764e+00
3.474608421325684038e+00
3.474353790283203125e+00
3.476615428924560547e+00
3.476971626281738281e+00
3.479158163070678711e+00
3.480177879333496094e+00
3.480643987655640093e+00
3.481719493865966797e+00
3.482375383377075195e+00
3.482685804367064986e+00
3.483422994613647461e+00
3.484495401382446289e+00
3.485050201416016069e+00
3.486264228820801225e+00
3.488043308258056641e+00
3.488556861877441406e+00
3.489484548568725586e+00
3.489974498748779741e+00
3.490385770797729048e+00
3.491835594177246094e+00
3.492484569549560547e+00
3.493292808532714844e+00
3.494289398193359819e+00
3.493834733963012695e+00
3.495226144790649414e+00
3.497617244720458984e+00
3.498411655426025391e+00
3.497857809066772461e+00
3.498073816299438477e+00
3.500072002410888672e+00
3.500675439834594727e+00
3.501469612121582031e+00
3.502179861068725586e+00
3.502703666687012163e+00
3.503122329711913618e+00
3.502493143081665039e+00
3.505162000656127930e+00
3.505240201950072798e+00
3.505832910537720171e+00
3.506363868713378906e+00
3.505855798721313032e+00
3.508035182952881303e+00
3.508983135223388672e+00
3.508941411972046343e+00
3.510621547698974609e+00
3.510797500610352007e+00
3.511351346969604492e+00
3.512637853622436523e+00
3.513091802597046343e+00
3.512780189514160156e+00
3.514569044113158736e+00
3.515172481536864790e+00
3.514386415481567383e+00
3.515565395355224609e+00
3.516031026840209961e+00
3.517463684082031250e+00
3.518316030502319780e+00
3.518203258514404297e+00
3.518497467041016069e+00
3.519829034805298296e+00
3.519268989562988281e+00
3.520174980163573775e+00
3.521229028701782227e+00
3.522344112396239790e+00
3.521950721740722656e+00
3.524552345275878906e+00
3.525672912597655806e+00
3.525524616241455078e+00
3.526811838150024414e+00
3.527132272720336914e+00
3.528405427932739702e+00
3.528625488281250000e+00
3.530908346176147461e+00
3.531604528427123579e+00
3.533622026443481001e+00
3.533499956130981001e+00
3.534955263137817383e+00
3.535326004028320312e+00
3.536018848419189009e+00
3.537420511245727539e+00
3.538376569747924805e+00
3.539014339447021040e+00
3.540580511093140093e+00
3.540510177612304688e+00
3.541874170303344727e+00
3.543889045715332031e+00
3.544700384140014204e+00
3.546187162399291992e+00
3.546502351760864258e+00
3.547670364379883257e+00
3.548267126083373579e+00
3.549270629882812500e+00
3.548572063446044922e+00
3.551432371139526367e+00
3.550878524780272993e+00
3.552131652832031250e+00
3.552944898605346680e+00
3.554281234741211382e+00
3.554415941238403764e+00
3.554191589355468750e+00
3.553850889205932617e+00
3.555647134780883789e+00
3.556858062744140625e+00
3.557541131973266602e+00
3.558315992355346680e+00
3.558935403823852539e+00
3.560082197189331055e+00
3.560055255889892578e+00
3.562334775924682617e+00
3.561932802200317383e+00
3.562463760375977007e+00
3.562788486480712891e+00
3.562342643737792969e+00
3.563189268112182617e+00
3.563676595687866211e+00
3.564657211303711382e+00
3.565892457962036133e+00
3.567100763320923296e+00
3.568454980850220171e+00
3.567814111709594727e+00
3.567682027816772461e+00
3.569170713424682617e+00
3.569672822952270508e+00
3.569267511367798296e+00
3.570765733718872070e+00
3.570129632949828657e+00
3.571297407150268999e+00
3.573098897933959961e+00
3.572929382324218750e+00
3.574054718017578125e+00
3.574237823486328125e+00
3.574470520019531250e+00
3.575947761535644531e+00
3.576703548431396484e+00
3.576867341995239702e+00
3.578081846237182617e+00
3.578908443450928178e+00
3.578872203826904297e+00
3.579179525375366211e+00
3.579806804656982422e+00
3.581108808517456055e+00
3.580760717391968218e+00
3.581849336624145064e+00
3.582070589065552202e+00
3.583384990692138672e+00
3.584419727325439453e+00
3.583798646926879883e+00
3.584177017211913618e+00
3.584718942642211914e+00
3.583936214447021040e+00
3.585591316223144531e+00
3.585262060165405273e+00
3.585744857788086382e+00
3.587901592254638672e+00
3.587889909744262695e+00
3.588741064071655718e+00
3.588338136672973633e+00
3.589597940444946289e+00
3.589719057083129883e+00
3.591434240341186523e+00
3.591715097427368164e+00
3.592315912246703657e+00
3.591992855072021040e+00
3.592551231384277344e+00
3.594612360000610352e+00
3.594611406326293945e+00
3.594465255737304688e+00
3.596211194992064986e+00
3.598426342010498047e+00
3.598794221878052202e+00
3.598764181137084961e+00
3.599497079849243164e+00
3.600076198577881303e+00
3.600679397583008257e+00
3.600441217422485352e+00
3.601253271102905273e+00
3.601654291152953657e+00
3.602301359176636186e+00
3.601024866104126421e+00
3.604091882705688921e+00
3.604189872741698775e+00
3.605073928833008257e+00
3.606465816497802290e+00
3.604740858078002930e+00
3.608387231826782227e+00
3.608711719512939897e+00
3.608220815658568892e+00
3.609107494354248047e+00
3.609627962112426314e+00
3.609313488006591797e+00
3.610195875167847124e+00
3.610254287719727007e+00
3.611863374710083008e+00
3.612461805343627930e+00
3.613525390625000000e+00
3.612709045410155806e+00
3.614204168319701704e+00
3.614422321319580078e+00
3.614414930343627930e+00
3.614509582519531250e+00
3.615261554718017578e+00
3.615999937057495117e+00
3.616140604019165039e+00
3.615715503692626953e+00
3.615925550460815874e+00
3.617114543914794922e+00
3.616216659545897549e+00
3.616709470748900923e+00
3.616234302520751953e+00
3.616534948348998579e+00
3.619088888168334961e+00
3.619312047958373579e+00
3.619583368301392046e+00
3.619182109832764116e+00
3.619438648223876953e+00
3.619115591049193448e+00
3.618807792663573775e+00
3.619004964828491211e+00
3.618892669677734375e+00
3.619133949279785156e+00
3.619149208068848100e+00
3.619280576705932617e+00
3.618986129760741743e+00
3.619170427322388139e+00
3.617982387542724609e+00
3.618577241897583008e+00
3.617976903915404829e+00
3.618386030197143999e+00
3.617404937744140625e+00
3.617399930953979936e+00
3.617612123489379883e+00
3.617460727691649502e+00
3.616753339767456055e+00
3.616768598556518999e+00
3.617056131362915039e+00
3.616234540939331055e+00
3.616402864456176758e+00
3.616123914718627930e+00
3.616692066192626953e+00
3.616371154785155806e+00
3.616172790527344194e+00
3.614946603775023970e+00
3.614137172698975053e+00
3.614066362380981001e+00
3.613618850708008257e+00
3.613268613815308061e+00
3.612803697586060014e+00
3.612512111663817471e+00
3.612073421478271928e+00
3.612288236618041992e+00
3.612182140350341797e+00
3.612272500991820845e+00
3.611436367034912109e+00
3.611310720443725586e+00
3.610391616821288618e+00
3.609532833099364790e+00
3.609277963638305664e+00
3.608721017837524858e+00
3.608644485473633257e+00
3.608947277069091797e+00
3.608760356903076172e+00
3.608819961547852007e+00
3.608012914657592773e+00
3.608448505401611328e+00
3.608648538589477539e+00
3.608195781707764116e+00
3.607954025268554243e+00
3.608128309249877930e+00
3.607511997222900835e+00
3.606863498687743697e+00
3.606638908386231357e+00
3.605931997299193448e+00
3.605732202529907227e+00
3.605971813201903853e+00
3.607017993927001953e+00
3.606928586959838867e+00
3.606603384017943892e+00
3.605956077575684038e+00
3.606177568435668945e+00
3.605622529983520952e+00
3.605762004852294922e+00
3.605081081390381303e+00
3.604665994644165039e+00
3.604408502578735796e+00
3.604700565338135210e+00
3.604362487792968750e+00
3.604344129562377930e+00
3.603963136672973633e+00
3.604278802871703657e+00
3.603757381439208984e+00
3.604632854461669922e+00
3.604114532470703125e+00
3.604637145996093750e+00
3.604290723800658736e+00
3.603461742401123047e+00
3.602777957916260210e+00
3.603961706161498579e+00
3.603449821472167969e+00
3.603213787078857422e+00
3.602791786193848100e+00
3.603325366973876953e+00
3.603387355804443359e+00
3.603724002838135210e+00
3.604380607604980913e+00
3.604174852371216264e+00
3.604271411895751953e+00
3.605070352554320845e+00
3.604682683944701704e+00
3.604122400283813477e+00
3.603534698486328125e+00
3.604524612426758257e+00
3.603641033172607866e+00
3.603195905685424805e+00
3.602704763412476030e+00
3.602275609970092773e+00
3.603156805038451704e+00
3.602629423141479492e+00
3.602241754531860352e+00
3.602467298507690430e+00
3.602858543395996094e+00
3.603139638900756836e+00
3.602154731750488281e+00
3.601833105087280273e+00
3.602111101150512695e+00
3.601353168487548828e+00
3.601422071456908736e+00
3.600713491439819780e+00
3.600815773010253906e+00
3.600171089172363725e+00
3.599400997161864790e+00
3.599311113357543945e+00
