2.936077356338501421e+00
2.294734239578247070e+00
2.030568599700928178e+00
1.610529422760009766e+00
1.964039087295532005e+00
2.070882320404052734e+00
1.836592316627502441e+00
1.952328801155090332e+00
1.288178682327270508e+00
1.876283288002014382e+00
1.294078350067138894e+00
1.194527268409729004e+00
5.623119473457336426e-01
5.442938208580017090e-01
5.649054050445556641e-01
-1.674943715333938599e-01
-4.414937198162078857e-01
-4.596831798553466797e-01
-1.626602113246917447e-01
-1.108824849128723145e+00
-2.371647119522094727e+00
-2.762289047241210938e+00
-2.520623683929443803e+00
-3.067498207092285156e+00
-3.556777715682983398e+00
-3.380171060562133789e+00
-3.895813465118408203e+00
-3.062308311462402344e+00
-2.871149539947509766e+00
-2.799074172973633257e+00
-2.538873434066772461e+00
-2.601691722869873047e+00
-2.219967365264892578e+00
-2.190843105316161665e+00
-1.759457707405090332e+00
-2.351525783538818359e+00
-3.029310464859008789e+00
-4.377831935882568359e+00
-4.633144855499268466e+00
-4.798841476440429688e+00
-4.494280338287353516e+00
-3.324310302734375000e+00
-3.073316335678100586e+00
-3.261373043060302734e+00
-3.114212512969970703e+00
-3.416256427764892578e+00
-3.125863552093506303e+00
-3.338778495788573775e+00
-3.841749668121337891e+00
-4.124421119689941406e+00
-3.655787944793701172e+00
-3.151426792144775391e+00
-3.057765722274780273e+00
-4.149231433868408203e+00
-4.341453075408936435e+00
-4.603965282440185547e+00
-4.110153675079346591e+00
-4.108546733856201172e+00
-4.278341770172118252e+00
-4.814133167266846591e+00
-5.501661777496337891e+00
-6.013863563537597656e+00
-5.985985755920410156e+00
-5.635707378387451172e+00
-5.788559913635253906e+00
-5.182907581329346591e+00
-5.346933364868164062e+00
-6.050422191619872159e+00
-6.760099411010742188e+00
-7.023934841156005859e+00
-6.695816993713378906e+00
-6.850464344024657315e+00
-6.886277675628662109e+00
-7.014485836029052734e+00
-6.371508121490479404e+00
-6.774554252624512607e+00
-6.606393814086914062e+00
-6.667274475097656250e+00
-5.754792690277099609e+00
-6.944766044616699219e+00
-6.510315418243407315e+00
-6.267123222351074219e+00
-6.625892162322997159e+00
-5.989659786224365234e+00
-5.614140033721923828e+00
-5.548757553100585938e+00
-4.795946598052978516e+00
-4.715217113494873047e+00
-5.360359668731689453e+00
-5.376157283782958984e+00
-5.468067646026611328e+00
-5.555914402008056641e+00
-5.359009265899658203e+00
-5.048011779785156250e+00
-4.316729545593261719e+00
-3.570604324340820312e+00
-4.179367065429688388e+00
-3.576013088226318359e+00
-3.651814460754394531e+00
-3.492582082748413086e+00
-3.694619417190552202e+00
-2.715476274490356445e+00
-2.813721656799316406e+00
-2.131934165954590288e+00
-3.138624191284180132e+00
-2.432597637176513672e+00
-2.764285802841186523e+00
-2.534328222274780273e+00
-2.092829704284668413e+00
-1.753171324729919434e+00
-1.224233508110046387e+00
-1.614559292793274148e+00
-1.819293737411499023e+00
-1.695144891738891602e+00
-2.442974090576171875e+00
-2.234894275665283203e+00
-1.254946827888488770e+00
-4.755936861038208008e-01
-8.764450550079345703e-01
-9.997853636741638184e-01
-3.563668131828308105e-01
-2.126871049404144565e-01
8.140622079372406006e-02
3.629088699817657471e-01
7.997117638587951660e-01
5.064651370048522949e-01
8.203014731407165527e-01
8.951960206031799316e-01
9.085074663162231445e-01
1.196993708610534890e+00
6.672407984733581543e-01
1.269989132881164551e+00
1.339883208274841309e+00
1.100653052330017090e+00
8.179075717926025391e-01
8.813943862915039062e-01
8.714711070060729980e-01
1.437307953834533691e+00
1.471701502799987793e+00
1.377781629562377930e+00
1.243567347526550293e+00
1.040085673332214355e+00
7.327721714973449707e-01
1.228743672370910645e+00
1.533902764320373535e+00
2.094034433364868164e+00
2.038135051727294922e+00
2.720465898513793945e+00
2.687365531921386719e+00
2.491654157638549805e+00
1.924230217933654785e+00
1.938558459281921165e+00
1.991119742393493652e+00
2.371968269348144531e+00
2.566813945770264116e+00
2.599494695663451704e+00
2.868398666381836382e+00
2.791993141174316406e+00
2.217452526092529297e+00
2.445960283279418945e+00
1.598889827728271706e+00
2.450929164886474609e+00
2.975680351257323775e+00
3.040171623229980469e+00
3.552165269851685014e+00
3.162983655929564986e+00
3.535370111465453657e+00
4.098065376281738281e+00
4.568500995635986328e+00
4.559006214141846591e+00
4.538984775543212891e+00
3.943119525909423828e+00
4.058961391448975498e+00
4.706149101257324219e+00
4.867561340332031250e+00
4.750802993774414062e+00
4.721653461456298828e+00
4.370457649230957031e+00
4.602977752685546875e+00
4.301157951354980469e+00
3.692791461944580078e+00
3.456147193908691406e+00
3.306656360626220703e+00
3.587395429611206055e+00
3.249886512756348100e+00
3.317527055740356445e+00
2.938981056213378906e+00
2.999065876007080078e+00
2.983147859573364258e+00
2.087985754013061079e+00
2.670319795608520508e+00
3.797163724899291992e+00
3.111653089523315430e+00
2.807897567749023438e+00
2.971582174301147461e+00
3.826606035232543945e+00
2.423017024993896484e+00
2.296817302703857422e+00
1.491109132766723633e+00
1.860385060310363992e+00
3.070792913436889648e+00
3.755063056945801225e+00
3.348677873611450195e+00
2.525734424591064453e+00
1.875055551528930886e+00
2.496427297592163086e+00
2.111625671386718750e+00
2.994663476943969727e+00
2.538102388381958008e+00
2.237180709838866743e+00
2.440745353698730469e+00
2.589426755905151811e+00
2.170327663421630859e+00
2.062308549880981001e+00
2.650918722152709961e+00
1.924657344818115234e+00
2.647023677825928178e+00
2.859190702438354492e+00
1.838415622711181641e+00
1.957688927650452104e+00
2.085903167724609375e+00
2.950939416885376421e+00
2.221691370010375977e+00
7.714794874191284180e-01
1.409397244453430176e+00
2.189299345016479492e+00
1.529947519302368164e+00
1.274720072746276855e+00
1.023164272308349609e+00
1.284527897834777832e+00
9.363431930541992188e-01
8.277242183685302734e-01
8.335006237030029297e-01
4.550770819187163752e-01
6.213817596435546875e-01
1.149129152297973633e+00
6.467468142509460449e-01
-3.335352540016174316e-01
9.976787865161895752e-02
4.604860022664070129e-02
-6.671576499938964844e-01
-1.438152670860290305e+00
-1.241112053394317488e-01
-8.425977230072021484e-01
-3.114675283432006836e-01
-1.310652732849120872e+00
-1.199565529823303223e+00
-1.872773528099060059e+00
-2.042970418930053711e+00
-2.223306655883789062e+00
-2.252447843551636186e+00
-2.191779613494873047e+00
-2.475653886795043945e+00
-3.202792167663573775e+00
-3.117645263671875000e+00
-2.515465736389160156e+00
-2.916725158691406250e+00
-2.819342136383056641e+00
-2.574212551116943803e+00
-2.428954839706420898e+00
-2.551222085952759233e+00
-2.031894207000732422e+00
-2.599045753479003906e+00
-2.443959712982177734e+00
-2.187453031539916992e+00
-2.000397920608520508e+00
-1.585044145584106445e+00
-2.654151916503906250e+00
-2.108847379684447798e+00
-2.277590751647949219e+00
-1.880354881286620872e+00
-2.403597354888916016e+00
-3.067335128784180132e+00
-3.406262636184692383e+00
-3.289116621017456055e+00
-3.451886653900146484e+00
-3.014938116073608398e+00
-4.263790130615233487e+00
-3.671752214431762251e+00
-3.597014904022216797e+00
-4.068030357360839844e+00
-4.178377151489258701e+00
-4.569787979125976562e+00
-3.815803527832031250e+00
-3.219660282135009766e+00
-3.707712411880493164e+00
-3.349470615386962891e+00
-2.183300971984863725e+00
-1.602304816246032715e+00
-2.165894031524658203e+00
-2.354082107543945312e+00
-1.698145866394043191e+00
-9.310086965560911976e-01
-1.279724001884460449e+00
-7.556585073471069336e-01
-1.042835831642150879e+00
-3.156805932521820068e-01
-5.021263957023620605e-01
-4.638333022594451904e-01
-5.739385485649108887e-01
-2.602714300155640204e-01
-2.277249544858932495e-01
-5.633034110069274902e-01
-1.037652269005775590e-01
-5.437868461012840271e-02
-5.561159849166870117e-01
-7.607035040855407715e-01
-3.503344655036926270e-01
-2.407582849264144897e-01
-2.065505385398864746e-01
-2.094615995883941650e-02
-1.070187807083130105e+00
-1.032895088195800781e+00
-8.785535097122192383e-01
-2.121628999710083008e+00
-2.410060167312622070e+00
-1.429261326789855957e+00
-7.436466813087463379e-01
-5.477848052978515625e-01
-1.422667026519775391e+00
-2.022433519363403764e+00
-2.153113842010498047e+00
-1.532967925071716309e+00
-1.223477602005004883e+00
-8.832905888557434082e-01
-1.334318399429321289e+00
-8.906587362289428711e-01
-8.466923832893371582e-01
-8.496526479721069336e-01
-5.417354106903076172e-01
-5.408638715744018555e-01
-3.731751814484596252e-02
-4.223540127277374268e-01
-2.696309089660644531e-01
-8.194311708211898804e-02
-4.355250298976898193e-02
-2.135664224624633512e-01
-2.443004995584487915e-01
-8.997287601232528687e-02
-2.377900928258895874e-01
-1.882680207490921021e-01
-1.124156117439269881e-01
-2.300205975770950595e-01
-8.502192795276641846e-02
2.666389010846614838e-02
3.122612833976745605e-02
-2.806879580020904541e-01
-2.116250544786452692e-01
-1.356806606054306030e-01
-4.690104424953461248e-01
-3.078907132148743231e-01
2.425697818398475994e-02
2.959508262574672352e-02
5.053724050521850586e-01
2.688844799995422363e-01
1.368614286184310913e-01
-2.149565219879150391e-01
3.839538097381591797e-01
3.047687113285065252e-01
2.781598269939422607e-01
5.159138441085815430e-01
1.593371778726577759e-01
2.422361224889754971e-01
1.003987267613410950e-01
-3.030943498015403748e-02
-5.068247020244598389e-02
-4.651780724525452215e-01
-1.791284531354904175e-01
-1.788654625415802002e-01
1.212337426841259003e-02
5.800250768661499023e-01
6.763331294059753418e-01
7.372661828994750977e-01
3.477823138236999512e-01
6.910035014152526855e-01
4.814225435256958008e-01
3.220824599266052246e-01
1.976016163825988770e-01
7.266407608985900879e-01
3.615471124649047852e-01
1.015796303749084473e+00
7.950778603553771973e-01
8.785686492919921875e-01
7.090603709220886230e-01
9.851795434951782227e-01
1.099221348762512207e+00
1.250174403190612793e+00
1.306909084320068359e+00
8.905701637268066406e-01
1.016737103462219238e+00
1.046658754348754883e+00
1.210321426391601562e+00
1.379537343978881836e+00
8.022949099540709339e-01
5.800560712814331055e-01
8.982763886451721191e-01
7.357810735702514648e-01
7.429661154747009277e-01
7.185300588607788086e-01
2.458201050758361539e-01
4.915001988410950262e-01
7.972431778907775879e-01
6.029856204986572266e-01
6.949052810668945312e-01
8.079051971435546875e-01
1.286004304885864480e+00
1.942078828811645286e+00
1.808541893959045188e+00
2.192512750625610352e+00
2.042117595672607422e+00
1.864058256149291992e+00
1.841850519180297630e+00
1.541358232498168945e+00
1.869994521141052024e+00
2.055436849594115767e+00
1.983209013938904031e+00
2.223942041397094727e+00
2.049751996994018555e+00
2.511523246765136719e+00
2.602181196212768999e+00
2.215762376785278320e+00
2.129431962966918945e+00
2.033091783523560014e+00
2.163064002990722656e+00
1.991293907165527566e+00
1.343074917793274148e+00
1.629495620727539062e+00
1.680349588394165039e+00
1.946187853813171609e+00
2.098481893539428711e+00
1.643560528755188210e+00
1.591116189956665039e+00
9.861971735954283558e-01
1.365736365318298340e+00
9.696097970008850098e-01
9.651165008544921875e-01
9.859010577201844372e-01
-6.847923994064331055e-01
-1.308133363723754883e+00
-6.730236411094665527e-01
-2.683561146259307861e-01
-3.804672956466674805e-01
-5.058912634849548340e-01
-1.939197480678558627e-01
3.614309057593345642e-02
-5.456130504608154297e-01
-5.875408649444580078e-01
-4.843285381793975830e-01
-1.732985489070415497e-02
-1.021155714988708357e-01
-1.520441919565200806e-01
5.239449739456176758e-01
2.686704397201538086e-01
1.086747720837593217e-01
3.848100900650023859e-01
-9.527927637100219727e-02
5.025024414062500000e-01
-1.403172463178634366e-01
-2.842847406864166260e-01
-1.463411599397659302e-01
-1.720203459262847900e-01
-1.574006080627441406e-01
-1.080379366874694824e+00
-8.144358396530151367e-01
-8.504281640052795410e-01
-1.041953682899474876e+00
-5.558329224586486816e-01
-1.152405381202697754e+00
-9.961792826652527966e-01
-9.761328101158142090e-01
-1.368103623390197754e+00
-8.513542413711547852e-01
-7.754732966423034668e-01
-1.047184705734252930e+00
-1.849159717559814453e+00
-2.277388572692871094e+00
-1.713817715644836426e+00
-1.976750493049621582e+00
-1.903083324432373047e+00
-2.424446105957031250e+00
-2.167629480361938477e+00
-2.637796401977539062e+00
-2.384940624237060547e+00
-1.974325895309448020e+00
-1.861981749534606934e+00
-1.963539242744445579e+00
-1.828303217887878418e+00
-1.368452429771423118e+00
-1.808700442314148171e+00
-1.689094185829162598e+00
-1.252633690834045410e+00
-7.852107882499694824e-01
-7.453475594520568848e-01
-4.045495390892028809e-01
-7.663038969039916992e-01
-3.649232387542725164e-01
-8.856795430183410645e-01
-1.072615012526512007e-01
3.947599977254868248e-02
-7.268595695495605469e-02
-5.138779878616333008e-01
-8.921763300895690918e-01
-6.383812427520751953e-01
-2.950230054557323803e-02
4.263570308685302734e-01
2.541240453720092773e-01
5.400474071502685547e-01
-8.060223422944545746e-03
-1.323607116937637329e-01
-1.416468322277069092e-01
-2.092710584402084628e-01
-2.982791960239410400e-01
-6.649832129478454590e-01
-8.468810319900512695e-01
-1.284471750259399414e+00
-1.042359352111816406e+00
-8.405185341835021973e-01
-1.124877333641052246e+00
-1.018580675125122070e+00
-1.006322383880615234e+00
-9.644721150398254395e-01
-8.239552378654479980e-01
-4.410901069641112726e-01
-5.565835833549499512e-01
-5.622888803482055664e-01
-5.665861368179321289e-01
-1.736736893653869629e+00
-2.094556093215942383e+00
-1.753683924674987793e+00
-1.604863882064819114e+00
-8.443376421928405762e-01
-3.585050702095031738e-01
-3.740817904472351074e-01
3.021360635757446289e-01
3.151462972164154053e-01
-2.988996542990208019e-02
-2.634080052375792902e-01
-3.409110903739929199e-01
-2.912099063396453857e-01
-5.583521127700805664e-01
-4.814251363277434748e-01
-5.058125257492065430e-01
-6.599889993667602539e-01
-7.392881512641906738e-01
-8.671310544013977051e-01
-7.368188500404357910e-01
-9.952034801244735718e-02
-1.787762641906738559e-01
-2.973341010510921131e-02
-7.033259868621826172e-01
-7.168945074081420898e-01
-8.580906391143798828e-01
-8.304992318153381348e-01
-5.741704106330871582e-01
-4.897729754447937012e-01
-4.052775204181671143e-01
-5.645667910575866699e-01
-7.738233804702758789e-01
-1.090423107147216797e+00
-9.609857201576231800e-01
-9.890325665473937988e-01
-6.943407654762268066e-01
-1.285743415355682373e-01
-2.368070185184479037e-01
-1.556166540831327438e-02
2.068793177604675571e-01
2.426584213972091952e-01
2.055260986089706421e-01
-1.303687840700149536e-01
-4.436876475811005194e-01
1.847232580184936523e-01
6.653393507003784180e-01
7.751083374023437500e-01
9.227517247200012207e-01
8.943071365356445312e-01
1.909627914428710938e-01
-4.783424139022827148e-01
-9.680409431457520641e-01
-6.401861310005187988e-01
-1.754147261381149292e-01
6.391164660453796387e-01
7.611965537071228027e-01
9.462596774101256214e-01
9.870381355285644531e-01
1.179934740066528320e+00
1.210902094841003418e+00
7.765126824378967285e-01
4.970331788063048761e-01
4.587997198104857843e-01
2.546873092651367188e-01
4.737945795059204102e-01
1.455805152654647827e-01
3.430387973785400391e-01
4.636671841144561768e-01
6.193554401397705078e-01
9.211989045143128552e-01
8.679018616676330566e-01
5.123877525329589844e-01
5.372474789619445801e-01
-1.330395787954330444e-01
-5.763361454010009766e-01
-1.616567671298980713e-01
-6.729613542556762695e-01
-5.480700731277465820e-01
5.782674551010131836e-01
7.516728043556213379e-01
1.030425071716308594e+00
1.142725110054015891e+00
6.389543414115905762e-01
5.058150291442871094e-01
3.280380666255950928e-01
1.220293417572975297e-01
-1.944042593240737915e-01
-2.705799937248229980e-01
-7.229475378990173340e-01
-1.044494435191154341e-01
-9.456967562437056107e-02
3.605874776840209961e-01
2.557830214500427246e-01
-2.565224766731262207e-01
-1.345829963684082031e-01
-3.588562607765197754e-01
-7.637569308280944824e-02
-4.880243837833405096e-01
-6.186227202415466309e-01
-1.099019289016723633e+00
-2.508737444877624512e-01
-9.448482394218443714e-01
-8.137533068656921387e-01
-8.370112776756286621e-01
-4.046463966369628906e-01
-4.738492369651793878e-01
-4.924264252185822088e-01
-9.212815761566162109e-01
-1.061829566955566406e+00
-1.151347041130065918e+00
-1.183642625808715820e+00
-1.218717932701110840e+00
-9.512338638305664062e-01
-3.331685364246368408e-01
-5.034737661480903625e-02
-4.229744374752045233e-01
-6.533995866775512695e-01
-1.243678927421569824e+00
-1.016561865806579590e+00
-9.905536770820617676e-01
-1.097886443138122559e+00
-1.656498551368713379e+00
-1.765058994293213113e+00
-1.004191398620605691e+00
-4.229964017868041992e-01
-1.120848134160041809e-01
-2.614715099334716797e-01
-5.636219978332520641e-01
-8.837724924087524414e-01
-1.773116469383239524e+00
-1.927912473678588867e+00
-2.395088672637939453e+00
-2.397484064102173296e+00
-1.945541501045226829e+00
-2.269290924072265625e+00
-1.935963511466979980e+00
-2.072696924209594727e+00
-2.132716417312621626e+00
-1.731143355369568093e+00
-1.567234873771667703e+00
-1.258091092109680176e+00
-9.351025819778442383e-01
-9.220018386840820312e-01
-9.319660663604736328e-01
-3.151509463787078857e-01
-2.250545471906661987e-01
5.476916432380676270e-01
-4.523713588714600164e-01
-5.222069621086120605e-01
-2.929763793945312500e-01
-1.933068595826625477e-02
3.961234688758850098e-01
3.719272315502166748e-01
5.723707005381583474e-02
1.494005415588617151e-02
-1.291116420179605657e-02
3.579258024692535400e-01
-7.715918868780136108e-02
-6.462512910366056962e-02
7.278900742530822754e-01
7.048318386077880859e-01
3.752712607383728027e-01
3.372054696083068848e-01
6.516591310501098633e-01
9.910455346107484298e-02
2.489509731531142911e-01
2.931542992591857910e-01
4.444387853145599920e-01
4.200615584850310724e-01
1.705891489982604980e-01
4.569899439811705988e-01
-3.150423169136047363e-01
-3.173191547393798828e-01
-4.158070683479309082e-01
-8.345425128936767578e-02
2.876178622245789129e-01
6.283209919929504395e-01
1.203629493713379128e+00
1.076140880584716797e+00
1.787255167961120605e+00
1.269165754318237305e+00
8.778030872344970703e-01
9.403402209281920276e-01
7.178308963775634766e-01
4.691194593906402033e-01
-6.244730353355407715e-01
3.269973695278167725e-01
4.470366835594177246e-01
1.993005126714706421e-01
-2.536337971687316895e-01
4.096173942089080811e-01
7.090772986412048340e-01
1.134433746337890625e+00
1.383215665817260742e+00
1.250374913215637207e+00
1.421550750732422097e+00
1.490264177322387695e+00
1.747429490089416504e+00
1.408079862594604492e+00
1.653374075889587402e+00
1.687596797943115234e+00
1.883316516876220703e+00
2.273641586303710938e+00
2.017347574234009233e+00
1.474017977714538574e+00
1.013109683990478294e+00
1.423857808113097922e+00
8.497063517570495605e-01
1.689221858978271706e+00
1.769466161727905273e+00
1.298185229301452637e+00
1.370533585548400879e+00
1.373226761817931907e+00
1.359801173210144043e+00
1.673811912536620872e+00
1.296324014663696289e+00
1.116373181343078613e+00
1.518817305564880371e+00
1.946952939033508301e+00
1.939768314361572488e+00
2.001132726669311523e+00
1.984364271163940430e+00
1.427536368370056152e+00
1.682904839515686035e+00
1.303956270217895508e+00
1.134366989135742188e+00
1.335169911384582297e+00
1.592698097229004128e+00
2.056769132614136186e+00
2.313175201416016069e+00
2.119370698928833008e+00
2.004053831100464311e+00
1.609737038612365501e+00
1.689135551452636719e+00
1.939768791198730469e+00
2.024160861968994141e+00
3.576607227325439453e+00
4.397224903106689453e+00
3.426879644393921343e+00
3.362071037292480469e+00
2.221839904785155806e+00
2.171771049499512163e+00
2.508106708526611772e+00
3.021323680877685103e+00
3.458162784576416016e+00
2.685543060302734375e+00
2.319335460662841797e+00
1.427075266838073508e+00
1.511718988418579102e+00
1.818996906280517578e+00
1.867981314659118874e+00
1.548352837562561035e+00
2.034582138061523438e+00
1.691440701484680176e+00
1.153624415397644043e+00
1.148846745491027832e+00
3.660043478012084961e-01
1.999693393707275613e+00
1.824327826499938965e+00
7.789511680603027344e-01
-1.924792528152465543e-01
-4.409932494163513184e-01
-2.800715267658233643e-01
-6.225889921188354492e-01
-1.476284742355346902e+00
-2.184189796447754350e+00
-2.851184606552123579e+00
-3.503342151641845703e+00
-2.627558946609497070e+00
-2.250567674636840820e+00
-1.559258222579956055e+00
-2.038655281066894531e+00
-1.519135713577270508e+00
-7.164980173110961914e-01
-1.229874119162559509e-01
-2.658196687698364258e-01
-6.953104734420776367e-01
-4.218628704547882080e-01
8.554224371910095215e-01
1.674273848533630371e+00
1.625265598297119141e+00
6.910000443458557129e-01
8.759348392486572266e-01
5.022592544555664062e-01
4.906270205974578857e-01
5.781000256538391113e-01
2.784548401832581122e-01
6.469035744667053223e-01
7.638782262802124023e-01
5.794366598129272461e-01
6.666767001152038574e-01
9.758771061897277832e-01
6.960576176643371582e-01
1.357425004243850708e-01
-1.989487707614898682e-01
-1.761958450078964233e-01
1.078098714351654053e-01
-2.030026614665985107e-01
5.196150541305541992e-01
5.465789437294006348e-01
-3.005655407905578613e-01
-1.707156151533126831e-01
-6.218459010124206543e-01
-5.108197033405303955e-02
-7.749968767166137695e-02
2.492514848709106445e-01
5.206081867218017578e-01
4.633862078189849854e-01
7.075411677360534668e-01
5.843419432640075684e-01
1.096707105636596902e+00
3.187778592109680176e-01
-1.636358499526977539e-01
3.509358316659927368e-02
2.524731159210205078e-01
-6.234121918678283691e-01
-5.059109330177307129e-01
-7.901804447174072266e-01
-4.188784658908843994e-01
-7.052309513092041016e-01
-8.405999541282653809e-01
-4.720177054405212957e-01
-4.853838086128234863e-01
-4.029080867767333984e-01
-4.095471799373626709e-01
1.714986562728881836e-01
-1.618393957614898682e-01
-3.557726368308066628e-02
-2.426218539476394931e-01
-1.045264955610036850e-02
-1.054524540901184082e+00
-1.509543657302856445e+00
-2.109687805175780806e+00
-1.954354286193848100e+00
-1.628443837165832297e+00
-1.624918580055236816e+00
-9.964375495910644531e-01
-1.150992393493652344e+00
-8.839635252952575684e-01
-1.012714266777038574e+00
-1.047925591468810813e+00
-1.063987374305724876e+00
-1.089061498641967773e+00
-1.058490633964538574e+00
-1.394237518310546875e+00
-3.264289796352386475e-01
8.152370154857635498e-02
1.007797755300998688e-02
2.945742905139923096e-01
3.953765332698822021e-01
7.124273777008056641e-01
-1.561966240406036377e-01
-4.575957357883452814e-01
1.010712818242609501e-03
-5.532399415969848633e-01
-4.158246517181397039e-01
-4.157472848892211914e-01
-1.879887878894805908e-01
-3.781055212020874023e-01
-5.272296667098999023e-01
9.468415379524232345e-02
3.876120224595069885e-02
4.047883152961730957e-01
-2.612732946872711182e-01
1.335497200489044189e-01
3.309790492057800293e-01
9.595935940742491566e-01
2.074594497680664062e+00
2.461781263351440430e+00
1.825639605522155984e+00
4.289276301860808771e-01
9.485963732004165649e-03
9.004840850830078125e-01
1.999110937118530495e+00
1.984954953193664773e+00
2.668771743774414062e+00
1.990046381950378418e+00
1.757207989692688210e+00
1.909398317337035911e+00
1.327740192413330078e+00
1.482444167137145996e+00
2.720585465431212824e-01
4.926449358463287909e-01
7.540759444236755371e-01
9.682906270027159534e-01
7.293050289154052734e-01
8.484278917312622070e-01
1.670996189117431641e+00
1.376453638076782227e+00
1.406742572784423828e+00
6.978693604469299316e-01
7.518635392189025879e-01
1.750417590141296387e+00
2.283875465393066406e+00
2.035100698471069336e+00
1.528388381004333496e+00
1.231178164482116699e+00
2.394537627696990967e-02
8.917823433876037598e-01
1.159891366958618164e+00
9.675589799880980335e-01
1.003966569900512695e+00
1.088036298751830833e+00
1.150774836540222168e+00
1.059112906455993652e+00
1.080097198486327903e+00
1.608189105987548828e+00
1.836417555809020996e+00
1.893016815185546875e+00
1.812272191047668457e+00
1.782343387603759766e+00
1.263723254203796387e+00
1.614195466041564941e+00
1.127851366996765137e+00
1.795168757438659668e+00
1.472210049629211426e+00
1.156783819198608398e+00
1.365539908409118874e+00
1.441916465759277122e+00
1.846254348754882812e+00
9.146152734756469727e-01
7.960695624351501465e-01
3.530750989913940430e+00
3.107294559478760210e+00
3.335643053054809570e+00
3.157634735107421875e+00
2.603537559509277344e+00
2.380561590194701704e+00
2.415533781051636186e+00
2.046573638916016069e+00
2.299356698989868164e+00
2.407422542572021040e+00
2.977085828781127930e+00
1.972698688507080078e+00
2.170645236968994141e+00
1.597139596939086914e+00
1.690698981285095215e+00
1.051723361015319824e+00
5.568655729293823242e-01
1.187714219093322754e+00
6.825527548789978027e-01
8.385407924652099609e-01
7.077326178550720215e-01
6.463499069213867188e-01
1.432467579841613770e+00
1.007695555686950906e+00
1.440029382705688477e+00
1.003749251365661621e+00
1.320753931999206321e+00
1.922195911407470703e+00
1.023164629936218484e+00
1.091336846351623535e+00
1.301443815231323242e+00
1.142605423927307129e+00
1.195604205131530762e+00
6.122445464134216309e-01
9.287093281745911755e-01
1.375580310821533203e+00
1.790669441223144309e+00
9.245812296867371716e-01
6.901298761367797852e-01
5.467488169670104980e-01
2.409032732248306552e-01
4.818125069141387939e-01
2.566909193992614746e-01
8.063036799430847168e-01
9.077827930450440563e-01
7.493132352828979492e-01
4.529654085636138916e-01
4.865527749061585028e-01
4.814101755619049072e-01
9.103317260742187500e-01
-2.564006745815277100e-01
-2.741831541061400812e-01
-2.832601964473724365e-01
-5.350700020790100098e-01
-1.057670414447784424e-01
-6.455399394035339355e-01
1.474247034639119928e-02
7.098897695541381836e-01
8.286868929862976074e-01
7.285431623458862305e-01
7.282330989837646484e-01
6.831287741661071777e-01
5.671375989913940430e-01
2.236393392086029053e-01
1.820093244314193448e-01
7.969326376914978027e-01
1.575955748558044434e+00
9.588468074798583984e-01
9.895090460777283825e-01
1.256530761718750000e+00
1.644711852073669434e+00
2.081282377243041992e+00
2.079844236373901367e+00
1.400496721267700195e+00
6.638368368148803711e-01
2.762760818004608154e-01
7.468200325965881348e-01
1.724072575569152832e+00
2.184937477111816406e+00
2.000914573669433594e+00
1.138617634773254395e+00
1.390632152557373047e+00
2.085076808929443803e+00
1.696945905685424805e+00
1.609663009643554910e+00
1.736310005187988503e+00
1.461221456527709961e+00
1.384207248687743919e+00
1.030992150306701660e+00
1.977743268013000488e+00
2.709702491760253906e+00
1.951353311538696289e+00
9.238877296447753906e-01
1.371269941329956055e+00
1.708160281181335449e+00
1.652691721916198730e+00
1.258489727973937988e+00
2.259392499923706055e+00
2.508208274841308594e+00
2.009533405303955078e+00
2.250847578048706055e+00
1.810785770416259988e+00
1.985757827758789062e+00
1.770887255668639915e+00
1.097301363945007102e+00
1.414609909057617188e+00
1.671488165855407493e+00
1.913520812988280806e+00
1.699719905853271706e+00
1.890172004699706809e+00
1.603830695152282715e+00
1.639366865158081055e+00
1.693770766258239524e+00
2.147557497024535689e+00
1.671714305877685547e+00
1.481226682662964089e+00
1.147538542747497559e+00
1.207119703292846902e+00
1.302161931991577148e+00
1.142745971679687500e+00
9.285151362419128418e-01
3.389059007167816162e-01
1.971340179443359375e-01
1.994712948799133301e-01
-1.685295999050140381e-01
-4.257028996944428045e-01
-3.419933915138245184e-01
-9.597440361976623535e-01
-3.429049849510192871e-01
-1.354895979166030884e-01
-2.890570461750030518e-01
-8.621680736541748047e-01
-9.013083577156068005e-01
-9.623709321022033691e-01
-1.482241511344909668e+00
-2.596721053123474121e-01
4.004978835582733154e-01
3.528126776218414307e-01
2.125179618597030362e-01
4.820769131183624268e-01
-6.907383799552917480e-01
-4.320134818553925116e-01
3.649477958679199219e-01
1.045260429382324219e+00
1.059428453445434570e+00
6.598279476165771484e-01
1.327988982200622559e+00
1.674516081809997559e+00
2.207434892654418945e+00
2.369118452072143999e+00
1.731823444366455078e+00
1.203589200973510742e+00
9.950577020645141602e-01
6.338377594947814941e-01
2.077139765024184626e-01
1.334480404853820801e+00
1.093477249145507812e+00
8.815116882324218750e-01
1.106433153152465820e+00
-7.245396971702575684e-01
-1.438540101051330566e+00
-7.285678982734680176e-01
-5.788341164588928223e-01
-6.708810925483703613e-01
1.028149574995040755e-01
-3.703452646732329767e-01
-1.078050494194030762e+00
-1.255104094743728638e-01
-1.165869712829589844e+00
-9.389218688011168323e-01
-1.124667048454284890e+00
-1.058425426483154297e+00
7.959286868572235107e-02
1.391924638301134109e-02
5.367459654808044434e-01
6.083752512931823730e-01
-3.982155025005340576e-02
1.080400198698043684e-01
-2.470806390047073087e-01
2.218398898839950562e-01
9.866780787706376510e-02
5.356761813163757324e-01
1.358563601970672607e-01
-9.807197749614715576e-02
-8.163066208362579346e-02
1.423330157995223999e-01
-2.133726179599761963e-01
2.135118544101715088e-01
-2.982559502124786377e-01
-5.270991325378417969e-01
-4.863700866699218750e-01
-6.735836863517761230e-01
-3.965921103954315186e-01
-4.338241219520568848e-01
-2.298838943243027011e-01
2.188116163015365601e-01
6.770082712173461914e-01
9.758689999580384411e-01
3.537259399890900213e-01
9.149218201637268066e-01
7.821114361286161942e-02
8.947654962539672852e-01
1.091013431549072488e+00
1.460697054862975852e+00
1.174152612686157227e+00
7.287991642951965332e-01
5.558764934539794922e-01
7.526054382324218750e-01
1.222896575927734375e+00
6.241574287414550781e-01
2.981927245855331768e-02
2.995722293853760321e-01
1.087534189224243164e+00
6.808403730392456055e-01
2.182121574878692627e-01
1.877394020557404120e-01
6.635896861553192139e-02
1.258309960365295410e+00
6.971011161804199219e-01
5.110992193222045898e-01
2.282443046569823941e-01
5.907763242721557617e-01
9.131599068641663708e-01
7.301221489906311035e-01
1.310287714004516602e+00
1.171709656715393066e+00
5.924123525619506836e-01
-8.804566860198974609e-01
-1.402225971221923828e+00
-5.349175333976745605e-01
-7.434591650962829590e-01
-2.323561348021030426e-02
6.400808095932006836e-01
2.806964218616485596e-01
7.357614040374755859e-01
9.456972479820251465e-01
1.351541399955749512e+00
9.642535448074339710e-01
5.054446458816528320e-01
7.137095928192138672e-01
5.058988332748413086e-01
7.700236439704895020e-01
4.268068969249724787e-01
5.548362731933593750e-01
5.691087841987609863e-01
1.327646970748901367e+00
1.025019288063049094e+00
2.923296689987182617e-01
3.140487968921660822e-01
4.676668941974639893e-01
1.138415694236755371e+00
1.684820771217346191e+00
3.382444083690643311e-01
-3.180890083312988281e-01
-9.041592478752136230e-01
-1.331428766250610352e+00
-1.380804777145385520e+00
-1.463448882102966309e+00
-1.330127716064453125e+00
-1.329917073249817117e+00
-1.350258350372314453e+00
-1.386005520820617676e+00
-1.712172031402588113e+00
-4.074237942695617676e-01
-6.410840153694152832e-01
-3.867862522602080744e-01
-7.215090394020080566e-01
-9.851291775703430176e-01
-9.882204979658126831e-02
-4.926502406597138006e-01
-1.848085969686507901e-01
-2.162172496318817139e-01
-3.554761111736297607e-01
2.379681318998337070e-01
5.052372813224792480e-01
-7.813478261232376099e-02
-3.829620182514191229e-01
-7.690786123275756836e-01
-6.140181422233581543e-01
-1.644406467676162720e-01
-2.623150944709777832e-01
-8.335580229759216309e-01
-2.294723689556121549e-01
8.666382431983947754e-01
1.201099753379821777e+00
8.839569091796875000e-01
-6.615566611289978027e-01
-1.092837691307068093e+00
-3.182836174964904785e-01
2.050551772117614746e-01
2.658703923225402832e-01
2.460417449474334994e-01
-1.619181782007217407e-01
-1.688437461853027122e+00
-2.608719825744628906e+00
-3.500341415405272993e+00
-4.185848712921143466e+00
-4.397430419921875000e+00
-4.873366355895996094e+00
-4.683640003204346591e+00
-5.398818492889403409e+00
-4.711139202117919922e+00
-3.200208187103271484e+00
-3.872936964035033736e+00
-2.566711664199829102e+00
-3.287270069122314453e+00
-3.277731180191040039e+00
-3.472770690917968750e+00
-4.396261215209961826e+00
-4.029296398162841797e+00
-4.056632995605468750e+00
-4.386406421661376953e+00
-4.007186889648437500e+00
-3.691191911697388139e+00
-3.381747961044311523e+00
-3.279917716979980469e+00
-3.066106796264648438e+00
-2.846714258193969727e+00
-2.689192771911621094e+00
-1.782558321952819824e+00
-1.652962446212768555e+00
-1.815326333045959695e+00
-1.700927853584289551e+00
-1.713246226310729980e+00
-1.355790615081787109e+00
-1.324456214904785156e+00
-1.962929487228393555e+00
-1.891142010688781516e+00
-1.616495370864868164e+00
-1.251204490661620872e+00
-1.745522737503051758e+00
-1.146849155426025391e+00
-6.028097271919250488e-01
-1.871115565299988071e-01
-4.065677523612976074e-01
-4.035003185272216797e-01
-8.525632619857788086e-01
-2.575855255126953125e-01
-4.526830911636353094e-01
5.992909073829650879e-01
8.521581292152404785e-01
6.555780768394470215e-01
7.832989692687988281e-01
8.515617251396179199e-01
5.446963310241699219e-01
2.841776609420776367e-01
5.174931883811950684e-01
5.958016514778137207e-01
4.094483256340026855e-01
1.236211299896240234e+00
5.826879143714904785e-01
1.170397758483886719e+00
1.372687220573425293e+00
1.483379721641540305e+00
1.125646352767944336e+00
1.899002432823180708e+00
2.311319112777709961e+00
3.274585008621216264e+00
2.552896499633789062e+00
3.127038478851318359e+00
2.578408479690552202e+00
2.428592443466186523e+00
2.404584169387817383e+00
2.116547822952270508e+00
1.894919991493225098e+00
2.019212961196899414e+00
1.937851309776306374e+00
2.101577281951904297e+00
1.832915186882019043e+00
1.911311507225036843e+00
1.958600640296936035e+00
2.349280595779418945e+00
2.339862585067749023e+00
2.488296747207641602e+00
2.222748756408691406e+00
2.478916645050048828e+00
2.302473068237304688e+00
1.766182899475097656e+00
2.152415513992309570e+00
2.769118070602416992e+00
2.703945159912109375e+00
2.780738115310668945e+00
2.729361534118652344e+00
2.163971185684204102e+00
2.510795831680298296e+00
3.268420934677123579e+00
3.278719425201416016e+00
2.999172449111938477e+00
3.009427785873413086e+00
2.671873092651366743e+00
2.549853086471557617e+00
2.284227371215820312e+00
1.793776512145995872e+00
1.799939155578613281e+00
2.009576559066772461e+00
1.846552133560180886e+00
1.374643921852111816e+00
1.228372693061828613e+00
9.685783386230467640e-01
9.537252783775329590e-01
2.761491760611534119e-02
1.016874074935912864e+00
8.490711450576782227e-01
2.004730939865112305e+00
1.587384581565856934e+00
1.168218374252319114e+00
1.770187973976135254e+00
1.767279148101806641e+00
2.039824724197388139e+00
2.746038198471069336e+00
2.819648981094360352e+00
2.380785226821899414e+00
2.197507381439208984e+00
2.571593523025512695e+00
2.061827421188354492e+00
2.195131063461304155e+00
1.856816649436950906e+00
1.741872906684875710e+00
2.243150949478149414e+00
2.198959350585937056e+00
1.785341262817382812e+00
1.851608514785766380e+00
1.872314929962158425e+00
1.535841584205627441e+00
9.332508444786071777e-01
9.572424292564392090e-01
7.007353901863098145e-01
3.885940313339233398e-01
-1.928318589925765991e-01
-4.765664637088776190e-01
-6.595840454101562500e-01
3.969141840934753418e-01
4.653161466121674139e-01
2.255662083625792902e-01
4.331846833229064941e-01
9.664804339408875622e-01
1.824319243431091531e+00
1.893259167671204057e+00
2.029430866241455078e+00
2.038229227066040039e+00
2.275504827499389648e+00
2.010268926620483398e+00
1.320353627204895020e+00
1.333102226257324219e+00
8.312410712242126465e-01
7.160960435867309570e-01
9.539246559143066406e-02
2.244012951850891113e-01
-3.013448119163513184e-01
-8.275141566991806030e-02
1.791706681251525879e-01
5.785345435142517090e-01
7.721553444862365723e-01
1.297687530517577903e+00
1.092168807983398438e+00
1.013244271278381126e+00
7.882373929023742676e-01
4.858109354972839911e-01
7.860961556434631348e-01
7.385364174842834473e-01
9.831538796424865723e-01
1.453376412391662598e+00
1.855436086654663086e+00
1.237810134887695090e+00
1.406306028366088867e+00
1.195365548133850098e+00
1.241252899169922097e+00
1.013350367546081543e+00
1.503098011016845703e+00
8.665710091590881348e-01
1.504878282546996848e+00
2.010387659072875977e+00
2.646577596664428711e+00
2.459106445312500000e+00
2.249276876449584961e+00
2.578893184661864790e+00
2.360134601593017578e+00
2.490831613540649414e+00
2.346255064010620117e+00
2.350819110870361328e+00
2.828139066696166992e+00
3.049413681030272993e+00
3.166162729263305664e+00
3.184212684631348100e+00
2.647346973419189009e+00
2.181439876556396484e+00
2.172504663467407227e+00
2.972791194915771484e+00
3.430946350097655806e+00
3.807940483093261719e+00
3.628081083297729492e+00
3.917625427246093750e+00
3.394312858581542969e+00
3.219739198684692383e+00
2.627849817276000977e+00
2.766345977783203125e+00
2.358919143676758257e+00
2.656433343887329102e+00
2.382073640823364258e+00
2.137278556823730469e+00
2.062164783477783203e+00
2.330258369445800781e+00
2.471330404281615767e+00
2.646461486816406250e+00
2.938205242156982422e+00
1.471773386001586914e+00
2.133743047714233398e+00
1.994787454605102317e+00
2.033207416534424272e+00
1.750976562500000000e+00
2.100829839706420898e+00
2.453197002410888672e+00
2.207150220870972124e+00
2.321101665496826172e+00
2.345567464828490767e+00
2.377264976501464844e+00
2.876782417297363725e+00
2.868782281875610352e+00
3.322919368743896484e+00
2.818306684494018555e+00
2.618940591812134233e+00
2.765512228012084961e+00
2.248916387557983398e+00
2.565376996994018555e+00
3.659022331237792969e+00
3.108924388885498047e+00
3.718449592590332031e+00
3.664679050445556641e+00
3.858816862106323242e+00
4.188834667205810547e+00
3.969209909439086914e+00
3.877021789550780806e+00
4.342532157897948331e+00
4.391263961791991299e+00
5.143050670623778409e+00
4.788232326507568359e+00
4.581105709075927734e+00
4.143547058105468750e+00
3.457162141799926758e+00
3.861115217208862305e+00
2.788803577423096147e+00
3.181868314743041992e+00
2.705187797546386719e+00
2.282039403915405273e+00
2.267938375473022461e+00
1.979312539100646973e+00
1.645032525062561035e+00
7.243559360504150391e-01
1.083552479743957520e+00
9.715371131896971546e-01
1.016150832176208496e+00
1.574198126792907493e+00
2.150793075561523438e+00
1.723744988441467285e+00
1.532795310020446777e+00
6.129706501960754395e-01
1.417713403701782227e+00
1.353373289108276367e+00
2.558516025543212891e+00
2.443648338317871094e+00
2.543219804763793945e+00
2.945134162902832031e+00
2.389062404632568359e+00
1.927421808242797630e+00
2.681350708007812500e+00
2.962362051010131836e+00
3.593157291412353072e+00
3.527704477310180664e+00
4.190624237060546875e+00
4.318418025970458984e+00
5.207412242889403409e+00
4.864134311676025391e+00
4.503981590270996094e+00
4.153699398040772373e+00
4.403760910034179688e+00
3.494437456130981001e+00
3.647164583206176758e+00
2.662650823593140093e+00
2.580124139785766602e+00
2.359549045562744141e+00
2.746000766754150391e+00
2.846566677093506303e+00
3.326526165008544922e+00
3.355318784713745117e+00
3.232160329818725586e+00
3.356981039047241211e+00
3.498984336853027788e+00
3.310319662094116211e+00
3.372302532196044922e+00
3.401683092117309570e+00
3.431369781494140625e+00
3.137862205505371094e+00
2.534847259521484375e+00
3.274724721908569336e+00
3.262720346450805664e+00
3.454880475997924805e+00
3.991532325744628906e+00
4.335203647613524502e+00
3.827620029449462891e+00
3.105421304702758789e+00
2.503791809082031250e+00
2.879719018936156782e+00
2.268374919891357422e+00
2.405673742294311523e+00
1.988315582275390403e+00
1.832831740379333274e+00
1.835220694541931152e+00
1.418923854827880859e+00
2.092786788940429688e+00
3.119215011596680132e+00
3.102538824081421343e+00
2.756931066513061079e+00
2.372664451599121094e+00
2.374263763427734375e+00
2.381422281265259233e+00
2.105708360671996626e+00
2.659446954727173296e+00
2.353896856307983398e+00
2.983786106109618697e+00
3.269472122192383257e+00
3.817039489746093750e+00
2.951683998107910156e+00
2.331242084503173828e+00
2.721113920211791992e+00
2.796687602996826172e+00
3.479878187179564986e+00
3.147510528564453125e+00
2.766162157058715820e+00
1.829802632331847922e+00
9.477034807205200195e-01
1.035466432571411133e+00
8.975147008895874023e-01
1.320450901985168457e+00
1.138055682182312012e+00
6.867275238037109375e-01
1.002984166145324707e+00
1.571427434682846069e-01
6.621407270431518555e-01
1.115887165069580078e+00
8.546451926231384277e-01
5.093909502029418945e-01
3.259056210517883301e-01
1.228893995285034180e+00
1.239507198333740234e+00
1.884832978248595969e+00
1.390905618667602317e+00
1.569774866104125977e+00
1.897582292556762695e+00
2.058235168457031250e+00
1.557661414146423118e+00
1.967112541198730469e+00
2.273588180541991743e+00
2.212987661361694336e+00
2.011044502258301225e+00
2.132556915283203125e+00
2.369944334030151811e+00
1.881269454956054910e+00
1.790177941322326882e+00
1.416253209114074707e+00
1.934631586074829102e+00
2.700172424316406250e+00
2.363903522491455078e+00
2.010149478912353072e+00
1.505395531654358132e+00
1.303657650947570801e+00
1.539878487586975098e+00
8.820343613624572754e-01
1.587752461433410645e+00
2.118708133697509766e+00
2.013644933700561079e+00
1.459323644638061523e+00
1.020668864250182883e+00
8.789463639259338379e-01
1.174466371536254883e+00
5.792137384414672852e-01
9.674303531646728516e-01
8.615461587905883789e-01
1.842267215251922607e-01
5.034173130989074707e-01
5.837395787239074707e-01
5.954945087432861328e-01
1.378174573183059415e-01
-4.832199215888977051e-01
-3.252578079700469971e-01
-3.346849083900452215e-01
-4.866124987602233887e-01
-1.901869416236877219e+00
-1.857788681983947976e+00
-1.642730236053466797e+00
-1.996292710304260476e+00
-1.856654167175293191e+00
-1.274415254592895508e+00
-3.447106182575225830e-01
-4.084267318248748779e-01
-6.972193717956542969e-01
-8.879129290580749512e-01
-5.796276926994323730e-01
-9.346186518669128418e-01
-6.100444793701171875e-01
9.993103891611100631e-02
-1.772732138633728027e-01
-1.278465054929256439e-02
-1.485350877046585083e-01
2.221662104129791537e-01
9.667070955038070679e-02
-3.067649900913238525e-01
3.186739087104796808e-01
5.633917450904846191e-01
2.406886070966721136e-01
8.167551457881927490e-02
3.874868452548981268e-01
-1.448045298457145691e-02
3.099214732646942139e-01
-1.411686390638351440e-01
1.113470315933227539e+00
1.231998443603515625e+00
1.563936173915863037e-01
5.975215435028076172e-01
-2.301507145166397095e-01
-5.763236880302429199e-01
6.068654656410217285e-01
-1.059273004531860352e+00
-7.671374678611755371e-01
-6.544374823570251465e-01
-1.037863850593567117e+00
-9.551289081573486328e-01
-7.227208614349365234e-01
-1.669989824295043945e+00
-9.709728360176086426e-01
-1.056272029876709206e+00
-9.502895474433900036e-01
-1.215961337089538574e+00
-9.096109867095948376e-01
-9.220953583717346191e-01
-1.315139830112457275e-01
-1.330993771553039551e+00
-1.619730830192565918e+00
-2.228922843933105025e+00
-1.030144214630127175e+00
-9.967876672744752087e-01
-1.191480159759521706e+00
-1.679954051971435547e+00
-1.508574008941650391e+00
-3.932240605354309082e-01
-8.399688601493835449e-01
-1.043785452842712402e+00
-1.022019624710083008e+00
-5.483686327934265137e-01
-1.686593651771545410e+00
-7.551947832107543945e-01
-1.147142410278320312e+00
-8.141378760337829590e-01
-2.232886552810668945e-01
-7.593590021133422852e-01
-1.822950094938278476e-01
-8.224456310272216797e-01
-4.283303618431090753e-01
-1.245719671249389648e+00
-9.170234203338624157e-01
-1.164161324501037598e+00
-1.500977039337158203e+00
-1.872041463851928711e+00
-1.365859746932983398e+00
-2.109770059585571733e+00
-1.678907036781311035e+00
-2.050339460372925249e+00
-1.221709728240966797e+00
-1.553311109542846902e+00
-1.040622353553771973e+00
-1.808433651924133301e+00
-1.036894679069519043e+00
-1.456481575965881126e+00
-7.552641034126281738e-01
-9.958134293556212269e-01
-1.711599230766296387e+00
-1.545080065727234109e+00
-2.311712026596069336e+00
-2.697609901428222656e+00
-3.124976158142089844e+00
-3.482545852661133257e+00
-4.028830528259276456e+00
-3.971042156219481534e+00
-3.867694139480591264e+00
-3.279927253723144531e+00
-3.732224941253662109e+00
-3.182677030563354492e+00
-3.340966939926147461e+00
-4.186739921569823331e+00
-3.844705581665038618e+00
-3.673873901367187944e+00
-3.313691854476928711e+00
-3.323657989501953125e+00
-3.012260913848876953e+00
-2.185479879379272461e+00
-1.742896556854248047e+00
-1.808448910713196023e+00
-1.644613504409790039e+00
-1.132637262344360352e+00
-1.367447972297668457e+00
-2.256398200988769087e+00
-2.043785095214844194e+00
-1.789628744125366211e+00
-1.458376288414001687e+00
-6.177366375923156738e-01
-1.723519086837768555e+00
-1.086283564567565918e+00
-1.779118299484253152e+00
-1.268671512603759766e+00
-1.319127917289734109e+00
-1.554724931716918945e+00
-1.221932530403137207e+00
-1.229919075965881126e+00
-8.461192846298217773e-01
4.367485046386718750e-01
4.128067940473557212e-02
-6.120668649673461914e-01
-6.884250044822692871e-01
-7.403199672698974609e-01
-2.047626078128814697e-01
2.286669760942459106e-01
7.188181877136229359e-01
7.192159295082092285e-01
9.466838836669921875e-01
1.091896295547485352e+00
7.108081579208374023e-01
8.940147757530212402e-01
1.798708796501159668e+00
1.259138464927673118e+00
8.868030309677124023e-01
-6.176600698381661501e-03
9.522175788879395919e-02
9.528826475143431507e-01
6.050590872764587402e-01
4.509131014347076971e-01
1.207662582397460938e+00
6.511180996894836426e-01
3.618018031120299738e-01
1.370026916265487393e-01
8.329985141754150391e-01
6.290333271026611328e-01
7.080873847007751465e-01
4.118593037128449041e-01
2.871770262718201239e-01
-7.763696312904357910e-01
-1.356344342231750488e+00
-3.798295557498931885e-01
-6.472691297531127930e-01
-7.905625104904174805e-01
-1.095886945724487305e+00
-1.033211708068847656e+00
1.924714595079421997e-01
-5.997322499752044678e-02
4.092330038547515869e-01
5.468817949295043945e-01
1.010310769081115501e+00
1.113570451736450195e+00
1.337246298789978027e+00
6.184773445129394531e-01
1.578038185834884366e-01
2.128850668668746948e-01
7.784118056297302246e-01
3.892070427536965110e-02
-3.051656782627105713e-01
4.868379607796669006e-02
-2.163916677236557007e-01
-7.892675697803497314e-02
-6.258824467658996582e-01
-4.846881031990051270e-01
-1.159970641136169434e+00
-1.171637058258056641e+00
-1.764334917068481445e+00
-2.065392255783081055e+00
-1.803405880928039995e+00
-2.130483627319335938e+00
-2.329180955886840820e+00
-2.157615423202514204e+00
-1.768937349319458008e+00
-1.948198795318603516e+00
-1.946687579154968484e+00
-1.178912639617919922e+00
-1.296572923660278320e+00
-1.218270659446716309e+00
-2.306440591812134233e+00
-1.083805322647094727e+00
-1.203831195831298828e+00
-2.598993539810180664e+00
-2.233416557312012163e+00
-1.545759558677673118e+00
-1.519518375396728294e+00
-1.097637653350829856e+00
-1.060216903686523438e+00
-2.765064239501953125e-01
1.392968278378248041e-02
7.105001211166381836e-01
3.713359236717224121e-01
-4.774543941020966131e-01
-2.743019163608551025e-01
7.900579571723937988e-01
4.612904042005538940e-02
4.686484336853026789e-01
-7.758374214172363281e-01
-6.130498051643371582e-01
-1.058913320302963257e-01
3.524732589721680243e-01
6.705940961837768555e-01
5.457536578178405762e-01
1.024052619934082031e+00
1.347343206405639648e+00
1.547789692878723145e+00
1.732253909111023171e+00
8.056746721267700195e-01
9.696634411811827503e-01
1.288454294204711914e+00
2.242872953414916992e+00
1.823088645935058372e+00
1.915334582328796387e+00
2.562578201293945312e+00
2.149570226669311523e+00
2.419242382049560547e+00
2.309030771255493164e+00
2.252898693084716797e+00
2.711540460586548296e+00
3.363267183303833008e+00
2.778269767761230469e+00
4.699694633483886719e+00
3.443314552307128906e+00
2.874058008193969727e+00
2.943932056427001953e+00
2.740654468536376953e+00
3.102915525436401367e+00
2.529404163360596147e+00
3.374907970428466797e+00
3.250764369964600053e+00
2.536021471023560014e+00
1.887948274612426758e+00
2.223141431808472124e+00
3.374809980392456055e+00
2.969583511352538618e+00
3.208818197250366211e+00
3.466093540191650391e+00
3.307637214660644531e+00
2.762862205505371094e+00
2.328366756439208984e+00
1.729688167572021706e+00
2.350064277648925781e+00
2.506640911102294922e+00
2.726540088653564453e+00
3.226023912429809570e+00
3.472459077835083008e+00
3.615782737731933594e+00
3.494531154632568359e+00
3.765750885009765625e+00
3.653670549392700195e+00
3.622524976730346236e+00
3.144865512847900391e+00
3.150844812393188477e+00
3.754403829574584961e+00
3.001701354980468750e+00
3.347882032394408736e+00
2.139782905578613281e+00
2.559948205947875977e+00
2.585040807723999023e+00
2.014480113983154297e+00
1.547312974929809570e+00
1.459295272827148438e+00
1.360529780387878418e+00
2.603780269622802734e+00
2.108733177185058594e+00
2.109905719757080078e+00
9.893848299980163574e-01
1.193013429641723633e+00
5.056432485580444336e-01
2.648484110832214355e-01
8.227661848068237305e-01
1.267615556716918945e-01
-4.314097762107849121e-01
-1.057716235518455644e-01
-6.369652152061462402e-01
-1.218335032463073508e+00
-6.612735986709594727e-01
-3.610694110393524170e-01
-6.208282113075256348e-01
-9.672309756278991699e-01
-1.352548360824584961e+00
-9.265795946121215820e-01
-1.366514563560485840e+00
-1.234773755073547363e+00
-2.076042413711548296e+00
-1.137281775474548340e+00
-1.284649848937988503e+00
-4.519727528095244806e-01
-5.063920617103576660e-01
-8.495008349418640137e-01
-9.772982597351074219e-01
-1.624089479446411133e+00
-1.704269289970398171e+00
-1.211800813674926758e+00
-1.121546983718872070e+00
-1.151553153991699219e+00
-1.654836416244506836e+00
-8.520049452781677246e-01
-9.463495016098022461e-01
-6.124100089073181152e-01
-9.417651295661926270e-01
-5.578948855400085449e-01
-2.825153619050979961e-02
1.012025251984596391e-01
3.330017924308776855e-01
9.693799614906312145e-01
4.242968261241912842e-01
1.015658736228942871e+00
5.552153587341308594e-01
7.517704963684082031e-01
9.367319345474244274e-01
3.857851028442382812e-01
8.192018270492553711e-01
9.674882292747497559e-01
1.297340512275695801e+00
9.489980340003968395e-01
9.034630060195923962e-01
3.955752253532409668e-01
6.242567896842956543e-01
1.620818078517913818e-01
9.071655273437500000e-01
1.195093154907226562e+00
1.047097206115722878e+00
3.156757354736328125e-01
6.300734281539916992e-01
-3.691702783107757568e-01
-1.204495429992675781e-01
9.024906754493712269e-01
1.557124972343444824e+00
9.698765873908995472e-01
6.944972276687622070e-01
4.667963385581970215e-01
-1.529142167419195349e-02
1.623801887035369873e-01
-2.520759589970111847e-02
-1.856769025325775146e-01
-2.919713594019412994e-02
-1.795608103275299072e-01
-1.170911908149719238e+00
9.879761189222335815e-02
2.687406241893768311e-01
-3.707289397716522217e-01
3.262104094028472900e-01
2.383053116500377655e-02
6.686796545982360840e-01
6.789419651031494141e-01
1.104802250862121582e+00
1.093348503112792969e+00
-3.391159772872924805e-01
1.007105484604835649e-01
2.258359342813492099e-01
-5.028763413429260254e-01
9.010983109474182129e-01
8.854028582572937012e-01
-7.146152853965759277e-01
1.918399184942245206e-01
9.808709621429444470e-01
7.805276513099670410e-01
1.435250163078308105e+00
1.013254523277282715e+00
3.385571837425231934e-01
8.503574728965759277e-01
6.536961793899536133e-01
4.284172058105468750e-01
-2.140036784112453114e-02
6.291040778160095215e-01
7.996898889541625977e-02
1.475979387760162631e-01
-2.579860091209412176e-01
-3.377231955528259277e-01
4.607764631509781578e-02
6.628797203302382035e-02
1.014608144760131697e-01
4.738053381443024237e-01
7.613806724548340954e-01
6.757017970085144043e-01
9.669082164764404297e-01
7.929906249046325684e-01
6.589459776878356934e-01
5.461412295699120262e-02
2.022174149751663208e-01
3.120749592781066895e-01
1.467296630144119263e-01
-6.055226325988770641e-01
3.211759403347969055e-02
-7.128760218620300293e-02
-2.467438131570816040e-01
-2.978755533695220947e-01
-5.226629376411437988e-01
-1.303378701210021973e+00
-1.552270293235778809e+00
-1.787036776542663574e+00
-9.194775223731995739e-01
-1.014183238148689270e-01
3.237823396921157837e-02
-2.839515805244445801e-01
1.300424337387084961e-01
1.013862714171409607e-01
4.659211933612824041e-01
-4.317709431052207947e-02
2.343989610671997070e-01
1.667605154216289520e-02
6.561186164617537064e-02
4.003529846668242853e-01
-1.705423891544342041e-01
2.132204324007034579e-01
3.434389233589172363e-01
6.805564761161804199e-01
3.188055157661437988e-01
3.338017761707305908e-01
1.433679163455963135e-01
3.819504380226135254e-01
5.848587751388549805e-01
1.105585098266601562e+00
1.095627427101135254e+00
1.278783202171325684e+00
1.248756885528564453e+00
1.528246879577636719e+00
1.458324790000915527e+00
1.102532982826232910e+00
1.456992149353027122e+00
2.077546596527100053e+00
1.610505223274230957e+00
2.271632432937622070e+00
1.309304237365722878e+00
1.819483518600464089e+00
1.617947101593017578e+00
1.318474769592285156e+00
2.005538702011108398e+00
2.080428361892699751e+00
2.398035287857056108e+00
2.141950130462646484e+00
2.538713693618774414e+00
2.267110824584960938e+00
2.020504236221313032e+00
1.506281733512878418e+00
2.313361883163451704e+00
1.592634558677673118e+00
1.679495692253112793e+00
1.714102745056152344e+00
2.210858345031738281e+00
2.333502292633056641e+00
2.375790119171142578e+00
2.865457057952881303e+00
3.465632200241088867e+00
3.843458414077758789e+00
3.600311994552612305e+00
3.839297294616698775e+00
4.113531112670897549e+00
4.179818630218506748e+00
5.287836551666259766e+00
4.959549427032471591e+00
5.090329647064208984e+00
4.857768535614013672e+00
4.007428646087647373e+00
3.683724641799927202e+00
3.360694646835326704e+00
3.994565010070801225e+00
3.739797115325928178e+00
3.258741378784180132e+00
3.279851675033569336e+00
2.711311340332031250e+00
2.893593072891235796e+00
2.525391101837158203e+00
2.492502450942993164e+00
2.076858758926392046e+00
1.911378264427185059e+00
1.433104753494262695e+00
1.692812442779541016e+00
1.344891071319580078e+00
1.370128631591796875e+00
8.294991850852966309e-01
3.380619585514069159e-01
5.342485308647155762e-01
-1.813006252050400058e-01
-8.988530635833740234e-01
-1.240704178810119629e+00
-1.613850116729736328e+00
-1.328717231750488503e+00
-1.942763447761536089e+00
-1.475918054580688477e+00
-1.451410055160522461e+00
-1.025894045829772949e+00
-1.621815800666809082e+00
-1.910834312438964844e+00
-1.416631460189819114e+00
-9.687150716781616211e-01
-2.732530236244201660e-01
-7.926100492477416992e-01
-4.612690508365631104e-01
-5.137072205543518066e-01
-1.203792810440063699e+00
-5.925166010856628418e-01
-1.215743303298950195e+00
-9.303739070892333984e-01
-7.417159676551818848e-01
-6.008899807929992676e-01
-8.011481761932373047e-01
-4.348723292350769043e-01
-1.877110749483108521e-01
-4.870924055576325018e-01
-9.216774702072143555e-01
-9.804230332374571644e-01
-1.563277482986450195e+00
-2.027494668960571733e+00
-1.877113342285156028e+00
-1.620587944984436035e+00
-1.398106098175048828e+00
-1.279225111007690430e+00
-1.682082653045654297e+00
-2.085238456726073775e+00
-2.298357248306274414e+00
-1.899443149566650391e+00
-2.949260473251342773e+00
-2.194414615631103516e+00
-2.086271286010741743e+00
-2.442419052124023438e+00
-2.207393407821655718e+00
-2.679054975509643999e+00
-2.206112861633300781e+00
-2.343797922134399414e+00
-1.992839813232421653e+00
-1.855698466300964355e+00
-3.003097057342529297e+00
-3.142743587493896484e+00
-2.735092878341674805e+00
-2.919212579727173296e+00
-2.704745531082153320e+00
-3.226973533630371094e+00
-3.314806461334228516e+00
-3.520356178283691406e+00
-3.611002206802368164e+00
-3.381841659545898438e+00
-3.861768722534180132e+00
-4.321692466735839844e+00
-4.086483478546143466e+00
-4.294112682342528409e+00
-4.446136951446533203e+00
-4.571629524230957031e+00
-4.031876087188721591e+00
-3.724620819091796875e+00
-4.178382396697998047e+00
-3.995824813842772993e+00
-4.321144580841064453e+00
-3.604501008987426314e+00
-4.166591644287108487e+00
-4.721786975860596591e+00
-4.553029060363769531e+00
-4.075399398803711826e+00
-3.785431385040283203e+00
-4.281191349029541016e+00
-4.104535579681396484e+00
-3.507457017898560014e+00
-2.495731592178344727e+00
-2.392376422882080078e+00
-2.013167858123779741e+00
-9.560044407844543457e-01
-1.420046091079711914e+00
-1.523969292640686035e+00
-9.398981928825378418e-01
-7.782607674598693848e-01
1.910825446248054504e-02
-4.590955376625061035e-01
-9.917232990264891468e-01
-4.146975278854370117e-01
-9.600467681884765625e-01
-3.799469470977783203e-01
-5.675089955329895020e-01
-4.821939021348953247e-02
2.295085489749908447e-01
4.718774259090424139e-01
3.563194572925568182e-01
-2.722373008728027344e-01
-4.084288775920867920e-01
-1.041845440864562988e+00
-3.135634064674376886e-01
-1.654704958200454712e-01
-5.584733486175537109e-01
-7.308501601219177246e-01
-8.541864752769470215e-01
-1.043610453605652078e+00
-9.513494968414307751e-01
-1.545921087265014648e+00
-1.440479874610900879e+00
-1.014773488044738770e+00
-9.768360257148743786e-01
-1.236033439636230469e+00
-2.097547292709350586e+00
-1.707594633102416992e+00
-1.672598838806152344e+00
-2.054826498031615767e+00
-1.714542865753173828e+00
-2.247714996337890181e+00
-1.650845289230346902e+00
-1.192131638526916504e+00
-1.258475422859192117e+00
-1.108518004417419434e+00
-1.003827691078185813e+00
-3.139677047729492188e-01
-7.741754055023193359e-01
-1.004757761955261230e+00
-1.222640037536620872e+00
-2.339918136596680132e+00
-1.751262307167053223e+00
-1.579541206359863281e+00
-1.292152523994445801e+00
-1.210930705070495605e+00
-1.002944827079772949e+00
-6.877577304840087891e-01
-1.206858277320861816e+00
-9.744355082511901855e-01
-1.304520606994629128e+00
-1.160241365432739258e+00
-8.785490393638610840e-01
-1.234411358833312988e+00
-4.143858850002288818e-01
-1.088524088263511658e-01
1.150572299957275529e-01
4.128938913345336914e-01
5.388552546501160778e-01
2.746578156948089600e-01
3.204006552696228027e-01
-3.867020308971405029e-01
1.173484548926353455e-01
3.460019826889038086e-01
9.310666322708129883e-01
5.930315852165222168e-01
9.902715682983398438e-01
7.465116977691650391e-01
5.966150760650634766e-01
7.328880429267883301e-01
4.043159186840057373e-01
9.305267930030823864e-01
1.008830547332763672e+00
3.349110186100006104e-01
6.058514118194580078e-01
2.443037927150726596e-01
-3.191866874694824219e-01
-3.293690830469132164e-02
-1.538660168647765891e+00
-1.101063013076782227e+00
-1.649647831916809082e+00
-2.089431524276733398e+00
-2.216031074523925781e+00
-2.318162441253662109e+00
-2.006110906600951704e+00
-3.037065505981445312e+00
-2.780616044998168945e+00
-2.362758398056030273e+00
-1.942378759384155495e+00
-2.008271217346191406e+00
-1.884825587272644043e+00
-1.620569467544555664e+00
-2.292375326156615767e+00
-2.561661481857299805e+00
-2.508941888809204102e+00
-2.804868221282958984e+00
-2.370786666870116743e+00
-2.668706178665161133e+00
-3.040149927139282227e+00
-2.647291421890259233e+00
-2.145366430282592773e+00
-2.264930486679076704e+00
-3.333079099655151811e+00
-2.335795402526855469e+00
-2.860118627548217773e+00
-2.549214601516724077e+00
-2.143523216247558594e+00
-2.562262296676636186e+00
-2.133604764938354492e+00
-1.799766540527343750e+00
-1.617246508598327637e+00
-1.630147814750671387e+00
-1.330554604530334473e+00
-1.309043049812317117e+00
-1.067244291305541992e+00
-7.510346770286558948e-01
-4.161175191402434748e-01
8.120795339345932007e-02
1.047226935625076433e-01
4.713137149810791016e-01
-2.083222940564155926e-02
2.037976868450641198e-03
1.855612993240356445e-01
3.939740955829620916e-01
4.259025454521179199e-01
3.140822947025299072e-01
4.757835566997528076e-01
4.526763781905173561e-02
8.168251514434814453e-01
1.182947278022765891e+00
9.534708857536315918e-01
1.309979438781738503e+00
8.556311726570129395e-01
4.092161655426025391e-01
5.626568794250488281e-01
6.219060420989990234e-01
1.224668383598327637e+00
1.364400625228881836e+00
1.924708008766174316e+00
1.370027303695678711e+00
7.512587904930114746e-01
9.480596184730529785e-01
4.144473671913146973e-01
6.072857975959777832e-01
7.708024978637695312e-01
7.336148619651794434e-01
1.508932113647460938e+00
2.023118495941161665e+00
2.028645038604736328e+00
1.834947586059570312e+00
1.670325517654418945e+00
1.010640025138854980e+00
3.191563189029693604e-01
8.956147432327270508e-01
2.089365273714065552e-01
4.793475866317749023e-01
6.496778130531311035e-01
-5.318588763475418091e-02
-1.568117737770080566e-02
-2.100450396537780762e-01
-5.216432362794876099e-02
-8.702726364135742188e-01
-7.949596047401428223e-01
-2.407583296298980990e-01
-9.602412581443788009e-02
2.635776698589324951e-01
3.989467620849609375e-01
4.330125451087952215e-01
1.154871225357055664e+00
9.387205243110655628e-01
1.320340275764465110e+00
1.794138848781585416e-01
1.205611079931259294e-01
8.109742999076843262e-01
1.195488452911376953e+00
1.511734366416931152e+00
1.402623891830444336e+00
1.327295422554015891e+00
1.709969043731689675e+00
1.895798563957214355e+00
1.428868651390075684e+00
1.574448704719543679e+00
7.830203771591186523e-01
9.674181938171387829e-01
3.872589468955993652e-01
8.976332545280456543e-01
1.031780123710632324e+00
1.445172905921936035e+00
2.302027702331542969e+00
2.365415334701538086e+00
2.641819715499877930e+00
2.893685817718506303e+00
2.896282672882080078e+00
3.335397481918334961e+00
3.121163606643676758e+00
2.963628530502319780e+00
2.966501951217651811e+00
3.444135904312133789e+00
3.694340944290161133e+00
4.065088748931884766e+00
4.020039081573486328e+00
3.532843351364136186e+00
2.913431644439697266e+00
2.978502988815308061e+00
2.783816337585449219e+00
3.197538614273071733e+00
3.537605762481689009e+00
3.812424421310424805e+00
3.487526655197143999e+00
2.130819559097290039e+00
2.939876556396484375e+00
1.542047500610351562e+00
1.907410502433776855e+00
2.132339000701904297e+00
1.950387239456176758e+00
2.083726644515990767e+00
1.329122543334960938e+00
9.965839982032775879e-01
6.852676868438720703e-01
6.123555302619934082e-01
7.958328127861022949e-01
4.605780243873596191e-01
3.324574530124664307e-01
9.658806920051575817e-01
6.957257986068725586e-01
4.850222170352935791e-01
-8.873231709003447099e-02
-5.708121135830878518e-02
3.585942685604095459e-01
-6.555223837494850159e-03
-3.723286390304564875e-01
-8.101797699928283691e-01
-7.884177565574645996e-01
-2.602690756320952814e-01
-2.010680586099624634e-01
-1.734898611903190613e-02
6.939746737480163574e-01
9.269020557403564453e-01
1.793369293212890625e+00
4.379117786884307861e-01
3.753469288349152166e-01
5.793268084526062012e-01
4.528992176055908203e-01
3.105090260505676270e-01
2.202814370393753052e-01
4.149534106254577637e-01
4.075635075569152832e-01
6.170051097869873047e-01
2.596942186355590820e-01
4.441993236541748047e-01
5.165727138519287109e-01
3.920631706714629572e-01
1.626276969909667969e-01
-1.911960989236831943e-01
-1.955805718898772638e-01
3.954710662364960272e-01
1.146996393799781799e-01
4.104548096656798761e-01
1.153646349906921387e+00
2.421636879444122592e-01
-4.151423573493957520e-01
4.703065752983093262e-02
-5.017797350883483887e-01
3.485249578952788752e-01
4.516173303127288818e-01
1.182256698608398438e+00
7.342417836189270020e-01
7.312293648719787598e-01
1.041708588600158691e+00
1.561808109283447266e+00
1.824153184890746848e+00
2.055058717727660689e+00
2.126169919967651811e+00
1.590559482574463113e+00
2.134218215942383257e+00
1.767363667488097922e+00
1.655426025390625000e+00
1.808620095252990723e+00
1.876014351844788042e+00
1.969189405441283958e+00
1.714509010314941406e+00
1.546147108078003152e+00
1.569136619567870872e+00
1.866623759269714355e+00
2.457922220230102539e+00
1.844090461730956809e+00
1.189503788948059082e+00
1.102019429206847922e+00
8.532742261886596680e-01
1.295374631881714089e+00
2.204885721206665039e+00
2.155585527420043945e+00
1.857990622520446777e+00
2.071675062179564986e+00
1.971202731132507546e+00
2.723808288574218750e+00
3.029881954193115234e+00
2.567391395568848100e+00
2.384961366653442383e+00
1.963864326477050781e+00
2.273046016693115234e+00
2.142447471618652344e+00
2.012937307357788086e+00
1.378717541694641113e+00
9.711642861366271973e-01
1.320856690406799094e+00
1.039080977439880371e+00
1.336329102516174316e+00
7.946759462356567383e-01
8.225952386856079102e-01
1.006458282470703125e+00
7.497792243957520641e-01
4.096685051918029785e-01
1.174856424331665039e-01
5.212769508361816406e-01
8.868044018745422363e-01
1.707888364791869895e+00
1.272972464561462402e+00
1.375533699989318848e+00
6.699757575988770641e-01
1.432893514633178711e+00
1.583549737930298074e+00
9.506370425224304199e-01
9.754599928855895996e-01
1.004819750785827637e+00
4.522967934608460028e-01
6.280952692031860352e-01
6.851747632026672363e-01
6.667541265487670898e-01
7.307237386703491211e-01
8.429082632064819336e-01
1.806398481130599976e-01
-1.882441043853760043e-01
3.562338948249816895e-01
3.052378296852111816e-01
1.401915997266769409e-01
4.879904687404633123e-01
6.099123954772949219e-01
3.939822018146514893e-01
2.821711599826812744e-01
4.231913387775421143e-01
1.515748202800750732e-01
-1.272692084312438965e-01
-3.524647280573844910e-02
1.761585660278796803e-02
8.091829419136047363e-01
1.472591996192931907e+00
1.381468772888183594e+00
6.624073386192321777e-01
1.365550279617309570e+00
1.284763574600219505e+00
9.800052642822265625e-01
1.046351432800292969e+00
1.126625537872314453e+00
6.058841347694396973e-01
4.038308560848236084e-01
2.240798622369766513e-01
6.212464570999145508e-01
8.462802171707153320e-01
4.925489425659180243e-01
4.481199383735656738e-01
-1.060686558485031267e-01
4.257649183273314875e-01
-7.412669807672500610e-02
-1.827153563499450684e-01
-4.645622968673706055e-01
-8.101593852043151855e-01
-9.848506450653076172e-01
-7.163019180297851562e-01
-1.023868083953857422e+00
-5.900155901908874512e-01
-4.622039794921875000e-01
7.067437469959259033e-02
9.031050205230711780e-01
2.656207382678985596e-01
1.392007112503051758e+00
1.146325230598449707e+00
9.921672344207763672e-01
1.638135194778442383e+00
9.628035426139831543e-01
6.431784033775329590e-01
7.802211642265319824e-01
1.348001122474670410e+00
1.454907774925231934e+00
2.037343978881835938e+00
1.790556550025939941e+00
1.770324349403381126e+00
1.509446859359741211e+00
2.110753059387206587e+00
1.722823739051818848e+00
3.243154287338256836e+00
3.220034837722778320e+00
3.502794742584228516e+00
3.157981395721435547e+00
3.403695106506348100e+00
3.861429929733276811e+00
4.057973861694336826e+00
4.220700263977051669e+00
4.307298183441162109e+00
4.376976490020751953e+00
4.097318172454833984e+00
3.423645257949828657e+00
2.587883710861206055e+00
3.300276994705200195e+00
3.577421903610229048e+00
3.832084178924560991e+00
3.895681619644165039e+00
3.264770269393921343e+00
3.772418975830078125e+00
3.657775163650512695e+00
3.211971282958984375e+00
3.249284982681274414e+00
3.358789443969726562e+00
2.520292997360229048e+00
2.694092988967895508e+00
2.566860437393188477e+00
1.994435310363769309e+00
2.439732313156127930e+00
2.274581670761108398e+00
2.184857368469238281e+00
1.163699269294738770e+00
1.796345710754394309e+00
8.379573225975036621e-01
8.468456864356994629e-01
1.487247467041015625e+00
9.300731420516967773e-01
6.547428369522094727e-01
8.974677324295043945e-01
3.188829421997070312e-01
5.935791134834289551e-01
4.325618147850037176e-01
-1.260597467422485352e+00
-3.852279484272003174e-01
-3.553274869918823242e-01
2.147500962018966675e-01
3.129968345165253241e-01
-5.830339714884757302e-02
-1.802636742591858132e+00
-1.209134459495544434e+00
-1.511716961860656738e+00
-3.713303208351135254e-01
-1.124419093132019043e+00
-2.008496999740600586e+00
-1.978685855865478294e+00
-1.471720695495605691e+00
-1.228913784027099609e+00
-1.577097773551940918e-01
2.663348019123076837e-01
1.009486764669418335e-01
-9.545497596263884110e-02
-1.463989913463592529e-01
-2.685907110571861267e-02
-6.204649209976196289e-01
2.269658260047436107e-02
-4.693321287631989081e-01
2.898420020937919964e-02
-4.851586520671845038e-01
-1.099994778633117676e+00
5.551607534289360046e-02
-1.389606952667236328e+00
-7.953636050224304199e-01
-1.343197107315063699e+00
-8.898226022720336914e-01
-1.759929180145263672e+00
-1.502628445625305176e+00
-1.187721252441406250e+00
-1.147066593170166016e+00
-1.892237424850464089e+00
-2.656568288803100586e+00
-3.089843511581421343e+00
-3.002808332443237305e+00
-3.189951419830322266e+00
-3.129602193832397017e+00
-4.459909439086914062e+00
-3.783332586288451704e+00
-3.623143434524536133e+00
-3.812907695770264116e+00
-3.395887851715087891e+00
-3.190488815307616743e+00
-2.788733482360839844e+00
-3.366435766220092773e+00
-3.512487888336181641e+00
-3.401805162429809570e+00
-3.704493522644042969e+00
-2.694931745529174805e+00
-2.795048713684082031e+00
-2.305004835128784180e+00
-1.924791693687438965e+00
-2.012394666671753374e+00
-1.012517452239990234e+00
-1.619269728660583496e+00
-2.059831380844115767e+00
-2.040726661682129350e+00
-2.110596895217895508e+00
-2.265104293823241743e+00
-1.803338050842284712e+00
-1.401134371757507102e+00
-1.617203950881958008e+00
-1.314222931861877441e+00
-1.127964496612548828e+00
-7.811484336853027344e-01
-6.569894552230834961e-01
-1.140331745147705078e+00
-7.299407124519348145e-01
-5.391366481781005859e-01
-9.302456378936767578e-01
-1.073727369308471680e+00
-8.526765704154968262e-01
-9.899078607559204102e-01
-7.697626948356628418e-01
-9.345040321350097656e-01
-1.066660881042480469e+00
-6.018490791320800781e-01
-4.911494851112365723e-01
-3.246073722839355469e-01
-2.655612230300903320e-01
4.677315056324005127e-01
-6.678996235132217407e-02
-7.139576673507690430e-01
-1.084370136260986328e+00
2.923389896750450134e-02
1.939597725868225098e-01
-5.742948502302169800e-02
9.303393214941023392e-02
5.889768246561288834e-03
4.147517383098601740e-01
-4.081521630287169300e-01
-2.619022727012634277e-01
-1.274848341941833496e+00
-1.294867277145385520e+00
-1.209252119064331055e+00
-1.086693286895752175e+00
-8.562445044517517090e-01
-2.643205225467681885e-01
1.417005658149719238e-01
9.127631783485411487e-01
7.025659084320066972e-02
1.094455048441886763e-01
2.524410486221312921e-01
3.288290649652481079e-02
-2.469633370637893399e-01
7.081540767103434476e-03
-4.506924152374268133e-01
-2.986750304698944092e-01
8.703747764229772740e-03
-2.268563061952590942e-01
-7.220800220966339111e-02
-7.715076208114624023e-01
-5.257826447486877441e-01
-5.682653784751892090e-01
-1.029001116752624290e+00
-4.954974949359893799e-01
-1.927432268857955933e-01
-2.022445499897003174e-01
5.557523965835571289e-01
8.100305199623107910e-01
1.094494104385375977e+00
7.848997712135314941e-01
1.467463254928588867e+00
9.222211837768555798e-01
6.969613432884216309e-01
8.326618075370788574e-01
5.985720157623291016e-01
1.616308927536010742e+00
8.989964723587036133e-01
1.582300782203674316e+00
1.326591372489929199e+00
1.205218791961669922e+00
1.957031965255737305e+00
1.318132281303405762e+00
1.280554413795471191e+00
1.128135323524475098e+00
1.575477838516235352e+00
1.489527225494384766e+00
1.857579350471496804e+00
1.634061932563781516e+00
1.455023527145385520e+00
1.064558744430541992e+00
1.594077348709106445e+00
2.257910013198852539e+00
2.694368124008178711e+00
1.330541729927062988e+00
1.005671977996826172e+00
2.569273114204406738e-01
-4.181801080703735907e-01
6.786009073257446289e-01
9.847133755683900036e-01
5.047598481178283691e-01
-3.975122272968292236e-01
-1.025468230247497559e+00
-1.353650212287902832e+00
-1.652642011642456055e+00
-9.357594251632690430e-01
-4.246880114078521729e-01
-1.122544854879379272e-01
1.617588847875595093e-01
6.143627762794494629e-01
-9.776867628097534180e-01
4.378447309136390686e-03
-2.055880427360534668e-01
-1.044559836387634499e+00
-1.035952329635619895e+00
-6.958927512168884277e-01
-6.562552452087402344e-01
-1.400023221969604492e+00
-1.246175050735473633e+00
-2.051410198211669922e+00
-2.044003248214721680e+00
-7.600978016853332520e-01
-7.856106162071228027e-01
-6.567438840866088867e-01
-5.625882744789123535e-01
-3.991297483444213867e-01
-8.137382864952087402e-01
-9.612380266189576306e-01
-1.958250045776367188e+00
-1.822076201438904031e+00
-6.782123446464538574e-01
1.764036864042282104e-01
2.520246207714080811e-01
-2.321397960186004916e-01
6.120828986167907715e-01
7.349086999893188477e-01
1.458632200956344604e-01
-6.283661127090454102e-01
-2.127803117036819458e-01
-5.794233679771423340e-01
-6.772818416357040405e-02
-5.811005234718322754e-01
8.802931010723114014e-02
1.044234037399291992e-01
6.523225307464599609e-01
1.068580508232116699e+00
2.605564296245574951e-01
5.129461884498596191e-01
2.336996197700500488e-01
1.997034698724746704e-01
-3.103756904602050781e-01
-6.283618211746215820e-01
-4.832000732421875000e-01
-1.234490051865577559e-01
-1.075756326317787309e-01
-3.808503746986389160e-01
-7.703737616539001465e-01
-5.348392724990844727e-01
-5.666111111640930176e-01
-5.237947702407836914e-01
-5.490234494209289551e-01
-7.675784230232238770e-01
-7.844420671463012695e-01
-1.243683099746704102e+00
-1.608776807785034180e+00
-1.542829990386963113e+00
-1.273826122283935547e+00
-1.204580068588256836e+00
-7.301185727119445801e-01
-1.325072254985570734e-02
-8.701812624931335449e-01
-5.937529206275939941e-01
-1.992705166339874545e-01
1.177472695708274703e-01
8.118902444839477539e-01
9.509541988372803845e-01
6.404137015342712402e-01
2.691893279552460272e-01
-9.078563004732131958e-02
-7.627842575311660767e-02
2.432769387960433960e-01
8.703538179397583008e-01
1.504906296730041504e+00
1.977738022804260476e+00
2.245870113372802734e+00
2.119162082672119141e+00
2.162175893783569336e+00
2.184689998626708984e+00
1.584956407546996848e+00
1.482093572616577148e+00
1.166270256042480469e+00
9.000678062438964844e-01
1.964315176010132058e+00
1.744793057441711426e+00
2.096765995025634766e+00
2.059179067611694336e+00
1.463955044746399148e+00
2.151237249374389648e+00
2.515038490295410156e+00
2.152824640274048296e+00
1.676314234733581543e+00
1.469603061676025391e+00
2.342917680740356445e+00
2.191798686981200728e+00
5.810344219207763672e-01
-1.591185629367828369e-01
7.321126461029052734e-01
8.561921715736389160e-01
1.199704647064208984e+00
8.085207343101501465e-01
7.949012517929077148e-01
1.803471684455872026e+00
1.086011171340942383e+00
1.490301012992858887e+00
1.531684041023254395e+00
5.191753506660461426e-01
6.301801800727844238e-01
1.374317765235900879e+00
1.084446668624877930e+00
1.103931069374084473e+00
8.899018168449401855e-01
6.135615110397338867e-01
5.057344436645507812e-01
5.257138013839721680e-01
5.162811875343322754e-01
2.114253789186477384e-01
3.342900872230529785e-01
3.794545233249663752e-01
1.167380288243293762e-01
1.973975300788879395e-01
2.149095535278320590e-01
2.378722280263901034e-01
5.530979633331298828e-01
8.823373317718505859e-01
7.970298528671264648e-01
-7.902774214744567871e-02
5.278460383415222168e-01
9.553012251853944259e-02
4.132584929466248114e-01
3.293669223785400391e-01
-5.981642752885818481e-02
-8.259164541959762573e-02
4.906177520751953125e-01
5.533036589622497559e-01
2.098239809274673184e-01
4.192975461483001709e-01
5.185268521308898926e-01
2.330075763165950775e-02
1.229910850524902483e-01
1.459498405456542969e-01
-6.727244853973388672e-01
-4.079338014125823975e-01
-8.211324214935302734e-01
-2.062872409820556641e+00
-2.076372623443603516e+00
-2.254357337951660156e+00
-2.007073402404784712e+00
-2.702292919158935547e+00
-3.783001184463501421e+00
-3.756533145904541016e+00
-3.317038536071777344e+00
-2.900175571441650391e+00
-3.058543205261230469e+00
-2.197115898132323775e+00
-2.307844638824462891e+00
-1.963294267654418945e+00
-2.406879186630249023e+00
-2.767219543457031250e+00
-3.301652669906616211e+00
-3.369582653045654297e+00
-3.045343160629272461e+00
-2.718218088150024414e+00
-2.904249668121337891e+00
-2.326271772384643999e+00
-2.059591770172119141e+00
-1.642836093902588113e+00
-1.927065610885619895e+00
-1.971020221710205078e+00
-1.763954877853393555e+00
-2.060625791549682617e+00
-2.247936964035034180e+00
-2.019745826721191406e+00
-2.217702865600585938e+00
-2.144715309143066406e+00
-2.019853353500365767e+00
-1.566609978675842507e+00
-1.125047445297241211e+00
-1.144922494888305664e+00
-1.282660484313964844e+00
-1.236730575561523438e+00
-1.502488613128661887e+00
-1.541799426078796387e+00
-1.281898021697998047e+00
-6.816948056221008301e-01
-1.039719939231872559e+00
-4.354343712329865057e-01
-6.042146086692810059e-01
-9.648289680480955921e-01
-1.277796268463134766e+00
-1.201478958129882812e+00
-7.137172222137451172e-01
-9.814819693565367542e-01
