-5.870854016393423080e-03
5.253248382359743118e-03
5.318961665034293435e-02
4.689227789640425942e-02
3.299033502116799788e-03
3.483783826231956482e-02
1.101712416857481003e-02
1.068565435707569296e-02
-6.349028646945951981e-02
-3.673439845442771912e-02
-2.293896861374378204e-03
2.680711634457111706e-02
4.191892594099044800e-02
-1.288719754666090012e-02
4.114127904176712036e-02
2.731406688690185200e-02
1.205458678305149078e-02
3.675550967454910278e-02
-1.170954760164022272e-02
6.879844702780246735e-03
2.752491645514965057e-02
3.139208257198333740e-02
-1.106610521674156189e-02
-9.996299631893636531e-03
5.641488358378410339e-02
-5.332549568265677366e-03
-1.429854705929756165e-02
2.499557100236415863e-02
7.431507110595703125e-03
3.026983328163623810e-02
2.255438640713691711e-02
-1.321714487858116410e-03
1.040531415492296219e-02
7.247044239193201932e-03
2.936786226928233753e-02
3.998907282948493958e-02
2.795805037021636963e-02
-4.675608128309249878e-03
4.925239086151123047e-02
2.555665560066700329e-02
1.113470923155546188e-02
1.324973162263631821e-02
1.231717877089977264e-02
8.295731619000434875e-03
3.613861650228500366e-02
2.862487919628620148e-02
6.571935489773750305e-03
1.536511722952127457e-02
-8.481568656861782074e-03
3.577965544536710219e-03
4.303535073995590210e-02
1.086769532412290573e-02
2.616964653134346008e-02
6.095372606068850431e-03
2.273716963827610016e-02
-2.261941693723201405e-02
-6.430841982364654541e-02
-2.098577655851840973e-02
2.197727747261524200e-02
1.760057546198368073e-02
1.131427474319934845e-02
1.214535161852836609e-02
1.264567021280527115e-02
1.401971280574798584e-02
1.925119757652282715e-02
5.580575019121170044e-02
7.825514301657676697e-03
3.671766072511672974e-02
7.494455669075251493e-03
-6.306386739015579224e-02
-9.908031672239303589e-02
-4.377197846770287254e-02
-1.388650480657815933e-02
1.026620273478329399e-03
-6.590245291590690613e-03
-8.752297610044479370e-03
8.473906666040420532e-03
-1.713889092206954956e-02
-9.331330657005310059e-03
4.659843631088734540e-03
-3.156535094603896141e-03
4.286824539303780296e-02
3.673154860734940269e-02
-6.981533020734786987e-03
-4.583002626895905235e-02
-6.546675413846969604e-02
-9.546528599457816645e-05
-4.022100195288658142e-02
-7.090217620134353638e-02
-5.248855799436568520e-02
-2.651881240308284760e-02
-2.550311852246522903e-03
5.435435846447945335e-02
1.220851764082908630e-02
2.872040495276451111e-02
3.196368925273418427e-03
-4.530480597168207169e-03
5.093808472156524658e-02
-2.998287789523601185e-02
2.474927343428135352e-03
4.212561622262001038e-02
7.511989679187536240e-03
3.373577445745468140e-02
9.022084996104240417e-04
-4.337723366916179657e-03
2.100565284490585327e-02
1.495950762182474136e-02
1.413014717400074005e-02
3.837755322456359863e-02
-1.326165348291397268e-02
-3.901304677128792243e-03
4.710503667593001625e-02
1.398857496678829193e-02
-2.855065837502479900e-02
-5.563112348318099976e-02
1.432325784116983414e-02
3.664265945553780296e-02
-5.494350939989089966e-02
3.930058795958757401e-03
2.639761380851268768e-02
8.458689786493778229e-03
-3.112150728702545166e-02
-1.057041250169277191e-02
4.629166796803473732e-02
-1.387523673474788666e-02
-1.701920107007027019e-02
2.238442935049534191e-02
1.554889720864593983e-03
1.450414396822452545e-02
1.208983268588781357e-02
-1.478414796292781830e-02
-2.696592919528484344e-02
-1.593819446861743927e-02
-3.204793436452746391e-03
1.297239121049642736e-02
4.244328942149877548e-03
-2.771853283047676086e-02
2.125031873583793640e-02
-4.495169036090373993e-03
2.070080302655696869e-02
2.625455334782600403e-02
-1.663233339786529541e-02
2.732566185295581471e-02
2.654321677982806812e-02
5.450480431318283081e-02
-3.609811514616012573e-02
-8.187738247215747833e-03
-3.268618509173393250e-02
3.401162335649132729e-03
-7.444010581821203232e-03
3.246414288878441551e-02
3.670692443847656250e-02
-3.608743846416474083e-02
-1.083047874271869486e-02
-2.230529673397541046e-03
-8.499769493937492371e-03
-3.772225975990296104e-02
2.206034399569034229e-02
5.750864371657372215e-02
3.701820224523543618e-02
1.721703447401523590e-02
2.318101003766059875e-02
-2.766715362668037068e-02
-2.286559157073497425e-02
-1.115380134433507919e-02
2.082817442715167999e-02
8.549819700419902802e-03
7.758984342217445374e-03
-1.186541561037302017e-02
-3.454851359128952026e-02
-4.503881558775902662e-03
-5.932882055640221336e-02
-4.405884072184563550e-03
-4.034660290926695737e-03
-2.247941680252552032e-02
-1.113256718963384455e-02
-3.262875229120254517e-02
-8.200499415397644043e-02
5.227290466427803040e-02
-1.672356203198433269e-02
-2.488123439252376903e-02
-2.070650644600391735e-02
3.108342364430428245e-02
3.414448350667952797e-02
1.609507203102111816e-02
3.576159477233886719e-02
-2.562191104516386986e-03
3.440785408020019531e-02
1.925600320100784302e-02
1.554985158145427530e-02
-2.752339094877243042e-02
-6.237083300948142311e-02
2.554916962981224060e-02
3.159578889608383179e-02
4.201373457908630371e-02
-1.039484981447458484e-03
-1.457298640161752874e-02
4.102939739823340502e-03
2.497421763837337147e-02
-6.602068897336721420e-03
-5.986142437905072299e-03
3.602813230827450752e-03
2.042663097381591797e-02
2.356226369738578796e-02
-3.036350570619106293e-02
-2.984202280640601765e-02
1.342630572617053986e-02
2.477049455046653748e-02
-3.269086778163909912e-02
3.135339543223381042e-02
2.831097505986690521e-02
-3.476935625076293945e-02
-4.017132148146628640e-02
3.009250946342945099e-02
4.778209701180458069e-02
-4.243279248476028442e-02
4.051567055284976959e-03
1.187022496014833624e-02
-4.302668676245957613e-04
-4.083927720785140991e-02
1.980537921190261841e-02
3.499877825379371643e-02
-1.904526911675930023e-02
9.299175813794136047e-03
2.408329583704471935e-02
1.461657579056918621e-03
-2.340951189398765564e-02
1.936760917305946350e-02
4.178951494395732880e-03
-1.180531829595565796e-02
9.899333119392395020e-03
-3.060250077396630807e-03
2.646512351930141102e-02
-1.767819933593273163e-02
-1.236068177968263626e-02
-3.630643477663397789e-03
2.861117757856846203e-02
-2.406984195113181721e-02
-1.377623341977596456e-02
-6.571413250640034676e-04
2.443292550742626190e-02
2.041196264326572418e-02
-1.222277805209160025e-02
-1.205755863338708704e-02
3.275523334741592407e-02
-5.649386905133724213e-03
-5.130496341735124588e-03
-1.323107280768453858e-03
1.036018133163451975e-02
9.345021680928767812e-04
3.657093644142151573e-02
7.559308409690856934e-02
-2.506281598471105099e-04
3.327836096286773682e-02
2.353216893970966339e-02
4.843817651271820068e-02
7.329136598855256167e-03
4.681560769677162170e-02
-1.610466279089450836e-02
2.426716499030590057e-02
-2.476321905851364136e-02
-3.593519330024718544e-02
-4.545735195279121399e-03
1.705240458250045776e-02
1.995474286377429962e-02
9.891145862638950348e-03
8.804988116025924683e-03
2.946986351162194772e-03
1.334598939865827734e-02
-2.466808445751667023e-02
4.765956103801726601e-02
-2.146938629448414196e-02
7.577138487249612808e-03
9.007232263684271031e-03
8.049096912145616359e-03
3.021861799061298023e-02
4.989301413297653198e-02
-1.951967738568782806e-02
3.280603140592575073e-02
3.452170640230178833e-03
-1.788840815424919128e-02
1.412845309823751276e-02
-7.388802710920572281e-03
5.274919420480728149e-02
4.303506389260292053e-02
5.741873756051063538e-04
1.952199637889861714e-02
1.701030321419239044e-02
2.500726468861103058e-02
5.563106387853622437e-02
5.438060685992240906e-02
3.397490456700325012e-02
2.582904696464538574e-02
-1.551172044128179724e-02
4.591694474220276573e-02
-5.406076554208993912e-03
4.763829708099365234e-02
-1.149953063577413559e-02
1.252537872642278671e-02
-1.385647151619195938e-02
1.706980168819427490e-02
1.028544176369905645e-02
-2.035718224942684174e-02
-1.017605140805244446e-02
6.392276287078857422e-02
7.037425041198730469e-02
-2.672974951565265656e-02
-3.577729687094688416e-02
3.834091499447823265e-02
-8.075779303908348083e-03
-5.917479284107685089e-03
-3.899136092513800101e-03
1.361368224024772644e-02
-1.178485713899135590e-02
9.474279358983039856e-03
5.765641108155249682e-03
1.459043100476264954e-02
7.717981934547423449e-03
-1.043255999684333801e-02
3.796638920903206565e-02
-2.205283939838409077e-02
2.045731619000434875e-02
1.317528635263442993e-02
-1.497612986713647842e-02
1.995677128434180780e-03
3.633474186062812805e-02
3.337581828236579895e-02
-4.029265418648719788e-02
7.260281126946210861e-03
1.935220323503017079e-02
3.604798810556531386e-03
1.190517749637365168e-02
-1.891268789768218994e-02
7.531521376222372055e-03
1.589379855431616306e-03
-2.705876715481281281e-02
2.643410675227641712e-02
4.171339794993400574e-02
-9.446040727198123932e-03
2.101510390639305115e-02
-4.176351241767407331e-03
-1.618734747171401978e-02
8.783676661550998688e-03
8.041792549192905426e-03
1.602724753320216786e-02
-3.285357356071472168e-02
3.647587820887565613e-02
6.966393440961838636e-03
2.059439755976200104e-02
5.972691345959902677e-03
4.627911001443862915e-02
5.257421359419823387e-02
-1.647548004984855652e-02
-4.816073924303054810e-02
1.943551748991012920e-02
-2.161500416696071972e-02
1.242634002119302750e-02
-8.337691426277158910e-03
4.615782946348190308e-02
-1.883373223245143890e-02
2.834782004356384277e-02
-3.111883066594601111e-03
1.183638162910938436e-02
7.620429154485464096e-03
1.601638831198215485e-02
2.314353361725807190e-02
-7.120310328900814056e-03
-9.314761497080326080e-03
-4.205952212214469910e-02
2.485756576061248779e-02
8.006863063201307166e-04
2.179132588207721710e-02
1.449421141296625311e-02
5.485035013407468796e-03
1.895703375339508057e-02
-2.075164765119552959e-02
-1.655106316320598125e-03
-1.711077056825160980e-02
4.552084952592849731e-02
-2.028302848339080811e-02
1.718248799443244934e-02
-6.287757772952318192e-03
-6.229090504348278046e-03
-3.121448913589119911e-03
1.619658432900905609e-02
-1.514745969325304031e-02
9.625898674130439758e-03
1.264506578445434570e-02
-1.090385857969522303e-02
1.322481874376535416e-02
3.393889710423537276e-05
1.622742456675041467e-05
4.098285455256700516e-03
1.769602065905928612e-03
2.655842108651996093e-03
-3.127471078187226815e-03
-1.553629711270332510e-02
-5.274229124188423157e-02
-1.282996591180562973e-02
-3.552410379052162170e-02
4.046909883618354797e-02
-1.512388698756694620e-02
-2.162493392825126301e-02
2.222755458205938773e-03
-4.491041880100965500e-03
2.447859942913055767e-02
-1.331616193056106567e-02
1.639030501246452332e-02
2.252236008644104004e-02
-4.193260683678090572e-04
-2.291914261877536774e-02
1.891329512000083923e-02
-1.591687463223934174e-02
-2.211824990808964123e-02
2.356048300862312664e-02
2.084234915673732758e-02
1.137417089194059372e-02
1.377105992287397385e-02
-2.888561971485615124e-02
5.135890096426010132e-02
1.212690863758325577e-02
4.754904657602310181e-02
4.642245918512343666e-02
-6.420361995697021484e-02
-1.121958810836076910e-02
-2.564395312219857736e-03
-9.203661233186723190e-02
-1.747855357825756073e-02
4.359066952019929886e-03
4.701966419816017151e-03
7.818480953574178868e-03
7.555151358246803284e-03
1.085940375924110413e-02
-5.511709023267031583e-03
-7.138293236494064331e-02
-6.569807883352040377e-03
7.421040441840887070e-03
4.946938902139663696e-02
5.297996103763580322e-02
7.677766960114240646e-03
3.247227519750595093e-02
1.945293508470058441e-02
-8.784349076449871063e-03
-8.618390187621116638e-03
-4.901084117591381073e-03
1.130896992981434042e-02
2.261156775057315826e-02
1.034845039248466492e-02
4.041070584207772341e-03
-3.019906813278794722e-03
3.221871703863143921e-02
2.097797393798828125e-02
-3.208193695172667503e-03
-5.557716265320777893e-02
-1.432132441550493067e-02
-4.870242252945900657e-02
-1.820723339915275921e-02
4.770200327038764954e-02
-1.471649389714002436e-02
1.794658950529992580e-03
-2.581890672445296894e-02
-1.251013856381177902e-02
5.871012341231107712e-03
2.063748054206371654e-02
-1.143523212522268469e-02
6.041904911398888502e-03
8.379874750971794128e-03
2.913150005042553295e-02
-1.657771505415439606e-02
1.527807675302028829e-02
-1.161115011200308800e-03
4.522890783846378326e-03
3.332156222313642502e-03
4.346447065472602844e-02
4.015643149614333413e-02
-2.267095027491450310e-03
-1.749545522034168243e-02
1.648199930787086140e-02
2.414454333484172821e-02
2.109942585229873657e-02
7.234788965433835983e-03
2.663712389767169952e-02
6.308122724294662476e-02
4.221184551715851524e-02
1.117590628564357758e-02
-8.300285786390304565e-03
1.086879521608352800e-01
-2.301121689379215240e-02
9.629059932194650173e-04
1.189249381422996348e-02
-1.682718656957149853e-02
-3.812192380428313515e-02
-1.551207993179559708e-02
4.658653959631919861e-02
1.024264656007290060e-02
-3.831586102023721175e-03
-1.472508162260055542e-02
-2.341670542955398560e-02
-8.211827278137207031e-02
-2.661897055804729115e-02
5.868909135460853577e-02
1.373315136879682367e-02
4.098256118595600128e-03
-1.898866146802902569e-02
-3.342838957905769348e-02
-9.207874536514280492e-03
6.902432069182395935e-03
-1.294152066111564463e-02
-7.688003592193126678e-03
-1.305169705301523209e-02
9.783744812011720485e-03
7.702051196247339249e-03
1.774941198527812958e-02
8.290286175906658173e-03
9.556574746966362000e-03
1.772224530577659607e-02
-7.008302025496960554e-03
1.785372383892535816e-02
-3.562246263027191162e-02
2.118777483701705933e-02
1.329304836690425873e-02
1.743534766137599945e-02
-2.503927238285541187e-02
1.092592370696365833e-03
-3.423174098134041526e-02
-9.203346446156501770e-03
-1.122943218797445124e-02
3.303842619061470032e-02
4.963851720094681480e-02
-4.965135827660560608e-03
5.802717991173267365e-03
-1.732343249022961010e-02
7.298868149518967542e-03
-1.098151225596666336e-02
-1.145393215119838715e-02
-4.599569831043481827e-03
-1.299384050071239471e-02
5.236326530575751564e-02
-1.269778795540332794e-02
9.842469356954097748e-03
-2.786069735884666096e-02
9.314962662756443024e-03
2.709722891449928284e-02
1.016459707170724869e-02
2.291132463142276244e-03
1.374354586005210703e-02
-1.109681557863950729e-02
1.858438365161419132e-03
1.014023926109075546e-02
1.284502539783716202e-02
4.486338701099157333e-03
2.027443237602711071e-02
-3.214201331138611534e-02
-3.231648355722427368e-02
2.265511080622673035e-02
-2.321695350110530853e-02
-5.553030874580144882e-03
8.859452791512012482e-03
-1.998581457883120017e-03
-2.410096675157546997e-02
2.424926310777664185e-02
-2.345429919660091400e-02
2.049802057445048939e-02
1.099956408143043518e-02
1.370243076235055923e-02
1.692770514637231827e-03
2.185661345720290791e-02
-3.368958458304405212e-02
3.762291371822357178e-02
4.993505775928496447e-03
-3.421454504132271507e-02
-1.755983009934425354e-02
-3.440682077780365944e-03
4.634844139218329689e-02
-1.074949838221073151e-02
2.199690788984298706e-02
-5.648837424814701080e-03
1.589255407452582966e-02
-3.573666326701640649e-03
1.653011515736579895e-02
-1.520234905183315277e-02
2.695314958691596985e-02
-1.320140669122338512e-03
-1.276791747659444809e-02
7.629962172359228134e-03
2.702109282836318016e-03
-4.378992319107056358e-02
-2.754683978855609894e-02
3.458594903349876404e-02
-8.126051165163516998e-03
1.455507799983024771e-02
-1.520196069031953812e-02
3.537870571017265320e-02
-9.001400321722028905e-03
-7.772354409098625183e-03
5.324755329638720426e-03
-1.135847903788089926e-02
2.404649369418621063e-02
4.086584784090518951e-03
3.008690476417541157e-02
-1.141453627496957779e-02
1.347495708614587784e-02
2.913006581366061817e-02
-1.637485995888710022e-02
-1.642274856567382812e-02
-1.802105829119682659e-02
4.203353449702262878e-02
-2.665921859443188061e-02
-3.842063248157500787e-03
-2.064397558569908142e-02
-1.041200850158929825e-02
2.555855177342892040e-02
-3.446461260318756104e-02
-1.768597960472106934e-02
5.188741488382220268e-04
2.282459102571010243e-02
-3.301511704921722412e-02
2.829391043633222580e-03
-5.766378715634346008e-02
-6.515953689813613892e-02
-7.158128917217254639e-02
-7.166910171508789062e-02
2.634429000318050385e-02
2.382755465805530201e-02
3.322520852088928223e-02
-1.970614306628704071e-02
-1.324488315731287003e-02
-5.867207422852516174e-02
-1.989318244159221649e-02
7.723568007349968824e-03
2.386274049058556990e-03
1.269615534693002874e-02
1.348206959664821625e-02
6.586179602891206741e-03
-9.005235508084297180e-03
3.296893835067749023e-02
5.900277942419052818e-02
1.090984418988227705e-01
4.820774868130683899e-02
-3.102906607091426849e-02
1.067940611392259598e-02
1.507536415010690863e-02
-3.073910251259803772e-02
-1.029102355241775651e-01
1.464820699766278484e-03
-3.318392112851142883e-02
7.027430832386016846e-02
5.996261909604072571e-02
1.908290013670921326e-02
-6.714037060737609863e-02
-1.188697516918182512e-01
-3.196643665432929993e-02
1.211225707083940506e-02
-2.422091178596020092e-02
-8.607992529869079590e-02
-1.349664106965065002e-02
4.536659643054008484e-02
2.347364835441112518e-02
-4.023642092943191528e-02
4.499103408306837082e-03
4.557963460683823326e-02
5.929255485534667275e-02
-2.954297512769698750e-02
-3.711045486852527532e-03
2.188351377844810486e-02
-4.751730337738991478e-02
-2.654815092682838440e-02
-1.275985222309827805e-02
-1.587883941829204559e-02
7.406504824757576856e-03
-3.812323557212949233e-03
3.935464192181825638e-03
4.679244384169577858e-02
5.949453450739384565e-03
2.941051125526428223e-02
-9.296995587646959477e-03
-3.774404898285866478e-02
-5.537246353924274445e-03
4.095571860671043396e-02
4.677032120525836945e-03
5.187308415770531568e-03
5.455334205180407438e-03
-1.224994380027055567e-02
9.108629077672958374e-03
-1.286075916141271591e-02
5.323685705661774549e-03
2.524125389754771839e-02
-3.650623559951781533e-02
-1.675848662853240967e-02
2.253442257642745972e-02
-6.518867798149585724e-03
-1.035418361425399780e-02
2.500642323866486116e-03
2.562426030635833740e-03
-1.203736569732427597e-02
-2.678953809663652940e-03
1.163511723279953003e-02
7.217210251837968826e-03
3.561776876449584961e-02
-1.291579101234674454e-02
2.857987396419047962e-02
1.136894687078893185e-03
-1.021619327366352081e-02
-9.311846457421779633e-03
2.989208884537220001e-02
-7.819524034857749939e-03
-9.122781455516815186e-03
3.348024189472197792e-02
-3.323809057474136353e-02
2.806939184665679932e-02
2.586921676993370056e-02
1.249549258500337601e-02
2.780899591743946075e-02
2.061554603278636932e-02
8.190672844648361206e-03
1.320899836719035929e-02
-1.030286494642495936e-02
2.147147618234157562e-02
-3.012258931994438171e-02
2.360093407332896839e-02
2.564122900366783142e-02
-8.187411352992057800e-03
4.669116437435150146e-02
-1.011563278734683990e-02
1.469082292169332504e-02
1.987734436988830219e-02
2.533355914056300770e-02
1.193193066865205765e-02
8.000950911082327366e-04
-1.420797966420650309e-02
-4.750858992338180542e-02
-6.882034707814455032e-03
-3.542057797312736511e-02
1.231888215988874435e-02
4.495192784816027555e-03
4.564902745187281695e-03
-8.861656300723552704e-03
9.966476820409297943e-03
-8.464244456263259053e-05
5.620658863335847855e-03
-1.712955161929130554e-02
-6.578816100955010328e-03
-2.459101611748337312e-03
-1.240435615181922739e-02
-2.964855916798115124e-02
3.227590397000312805e-02
-1.368395332247018814e-02
8.529736660420894623e-03
-3.064220771193504333e-02
1.472311187535524368e-02
1.316093187779188156e-02
-2.861447446048260082e-02
-6.601195782423018542e-03
5.972844548523426056e-03
6.975373253226279345e-03
1.975935697555541992e-02
-7.126052863895893964e-03
-4.158135037869215012e-03
2.504441328346728932e-02
-2.042774111032485962e-03
-9.246248519048095834e-04
-1.228313799947500229e-02
2.264068229123950005e-03
-7.775420695543289185e-02
1.291579939424991608e-02
3.688157303258776665e-04
1.536021195352077484e-02
-6.117554381489753723e-02
-2.010694332420825958e-02
1.134482584893703634e-02
7.373995613306761872e-04
-1.787265646271407387e-03
4.576192796230316162e-02
1.344655547291040421e-02
-1.249928399920463562e-02
-2.413668669760227203e-02
2.154033631086349140e-02
-2.260944247245788921e-02
5.018565803766250610e-03
5.900479736737906933e-04
-5.173682421445847252e-02
1.810330152511597027e-02
-3.269679727964103222e-04
-6.603689398616552353e-04
2.354941330850124359e-02
-5.135158821940422058e-02
-4.570030793547630310e-02
1.515925396233796900e-02
-1.912236213684082031e-02
1.975671574473381042e-02
-2.310635335743427624e-02
2.103242091834545135e-02
-1.119983196258544922e-02
-2.549462369643151760e-04
8.979204110801219940e-03
-1.177817955613136465e-02
-1.339526847004890442e-03
8.456261828541755676e-03
3.957423381507396698e-03
1.615897938609123230e-02
3.993222955614328384e-03
-1.232042629271745682e-02
1.429856661707162857e-02
1.605028845369815826e-02
8.022561669349670410e-03
9.589749388396739960e-03
7.666998077183962736e-03
-3.674905281513929801e-03
-2.533552795648574829e-02
1.440462190657854080e-02
1.148848701268434351e-02
-3.294585272669792175e-02
-3.608293831348418496e-02
-1.941334642469882965e-02
7.418081630021334562e-03
1.704401895403862000e-02
-3.840815275907517173e-02
-1.203997991979122162e-02
-2.146094106137752533e-02
-6.718090735375881195e-03
-1.302999351173639297e-02
5.307678598910570145e-03
5.349237937480211258e-03
-6.522784009575843811e-03
1.170262787491083145e-02
2.985010854899883617e-02
5.319143459200859070e-02
4.765876219607889652e-04
-4.874697886407375336e-03
-1.525662280619144440e-02
-5.162751302123070631e-03
1.999752363190054893e-03
2.085378952324390411e-02
-1.056679990142583674e-02
-9.898361749947071075e-03
9.130869992077350616e-03
-3.357189521193503640e-02
1.927119679749011993e-02
5.951198562979697487e-02
-4.189678467810153961e-03
2.181727811694144856e-02
3.565608337521553040e-02
-1.477894373238086874e-02
2.125754579901695598e-02
-7.006825413554906845e-03
-5.088664125651121140e-03
2.873274497687816967e-02
8.525220677256584167e-03
-4.745669662952423096e-02
-5.299821868538857200e-02
1.619094610214233398e-02
2.874414669349789619e-03
-9.860478341579435521e-03
1.569771021604537964e-02
2.828366309404373169e-02
-1.382387522608041937e-02
-6.239806767553091049e-03
1.203253399580717260e-02
-4.818496294319629669e-03
-2.000861801207065582e-03
-2.526234649121761322e-02
-2.635365584865212440e-03
5.564029794186353683e-03
-9.832796640694141388e-03
3.674203157424926758e-02
-3.246499225497246482e-02
-1.736107654869556080e-02
1.448603719472885305e-02
-6.378054968081414700e-04
-9.206806309521198273e-03
-3.729959204792976379e-02
2.000732906162738800e-02
-2.752518048509955406e-03
-7.644697092473506060e-03
2.751667052507400166e-02
6.233649328351021507e-02
1.131696812808513641e-02
-5.400869064033032331e-03
-1.053594984114170074e-02
4.378856346011161804e-02
6.885090377181767550e-03
-3.668716177344322205e-02
1.051518321037292307e-02
-1.260981662198901176e-03
-2.382918755756690827e-04
9.228906594216823578e-03
5.207779817283153534e-03
-1.046847272664308375e-02
-7.623128592967987928e-03
-6.403308361768722534e-02
-5.039013922214508057e-03
-2.327522449195384979e-02
2.027821913361549030e-02
-5.488820374011992541e-03
1.943977735936641693e-02
1.117228646762668870e-03
2.162422519177198410e-03
8.898732252418994904e-03
-2.355828881263733257e-02
1.110055204480886459e-02
-1.405501272529363632e-02
1.409762632101774042e-02
2.476859092712402344e-02
-1.601691707037389278e-03
1.403244771063327789e-02
-1.126225688494741917e-03
-2.140124142169952393e-02
3.261902183294296265e-02
-3.256182745099068382e-02
2.313841879367828369e-02
1.064695324748754328e-02
-5.789204314351082542e-02
-8.497872948646545410e-02
1.416742242872714996e-02
-1.198435295373201370e-02
4.469262063503265381e-02
-3.995439037680625916e-02
2.430562488734721791e-02
2.753065491560846025e-04
-6.761910626664757729e-04
-8.319349028170108795e-03
2.498752065002918590e-02
-2.232193248346447945e-03
3.266845643520355225e-02
9.530137293040752411e-03
-4.362063482403754321e-03
1.145948376506567001e-02
4.963073879480361938e-03
2.198802493512630463e-02
-4.127742350101470947e-02
-5.631674081087111559e-03
-2.925368212163447987e-02
2.246695198118687023e-02
-1.558845397084951227e-02
4.823495447635650635e-02
-4.840327054262161255e-02
-1.730254106223583221e-02
1.666007749736309052e-02
2.425272483378648758e-03
1.813844777643680919e-02
-2.127980440855026245e-02
1.608216203749179840e-02
7.581211160868406296e-03
2.069856226444244385e-02
-1.280647143721580505e-02
2.894555777311325073e-02
2.641222253441810261e-02
6.707903929054737091e-03
-1.256073825061321259e-03
9.989782236516477412e-03
-2.962034428492188887e-03
-2.134825661778450012e-02
3.486725268885492845e-03
1.433422788977623159e-02
-8.124161511659622192e-03
1.950395479798316956e-02
-7.301131263375281420e-03
-9.638609364628791809e-03
-1.202564220875501633e-02
2.223632670938968658e-02
-2.355520054697990417e-02
2.422855421900748860e-02
-1.745478995144367218e-02
1.558566745370626276e-02
-9.286805056035520381e-03
-1.684307493269443859e-02
-1.865780726075172424e-02
8.665864355862140656e-03
-8.354409597814083099e-03
1.490280870348215277e-02
6.467320770025251908e-02
2.188403904438018799e-02
-4.749693907797336578e-03
5.303368438035249710e-03
1.600817544385790825e-03
8.859083172865213048e-04
1.106204185634851629e-02
-3.356307372450828552e-02
2.390006929636001587e-02
1.865927129983901978e-02
7.344698160886764526e-02
1.407593861222267151e-02
1.499294955283403397e-02
-3.992946073412895203e-02
1.903310418128967632e-02
1.909006014466285706e-02
1.326529891230165958e-03
4.018243774771689675e-02
5.621719639748334885e-03
9.293318726122379303e-03
-7.908898405730722600e-03
2.574157528579235077e-02
-1.129808835685253360e-03
1.959545351564884186e-02
-2.520879730582236897e-02
7.865532301366329193e-03
-1.204777415841818029e-02
-7.639561314135790739e-03
-1.017871778458356857e-03
-3.150425106287002563e-02
3.764667781069874763e-04
-2.642180584371089935e-02
2.397987246513367046e-02
1.663332618772983898e-02
-5.681366194039583206e-03
1.830261945724487652e-02
1.916801743209362030e-02
1.334608811885118484e-02
5.783407017588616111e-02
6.534022092819213867e-02
5.026588216423988342e-02
2.310128137469292034e-02
2.667097933590411793e-02
4.129208624362945557e-03
1.521288789808750326e-02
-1.169585436582565134e-02
7.885484024882316589e-03
3.983430564403533936e-02
1.808986999094486237e-02
3.390161320567131042e-02
-9.001114405691623688e-03
-6.071462295949459076e-03
3.545335307717323303e-02
1.605225261300802448e-03
7.943821139633655548e-03
-3.093615919351577412e-02
2.455456554889678955e-02
1.616941764950752605e-02
2.066478319466114044e-02
1.087027974426746368e-02
1.253423560410737991e-02
2.246057614684104919e-02
1.092883478850126440e-02
-1.724090799689293255e-02
-1.102463924326002598e-03
1.264104526489972895e-02
1.592485792934894562e-02
4.622550308704376221e-02
1.626295619644224427e-03
-8.644131943583486730e-03
-6.430995417758822441e-04
1.215384434908628464e-02
7.980072870850563049e-03
6.676253862679004669e-03
3.599209710955620246e-03
-3.659853339195252159e-02
-5.855374503880739212e-03
2.587887644767760884e-02
4.680486023426055908e-02
2.501488104462623943e-02
-4.756823647767304507e-03
1.481673866510391235e-02
3.210402280092239380e-02
-1.484136376529931849e-02
5.106773972511292198e-02
1.583219878375530243e-02
-4.668821766972541809e-02
1.122848317027091980e-02
1.559296529740095312e-02
-6.125252693891525269e-02
4.303110763430594704e-02
1.387469097971916199e-02
1.747720688581467022e-02
2.185884676873683929e-02
-8.600716479122638702e-03
1.311400323174893856e-03
7.237450778484343095e-02
3.531556203961372375e-02
4.129395261406897805e-02
-9.768687887117266655e-04
8.362943306565284729e-03
4.119504243135451577e-02
-1.873847842216492046e-02
5.800083745270968351e-03
-2.394628711044788361e-02
-2.312994375824928284e-02
-4.303727671504021385e-02
-2.188904769718647003e-02
-4.129070322960615158e-03
3.440788760781288147e-02
1.006827130913734436e-02
-2.468281192705035210e-03
-5.781440064311028394e-03
2.618948230519891219e-03
1.131182629615068436e-02
4.294060636311769485e-03
2.199316769838333130e-02
4.907540231943130493e-02
3.145043924450873635e-02
-2.192871086299419750e-02
2.484500966966151844e-02
5.850094836205244064e-03
6.175247486680746078e-03
-2.234279876574873924e-03
3.884403407573699951e-02
9.861137717962263280e-03
1.922923885285854340e-02
2.162272483110428203e-02
1.653457619249821056e-02
2.643653377890586853e-02
4.041421785950661399e-02
4.855462163686751625e-02
3.485426306724548340e-02
-1.716931146802380952e-04
-6.694086827337741852e-03
2.522174641489982605e-02
1.489737257361411875e-02
2.782780444249510765e-03
5.080288648605346680e-02
1.630367152392864227e-02
-5.618755822069942951e-04
-1.218657474964857101e-03
-9.958078153431415558e-04
1.855834014713764191e-02
3.691180050373076699e-02
2.426847070455550801e-02
1.272178534418344324e-02
4.911475349217653275e-03
2.229370921850204468e-02
-2.436720393598080028e-02
3.654776886105537415e-02
2.440441027283668518e-02
-1.299386285245418375e-02
7.807851303368805972e-03
4.587812814861536026e-03
2.964801900088786732e-02
-9.426550008356571198e-03
-3.707178309559822083e-02
1.061145123094320471e-02
4.007606580853462219e-02
1.247904077172279358e-02
1.256122998893260956e-02
-2.377324039116501808e-03
-1.327919121831655676e-02
-2.174379490315914154e-02
1.921376958489418030e-02
-5.617915093898773193e-02
-2.503459900617599834e-02
6.439136341214179993e-03
-4.801655188202857971e-03
5.634883791208267212e-02
2.852634154260158192e-02
2.949662506580352436e-02
4.083956778049468994e-02
1.408777851611375982e-02
2.288208343088626862e-02
2.316943369805812836e-03
9.032443165779113770e-03
2.397587336599826813e-02
2.522099530324339867e-04
-3.986134007573128440e-02
-3.021485917270183910e-02
1.542276050895452499e-02
1.424573548138141632e-02
4.166418686509132385e-02
1.706084981560706745e-02
6.464494019746780396e-02
-5.463055148720741272e-02
-1.557186804711818695e-02
-2.928669191896915783e-02
1.111597009003162384e-02
1.309918612241744995e-02
-2.873023040592670788e-02
2.856843173503876079e-02
3.228162601590156555e-02
1.951392507180571773e-03
-1.103469543159008026e-02
-7.373398169875144958e-03
3.368120267987251282e-02
5.066264793276786804e-02
9.434083476662635803e-03
7.137877400964498520e-03
-5.633027851581573486e-02
-2.130599925294518471e-03
-1.743090339004993439e-02
-1.347000896930694580e-02
2.292534522712231029e-02
5.505384877324103615e-02
5.034395679831504822e-02
2.357657440006733288e-02
1.631513051688670765e-02
-7.212206721305847168e-03
2.517401799559592854e-02
9.179475903511047363e-02
8.961866609752178192e-03
8.464407175779344386e-03
4.994456842541695335e-02
3.098590672016143799e-02
5.526354070752859116e-03
-1.195014175027608698e-02
8.651415817439556122e-03
2.145628258585929871e-02
-2.199737168848514210e-02
2.477023378014564514e-02
-2.574221696704626083e-03
1.598386466503142964e-02
1.385862752795219421e-02
-3.788803471252321763e-03
2.546911314129829060e-02
2.742155082523822784e-02
2.028596773743629109e-02
1.659270003437995911e-02
-2.199259214103221893e-02
4.324412345886231163e-02
1.966570690274238586e-02
-2.758705615997314453e-02
7.051924616098403931e-02
-4.090891219675540924e-03
-8.135011047124862671e-02
-4.637525230646132729e-02
-2.515220269560813904e-02
1.792112924158573151e-02
1.173766702413559133e-02
6.951975519768893719e-04
3.183771297335624695e-02
1.518297847360372543e-02
4.761660937219858170e-03
-3.765441849827766418e-02
-3.213450079783796830e-03
1.259056292474270040e-02
7.368533406406641006e-03
1.048435689881443977e-03
1.040650624781847000e-02
-1.498337090015411203e-02
5.785604007542132464e-03
6.193755660206079483e-03
-8.807949721813201904e-03
4.703799262642860413e-02
3.895699977874756553e-02
4.548196215182542801e-03
-1.577850244939327240e-02
4.664929118007421494e-03
-4.658791236579418182e-03
1.066742651164531534e-02
9.189267642796041316e-03
3.872440382838248513e-02
4.417210817337036133e-03
2.073877956718206839e-03
2.494651265442371715e-02
6.213016435503959656e-02
6.716644391417503357e-03
-1.611785404384136200e-02
8.055918850004673004e-03
-6.364267319440842759e-04
-2.692185714840888977e-02
3.060189308598637581e-03
-5.741285160183906555e-03
1.199237769469618797e-03
5.139757879078388214e-03
-1.249145225301617756e-05
1.489075020799646323e-05
2.489665150642395020e-02
2.309183962643146168e-02
3.181668743491172791e-02
7.056995527818799019e-04
2.480176836252212524e-02
6.773307453840970993e-03
-1.193539425730705088e-02
3.795022517442703247e-02
2.225820161402225147e-02
-5.894173309206962585e-02
-2.759614028036594391e-02
-6.592330988496541977e-03
1.799510978162288666e-02
8.600506931543350220e-02
2.812092565000056874e-02
-1.115048537030816078e-03
2.880476787686347961e-02
2.860735170543193817e-02
1.164061855524778366e-02
2.670921944081783642e-02
6.209593266248703003e-03
-2.319687046110630035e-02
-1.179435872472822666e-03
-2.996074035763740540e-02
-1.637876406311989178e-02
-1.204480230808257883e-02
2.436410263180732727e-02
6.416977941989898682e-02
2.423493191599845886e-02
2.077735215425491680e-02
-2.350604860112071037e-03
2.398363500833511699e-02
1.926293410360813141e-02
-3.004413796588778496e-03
-1.160176843404770071e-02
9.433849714696407318e-03
3.528722375631332397e-02
6.009636446833609841e-02
3.593412786722183228e-02
8.422294631600379944e-03
6.417506374418735504e-03
1.191804464906454086e-02
1.034506876021623611e-02
4.447934217751026154e-03
-5.716242361813784513e-03
3.733441233634948730e-02
6.019648537039757469e-02
2.256064862012863159e-02
2.455630153417587627e-02
4.751426726579666138e-02
1.639652065932751049e-02
-6.467470526695251465e-02
-2.257948042824864388e-03
1.263286639004945755e-02
-3.248032554984093406e-02
-4.710764810442925193e-02
3.717913851141929626e-02
-3.015263564884662628e-02
-6.697965320199728012e-03
2.561165951192378998e-02
3.585660457611083984e-02
1.073713786900043661e-02
-3.411986678838729858e-02
-3.676003590226172707e-02
-8.828438818454742432e-03
-2.845144458115101208e-02
-8.627540431916713715e-03
3.161154687404632568e-02
5.108556523919105530e-02
2.586410753428936005e-02
2.705634571611880822e-03
4.106251522898674011e-02
2.391293086111545563e-02
1.620367169380187988e-02
4.730504006147385337e-02
3.773196786642074585e-02
5.834278650581836700e-03
-1.132325828075409109e-02
-1.770947128534317017e-02
-1.257429458200931549e-02
-1.989225484430789948e-02
-7.991516962647438049e-03
-3.360149916261434555e-03
2.100105164572596550e-03
2.313630841672420155e-02
3.869879245758056641e-02
1.770332688465714455e-03
-1.086617633700370789e-02
5.047642067074776390e-02
4.076907783746720054e-02
3.457918390631676414e-02
2.614476531744003643e-02
3.409328311681747437e-02
-9.027631953358650208e-03
-2.803847938776015888e-02
-4.681429639458656311e-02
-2.850470505654811859e-02
7.600408862344920635e-04
8.889736491255463254e-04
2.432071976363658905e-02
-3.401289228349923654e-03
-2.643392607569694519e-02
-3.118648938834667553e-02
-1.986521854996680866e-02
2.731860615313053131e-02
3.225918114185333252e-02
3.111828991677612066e-04
-6.209745630621910095e-02
-3.160656243562698364e-02
-1.691844873130321503e-02
-3.714703395962715149e-02
6.928349286317825317e-02
1.170858442783355435e-01
9.137710928916932540e-02
4.578895866870879260e-03
1.534741371870040894e-02
4.174931906163693342e-03
-7.444053888320922852e-02
-4.801338165998458862e-02
-8.004740811884403229e-03
7.344116270542144775e-02
7.080011069774627686e-02
5.165115930140017596e-03
-1.069229766726493697e-01
7.818022742867469788e-03
-1.484112534672021866e-02
1.619371213018894196e-02
4.341243952512741089e-02
5.815492570400237343e-02
8.308050036430358887e-02
-1.042261905968189240e-02
3.532027453184127808e-02
2.302777866134420037e-04
-2.863344922661781311e-02
-4.589740931987762451e-02
-5.053896084427833557e-02
-7.950729876756668091e-02
-3.746288642287253640e-02
-1.295940857380628586e-02
-7.308910600841045380e-03
2.271884586662054062e-03
-1.681826822459697376e-02
4.963218420743941567e-02
8.381895720958709717e-02
4.238953441381455162e-02
5.862877890467643738e-02
5.193478986620903015e-02
4.988574888557195663e-03
-2.037450671195984234e-02
-1.025769207626581192e-02
1.860985346138477325e-02
9.367010556161405391e-03
-3.466010838747024536e-02
4.677780717611312866e-02
-5.009796470403671265e-03
-4.533084109425544739e-02
-5.816546082496642373e-02
-7.525195181369781494e-02
-6.561496853828430176e-02
-4.529815341811627150e-04
-5.546532571315764687e-02
1.554942131042480295e-02
5.282663926482200623e-02
5.484132096171379089e-02
4.880053922533988953e-02
-4.665262065827846527e-03
-5.512610077857971191e-02
-4.400863777846097946e-03
-2.336774393916130066e-02
-1.478507462888955896e-02
-5.004940181970596313e-02
-1.946534402668476105e-02
-9.708146005868913131e-02
-5.479286611080169678e-02
3.360674530267715454e-02
-2.775086276233196259e-02
-1.603061333298683167e-02
-2.432513982057571411e-02
-3.625931590795516968e-02
-1.135890651494264603e-02
-3.548554331064223549e-02
-3.226629225537180901e-03
8.387353271245956421e-03
-9.395845979452133179e-02
-8.771239966154098511e-02
-7.328528165817260742e-02
-4.016550257802009583e-02
-6.147564947605132363e-02
-3.905139863491057656e-02
-5.058176442980766296e-02
-3.621907159686088562e-02
-1.021290570497512817e-02
1.527147460728883743e-02
1.157261990010738373e-02
-6.759767420589923859e-03
-4.016020521521568298e-02
-7.880446501076219731e-03
-5.536574870347976685e-02
-1.080779824405908585e-02
1.615688391029834747e-02
-5.593432113528252515e-03
-5.252086557447910309e-03
-9.121726267039775848e-03
-5.864607170224189758e-02
-4.798639938235282898e-02
7.955252192914485931e-03
-3.524253144860268333e-02
-5.680822208523750305e-02
-4.032847937196493149e-03
-3.225148096680641174e-02
1.913682185113430023e-02
3.833170980215072632e-02
3.833815827965736389e-02
-5.946729332208632555e-03
-2.947938442230224956e-02
-9.287487715482711792e-03
-3.966240212321282127e-02
-9.835820645093917847e-02
2.668995410203933716e-02
4.593254998326301575e-02
-3.226359933614731529e-02
1.851259358227252960e-02
-1.351197622716426849e-02
-5.200937390327453613e-02
-4.069909080862998962e-02
-5.907308310270308754e-02
-4.490147531032561562e-02
-1.478690374642610376e-02
-2.313687838613986969e-02
-1.402010442689061382e-03
-5.553057417273521423e-03
3.611888503655790415e-03
-1.132215373218059540e-02
-4.865073040127753518e-02
-9.858443588018415971e-02
-8.365210145711898804e-02
-6.559073925018310547e-02
-2.596719935536384583e-02
-6.369286030530929565e-02
-1.007423996925354004e-01
-1.008761301636696001e-01
-2.075200527906418194e-02
-3.761238884180784225e-03
-1.036597602069377899e-02
-2.604332379996776928e-02
-3.059954941272736290e-02
-3.737778216600418091e-02
3.243884071707724831e-02
6.069215945899486542e-03
-5.328651890158653259e-02
-7.015889883041381836e-02
-9.662085026502607865e-02
-1.316073238849640170e-01
-1.106258034706115584e-01
-1.502934750169515610e-02
-3.361537307500838540e-02
-3.591326996684074402e-02
-3.906439244747161865e-02
-8.697181940078735352e-02
-4.652481898665428162e-02
-2.241444028913974762e-02
5.312662688083947382e-05
-1.364670228213071823e-02
-4.358747042715549469e-03
-2.082469686865806233e-02
-1.125289592891931534e-02
3.538135811686516502e-02
1.866737753152847637e-02
-2.352970466017723083e-02
-5.746880546212196350e-03
-2.470645681023597370e-02
-3.039476461708545685e-02
-6.391504406929016113e-02
-3.604878857731818459e-02
1.675812341272830963e-02
5.591205134987831116e-02
1.682017184793949127e-02
-6.474984344094992551e-03
-2.110698819160461079e-02
-9.577682241797448939e-03
-1.720387302339076996e-02
8.300236426293849945e-03
-4.024251550436019897e-02
1.177555229514837265e-02
-3.083954937756061901e-02
-2.710562385618687023e-02
-1.362145133316516876e-02
-1.645495183765888214e-02
-1.272621937096119100e-02
-9.442314505577087402e-03
-1.498464681208133698e-02
-1.312881987541913986e-02
-3.969654068350791931e-02
-6.456149369478225708e-02
-2.635360695421696056e-02
-2.046607062220573078e-02
1.109129935503005981e-02
-3.737344592809677124e-02
6.798655260354281339e-03
-4.686021804809570312e-02
2.759280148893594742e-03
-8.949218317866325378e-03
-2.662254311144351959e-02
-1.607710495591163635e-02
-5.222209170460700989e-02
-2.902594208717346191e-02
2.448264043778181076e-03
-1.752533018589019775e-02
-3.067919984459877014e-02
-2.641296014189720154e-02
-5.405022762715817365e-03
-3.066841047257184982e-03
-4.337150603532791138e-02
-5.447924509644509056e-02
-8.331738412380218506e-02
-1.287413537502288818e-01
-6.238529831171036460e-02
-1.136518665589392185e-03
2.268251590430736195e-02
1.145586092025041580e-02
3.902955912053585052e-03
-2.338812686502933155e-02
-3.666223213076592186e-02
-5.920542031526564858e-02
-2.865189872682094227e-02
3.431645780801773071e-02
1.314352080225944346e-02
3.131360933184623718e-02
5.407850444316864014e-02
9.334512986242771149e-03
-2.417951636016369213e-02
-1.021390501409769058e-02
-5.288597196340560913e-02
4.005596507340670499e-03
-3.082950040698051800e-02
-8.236651308834552765e-03
-3.840883076190948486e-02
-2.011544629931449890e-02
-5.765214562416077528e-03
9.956647641956806183e-03
-1.766753010451793671e-02
-3.446645662188529968e-02
-5.325644463300704956e-02
-2.832426317036151886e-02
3.427018970251084068e-02
8.524258434772491455e-02
-2.973561175167560577e-02
-2.904400974512099873e-02
-6.524606794118881226e-02
-1.235902588814496994e-02
-2.000393345952033997e-03
1.917127892374992371e-02
-2.745854109525680195e-02
-2.822140045464038849e-02
-6.492463499307632446e-02
-1.884340122342109680e-02
-6.667512934654951096e-03
4.837967082858085632e-02
3.842930775135756406e-03
7.306975312530993548e-03
-3.281341632828116417e-03
-5.026158876717090607e-03
-6.555662024766206741e-03
3.006085520610212846e-03
-2.177737280726432800e-02
-4.498414695262909803e-03
-2.885532751679420471e-02
-4.346166923642159202e-02
-2.022510953247546803e-02
1.782034896314144135e-02
3.916937566827983206e-04
-2.625018917024135937e-02
-5.029777437448501587e-02
-5.339178442955017090e-02
-1.695188507437705994e-02
1.380420662462711334e-02
1.345396321266889572e-02
-9.195179678499700374e-03
-2.174333296716212879e-02
-2.831607870757580150e-02
-7.014282979071139422e-03
-7.591161411255598068e-03
2.209521085023880005e-02
8.806268451735377312e-04
-2.638502605259418488e-02
-4.512723162770271301e-02
2.738160640001296997e-02
4.916977882385253906e-02
1.752280257642269135e-02
-2.592620626091956745e-02
-5.192829295992851257e-02
-3.417128697037696838e-02
-9.490151889622213191e-03
2.030374482274055481e-02
2.941057644784450531e-02
-1.503157522529363806e-02
-2.611481118947267532e-03
-1.512430794537067413e-02
1.679415255784988403e-02
-2.113750204443931927e-02
5.591352819465101849e-04
-6.590526551008223100e-02
-1.698511093854904175e-02
3.222073242068291404e-02
8.694399148225784302e-02
7.977948524057865143e-03
1.787553657777607441e-03
7.099251262843609724e-03
8.913658559322355443e-03
-1.593417860567569733e-02
-2.230452932417392731e-02
-6.101057678461074829e-02
-8.122906088829040527e-03
1.720530726015567780e-02
7.195780426263809204e-02
2.470132336020469666e-02
-5.441166460514068604e-02
-4.506312310695648193e-02
-9.558911435306072235e-03
-1.544264238327741623e-02
3.009407222270965576e-02
-4.384642094373703003e-02
-1.729680225253105164e-02
-5.062955990433692932e-02
8.011440746486186981e-03
2.524928562343120922e-02
2.233519591391086231e-02
6.901073735207318392e-03
-3.708532080054283142e-02
4.578362405300140381e-02
3.446359885856508775e-03
5.338776484131813049e-02
-3.097106702625751842e-02
-2.693404071033000946e-02
-3.185222670435904763e-02
-1.676554791629314423e-02
1.346460264176130468e-02
-2.197698503732681274e-02
1.186263933777809143e-02
1.295250747352838516e-02
-2.412397786974906921e-02
-6.764779239892959595e-02
1.943164621479809284e-03
2.908609993755817413e-02
-1.659092120826244354e-02
-5.986709147691727552e-03
6.758601521141827106e-04
2.702009864151477467e-02
-2.646109834313392639e-02
-1.849525049328804016e-02
-1.574653200805187225e-02
-8.823215961456298828e-03
-5.760028585791587830e-02
-1.095178071409464056e-02
-2.059361338615417134e-02
-7.405908778309822083e-03
5.852482281625270844e-03
-3.005211055278778076e-02
-2.879597060382366180e-02
3.444743901491165161e-02
2.971075940877198739e-03
-4.847027827054261294e-03
-1.694292202591896057e-02
-2.314749173820018768e-02
1.691115321591496468e-03
-5.914161447435618314e-03
3.860049322247505188e-02
-3.661304712295531533e-02
1.514371018856763666e-02
-3.247293829917908409e-02
1.761364936828613281e-02
-2.542315609753131866e-02
1.408045366406440908e-02
-1.338882930576801300e-02
1.925156079232692719e-02
-1.005983352661132812e-02
-2.987155923619866371e-03
3.567629493772984418e-03
1.002167118713259480e-03
-1.692420616745948792e-02
8.007097057998180389e-03
5.181994289159774780e-02
1.331451255828142166e-02
-3.347801044583321051e-03
-3.717394918203353882e-02
-4.680427722632884979e-03
-2.212884137406944795e-03
-5.463331006467342377e-03
-1.407732954248785973e-03
-1.486773509532213211e-02
-6.201187148690224561e-03
1.930498518049716949e-02
-2.200598828494548798e-03
-9.857308119535446167e-03
-4.671797528862953186e-02
-1.312813349068164825e-02
-1.411116961389780045e-02
-5.354416090995072451e-03
6.974483840167521563e-03
2.434637770056724548e-02
-1.745212357491254590e-03
1.954311039298773246e-03
6.472711451351642609e-03
3.247341373935342269e-03
-2.528359182178974152e-02
-1.092080306261778051e-02
2.132353372871876110e-02
1.146194338798522949e-02
2.194333449006080974e-02
-6.380901206284760561e-03
3.155156271532177925e-03
-4.826069250702857971e-02
-1.711698481813073158e-03
-4.296549595892428484e-03
-3.441118448972702026e-02
-4.557152464985848167e-02
-4.444848746061325073e-03
5.016994103789329529e-02
3.586666658520697853e-02
3.151858597993851402e-02
-3.494453802704811096e-02
7.863913662731647491e-03
5.923279002308844826e-02
4.917011037468910217e-02
1.313391840085387230e-03
-2.528840675950050354e-02
-1.153933629393577576e-02
-4.024156369268893328e-03
2.533160522580146790e-02
-2.803187584504485130e-03
-4.416060075163841248e-02
-4.776501283049583435e-02
-7.692814804613590240e-03
2.305010333657264709e-02
-2.499655447900295605e-02
-2.203242667019367218e-02
9.748542681336404628e-03
-5.438625346869229403e-03
-5.208713468164206419e-03
4.273490048944950104e-03
3.818592755123972459e-03
-2.622183039784431458e-02
-8.158261328935623169e-02
-2.903862483799457550e-02
6.371665000915527344e-02
-3.817350789904593727e-02
-2.493681199848651886e-02
2.570033818483352661e-02
-5.470824427902697649e-03
8.944636210799217224e-03
-1.557744760066271002e-02
2.687639789655805068e-03
-2.430406399071217017e-03
3.861458972096443176e-03
-1.386803761124610727e-02
8.507787249982357025e-03
-1.774293929338455200e-02
-2.239172579720616341e-03
9.754084050655363256e-03
1.785498298704624176e-02
-2.782403724268078804e-03
-5.360188707709311745e-02
-2.182365208864212036e-02
-2.341533266007899891e-02
1.919127814471721649e-02
2.811980620026588440e-02
6.386658176779747009e-03
-1.506745256483554667e-02
1.505177281796932220e-02
-2.227832563221454273e-02
2.471826970577239990e-02
-5.100392922759056091e-02
-3.870188817381858826e-02
1.336125005036592310e-02
1.283165300264954567e-03
-1.797474105842411301e-03
1.551290857605635903e-03
3.136815130710601807e-02
6.012231111526488564e-02
2.142598107457160950e-02
6.307786679826677930e-04
-1.832087337970733643e-02
-7.997763343155384064e-03
7.207992486655712128e-03
1.829232834279536854e-02
-7.567341672256588936e-04
-1.130533497780561447e-02
2.120715565979481090e-02
-1.145482435822486877e-02
1.206690166145563126e-02
5.176245048642159202e-02
1.273251324892044067e-02
-9.431841783225536346e-03
1.684369333088397980e-02
-1.252882368862629110e-02
-6.473778188228607178e-02
-1.186050008982419968e-02
-2.612773096188903289e-03
-1.722504757344722748e-02
-3.647480392828584585e-03
1.676530018448829651e-02
1.694533711997792125e-04
-6.843896117061377439e-03
-8.720646612346172333e-03
2.278097160160541187e-02
-1.687063649296760559e-02
-5.198107659816741943e-02
-1.721738465130329132e-02
-1.335764862596988678e-02
-4.404658917337656021e-03
-2.536787651479244232e-02
-3.610038664191960855e-03
-4.444938898086547852e-02
1.191925350576639175e-02
-3.449847688898444176e-03
4.117463156580924988e-02
-2.537201158702373158e-02
1.102862134575843811e-02
-3.082908689975738178e-02
3.872041776776313782e-02
1.523352880030870264e-02
5.831549689173697731e-02
-1.411294285207986832e-02
3.015754977241158485e-03
-6.747571378946304321e-02
-1.137082144850865006e-04
-6.533762440085411072e-03
6.052434444427490234e-02
2.333373390138148915e-02
6.243858486413956556e-03
-1.151702180504798716e-02
-1.419344823807478125e-02
-6.333463825285434723e-03
1.055573392659425562e-02
3.949155285954474709e-02
1.271781511604785919e-03
-8.365162648260593414e-03
-3.017270378768443714e-02
-2.275086753070354462e-02
4.376977682113647461e-03
-1.161826681345701218e-02
2.693912759423255920e-02
-2.085789106786251068e-02
7.573836483061313629e-03
-4.819770529866217873e-02
2.762708626687526703e-02
-1.449827197939157486e-02
3.632656112313271263e-02
-3.476314246654510498e-02
1.766640692949295044e-02
-3.325778990983963013e-02
7.936666719615459442e-03
-1.106916368007660086e-02
-7.387213408946990967e-04
2.590904012322425842e-02
-1.821470074355602611e-02
1.405232772231101990e-02
-4.741575568914413452e-02
2.843625843524933208e-02
-1.790373399853706360e-02
7.478427141904830933e-03
2.683240734040736805e-02
-7.169861346483231458e-03
7.500763516873120394e-03
-7.144142407923937711e-03
-6.843186914920806885e-03
1.356228254735469818e-02
-3.595109330490231080e-03
-8.634124882519245148e-03
2.618043124675751079e-02
2.961807698011397968e-02
1.878443732857704163e-02
1.807429641485214233e-02
-4.294962435960769653e-02
2.133927680552005768e-02
2.895374037325382580e-02
-2.837055176496505737e-02
4.197442438453435898e-03
-5.308534950017929077e-03
-2.528689801692962646e-02
-7.273721974343060580e-03
2.465522661805153240e-02
1.127926865592598915e-03
-3.284792182967066765e-04
-1.324693579226732428e-02
-1.981137553229928017e-03
8.146316395141183246e-04
-1.007867511361837387e-02
7.844050414860248566e-03
1.309401076287031174e-02
-3.305107355117797852e-02
-1.619433052837848663e-02
1.770951785147190094e-02
2.081629447638988495e-02
5.527482833713293076e-03
1.459309831261634653e-02
-7.265618536621331301e-03
-2.174421586096286774e-02
2.271058596670628288e-02
1.032207161188125610e-03
1.688690669834613800e-02
-5.934101063758134842e-03
2.666275762021541595e-02
-2.711240667849778695e-03
-1.155123580247163773e-02
-7.503152824938297272e-03
1.138771139085292816e-02
-3.781773149967193604e-02
3.446906805038452148e-02
5.601318180561066368e-02
4.757386445999145508e-02
4.331217706203461387e-02
9.874819777905941010e-03
2.266239002346992493e-02
3.105906769633293152e-03
-9.322633966803550720e-03
-2.104076929390430450e-02
8.872292935848236084e-03
-1.226766314357519150e-02
1.499518193304538727e-02
-7.376147434115408984e-03
-2.018062863498926163e-03
2.863572677597403526e-03
-2.484305761754512787e-02
1.158510707318782806e-02
-7.170342374593020353e-03
2.764461003243923187e-02
-1.214572321623563766e-02
8.938203565776348114e-03
-1.913920417428017010e-02
6.185495760291814804e-03
3.222386166453361511e-02
-4.961884580552577972e-03
2.034594118595123638e-02
-1.902976445853710175e-02
2.869910746812820782e-02
-1.328462548553943634e-02
4.071211442351341248e-02
5.784074217081069946e-02
2.307289978489280181e-03
-4.618157108779997176e-04
-2.137865312397480011e-02
-7.353635970503091812e-03
1.914050988852977406e-02
-1.671017892658710480e-02
2.722961828112602581e-02
-1.329830009490251541e-02
5.163250863552093506e-02
1.421308983117341822e-02
-2.038661390542984009e-02
-4.375418275594711304e-02
-2.593228779733181000e-02
4.117020592093468406e-02
4.048259928822516701e-02
-9.220782667398451024e-03
-2.216611988842487335e-02
3.466783557087182999e-03
1.165900263004005172e-03
5.610321648418903351e-03
4.979526856914162636e-04
-4.076090455055236816e-02
-7.628120016306638718e-03
2.179451985284686089e-03
3.186607267707586288e-03
-2.485033310949802399e-02
-1.582947559654712677e-02
5.367880687117576599e-02
-1.282446924597024918e-02
-1.871770364232361317e-03
5.758870020508766174e-02
5.825324356555938721e-02
-2.780470810830593109e-02
-4.718446359038352966e-02
-7.201073318719863892e-02
1.628770306706428528e-02
-1.460686791688203812e-02
2.302836254239082336e-02
3.854230046272277832e-02
5.459336563944816589e-02
1.110737584531307220e-02
6.959578488022089005e-03
1.381399016827344894e-02
-3.001219779253006328e-02
3.769068047404288552e-02
-4.564266279339790344e-02
4.398900270462036133e-02
-1.055168081074952906e-02
5.938111990690231323e-02
-3.481789957731962204e-03
-3.000238351523876190e-02
-2.835787646472453724e-02
-2.202614396810531963e-02
1.581394672393799175e-02
2.764945104718208313e-02
1.018542563542723656e-03
-5.564656574279069901e-03
-3.648092225193977356e-02
-2.439284883439540863e-02
4.515333101153373718e-02
-1.057736016809940512e-02
3.333281353116035461e-02
2.347686560824513002e-03
4.124646540731192502e-03
2.065518870949744745e-03
-1.513218414038419724e-02
6.565927527844905853e-03
8.917236700654029846e-03
2.749777585268020977e-02
-8.986364118754863739e-03
1.138439774513244455e-02
-3.689997270703316429e-02
7.385178003460168839e-03
6.368442904204129305e-03
9.830501861870287114e-03
7.201644778251647949e-02
-1.024468615651130850e-02
6.298207491636276245e-02
-3.152754157781600952e-02
7.320825476199389371e-03
-1.417979691177606583e-02
-3.450207784771918557e-02
-3.856524452567100525e-02
1.305788848549127579e-02
5.581479519605636597e-03
1.817575097084045410e-02
-5.620129406452178955e-03
2.530679805204272704e-03
2.967930771410464894e-02
1.303136628121137619e-02
3.055287990719079971e-03
7.747796364128590497e-03
3.667845623567700820e-03
9.781443513929843903e-03
1.424716878682374954e-02
5.460273846983909607e-02
4.806570708751679334e-03
-9.939501993358135223e-03
1.442830730229616165e-02
3.504839539527893066e-02
5.017291381955146790e-02
2.562682516872883190e-02
-1.773654948920011304e-03
-2.414290606975555767e-02
-6.510539911687374115e-03
-2.263615652918815960e-02
7.338396739214659605e-03
2.233072556555270802e-02
1.802722178399563183e-02
2.299805544316768646e-02
-1.282583735883235931e-02
2.158607169985771179e-02
-6.848622113466263685e-03
2.118670567870140076e-02
-1.717493683099746704e-02
3.613461181521416404e-02
-1.984590664505958557e-02
3.818853944540023804e-02
-1.410728879272937775e-02
8.976127952337265015e-03
1.135652326047420502e-02
2.215791679918766022e-02
5.115117877721786499e-02
2.540943026542663921e-02
1.650845073163509369e-02
-3.407891467213631370e-02
-1.297332067042589188e-02
2.464399486780166279e-02
3.760661184787750244e-02
2.268546074628829956e-02
-1.904480595840140906e-04
3.145137056708336570e-02
-7.429439108818770322e-03
1.684659346938133240e-02
-2.839699573814868580e-02
5.114901438355446556e-02
1.118178130127489567e-03
4.192417487502098083e-02
4.388679936528206565e-02
2.685344219207764019e-02
5.538904573768377304e-03
-5.046290531754493713e-02
-1.477758679538965399e-02
-2.513232268393040050e-02
1.002474687993526459e-02
2.239844948053359985e-02
6.484999321401118365e-03
4.923787713050841591e-02
-2.534203231334686279e-02
2.447646483778953899e-02
-2.277781069278717041e-02
1.546486653387546192e-02
3.950469195842742920e-02
4.264557734131813049e-02
4.638760164380073547e-02
3.044782206416130066e-02
-6.468036212027072906e-03
-4.515418782830238342e-02
-4.404583573341369629e-02
-4.095565527677536011e-03
1.622971147298813213e-02
1.076573505997657776e-02
1.569293439388275146e-02
3.606569394469261169e-02
-3.029694966971874237e-02
-2.077528275549412207e-03
-6.861705332994461060e-03
3.892740979790688255e-02
1.881436631083488464e-02
-8.330443874001502991e-03
1.386074628680944443e-02
2.654907107353210449e-02
-2.297986857593059540e-02
9.134369902312755585e-03
-3.809016197919845581e-02
1.354644075036048716e-02
3.478555381298065186e-02
4.825781658291816711e-02
5.671250820159912803e-02
4.167263582348823547e-02
-4.382017068564891815e-03
-1.290949992835521525e-02
-2.238493785262108196e-02
4.999639838933944702e-02
3.764054924249649048e-02
2.855987101793288838e-02
3.299921378493309021e-02
8.049895614385604858e-02
3.687481582164765098e-02
-2.806765027344226837e-02
9.186270646750928706e-03
2.862650156021118164e-02
8.236280083656311035e-02
-2.247456833720207214e-02
-1.770560629665851593e-02
-8.477765135467050725e-03
3.381146350875496864e-03
2.996911481022835125e-02
-1.084417849779129028e-02
8.571473881602287292e-03
1.986306905746459961e-02
1.993249915540218353e-02
4.361732571851462126e-04
2.111964672803878784e-02
2.739388030022382736e-03
4.661969467997550964e-02
2.705260179936885834e-02
1.472752075642347162e-02
-7.786470465362071991e-03
-3.404521197080612183e-02
-1.833972521126270294e-02
-3.579523414373397827e-02
1.472309231758117502e-02
2.138374000787734985e-02
-2.395667979726567864e-04
2.017362788319588054e-02
3.415326587855815887e-03
5.381801631301642332e-03
1.155880745500326330e-02
1.664404198527335774e-02
-5.957875400781632337e-03
2.124547772109508514e-02
2.542463690042496074e-02
7.298385351896286011e-02
3.220007941126823425e-02
-2.777350693941116333e-02
1.508397329598665237e-02
-4.880295693874358437e-02
8.987616747617721558e-03
-3.786899521946907043e-02
-2.827062644064426422e-02
2.112154662609100342e-02
2.107787504792213093e-02
4.371255636215209961e-02
2.710212022066116333e-02
-3.440618142485617897e-02
4.038809984922409058e-02
4.541689530014991760e-03
-5.359401926398277283e-03
1.085888035595417023e-02
-1.733942516148090363e-02
1.070696301758289164e-02
1.244680583477020437e-02
-1.123852375894784927e-02
3.886559233069419861e-02
-5.692345090210438642e-03
1.575944386422634125e-02
-2.971310727298260082e-02
-1.952016167342662811e-02
-6.684410572052001953e-02
-2.029059641063213001e-02
-2.150785923004150391e-02
4.374565929174423218e-02
4.434882476925849915e-02
3.226456465199589296e-03
1.927301287651062012e-02
-2.725361101329326283e-02
-1.415175502188503525e-03
2.428772859275341034e-03
-1.136387139558792114e-02
3.241170942783356407e-02
2.853916399180888783e-02
6.709040142595767975e-03
-2.761473320424556732e-02
4.985152278095484647e-03
-2.293824590742588043e-02
1.242717634886503046e-02
-1.733714900910854340e-02
-2.395066246390342712e-02
3.362643346190452576e-02
-3.292128816246986389e-02
-3.972941637039185264e-02
1.238020788878202265e-02
-1.134401746094226837e-02
-1.585578732192516327e-02
5.690678209066390991e-02
1.517233997583389109e-02
-3.608800470829010010e-02
-2.498283050954341888e-02
1.072427909821272070e-02
-3.868349641561508179e-02
8.733380236662924290e-04
-9.718342684209348506e-03
2.375186793506145477e-02
4.887719172984361649e-03
-8.290540426969528198e-03
-2.038189396262169231e-02
-1.291342917829751968e-02
-2.123361686244606972e-03
-8.763642050325870514e-03
-4.554186947643756866e-03
-5.077773705124855042e-02
-9.944241493940351659e-03
-2.673045173287392010e-02
1.223648712038993835e-02
-4.158100578933954239e-03
3.166211396455764771e-02
-3.106185980141163219e-02
-3.646213933825492859e-02
1.147856190800666809e-02
2.288530813530087471e-03
-3.740486223250627951e-03
2.643369697034358978e-02
1.556005328893661499e-02
-3.686347976326942010e-03
-1.881177723407745361e-02
1.665418595075607300e-02
-1.377836801111698151e-02
-9.850640781223773956e-03
-1.457736641168594360e-02
3.947809338569641113e-02
4.537998139858246543e-02
1.662203669548034668e-02
5.089721642434597015e-03
-1.569182053208350788e-02
7.419337052851915359e-03
1.133332028985023672e-02
1.354007795453071594e-02
1.992399990558624268e-02
2.485167980194091797e-02
-8.917831815779209137e-03
2.697105286642909050e-03
-1.829863642342388630e-03
-3.213704004883766174e-02
4.204980563372374448e-03
1.830045878887176167e-02
-5.747647024691104889e-03
-4.492779728025197983e-03
-2.071676775813102722e-03
1.557955052703619003e-02
-6.007120478898286819e-03
-3.648865967988967896e-02
-3.382439259439707236e-03
2.013075724244117390e-02
-3.959742188453673623e-02
1.202516071498394012e-02
1.136379688978195190e-02
-5.533096194267272949e-02
2.505087479948997151e-02
7.982704788446426392e-03
-1.035285927355289459e-02
6.921676453202962875e-03
3.195796452928334475e-04
-2.224432863295078278e-02
-1.734879240393638611e-02
-8.379454724490644282e-03
-2.110630832612514496e-02
-3.200359269976615906e-02
-1.342551317065954208e-02
-9.985748911276461862e-04
-2.128053456544876099e-02
4.107572883367538452e-02
6.833557784557342529e-02
4.880051314830780029e-02
4.332109540700912476e-02
2.919849194586277008e-02
2.781656570732593189e-02
3.523990139365196228e-02
-4.960804944857954979e-04
8.497660607099533081e-02
6.638906896114349365e-02
2.574313431978225708e-02
-6.819897145032882690e-02
-4.454861208796501160e-02
4.439033567905426025e-02
1.568579860031604767e-02
2.023383043706416737e-02
4.913751408457756042e-02
9.220204502344132858e-02
4.904624074697495201e-02
-1.833745837211609234e-02
-7.415258139371871948e-02
-1.530466973781585693e-02
9.588441811501979828e-03
-1.501271617598831437e-03
-1.822132989764213909e-02
6.513202190399169922e-02
-7.246681489050387469e-03
7.830191403627395630e-02
3.150717914104461670e-02
3.558651357889175415e-02
-1.957289408892393112e-03
8.394927531480789185e-02
2.426719106733798981e-02
-2.232657745480537068e-02
1.969246566295624126e-02
1.281608361750841314e-02
2.724627032876014709e-03
7.202232629060745239e-02
9.806149452924727006e-02
2.556514367461204529e-02
-2.848544344305991780e-02
9.405842050909996033e-03
3.001825883984565735e-02
2.344616502523422588e-02
5.604714527726172707e-02
6.308533251285552979e-02
6.948142312467097369e-03
3.737276419997215271e-02
3.940767049789428711e-02
7.100008428096771240e-02
2.155975252389908184e-02
9.189507924020290375e-03
3.297353163361549377e-02
-5.415998399257659912e-03
2.283771708607673645e-02
5.527478456497191689e-02
5.474169552326201699e-02
3.185347095131874084e-02
6.865289062261581421e-02
