1.889373362064361572e-01
1.930159628391265869e-01
1.974697560071944635e-01
2.010784596204757413e-01
1.932878643274307529e-01
1.965062916278839111e-01
1.987657546997070590e-01
1.936798989772796631e-01
1.954876035451889038e-01
1.973355263471603394e-01
1.945663243532180786e-01
1.959636807441711426e-01
1.976476609706878662e-01
1.990486532449722568e-01
1.977104842662811557e-01
1.989569664001464844e-01
1.999969929456710815e-01
1.994566619396209439e-01
2.007639408111572543e-01
2.020883560180664062e-01
2.027643769979476929e-01
2.040259540081023892e-01
2.054067701101303101e-01
2.065321952104568481e-01
2.091399431228637418e-01
2.105471044778824130e-01
2.118353694677352905e-01
2.113519608974456787e-01
2.124826163053512851e-01
2.137655913829803467e-01
2.144171744585036676e-01
2.156439423561095914e-01
2.169991582632064819e-01
2.177874743938446045e-01
2.189809679985046387e-01
2.206308543682098389e-01
2.208580970764159879e-01
2.221920788288116455e-01
2.236260920763016025e-01
2.253483235836029053e-01
2.303321361541748047e-01
2.322187721729278564e-01
2.341923862695693970e-01
2.388804703950881958e-01
2.408976107835769376e-01
2.431347519159317017e-01
2.454764842987060547e-01
2.485245913267135898e-01
2.508041560649871826e-01
2.530884444713592529e-01
2.535100281238555908e-01
2.554976344108580988e-01
2.574434280395507812e-01
2.595016658306121826e-01
2.613440155982971191e-01
2.630773484706879217e-01
2.647870481014252264e-01
2.654181420803070068e-01
2.669398784637451172e-01
2.683567404747009277e-01
2.705135643482208252e-01
2.718308269977569580e-01
2.732584178447723389e-01
2.752119898796080988e-01
2.765608727931976318e-01
2.778826951980590820e-01
2.834946215152740479e-01
2.866126596927642822e-01
2.882102727890014648e-01
2.913309633731842041e-01
2.928635179996490479e-01
2.942841351032257080e-01
2.975443303585052490e-01
2.965932488441467285e-01
2.981430590152740479e-01
2.995692789554595947e-01
2.990435659885406494e-01
3.002552986145019531e-01
3.014191091060638428e-01
3.024018704891204834e-01
3.035121858119965155e-01
3.043711781501770020e-01
3.050561845302581787e-01
3.012362420558928888e-01
3.015260100364685059e-01
3.018310368061065674e-01
2.982885539531707764e-01
2.982394397258758545e-01
2.981246709823608398e-01
2.960732579231262207e-01
2.958120703697205145e-01
2.955057322978972834e-01
2.952355146408081055e-01
2.932452857494354248e-01
2.930122315883636475e-01
2.927154600620269775e-01
2.890715897083282471e-01
2.886880636215209961e-01
2.882007360458374023e-01
2.874794304370880127e-01
2.870168387889862061e-01
2.865777015686035156e-01
2.863994240760803223e-01
2.828932702541351318e-01
2.824772000312805176e-01
2.822283506393433172e-01
2.855839133262634277e-01
2.855689227581024170e-01
2.855407893657684326e-01
2.826073467731475830e-01
2.826624214649200439e-01
2.828716933727264404e-01
2.829919457435607910e-01
2.834794521331787109e-01
2.837769687175750732e-01
2.841715812683104914e-01
2.822561860084533691e-01
2.825454771518707275e-01
2.827411293983459473e-01
2.819417119026184082e-01
2.820831537246704102e-01
2.822985351085662842e-01
2.824048399925231934e-01
2.814430892467498779e-01
2.815518975257872980e-01
2.818782627582550049e-01
2.833848297595977783e-01
2.837046384811400812e-01
2.842328250408173163e-01
2.838081419467926025e-01
2.842339277267456055e-01
2.849185764789580744e-01
2.901419699192047119e-01
2.909637987613677979e-01
2.916925847530364990e-01
2.925852537155151367e-01
2.917525470256804865e-01
2.926411330699921209e-01
2.933038473129272461e-01
2.951786816120148260e-01
2.960905432701110840e-01
2.966427803039550781e-01
2.964295744895935059e-01
2.969954013824462891e-01
2.976137399673461914e-01
2.983361780643463135e-01
3.018745183944702148e-01
3.024923801422119141e-01
3.032906949520111084e-01
3.078419268131256104e-01
3.088239431381225586e-01
3.098148107528686523e-01
3.159834146499633789e-01
3.170754909515380859e-01
3.182502388954162598e-01
3.192744255065917969e-01
3.193022906780242920e-01
3.201718330383300781e-01
3.210379481315612793e-01
3.204829990863800049e-01
3.211902081966400146e-01
3.217453360557556152e-01
3.243388831615447998e-01
3.250606954097747803e-01
3.256228268146514893e-01
3.278075754642486572e-01
3.283694088459014893e-01
3.289841711521149237e-01
3.296173810958862305e-01
3.294273018836975098e-01
3.299302160739899237e-01
3.304432332515717108e-01
3.315958380699157715e-01
3.319105505943298340e-01
3.322520852088928223e-01
3.340018689632415771e-01
3.343295454978942871e-01
3.347467184066772461e-01
3.351599574089050293e-01
3.322002589702606201e-01
3.322975635528564453e-01
3.323533236980438232e-01
3.308837115764617920e-01
3.307526409626007080e-01
3.305684030055999756e-01
3.311682343482971191e-01
3.308762311935424805e-01
3.305574357509613037e-01
3.297671675682067871e-01
3.293071389198303223e-01
3.287576138973236084e-01
3.284101486206055243e-01
3.269652724266052246e-01
3.266115784645081122e-01
3.262660503387451172e-01
3.226149082183837891e-01
3.221322000026702881e-01
3.215978741645812988e-01
3.206679224967956543e-01
3.200324177742004395e-01
3.195205032825469971e-01
3.190440237522125244e-01
3.173393011093140204e-01
3.168660998344420832e-01
3.163450360298156738e-01
3.171336352825164795e-01
3.168065845966339111e-01
3.163552582263946533e-01
3.146566450595856268e-01
3.139277100563048761e-01
3.136330842971801758e-01
3.132096529006958008e-01
3.123624026775360107e-01
3.118816614151000977e-01
3.115820884704589844e-01
3.118130862712860107e-01
3.115696609020233154e-01
3.113504052162170410e-01
3.117476701736450195e-01
3.117069602012634277e-01
3.115971386432648260e-01
3.103821277618408203e-01
3.103123605251312256e-01
3.101121783256530762e-01
3.102502822875977118e-01
3.115205764770507812e-01
3.115656673908233643e-01
3.116751313209533691e-01
3.095563948154448908e-01
3.095849752426147461e-01
3.095239400863647461e-01
3.096108734607696533e-01
3.074734807014464777e-01
3.073077797889708918e-01
3.073942065238953192e-01
3.036867082118988037e-01
3.034469187259674072e-01
3.030035793781280518e-01
3.056471347808837891e-01
3.054447770118712824e-01
3.052847683429718018e-01
3.112446665763854980e-01
3.116008043289185125e-01
3.118089437484741211e-01
3.122926950454711914e-01
3.141374886035919189e-01
3.147426545619965155e-01
3.152234256267548163e-01
3.167917132377624512e-01
3.173465430736541748e-01
3.177709281444549561e-01
3.184486925601959229e-01
3.189695179462432861e-01
3.192935883998870850e-01
3.195021748542785645e-01
3.181536197662352961e-01
3.182287812232971191e-01
3.181518614292144775e-01
3.174750506877899170e-01
3.174253106117248535e-01
3.173708319664000910e-01
3.178005814552307129e-01
3.176495134830474854e-01
3.176380693912506104e-01
3.133620917797089178e-01
3.130681812763214111e-01
3.126247525215148926e-01
3.122769296169281006e-01
3.129863440990447998e-01
3.126124739646912176e-01
3.123266100883483887e-01
3.143969774246215820e-01
3.142878413200378418e-01
3.141168355941772461e-01
3.151042461395264227e-01
3.152514398097991943e-01
3.154532909393310547e-01
3.155006766319274902e-01
3.143631517887115479e-01
3.146246373653411865e-01
3.145565986633300781e-01
3.163230419158935547e-01
3.166391849517822266e-01
3.168435096740723211e-01
3.180254101753234863e-01
3.182553052902221680e-01
3.185541629791260321e-01
3.152065873146057129e-01
3.151303827762603760e-01
3.149725198745727539e-01
3.149317204952239990e-01
3.127768039703369141e-01
3.126137852668762207e-01
3.124555349349976141e-01
3.103948831558227539e-01
3.100787103176116943e-01
3.095199167728424072e-01
3.074500858783721924e-01
3.067685663700103760e-01
3.062243461608887274e-01
3.056069016456604004e-01
3.052362501621246338e-01
3.046254217624664307e-01
3.041273653507233221e-01
3.044818937778472900e-01
3.041247129440308172e-01
3.037441968917847235e-01
3.046530187129974365e-01
3.043389916419982910e-01
3.041305840015411377e-01
3.037113249301910400e-01
3.049487769603729248e-01
3.048453032970428467e-01
3.047193586826324463e-01
3.040851652622222900e-01
3.039268851280212402e-01
3.040083348751068115e-01
3.059208393096923828e-01
3.059589564800262451e-01
3.057008683681488037e-01
3.067291378974914551e-01
3.066157400608062744e-01
3.066761493682860773e-01
3.066921234130859375e-01
3.091572523117064875e-01
3.092876374721527100e-01
3.094481825828552246e-01
3.121825456619263250e-01
3.124729990959167480e-01
3.126896023750305176e-01
3.113639950752258301e-01
3.114247024059296209e-01
3.115744292736052912e-01
3.116266727447510321e-01
3.163409233093261719e-01
3.166963160037994385e-01
3.170562088489532471e-01
3.154843449592590332e-01
3.156653940677642822e-01
3.157088458538055420e-01
3.172607123851776123e-01
3.173400461673737127e-01
3.174665272235870361e-01
3.175675272941588800e-01
3.202557265758514404e-01
3.204008638858795166e-01
3.206177353858947754e-01
3.209695518016815186e-01
3.210542201995849609e-01
3.212858140468596857e-01
3.170679807662963867e-01
3.169879913330078125e-01
3.169024884700775146e-01
3.166338801383972168e-01
3.161951005458831787e-01
3.158833086490631104e-01
3.155246973037719727e-01
3.167446851730347235e-01
3.165975213050842285e-01
3.163204789161682129e-01
3.167459964752197266e-01
3.165860772132872980e-01
3.162934780120849609e-01
3.157666027545928955e-01
3.154895305633544922e-01
3.151657581329345703e-01
3.147838115692139227e-01
3.191662728786468506e-01
3.190964162349700928e-01
3.191172182559967041e-01
3.210912048816680908e-01
3.212379515171051025e-01
3.212754428386688232e-01
3.186302185058593750e-01
3.185211718082427979e-01
3.184601664543151855e-01
3.183137476444244385e-01
3.211968243122100830e-01
3.212089538574218750e-01
3.212546110153198242e-01
3.207875490188598633e-01
3.208720982074736994e-01
3.208001852035522461e-01
3.208200037479401190e-01
3.207404315471649170e-01
3.206914365291595459e-01
3.205659985542296808e-01
3.177141547203063965e-01
3.173815906047821045e-01
3.169894218444824219e-01
3.131982088088989258e-01
3.127077817916870117e-01
3.122205436229705811e-01
3.119070231914519709e-01
3.113843798637390137e-01
3.108306229114532471e-01
3.094780445098876953e-01
3.088462054729461670e-01
3.081758618354796808e-01
3.075798451900482178e-01
3.061394691467285156e-01
3.054817020893096924e-01
3.048182725906372070e-01
3.022293150424957275e-01
3.013171255588531494e-01
3.008534312248229980e-01
2.995237708091735840e-01
2.987926602363586426e-01
2.981629073619842529e-01
2.973487079143524170e-01
3.019278049468994141e-01
3.017268478870391846e-01
3.013629317283630371e-01
3.052422106266021729e-01
3.053445219993591309e-01
3.052501678466796875e-01
3.036428093910216730e-01
3.034418821334838867e-01
3.032590448856353760e-01
3.032044768333435059e-01
3.036103844642639160e-01
3.034479320049285889e-01
3.033688664436340332e-01
3.044153451919556219e-01
3.043648302555084229e-01
3.044066429138184149e-01
3.048480153083801270e-01
3.048525452613830566e-01
3.048126101493835449e-01
3.045566976070404053e-01
3.045705854892731268e-01
3.045395910739899237e-01
3.045868277549744207e-01
3.073962926864624023e-01
3.075493574142456055e-01
3.074983060359954834e-01
3.055473566055297852e-01
3.052939176559448242e-01
3.049417436122894287e-01
3.009630739688872736e-01
3.006772100925445557e-01
3.001298904418944757e-01
2.995762825012207031e-01
2.993818819522857666e-01
2.989955544471740723e-01
2.980621457099914551e-01
2.951941192150115967e-01
2.947473526000977118e-01
2.940156459808349609e-01
2.913280427455902100e-01
2.906087934970856268e-01
2.897683084011077881e-01
2.919486165046691895e-01
2.913748323917388916e-01
2.908029258251189630e-01
2.901677787303925116e-01
2.925662100315093994e-01
2.922265529632568359e-01
2.920772433280944824e-01
2.940262556076049805e-01
2.941777110099792480e-01
2.943386435508728027e-01
2.937429845333099365e-01
2.939755320549011230e-01
2.942021489143372137e-01
2.944995164871215820e-01
2.937054932117462158e-01
2.939526736736297607e-01
2.942088246345520020e-01
2.975607514381409247e-01
2.981024086475372314e-01
2.986307442188262939e-01
2.994785308837890625e-01
2.999952733516693115e-01
3.004686534404754639e-01
3.005422055721282959e-01
3.040694892406464178e-01
3.044771552085876465e-01
3.047077357769012451e-01
3.052541315555572510e-01
3.054739534854888916e-01
3.056827783584594727e-01
3.062822222709655762e-01
3.063984811305999756e-01
3.064318895339965820e-01
3.063428401947020929e-01
3.052558898925781250e-01
3.050102591514587402e-01
3.049641847610473633e-01
3.036826550960540771e-01
3.035797774791716974e-01
3.034380674362182617e-01
3.036335706710815430e-01
3.035895824432373047e-01
3.031972944736481268e-01
3.048361241817474365e-01
3.047398924827576239e-01
3.048101663589476984e-01
3.045569658279418945e-01
3.020501136779785156e-01
3.015376925468444824e-01
3.010688722133636475e-01
3.051172792911528986e-01
3.048657774925231934e-01
3.046574294567108154e-01
3.042525649070739746e-01
3.041907250881195068e-01
3.043558299541472834e-01
3.042248785495758057e-01
3.042943775653839111e-01
3.045019507408142090e-01
3.045288920402526855e-01
3.064216971397399902e-01
3.066772818565369207e-01
3.068188428878784180e-01
3.090531826019287109e-01
3.092704415321350098e-01
3.094594180583953857e-01
3.080935180187224787e-01
3.083270192146301270e-01
3.083392977714538574e-01
3.083449304103851318e-01
3.092635571956634521e-01
3.092439770698547363e-01
3.093543350696564276e-01
3.067202866077423096e-01
3.064903616905212402e-01
3.062551319599152166e-01
3.064701557159423828e-01
3.062643408775329590e-01
3.060261011123657227e-01
3.057964444160460871e-01
3.047383725643157959e-01
3.043547570705413818e-01
3.041485548019409180e-01
3.058748245239257812e-01
3.056720793247222900e-01
3.053382635116577148e-01
3.051446676254272461e-01
3.050511479377746582e-01
3.049289286136627197e-01
3.047474622726440430e-01
3.031825721263884943e-01
3.030099570751189630e-01
3.029160797595977783e-01
3.036591708660125732e-01
3.037959337234497070e-01
3.038209974765777588e-01
3.024484217166901190e-01
3.023428618907928467e-01
3.022451400756835938e-01
3.013682067394257147e-01
3.012304008007049561e-01
3.010260760784149170e-01
3.007849752902985174e-01
2.991855740547180176e-01
2.989772260189056396e-01
2.986562550067901611e-01
2.981246709823608398e-01
2.979686260223389227e-01
2.975510358810424805e-01
2.951102852821350098e-01
2.946455776691436768e-01
2.943325936794281006e-01
2.939756512641906738e-01
2.954277992248535156e-01
2.953846156597136896e-01
2.953461706638336182e-01
2.984218895435333252e-01
2.986651659011840820e-01
2.990093529224395752e-01
2.981937229633331299e-01
2.985290586948394775e-01
2.988288700580596924e-01
2.990305125713348389e-01
2.978195250034332275e-01
2.978760600090026855e-01
2.980385124683380127e-01
2.967496812343596857e-01
2.966857850551605225e-01
2.967170774936676025e-01
2.958220243453979492e-01
2.956351637840270996e-01
2.955218553543090820e-01
2.953824996948242188e-01
2.942641377449036200e-01
2.941669821739196777e-01
2.938977479934692383e-01
2.912891209125518799e-01
2.911694347858428955e-01
2.909079194068909247e-01
2.914162576198577881e-01
2.910303473472595215e-01
2.909854650497436523e-01
2.903369069099426270e-01
2.903560400009155273e-01
2.901296317577362061e-01
2.899398207664489746e-01
2.881340980529785156e-01
2.879441380500792902e-01
2.878165841102600098e-01
2.876865267753601074e-01
2.876622974872589111e-01
2.877710163593292236e-01
2.878823578357696533e-01
2.879039645195007324e-01
2.880575060844420832e-01
2.880340218544006348e-01
2.885087430477142334e-01
2.885561585426330566e-01
2.888860404491425116e-01
2.912686467170715332e-01
2.916308939456940252e-01
2.922348380088806152e-01
2.915732562541961670e-01
2.919695079326629639e-01
2.926356494426727295e-01
2.923886775970458984e-01
2.929278016090393066e-01
2.934510707855225164e-01
2.940350472927092951e-01
2.930569946765900213e-01
2.939521670341492254e-01
2.945201396942139227e-01
2.963483631610870361e-01
2.971199154853820801e-01
2.978637814521789551e-01
2.945809960365295410e-01
2.950935661792755127e-01
2.956248819828032892e-01
2.961784601211547852e-01
2.974238097667694092e-01
2.981306314468383789e-01
2.988005280494689941e-01
2.960775494575500488e-01
2.961513102054595947e-01
2.968325912952423096e-01
2.968070209026337225e-01
2.973122596740723211e-01
2.973561286926268976e-01
2.976671457290648859e-01
2.995378077030181885e-01
2.997840046882628839e-01
2.997781634330748957e-01
2.995862960815429688e-01
2.997690439224243164e-01
2.998535931110382080e-01
2.991776168346405029e-01
2.990950942039489746e-01
2.990144789218902588e-01
2.970613837242126465e-01
2.968652546405792236e-01
2.966358959674835205e-01
2.962779998779296875e-01
2.963207662105560303e-01
2.961717844009399414e-01
2.960927486419677734e-01
2.972598969936370850e-01
2.972027063369750977e-01
2.971398532390594482e-01
2.973914146423339844e-01
2.972035408020019531e-01
2.970747947692871094e-01
2.968676686286926270e-01
2.975148260593414307e-01
2.975302636623382568e-01
2.974259257316588800e-01
2.974708676338195801e-01
2.972849607467651367e-01
2.970871925354003906e-01
2.956869304180145264e-01
2.953588068485260010e-01
2.949370145797728937e-01
2.948754727840424139e-01
2.964044511318206787e-01
2.961396872997283936e-01
2.960120439529418945e-01
2.957581281661987305e-01
2.955698966979980469e-01
2.952703237533568781e-01
2.960771620273590088e-01
2.958310544490814209e-01
2.957914471626281738e-01
2.958203256130218506e-01
2.969290316104888916e-01
2.969527542591094971e-01
2.968254983425140381e-01
2.954205870628356934e-01
2.951961457729340155e-01
2.950939536094664972e-01
2.975049018859863281e-01
2.975296080112457275e-01
2.974641323089600164e-01
2.979929149150848389e-01
2.980439066886901855e-01
2.978792786598205566e-01
2.981529831886291504e-01
2.981600165367126465e-01
2.980492413043975830e-01
2.981659173965454102e-01
2.994440793991088867e-01
2.995482981204986572e-01
2.997226119041442871e-01
3.003065586090087891e-01
3.003036975860596258e-01
3.006567358970642090e-01
3.006374835968017578e-01
3.020176589488983154e-01
3.020029067993164062e-01
3.022000789642333984e-01
3.021672964096068781e-01
3.023859560489654541e-01
3.023964166641235352e-01
3.006844222545623779e-01
3.007029891014099121e-01
3.004843294620513916e-01
3.011623919010162354e-01
3.010613024234771729e-01
3.009697198867797852e-01
3.009293377399445135e-01
3.023499250411987305e-01
3.022615909576416016e-01
3.023990988731384277e-01
2.999448180198668878e-01
2.998513281345367432e-01
2.997176945209503174e-01
3.006237149238586426e-01
3.005326390266418457e-01
3.005714118480682373e-01
3.004169762134552002e-01
2.991873025894165039e-01
2.991960942745208740e-01
2.990139424800872803e-01
2.975556254386901855e-01
2.974950969219207764e-01
2.972496449947357178e-01
2.946240007877349854e-01
2.943002581596374512e-01
2.939597964286804199e-01
2.937027215957641602e-01
2.945719659328461248e-01
2.943765521049499512e-01
2.941554784774780273e-01
2.939815521240234375e-01
2.937462925910949707e-01
2.935249209403992254e-01
2.908029854297637939e-01
2.904169261455535889e-01
2.900434136390686035e-01
2.900957167148590088e-01
2.896669507026672363e-01
2.891986966133117676e-01
2.888447046279907227e-01
2.888803780078887939e-01
2.884973585605620783e-01
2.882452607154846191e-01
2.890037894248962402e-01
2.888862192630767822e-01
2.887921631336212158e-01
2.901384234428405762e-01
2.901527881622314453e-01
2.902583777904510498e-01
2.904033660888671875e-01
2.918092310428619385e-01
2.921476662158966064e-01
2.923740148544311523e-01
2.940954566001892090e-01
2.944647967815399170e-01
2.949105203151702881e-01
2.952423393726348877e-01
2.956216335296630859e-01
2.960438728332519531e-01
2.963096499443054199e-01
2.954626083374023438e-01
2.956553697586060125e-01
2.958065569400787354e-01
2.957136034965515137e-01
2.958916127681732178e-01
2.960298359394072931e-01
2.989028692245483398e-01
2.991309165954589844e-01
2.994579076766967773e-01
2.999294102191925049e-01
3.002721667289733887e-01
3.006690442562103271e-01
3.008559644222259521e-01
2.994266450405120850e-01
2.997227013111114502e-01
2.996953725814819336e-01
3.004973530769348145e-01
3.006165325641632080e-01
3.005623519420623779e-01
3.000866472721099854e-01
2.999974489212036133e-01
3.000139892101287842e-01
2.998557090759276789e-01
3.016157448291778564e-01
3.014862239360808771e-01
3.016848266124724787e-01
2.994267344474792480e-01
2.992737293243408203e-01
2.991147935390472412e-01
3.012928962707519531e-01
3.012535274028778076e-01
3.015584945678710938e-01
3.015476167201995850e-01
3.042157888412476141e-01
3.044388890266418457e-01
3.046410381793975830e-01
3.036423623561859131e-01
3.037165403366088867e-01
3.037305772304534912e-01
3.021292388439178467e-01
3.021556138992309570e-01
3.020106256008148193e-01
3.026598691940308172e-01
3.024724125862121582e-01
3.024844229221343994e-01
3.025560975074768066e-01
3.022342622280120850e-01
3.022689819335936945e-01
3.024027049541472834e-01
3.013997375965118408e-01
3.013922870159149170e-01
3.012140095233917236e-01
3.022757470607757568e-01
3.022942841053009033e-01
3.021353781223297119e-01
3.022091388702393133e-01
2.997890710830688477e-01
2.997479140758514404e-01
2.993931770324707031e-01
3.003716766834259033e-01
3.004607260227203369e-01
3.002669513225555420e-01
3.009045422077178955e-01
3.008237183094025213e-01
3.008630871772766113e-01
3.008790016174316406e-01
2.991074621677399237e-01
2.989596128463745117e-01
2.989887893199921209e-01
2.962804734706879217e-01
2.956700026988983154e-01
2.956260442733765204e-01
2.951468527317047119e-01
2.946775257587432861e-01
2.943605184555053711e-01
2.947087287902832031e-01
2.945474982261657715e-01
2.943010330200195312e-01
2.941668033599852961e-01
2.950613498687744141e-01
2.950038909912108820e-01
2.949433922767639160e-01
2.966070175170898438e-01
2.967098951339721680e-01
2.966794669628143311e-01
2.942323684692382812e-01
2.943197786808013916e-01
2.942630946636199951e-01
2.945016622543334961e-01
2.947906553745269775e-01
2.948779463768004816e-01
2.948440015316008966e-01
2.929363846778869629e-01
2.930484116077423096e-01
2.929385304450988770e-01
2.926609814167023260e-01
2.925688624382019043e-01
2.925084829330444336e-01
2.927200794219971258e-01
2.917567789554595947e-01
2.916178405284881592e-01
2.915517687797546387e-01
2.931568622589111328e-01
2.932118475437164307e-01
2.933235764503479004e-01
2.935965955257415771e-01
2.938553392887115479e-01
2.940088212490081787e-01
2.906590402126312256e-01
2.907655835151672363e-01
2.906988859176635742e-01
2.906798720359802246e-01
2.927846610546112061e-01
2.929683923721312921e-01
2.930419147014617920e-01
2.917523384094238281e-01
2.919705510139464777e-01
2.919848859310150146e-01
2.921140193939208984e-01
2.923638224601745605e-01
2.925291359424591064e-01
2.926897704601287842e-01
2.919719219207764227e-01
2.919875085353851318e-01
2.920277416706085205e-01
2.918192446231842041e-01
2.917751371860504150e-01
2.918664515018463135e-01
2.927449345588684082e-01
2.927520275115966797e-01
2.930366992950439453e-01
2.931369543075560968e-01
2.925965487957000732e-01
2.926879525184631348e-01
2.927544414997100830e-01
2.927816212177277166e-01
2.929005622863768976e-01
2.929647862911224365e-01
2.932299673557280939e-01
2.935020625591278076e-01
2.934810817241669256e-01
2.952425181865692139e-01
2.955337464809417725e-01
2.957974970340728760e-01
2.959893047809600830e-01
2.976770102977753241e-01
2.981363236904144287e-01
2.984080016613006592e-01
3.013483285903931219e-01
3.017610013484954834e-01
3.023324608802795410e-01
3.017876446247100830e-01
3.021841049194335938e-01
3.024549484252929688e-01
3.028113245964050293e-01
3.030257523059844971e-01
3.032995760440826416e-01
3.033106327056884766e-01
3.037817478179932196e-01
3.039433062076569159e-01
3.041657209396362305e-01
3.055088818073273260e-01
3.058774173259735107e-01
3.059548139572144110e-01
3.060922920703887939e-01
3.031849265098571777e-01
3.031851947307587225e-01
3.030116558074951172e-01
3.015067279338837225e-01
3.011516332626342773e-01
3.011786639690399170e-01
3.026397824287414551e-01
3.026186823844909668e-01
3.024016618728637695e-01
3.024389743804932196e-01
3.023625016212463379e-01
3.024784028530120850e-01
3.021633625030517578e-01
3.003586828708649237e-01
3.002620041370391846e-01
2.999478280544281006e-01
3.026800751686096191e-01
3.028508722782135010e-01
3.030505180358887274e-01
3.012137413024902344e-01
3.011350035667419434e-01
3.010969460010529120e-01
3.010980486869812012e-01
2.985110878944396973e-01
2.984167933464050293e-01
2.983428537845612127e-01
2.986949384212493896e-01
2.988122105598449707e-01
2.987390756607056219e-01
2.995216846466064453e-01
2.997443675994873047e-01
2.999445796012878418e-01
2.999602854251861572e-01
2.988560497760773260e-01
2.987596094608306885e-01
2.989044487476348877e-01
2.972868680953979492e-01
2.972646653652191162e-01
2.972347438335419256e-01
2.983587682247161865e-01
2.984788119792938232e-01
2.985446453094482422e-01
2.960028350353240967e-01
2.958087921142578125e-01
2.958140075206757147e-01
2.957279384136199951e-01
2.939703464508057196e-01
2.937582135200500488e-01
2.932618260383605957e-01
2.953118979930877686e-01
2.952355444431304932e-01
2.952189445495604914e-01
2.948862612247467041e-01
2.950983345508575439e-01
2.951490581035614014e-01
2.953512072563171387e-01
2.935270667076110840e-01
2.936196923255920410e-01
2.937002480030060370e-01
2.942003607749938965e-01
2.942866086959838867e-01
2.943919301033020020e-01
2.946062982082366943e-01
2.945888042449951172e-01
2.948001325130462646e-01
2.947817444801330566e-01
2.946135401725769043e-01
2.946387231349945068e-01
2.946752011775970459e-01
2.924242615699768066e-01
2.922756671905517578e-01
2.919075191020965576e-01
2.919338047504425049e-01
2.917802333831787109e-01
2.916923165321350098e-01
2.931073009967803955e-01
2.932740449905395508e-01
2.933526337146759033e-01
2.933757305145264227e-01
2.950967252254486084e-01
2.953414320945739746e-01
2.954165339469909668e-01
2.956773340702056885e-01
2.956531643867493231e-01
2.959665060043334961e-01
2.967481613159180243e-01
2.970471978187561035e-01
2.974335551261901855e-01
2.977018654346466064e-01
2.978220880031585693e-01
2.980576455593109131e-01
2.983669340610504150e-01
2.964350879192352295e-01
2.966454029083251953e-01
2.967079281806945801e-01
2.954709231853485107e-01
2.954566776752471924e-01
2.954963147640228271e-01
2.955457270145416260e-01
2.952228188514708918e-01
2.952450513839721680e-01
2.952590882778167725e-01
2.933579087257385254e-01
2.933101356029510498e-01
2.932097911834716797e-01
2.926483452320098877e-01
2.924202382564545233e-01
2.921921014785766602e-01
2.921230196952819824e-01
2.926644980907439630e-01
2.924899756908416748e-01
2.925073206424713135e-01
2.914912402629852295e-01
2.912265360355377197e-01
2.911475896835327148e-01
2.900771200656890869e-01
2.898311614990234375e-01
2.895511090755462646e-01
2.896391749382019043e-01
2.892444133758544922e-01
2.889565229415893555e-01
2.887991368770599365e-01
2.885780632495880127e-01
2.885389029979705811e-01
2.884457707405090332e-01
2.889028489589691162e-01
2.889279127120972235e-01
2.888917922973632812e-01
2.895907461643218994e-01
2.898036241531372070e-01
2.898426651954650879e-01
2.899784445762634277e-01
2.885539829730987549e-01
2.884915471076964777e-01
2.884024083614348810e-01
2.904761433601379395e-01
2.906412780284881592e-01
2.908224165439605713e-01
2.899968624114989679e-01
2.902536094188689630e-01
2.904435694217681885e-01
2.907558977603912354e-01
2.913193404674530029e-01
2.916310727596282959e-01
2.919509112834930420e-01
2.912539243698120117e-01
2.916252315044403076e-01
2.916207611560820978e-01
2.906157672405242920e-01
2.907000482082366943e-01
2.905321717262268066e-01
2.912730276584625244e-01
2.914585471153259277e-01
2.913574576377869207e-01
2.910760641098022461e-01
2.904912829399108887e-01
2.903881669044494629e-01
2.903184890747070312e-01
2.890565991401672363e-01
2.886047363281250000e-01
2.884623408317565918e-01
2.884956598281860352e-01
2.881461679935455322e-01
2.879763245582581122e-01
2.875643074512481689e-01
2.870970070362091064e-01
2.866677343845367432e-01
2.862494587898254395e-01
2.852626740932465155e-01
2.851026058197020929e-01
2.845610380172728937e-01
2.849165797233580988e-01
2.846852838993072510e-01
2.841523885726929266e-01
2.842851579189300537e-01
2.850769162178040106e-01
2.848568558692932129e-01
2.848275303840637207e-01
2.826249897480010986e-01
2.825041711330413818e-01
2.823754549026489258e-01
2.820253372192382812e-01
2.820300161838531494e-01
2.821441292762756348e-01
2.837489247322082520e-01
2.838824391365051270e-01
2.840815484523773193e-01
2.843794524669647217e-01
2.860321700572967529e-01
2.863765358924865723e-01
2.865416109561920166e-01
2.854731380939484198e-01
2.857628762722015381e-01
2.861558794975280762e-01
2.848311364650726318e-01
2.851131260395050049e-01
2.850824296474456787e-01
2.853272259235382080e-01
2.845505475997924805e-01
2.847228050231933594e-01
2.849005460739135742e-01
2.841416597366333008e-01
2.841677069664000910e-01
2.841058373451232910e-01
2.880666255950927734e-01
2.882588207721710205e-01
2.883417308330535889e-01
2.901201546192169189e-01
2.903654277324676514e-01
2.903445661067962646e-01
2.904449999332427979e-01
2.917121350765228271e-01
2.918971478939056396e-01
2.919336557388305664e-01
2.902580201625823975e-01
2.900556921958923340e-01
2.899602949619293213e-01
2.872208356857299805e-01
2.867539525032043457e-01
2.862011492252349854e-01
2.857632935047149658e-01
2.844890952110290527e-01
2.839861512184143066e-01
2.834328413009644110e-01
2.836528718471527100e-01
2.830505073070526123e-01
2.823000848293304443e-01
2.832032442092895508e-01
2.825397253036499023e-01
2.816490232944488525e-01
2.808064818382263184e-01
2.801982462406158447e-01
2.795495986938477118e-01
2.791968286037445068e-01
2.770060300827026367e-01
2.762676179409027100e-01
2.760136723518372137e-01
2.749024033546447754e-01
2.741661369800568182e-01
2.734760046005249023e-01
2.728840410709381104e-01
2.715767025947570801e-01
2.707323729991912842e-01
2.701861262321472168e-01
2.674839198589324951e-01
2.667729556560516357e-01
2.658815681934357245e-01
2.628478705883026123e-01
2.616283893585205078e-01
2.602494657039642334e-01
2.599340677261352539e-01
2.591971755027770996e-01
2.577501535415648859e-01
2.569037973880767822e-01
2.543261647224426270e-01
2.531986534595488947e-01
2.518364489078521729e-01
2.492526471614837369e-01
2.479088306427001953e-01
2.465388029813766479e-01
2.444284707307816107e-01
2.432013154029846469e-01
2.421006113290787021e-01
2.409364879131317139e-01
2.394686937332153043e-01
2.385632246732712070e-01
2.373098731040954590e-01
2.382293194532394409e-01
2.375500649213790894e-01
2.370469421148299893e-01
2.349706590175628940e-01
2.346175312995910367e-01
2.340142130851745605e-01
2.335411459207535068e-01
2.340123653411864957e-01
2.337504476308822632e-01
2.334728240966796875e-01
2.344432026147842407e-01
2.341910749673843384e-01
2.343560159206390381e-01
2.365500181913376132e-01
2.368452996015548984e-01
2.374093234539031982e-01
2.349677234888077060e-01
2.350134849548340121e-01
2.349559515714645108e-01
2.358639240264893133e-01
2.331527620553970614e-01
2.329543530941008966e-01
2.328127026557922363e-01
2.315632849931716919e-01
2.316289693117141446e-01
2.316129207611083984e-01
2.319999635219573975e-01
2.320696562528610507e-01
2.321736961603164950e-01
2.322024255990982056e-01
2.298826277256011963e-01
2.299796938896178922e-01
2.303231358528136929e-01
2.290812879800796509e-01
2.292858809232712070e-01
2.296029776334762573e-01
2.262776941061019897e-01
2.262764126062392911e-01
2.262535840272903442e-01
2.261253744363785068e-01
2.227727919816970825e-01
2.223402410745620728e-01
2.219260036945343018e-01
2.216613292694092074e-01
2.215005159378052035e-01
2.213965058326720636e-01
2.207280695438385010e-01
2.205994725227355957e-01
2.204378396272659579e-01
2.208950966596603394e-01
2.208486348390579224e-01
2.207963913679122925e-01
2.206253409385680875e-01
2.219450771808624545e-01
2.225985825061798096e-01
2.234778106212615967e-01
2.217887043952941895e-01
2.224401235580444613e-01
2.230125069618225098e-01
2.250612974166869840e-01
2.259221076965332031e-01
2.271043211221694946e-01
2.282093912363052368e-01
2.281692177057266513e-01
2.293864190578460971e-01
2.308868020772933960e-01
2.305646240711211881e-01
2.318840771913528442e-01
2.330202758312225064e-01
2.329258322715759555e-01
2.343517541885375977e-01
2.353915423154830933e-01
2.366282343864440918e-01
2.380765974521636963e-01
2.392395883798598966e-01
2.404830604791640958e-01
2.431694716215133389e-01
2.444379925727843961e-01
2.456919848918915072e-01
2.484471797943114957e-01
2.498670071363449097e-01
2.510932087898254395e-01
2.502629160881042480e-01
2.511205971240996759e-01
2.520217001438140869e-01
2.527953982353210449e-01
2.515457868576050360e-01
2.523122429847716730e-01
2.531021237373352051e-01
2.547172009944915771e-01
2.555989921092987061e-01
2.565126717090607245e-01
2.564702033996582031e-01
2.577562034130096436e-01
2.585840821266174316e-01
2.596976757049560547e-01
2.584437131881713867e-01
2.592365443706512451e-01
2.600549757480620783e-01
2.605595588684082031e-01
2.613828778266906738e-01
2.621852755546569824e-01
2.610759437084197998e-01
2.615792751312255859e-01
2.628734409809112549e-01
2.629665136337279718e-01
2.634853422641754150e-01
2.640575766563415527e-01
2.643150091171265204e-01
2.634232640266418457e-01
2.640752494335174561e-01
2.646886706352233887e-01
2.646520733833312988e-01
2.651392221450805664e-01
2.657999098300933838e-01
2.668470442295074463e-01
2.673660218715667725e-01
2.680126428604125977e-01
2.687582969665527344e-01
2.663338482379912775e-01
2.670938968658447266e-01
2.675916254520416260e-01
2.657107114791869562e-01
2.659064233303070068e-01
2.667800188064575195e-01
2.661380171775817871e-01
2.665606439113616943e-01
2.671918570995330811e-01
2.676486074924468994e-01
2.675817608833312988e-01
2.680342793464661200e-01
2.688048481941223145e-01
2.659151256084442139e-01
2.671170830726623535e-01
2.677277028560638428e-01
2.682226896286010742e-01
2.691507041454315186e-01
2.698346078395843506e-01
2.707926034927368164e-01
2.707175016403198242e-01
2.713995575904846191e-01
2.720690071582794189e-01
2.761012315750122070e-01
2.772812843322753906e-01
2.785480618476868231e-01
2.818087637424468994e-01
2.832366824150084894e-01
2.849190831184387207e-01
2.874529361724852961e-01
2.891231179237365723e-01
2.911450266838073730e-01
2.929135859012603760e-01
2.916836142539978027e-01
2.934024333953856867e-01
2.951436042785644531e-01
2.963812947273254395e-01
2.981386184692382812e-01
2.997987270355225164e-01
3.025131821632385254e-01
3.027415573596954346e-01
3.043902516365051270e-01
3.065070807933807373e-01
3.077520132064819336e-01
3.092243969440460205e-01
3.106863498687744141e-01
3.107094168663024902e-01
3.121069967746734619e-01
3.135378956794738770e-01
3.141356408596038818e-01
3.153253793716431219e-01
3.163944184780120850e-01
3.176481723785400391e-01
3.191038072109222412e-01
3.201203644275664728e-01
3.214486241340637207e-01
3.205723762512207031e-01
3.212871253490447998e-01
3.218795955181121826e-01
3.236552774906158447e-01
3.244512081146239679e-01
3.252286314964294434e-01
3.256106376647949219e-01
3.264254331588745117e-01
3.271181881427764893e-01
3.279164433479309082e-01
3.241603672504425049e-01
3.246703147888184149e-01
3.251096904277800959e-01
3.269730210304260254e-01
3.273755311965942383e-01
3.277949988842010498e-01
3.286595046520233154e-01
3.286274671554564875e-01
3.291810452938079834e-01
3.296331167221068781e-01
3.263589441776276190e-01
3.267889618873596191e-01
3.270671367645264227e-01
3.255344629287719727e-01
3.256159722805023193e-01
3.258716762065887451e-01
3.266897499561310370e-01
3.268202543258666992e-01
3.271398246288300116e-01
3.274306058883666992e-01
3.277012109756469727e-01
3.287657499313354492e-01
3.296880722045898438e-01
3.275223672389984131e-01
3.279158473014831543e-01
3.285576701164245605e-01
3.306701481342316229e-01
3.314835429191588800e-01
3.321833014488220215e-01
3.327055275440216064e-01
3.334482908248900812e-01
3.342289924621582031e-01
3.348668217658997137e-01
3.337447643280028742e-01
3.344036936759948730e-01
3.354054093360900879e-01
3.367266356945037842e-01
3.379088938236237127e-01
3.392722308635712225e-01
3.404745161533356268e-01
3.421223461627960205e-01
3.434916436672211248e-01
3.450015485286713202e-01
3.449653089046478271e-01
3.464512228965759277e-01
3.480087220668792725e-01
3.491795957088470459e-01
3.505361378192901611e-01
3.521606028079986572e-01
3.514700233936310370e-01
3.535163402557373047e-01
3.555221855640411377e-01
3.574277758598328192e-01
3.594704866409301758e-01
3.613430261611938477e-01
3.631809353828429621e-01
3.691206872463225763e-01
3.711092770099639893e-01
3.729904890060424805e-01
3.722575604915618896e-01
3.742282390594481312e-01
3.763187527656555176e-01
3.777523934841156006e-01
3.796799182891845703e-01
3.812305033206940252e-01
3.829740881919860840e-01
3.829808235168457031e-01
3.844047486782073975e-01
3.860386013984679621e-01
3.875932991504669189e-01
3.888921141624450684e-01
3.901479840278625488e-01
3.915289938449860174e-01
3.928222656250000000e-01
3.939959406852722168e-01
3.949300944805145264e-01
3.975423574447631836e-01
3.988120257854461670e-01
3.998310863971710205e-01
3.985911011695861816e-01
3.995176851749420166e-01
4.005372822284698486e-01
3.999385833740233265e-01
4.006618857383728027e-01
4.012981653213500977e-01
4.066172540187836248e-01
4.073535799980164129e-01
4.081672728061676025e-01
4.088577330112457275e-01
4.137340486049652100e-01
4.146457314491271973e-01
4.155847728252410889e-01
4.137863516807556152e-01
4.144074916839600164e-01
4.149378836154937744e-01
4.162832200527191162e-01
4.168096184730529785e-01
4.172638058662415106e-01
4.176897406578063965e-01
4.170324802398681641e-01
4.173223376274108887e-01
4.175170660018920898e-01
4.178082346916198730e-01
4.179549515247344971e-01
4.180016219615935724e-01
4.186676442623137318e-01
4.185014963150023859e-01
4.183526039123535156e-01
4.183024466037750244e-01
4.161835014820098877e-01
4.158154726028441273e-01
4.152630865573883057e-01
4.185000061988831122e-01
4.181522727012634277e-01
4.178395569324492853e-01
4.187714755535125732e-01
4.185435175895690918e-01
4.182374477386474609e-01
4.145116209983825684e-01
4.139167368412017822e-01
4.132636487483978271e-01
4.124937653541564941e-01
4.093467295169830322e-01
4.083694815635681152e-01
4.072643518447875977e-01
4.064617156982421875e-01
4.052787125110626221e-01
4.040642678737639826e-01
4.049842655658721924e-01
4.038727283477783203e-01
4.027842283248900812e-01
4.016979932785034180e-01
3.973292410373687744e-01
3.960878252983093262e-01
3.947787582874298096e-01
3.938601315021514893e-01
3.926167786121367853e-01
3.912508487701416016e-01
3.912419676780701239e-01
3.899979591369628906e-01
3.888663649559020996e-01
3.876964747905731201e-01
3.843252658843994141e-01
3.833316266536713202e-01
3.821800649166107178e-01
3.835558295249938965e-01
3.826023936271668036e-01
3.818566799163817249e-01
3.805771470069885254e-01
3.797340393066406250e-01
3.790315687656402588e-01
3.762422800064086914e-01
3.754461705684661865e-01
3.745793700218201239e-01
3.734753131866455078e-01
3.725403845310211182e-01
3.718238174915313721e-01
3.706696033477783203e-01
3.731091022491455078e-01
3.724434971809387207e-01
3.717987537384033203e-01
3.704757094383239746e-01
3.698464930057525635e-01
3.692241013050078791e-01
3.685715198516845703e-01
3.675025105476378839e-01
3.669807910919189453e-01
3.665774762630463202e-01
3.652065992355346680e-01
3.645831346511840820e-01
3.642804324626922607e-01
3.629654943943024237e-01
3.625345528125762939e-01
3.622557818889617920e-01
3.617521226406097412e-01
3.598779141902924139e-01
3.596727848052978516e-01
3.593620359897612970e-01
3.583818078041077215e-01
3.579952716827393133e-01
3.574995696544647217e-01
3.554962575435638428e-01
3.547348082065582275e-01
3.539583683013916016e-01
3.525764942169188898e-01
3.517952859401702881e-01
3.509683907032012939e-01
3.500972688198089600e-01
3.478295207023621161e-01
3.467417359352111816e-01
3.458410799503326416e-01
3.456049859523773193e-01
3.445594608783721924e-01
3.435184061527252197e-01
3.405755460262298584e-01
3.395707905292510986e-01
3.385439217090607245e-01
3.374600112438201904e-01
3.363405466079711914e-01
3.352344334125518799e-01
3.342569172382354736e-01
3.367429971694946289e-01
3.361242115497589111e-01
3.355418443679809570e-01
3.312673270702362061e-01
3.295207321643828791e-01
3.287102878093719482e-01
3.277737200260162354e-01
3.282313048839569092e-01
3.276101648807525635e-01
3.269794285297393799e-01
3.271431028842926025e-01
3.265643119812012274e-01
3.260119557380676270e-01
3.252572119235992432e-01
3.241465687751770020e-01
3.241626620292664129e-01
3.238164782524108887e-01
3.246045708656311035e-01
3.242508172988892157e-01
3.239476680755615234e-01
3.220064043998718262e-01
3.215686678886413574e-01
3.210011422634124756e-01
3.194298446178436279e-01
3.188196122646331787e-01
3.182042241096497137e-01
3.168327808380126953e-01
3.161528706550598145e-01
3.155322968959808350e-01
3.149186074733734131e-01
3.145685493946075439e-01
3.140036463737487793e-01
3.131675422191619873e-01
3.124428689479827881e-01
3.116745650768280029e-01
3.109080195426940918e-01
3.094933629035949707e-01
3.086421787738800049e-01
3.078925609588623047e-01
3.063529729843140204e-01
3.080009818077087402e-01
3.072693943977355957e-01
3.067003488540648859e-01
3.077100515365601141e-01
3.071847558021544855e-01
3.068326413631439209e-01
3.066125214099884033e-01
3.060339391231536865e-01
3.055739998817443848e-01
3.070851862430572510e-01
3.068422675132751465e-01
3.066913783550262451e-01
3.064155876636505127e-01
3.057676553726196289e-01
3.057562708854675293e-01
3.055987358093261719e-01
3.022892773151397705e-01
3.019592165946960449e-01
3.016003966331481934e-01
3.028074800968170166e-01
3.025888800621033270e-01
3.024027645587921143e-01
3.023475110530853271e-01
3.008835911750792902e-01
3.005234897136688232e-01
3.001373112201691229e-01
3.012399375438689630e-01
3.010476827621459961e-01
3.009092509746551514e-01
2.990073561668395996e-01
2.987935245037078857e-01
2.987065315246582031e-01
2.983503639698029120e-01
2.979098260402679443e-01
2.976001501083374023e-01
2.972784042358398438e-01
2.955700159072875977e-01
2.950559258460998535e-01
2.945454418659210205e-01
2.913419306278228760e-01
2.898669540882110596e-01
2.898809015750885010e-01
2.878184616565704346e-01
2.869412600994110107e-01
2.862554788589476984e-01
2.855955362319946289e-01
2.867247164249420166e-01
2.860877811908721924e-01
2.850526869297028143e-01
2.853038012981414795e-01
2.849809229373931885e-01
2.844400107860565186e-01
2.832061350345612127e-01
2.825819551944733221e-01
2.821894586086273193e-01
2.815363705158233643e-01
2.789791822433472235e-01
2.782955467700958252e-01
2.778110504150390625e-01
2.778866589069366455e-01
2.775902748107910156e-01
2.770479321479796808e-01
2.774474322795867920e-01
2.770433425903320312e-01
2.767754197120666504e-01
2.765536308288574219e-01
2.786204218864440918e-01
2.784047126770019531e-01
2.783837020397186279e-01
2.779182195663452148e-01
2.778760492801666260e-01
2.779731750488281250e-01
2.783410847187042236e-01
2.782595753669738770e-01
2.782568335533142090e-01
2.781139314174652100e-01
2.752184569835662842e-01
2.749167680740356445e-01
2.748713195323944092e-01
2.761246860027313232e-01
2.759196162223815918e-01
2.757940590381622314e-01
2.771325111389160156e-01
2.770256698131560724e-01
2.770527899265288752e-01
2.758008241653442383e-01
2.755489945411682129e-01
2.756421864032744806e-01
2.756752669811248779e-01
2.778601050376892090e-01
2.779084444046020508e-01
2.779997587203979492e-01
2.788633108139038086e-01
2.788589000701904297e-01
2.791155576705933172e-01
2.791441082954406738e-01
2.791580855846405029e-01
2.792403995990753174e-01
2.792511284351348877e-01
2.779582738876342773e-01
2.778293192386627197e-01
2.778970003128051758e-01
2.748829722404479980e-01
2.746243476867675781e-01
2.743977904319763184e-01
2.750764489173889160e-01
2.747490704059600830e-01
2.745654284954071045e-01
2.749710083007812500e-01
2.747028172016143799e-01
2.744889855384827215e-01
2.742086350917816162e-01
2.736833691596984863e-01
2.733811736106873114e-01
2.730478942394257147e-01
2.744939327239989679e-01
2.742352783679962158e-01
2.740794718265532892e-01
2.747066915035247803e-01
2.746702730655669611e-01
2.742024660110473633e-01
2.741602361202239990e-01
2.747040987014770508e-01
2.744608223438262939e-01
2.743820846080780029e-01
2.756479382514953613e-01
2.756658792495727539e-01
2.759187519550323486e-01
2.737131416797637939e-01
2.735650241374968927e-01
2.735118567943572998e-01
2.732586264610290527e-01
2.751692533493041992e-01
2.750319838523864746e-01
2.749915122985839844e-01
2.769395411014556885e-01
2.771376967430114746e-01
2.773063480854034424e-01
2.783299982547760010e-01
2.785862982273101807e-01
2.790057063102722168e-01
2.810860276222229004e-01
2.816473245620727539e-01
2.820027768611907959e-01
2.826162278652191162e-01
2.851689755916595459e-01
2.858427464962005615e-01
2.863897383213043213e-01
2.846323251724243164e-01
2.850098609924316406e-01
2.851579189300537109e-01
2.847810089588164728e-01
2.852374315261840820e-01
2.857381701469420832e-01
2.861081659793853760e-01
2.863031029701232910e-01
2.866736352443695068e-01
2.866547405719757080e-01
2.845749258995056152e-01
2.845546305179595947e-01
2.847771644592285156e-01
2.842285037040710449e-01
2.840415537357330322e-01
2.838148772716522217e-01
2.837812006473541260e-01
2.826564311981201172e-01
2.823734879493712824e-01
2.821547687053680420e-01
2.819482982158660889e-01
2.816750705242156982e-01
2.814818620681763250e-01
2.806971073150634766e-01
2.803338170051575262e-01
2.801038324832916260e-01
2.796373367309570312e-01
2.787832617759705145e-01
2.785742580890655518e-01
2.781304121017456055e-01
2.779621779918671209e-01
2.775810956954956055e-01
2.771951556205748957e-01
2.758521139621734619e-01
2.755000591278076172e-01
2.750237286090850830e-01
2.738997936248779297e-01
2.733276784420012873e-01
2.731293141841888428e-01
2.727700769901276190e-01
2.719444632530212402e-01
2.716989219188689630e-01
2.716419398784636896e-01
2.691460251808166504e-01
2.687806189060211182e-01
2.684960663318634033e-01
2.666945159435272217e-01
2.661494612693786621e-01
2.656761407852172852e-01
2.653506100177764893e-01
2.660052776336669922e-01
2.656039893627166748e-01
2.653504312038421631e-01
2.635740339756011963e-01
2.632253170013427734e-01
2.629276812076569159e-01
2.620836496353148859e-01
2.616756260395050049e-01
2.612724602222442627e-01
2.627029716968536377e-01
2.624519169330596924e-01
2.625564038753508966e-01
2.625277936458588202e-01
2.639101147651672363e-01
2.641778588294982910e-01
2.643060684204101562e-01
2.619497179985046387e-01
2.621418833732604980e-01
2.620940804481506348e-01
2.615896165370941162e-01
2.616917490959167480e-01
2.618842422962189276e-01
2.621586918830872137e-01
2.635002136230468750e-01
2.636784613132476807e-01
2.641936540603637695e-01
2.646373212337493896e-01
2.649514675140380859e-01
2.654148042201995850e-01
2.651443183422089178e-01
2.656247913837432861e-01
2.660823762416840155e-01
2.663640677928925116e-01
2.657938897609711248e-01
2.661035060882568359e-01
2.665368318557739258e-01
2.681840658187866211e-01
2.685745358467102051e-01
2.689509689807891846e-01
2.676883935928344727e-01
2.680201828479766846e-01
2.684412896633148193e-01
2.700755596160889227e-01
2.704398036003112793e-01
2.709350883960723877e-01
2.715082764625548761e-01
2.706496417522430420e-01
2.709148526191711426e-01
2.715239226818085272e-01
2.711989879608154297e-01
2.716562151908874512e-01
2.721317708492279053e-01
2.728763222694396973e-01
2.734186351299285889e-01
2.736673653125762939e-01
2.740474641323089600e-01
2.737343907356262207e-01
2.743938267230987549e-01
2.746405303478240967e-01
2.731802463531494141e-01
2.733297646045684814e-01
2.734430432319641113e-01
2.740047276020050049e-01
2.742843925952911377e-01
2.744968235492706299e-01
2.748446464538574219e-01
2.740229964256286621e-01
2.742212116718292236e-01
2.745607793331146240e-01
2.737567126750946045e-01
2.739625275135040283e-01
2.740453481674194336e-01
2.754638195037841797e-01
2.757846415042877197e-01
2.761211395263671875e-01
2.762165367603302002e-01
2.793192565441132147e-01
2.796763479709625244e-01
2.800521552562713623e-01
2.783141136169433594e-01
2.786779403686523438e-01
2.789715826511383057e-01
2.817008197307587225e-01
2.820893228054046631e-01
2.825926244258881170e-01
2.849773466587067206e-01
2.855305373668671209e-01
2.861371636390686035e-01
2.867870628833770752e-01
2.886083126068115234e-01
2.892255783081055243e-01
2.897490262985228937e-01
2.895701229572296143e-01
2.897573113441467285e-01
2.899028062820434570e-01
2.881232798099517822e-01
2.882249355316162109e-01
2.884148955345153809e-01
2.885182499885559082e-01
2.888668477535247803e-01
2.890913784503936768e-01
2.892696559429169256e-01
2.900446951389312744e-01
2.901894748210906982e-01
2.904009521007537842e-01
2.923925220966339111e-01
2.926127612590789795e-01
2.927858233451843262e-01
2.954955697059631348e-01
2.958393692970275879e-01
2.963112890720367432e-01
2.966141998767852783e-01
2.949613630771636963e-01
2.951464354991912842e-01
2.954708039760589600e-01
2.975534796714783270e-01
2.978478670120239258e-01
2.980304956436157227e-01
2.974770963191986084e-01
2.977084517478942871e-01
2.979065477848052979e-01
2.981167733669281006e-01
2.990005016326904297e-01
2.991982102394104004e-01
2.994366884231567383e-01
3.013293147087097168e-01
3.016178309917449951e-01
3.016788959503173828e-01
2.994347214698791504e-01
2.992648482322692871e-01
2.992892563343048096e-01
2.991216182708739679e-01
2.986225783824921209e-01
2.984954714775084894e-01
2.982084453105926514e-01
2.969167828559875488e-01
2.967649698257446289e-01
2.964097559452056885e-01
2.963125109672546387e-01
2.959856688976287842e-01
2.956204712390900213e-01
2.970730662345886230e-01
2.970140278339385986e-01
2.968270182609558105e-01
2.968958318233489990e-01
2.968480587005615234e-01
2.966661453247070312e-01
2.963922917842864990e-01
2.978953719139099121e-01
2.978911995887756348e-01
2.980520129203796387e-01
2.982652783393859863e-01
2.983240485191345215e-01
2.983933687210083008e-01
2.983554601669311523e-01
2.963871657848358154e-01
2.963257730007172186e-01
2.960613667964935303e-01
2.955525517463684082e-01
2.953863143920898438e-01
2.950321733951569159e-01
2.928471267223358154e-01
2.922968566417694092e-01
2.918580472469329834e-01
2.916781008243560791e-01
2.928032875061035156e-01
2.925891578197479248e-01
2.922806739807128906e-01
2.913239598274230957e-01
2.908319234848022461e-01
2.904787063598632812e-01
2.906125485897064209e-01
2.902917265892028809e-01
2.901954948902130127e-01
2.898769974708557129e-01
2.909399271011352539e-01
2.906863093376160223e-01
2.907678782939910889e-01
2.906320691108704168e-01
2.905130684375762939e-01
2.904240489006042480e-01
2.909995615482330322e-01
2.908176481723784845e-01
2.910109460353851318e-01
2.914059460163116455e-01
2.915251553058624268e-01
2.915073037147521973e-01
2.914901077747344971e-01
2.927621603012084961e-01
2.931332886219025213e-01
2.935549318790435791e-01
2.930229306221008301e-01
2.932759225368499756e-01
2.932856082916260321e-01
2.937872111797332764e-01
2.940038442611694336e-01
2.941950857639312744e-01
2.945344448089600164e-01
2.916085422039031982e-01
2.914893031120300293e-01
2.912216484546660822e-01
2.898215949535369873e-01
2.893607616424560547e-01
2.890386581420898438e-01
2.911818325519561768e-01
2.908660471439361572e-01
2.907057404518127441e-01
2.903702855110168457e-01
2.873649299144744873e-01
2.868078649044036865e-01
2.865425646305084229e-01
2.880854606628417969e-01
2.879642248153686523e-01
2.876474857330322266e-01
2.886369228363037109e-01
2.884564995765686035e-01
2.882123887538909912e-01
2.881672382354736328e-01
2.881454825401306152e-01
2.880336046218872070e-01
2.880891859531402588e-01
2.884342074394226074e-01
2.884646058082581122e-01
2.884559035301208496e-01
2.885380685329437256e-01
2.888528108596801758e-01
2.891922295093536377e-01
2.878026366233825684e-01
2.880440056324005127e-01
2.883484959602355957e-01
2.885789871215820312e-01
2.904782593250275213e-01
2.905636131763458252e-01
2.907279729843140204e-01
2.895213365554809570e-01
2.896452844142913818e-01
2.896395623683928888e-01
2.881172895431518555e-01
2.879547178745269775e-01
2.879532575607299805e-01
2.871787548065184992e-01
2.870962023735046387e-01
2.869846224784851074e-01
2.871036827564239502e-01
2.859006822109222412e-01
2.860108017921447754e-01
2.861041128635406494e-01
2.879475057125092108e-01
2.880949974060058594e-01
2.880285084247589111e-01
2.877482771873474121e-01
2.876851856708526611e-01
2.878704667091369629e-01
2.877386510372161865e-01
2.876229286193848211e-01
2.875381112098693848e-01
2.876140773296356201e-01
2.881384789943695068e-01
2.880327403545380194e-01
2.881730198860168457e-01
2.861855924129486084e-01
2.859834134578704834e-01
2.855969369411468506e-01
2.854930162429809570e-01
2.871678471565246582e-01
2.873430848121643066e-01
2.872444093227386475e-01
2.884637117385864258e-01
2.887454330921173096e-01
2.886404693126678467e-01
2.871654033660889227e-01
2.871809005737305243e-01
2.876581251621246338e-01
2.872068583965300959e-01
2.875836193561553955e-01
2.874850928783416748e-01
2.878715991973876953e-01
2.890433967113494873e-01
2.891563475131988525e-01
2.892858386039733887e-01
2.883167266845703125e-01
2.884620130062103271e-01
2.887356877326964777e-01
2.897045314311981201e-01
2.900511026382446289e-01
2.901584506034851074e-01
2.904835045337677002e-01
2.890555858612060547e-01
2.892147302627563477e-01
2.893458306789398193e-01
2.895813286304473877e-01
2.894326150417327881e-01
2.894134223461151123e-01
2.893134057521820068e-01
2.894053757190704346e-01
2.893184125423431396e-01
2.895821928977966309e-01
2.897456288337707520e-01
2.898464500904083252e-01
2.900672852993011475e-01
2.901720106601715088e-01
2.902568876743317206e-01
2.904378175735473633e-01
2.903692722320557196e-01
2.906135320663452148e-01
2.908905744552612305e-01
2.912105321884155273e-01
2.881054878234863281e-01
2.880471050739288330e-01
2.878960371017456055e-01
2.923692762851715088e-01
2.925945520401000977e-01
2.927213907241820734e-01
2.921349406242370605e-01
2.922002971172332764e-01
2.923117876052856445e-01
2.919213175773621161e-01
2.920286059379577637e-01
2.919802069664000910e-01
2.919482886791229248e-01
2.924657464027404785e-01
2.926850020885467529e-01
2.928012311458588202e-01
2.917007803916931152e-01
2.919246256351470947e-01
2.920662760734558105e-01
2.903279960155487061e-01
2.903500795364379883e-01
2.903569340705872137e-01
2.903307080268859863e-01
2.927418947219849188e-01
2.927924990653992254e-01
2.927507758140563965e-01
2.914907932281494141e-01
2.914989590644836426e-01
2.913855016231536865e-01
2.913789749145507812e-01
2.914043068885803223e-01
2.913886606693267822e-01
2.912164330482482910e-01
2.913530766963958740e-01
2.913115024566650391e-01
2.912557125091552734e-01
2.908551096916198730e-01
2.907710969448089600e-01
2.906228303909301758e-01
2.902027964591979980e-01
2.901749312877655029e-01
2.902623414993286133e-01
2.901900708675384521e-01
2.900488674640655518e-01
2.901096642017364502e-01
2.902189493179320734e-01
2.913854420185089111e-01
2.914144694805145264e-01
2.916198670864105225e-01
2.902517914772033691e-01
2.901653945446014404e-01
2.904179692268372137e-01
2.903282940387725830e-01
2.902347743511199951e-01
2.904250919818878174e-01
2.905990481376647949e-01
2.892307937145233154e-01
2.891760468482971191e-01
2.893003821372985840e-01
2.887433171272277832e-01
2.887404263019561768e-01
2.886181771755218506e-01
2.854330539703369141e-01
2.852545380592346191e-01
2.847653329372406006e-01
2.861871123313903809e-01
2.860436737537384033e-01
2.856936156749724787e-01
2.854248285293579102e-01
2.846633493900299072e-01
2.842512130737305243e-01
2.841648161411284845e-01
2.874200642108917236e-01
2.873478233814239502e-01
2.875061631202697754e-01
2.877282500267028809e-01
2.877945899963378906e-01
2.880533337593078613e-01
2.881941497325897217e-01
2.876826226711273193e-01
2.878575623035430908e-01
2.880986332893372137e-01
2.886887788772583008e-01
2.890512943267822266e-01
2.894144952297211248e-01
2.900773584842681885e-01
2.905579805374144953e-01
2.908807694911956787e-01
2.912712395191193182e-01
2.934649884700775146e-01
2.939178645610808771e-01
2.946097254753112793e-01
2.935234606266021729e-01
2.940015792846680243e-01
2.944568991661071777e-01
2.930252254009246826e-01
2.934329807758331299e-01
2.938916683197020929e-01
2.945204675197600763e-01
2.947388887405395508e-01
2.949877679347991943e-01
2.952513098716735840e-01
2.951892018318176270e-01
2.954575419425964355e-01
2.957642376422882080e-01
2.932538092136383057e-01
2.933436632156372070e-01
2.933458983898162842e-01
2.958908975124359131e-01
2.958784699440002441e-01
2.959631383419036865e-01
2.959649860858917236e-01
2.952409982681274414e-01
2.952188253402709961e-01
2.950829267501831055e-01
2.946675121784210205e-01
2.946842908859252930e-01
2.946910560131072998e-01
2.925005257129669189e-01
2.923333644866943359e-01
2.922049164772033691e-01
2.921320796012878418e-01
2.920013070106506348e-01
2.919905185699462891e-01
2.918726503849028986e-01
2.936667799949645996e-01
2.937083244323730469e-01
2.935961186885833740e-01
2.937219738960266113e-01
2.938399910926818848e-01
2.939510643482208252e-01
2.915244102478027344e-01
2.915163636207581122e-01
2.915736138820648193e-01
2.917098999023436945e-01
2.925009131431580145e-01
2.926738560199736994e-01
2.927743792533874512e-01
2.942548096179962158e-01
2.944453060626984198e-01
2.947533428668975830e-01
2.925890982151031494e-01
2.927477359771728516e-01
2.931314110755920410e-01
2.933484613895416260e-01
2.931982874870300293e-01
2.934128046035766602e-01
2.939668297767639160e-01
2.926168143749237061e-01
2.929443717002869207e-01
2.932975888252258301e-01
2.944160103797913153e-01
2.946036756038665771e-01
2.948711514472960871e-01
2.950291037559509277e-01
2.932053804397583008e-01
2.932068109512329102e-01
2.932844161987305243e-01
2.921867668628693182e-01
2.920856475830078125e-01
2.919728159904479980e-01
2.902956604957581122e-01
2.903148829936981201e-01
2.897593975067139227e-01
2.894794940948486328e-01
2.876915931701660156e-01
2.872162163257598877e-01
2.870576381683349609e-01
2.855366170406341553e-01
2.851814031600952148e-01
2.850500345230102539e-01
2.828957736492156982e-01
2.823657095432280939e-01
2.821083664894104004e-01
2.813197672367095947e-01
2.809764742851256769e-01
2.805926501750946045e-01
2.804999947547913153e-01
2.801121771335601807e-01
2.798490822315216064e-01
2.798616290092468262e-01
2.814370393753051758e-01
2.817549407482147217e-01
2.818419039249420166e-01
2.834713160991669256e-01
2.837825119495391846e-01
2.841430902481079102e-01
2.846210896968841553e-01
2.865057289600372314e-01
2.870042324066162109e-01
2.875939905643463135e-01
2.876004874706268311e-01
2.881806790828704834e-01
2.888320684432983398e-01
2.917506098747252863e-01
2.925383746623992920e-01
2.933234870433807373e-01
2.946811616420745850e-01
2.955395579338073730e-01
2.964299619197844904e-01
2.973076999187468927e-01
2.965876460075378418e-01
2.973238825798035223e-01
2.981103360652924139e-01
3.010079562664031982e-01
3.019338250160216730e-01
3.027872145175933838e-01
3.036908805370330811e-01
3.044764697551727295e-01
3.051936924457550049e-01
3.057955205440521240e-01
3.067292571067810059e-01
3.072544336318969727e-01
3.077294528484344482e-01
3.095314800739288330e-01
3.101386129856109619e-01
3.107508718967437744e-01
3.125655651092528742e-01
3.131777346134185791e-01
3.137206435203552246e-01
3.141594231128693182e-01
3.148475587368011475e-01
3.151162564754486084e-01
3.152537047863006592e-01
3.155650794506072998e-01
3.155840039253234863e-01
3.155799210071564276e-01
3.128836750984191895e-01
3.125482499599456787e-01
3.121338486671447754e-01
3.101291656494141180e-01
3.095302879810333252e-01
3.088278770446776789e-01
3.080664277076721191e-01
3.065706193447113037e-01
3.056583702564239502e-01
3.046725988388060968e-01
3.017858266830444336e-01
3.006853759288787842e-01
2.995502948760986328e-01
2.992623150348663330e-01
2.981188595294952393e-01
2.969959974288940430e-01
2.959530055522919256e-01
2.949166595935820978e-01
2.938259243965148926e-01
2.929001152515411377e-01
2.930191457271575928e-01
2.922601699829101562e-01
2.915183007717133123e-01
2.905681431293487549e-01
2.899282872676848810e-01
2.892874777317047119e-01
2.887605428695679266e-01
2.889968156814575195e-01
2.885917425155640204e-01
2.882038354873657227e-01
2.870489954948424738e-01
2.865768373012542725e-01
2.861261367797852118e-01
2.869371175765991211e-01
2.866951823234558105e-01
2.864126563072205145e-01
2.871110737323760986e-01
