-2.970057725906371723e-02
-1.119643915444612330e-02
-9.833010844886304683e-03
-2.983793383464217186e-03
9.456861764192579442e-03
2.031608484685420990e-02
3.423092188313603401e-03
-4.986067488789558411e-02
1.326676271855831320e-02
1.033006515353917902e-02
-2.229475229978561401e-02
2.136550098657608032e-02
9.079021401703357697e-03
3.062487766146659851e-02
1.402538362890481949e-02
-5.097012966871261597e-03
1.030523236840963364e-02
2.203186973929405212e-03
-1.223376486450433558e-02
-1.651566848158836365e-02
-2.888267673552036285e-02
5.278734117746353149e-02
1.346375346183776855e-01
1.354631185531616211e-01
3.599463775753974915e-02
4.379082005470990267e-03
1.304622367024421518e-02
-9.998596273362636566e-03
-9.546578861773014069e-03
9.147647768259048462e-03
-3.274740278720856407e-02
-1.266042888164520541e-01
-3.342806175351142883e-02
-9.037795476615428925e-03
6.598527729511260986e-02
5.613577738404273987e-02
8.866118639707565308e-02
9.796882420778275924e-02
7.573112845420837402e-02
1.558860689401626587e-01
1.826168894767760675e-01
1.723763793706893921e-01
2.335028350353240967e-01
1.312175691127777100e-01
5.564529076218605042e-02
2.331452816724776875e-02
-1.117222849279642105e-02
-4.669816419482231140e-02
5.041378736495971680e-02
2.511394396424293171e-02
-2.165915444493293762e-02
-3.897068277001380920e-02
-2.334618382155895233e-02
-6.086047738790512779e-02
-1.254533827304840088e-01
-1.370181143283843994e-01
-1.512631028890609741e-02
-5.557310208678245544e-02
-5.204838817007839680e-04
4.730957746505736611e-02
1.097985077649354935e-02
5.591074004769325256e-03
-3.565408661961555481e-02
-2.962644584476948131e-02
-2.646061964333057057e-02
1.802064478397369168e-03
-2.232981845736503948e-02
-2.490986371412872834e-03
-1.265164278447628021e-02
2.942689694464207043e-02
6.005585193634032509e-02
3.731993958353996277e-02
3.389084339141846397e-02
-5.758425220847129822e-03
-1.414780877530574625e-02
-8.371955715119838715e-03
3.852286562323570251e-02
2.202499844133853912e-02
-1.160703040659427643e-02
9.874158538877964020e-03
-2.093692496418953289e-02
-1.213813107460737228e-02
-4.633968230336904526e-03
4.339731298387050629e-03
8.175916969776155299e-03
-1.133996807038784027e-02
-2.386439964175224304e-02
7.398872170597315702e-03
5.472050234675408104e-02
-9.168882854282855988e-03
-7.687066216021776199e-03
2.144910022616386414e-02
7.158830296248198423e-03
-8.265698328614234924e-03
-3.082138719037175179e-03
3.904370591044425964e-02
6.196442246437072754e-02
3.534220904111862183e-02
-2.281565219163894653e-02
-4.884801339358090487e-03
2.702453639358282089e-03
-6.968676578253507614e-03
-1.121917087584734136e-02
8.006260613910853863e-04
-1.891162805259228100e-02
-2.356372028589248657e-02
1.367181912064552307e-02
-1.932103745639324188e-02
-3.775652125477791526e-02
1.642164029181003918e-02
5.763059854507446289e-02
-1.666284282691776752e-03
-3.632284700870513916e-02
-6.865964084863662720e-02
-4.130566865205764771e-02
-2.505155652761459698e-02
-2.085606567561626087e-02
-9.074364788830280304e-03
-3.364691510796546936e-02
-5.784364044666290283e-02
-1.639295741915702820e-02
-2.531996555626392365e-02
-2.742296643555164337e-02
9.777113795280456543e-03
-1.034412626177072352e-02
-5.031208693981171348e-02
-4.078829288482666016e-02
-5.369663611054420471e-02
-3.802022337913513184e-02
-1.342561212368309498e-03
5.419296771287918091e-02
1.173939183354377573e-02
-2.423716709017753601e-02
4.094080626964569092e-02
3.029681555926800121e-02
-6.898140069097281370e-03
2.205603942275047649e-02
-4.768009483814240196e-02
-5.451750755310057900e-02
-6.006006523966788552e-02
-8.729116618633270264e-02
-2.735278010368346821e-02
-7.099179923534391923e-02
-6.234174594283103943e-02
-2.800462394952774048e-02
-5.086674541234970093e-02
-2.649246715009212494e-02
2.057974785566329956e-02
-1.530511118471622467e-02
-5.183134693652392301e-03
3.064579889178276409e-02
5.641486961394547549e-03
-1.701221428811550140e-02
-2.207531593739986420e-02
-1.713641546666621815e-02
1.262150425463914871e-02
8.034115657210350037e-03
1.051122415810823441e-02
-4.570093937218189240e-03
1.549159642308950251e-02
-2.741354284808039665e-03
4.503153637051581643e-02
8.009415119886396928e-02
4.920925572514533997e-02
6.527306884527206421e-02
5.810755304992198944e-03
2.376733720302581440e-02
5.140450596809387207e-02
1.628804951906204224e-02
3.641176270321011543e-03
-5.141985788941384056e-02
-1.102081220597028732e-02
-3.924873471260071495e-02
3.832890093326568604e-02
-1.153642032295465643e-02
-1.336897630244493658e-02
1.190100703388452356e-02
1.439244579523801804e-02
4.063763190060853958e-03
-2.385982498526572834e-02
-4.969817120581864443e-03
2.384559949859976768e-03
-2.044424042105674744e-02
3.440551517996937037e-04
-6.827631592750549316e-02
-6.453442852944135666e-03
-1.818079128861427654e-02
-2.802750095725059856e-02
-1.072376687079668045e-02
2.367978729307651520e-02
-7.395427208393812180e-03
2.417663298547268261e-02
-2.198760164901614189e-03
-2.946376800537109375e-02
1.290368940681219274e-02
-3.992097079753876426e-02
-4.738485440611838601e-02
-2.446785382926464081e-02
-1.654166541993618011e-02
1.173822674900293524e-02
3.494709671940654516e-04
2.337488718330860138e-02
1.270424202084541321e-02
3.390588983893394470e-02
1.400429010391235525e-02
-7.285992614924907684e-04
2.825036086142063141e-02
4.261068999767303467e-02
2.688979357481002808e-02
-1.060728915035724466e-02
2.919469773769378662e-02
2.995949983596801758e-02
3.928107675164937973e-03
-2.066648006439208984e-02
-4.215199500322341919e-03
-5.482905730605124733e-02
-8.048851042985916138e-03
-4.626293852925300598e-02
-5.903438106179235978e-02
-3.835437446832656860e-02
-1.667473465204238892e-02
1.395683735609054565e-02
-1.121253427118062973e-02
-1.056855916976928711e-02
-4.590901732444763184e-02
-7.626990228891372681e-02
-9.466640651226043701e-03
-1.395528018474578684e-02
-3.528311848640441895e-02
3.281081560999155045e-03
1.181358192116022110e-02
3.165982663631438515e-02
2.174225822091102600e-02
-2.760809287428855896e-02
8.041549474000929051e-03
1.656032167375087391e-02
-1.232375041581690528e-03
-5.942022427916527662e-03
2.371843531727790833e-02
-7.238395512104034424e-03
-3.480287641286849976e-02
-2.339229173958301197e-02
1.495179813355207443e-02
-1.145958900451660156e-02
7.125244475901126862e-03
-6.167040020227432251e-02
-4.691384360194206238e-02
-7.889810949563980103e-02
-6.780245900154113770e-02
-2.330096671357751326e-03
-3.462061751633882523e-03
3.959279507398605347e-02
5.746393278241157532e-02
-1.995618827641010284e-02
7.432761136442423734e-03
1.522242929786443710e-02
2.477305382490158081e-02
-7.752355653792620573e-03
-4.642634093761444092e-02
-3.370582684874534607e-02
-1.777034439146518707e-02
-1.497074496001005346e-02
2.316728234291077007e-02
-6.775381416082382202e-02
-1.224729046225547791e-02
-3.983739018440247276e-02
1.256041042506694794e-02
4.840565472841262817e-02
-6.027762778103352460e-03
1.255962532013654882e-02
-3.533809259533882141e-02
-2.916165255010128021e-02
2.147278375923633922e-02
2.334519103169440876e-02
4.057069122791290283e-02
-2.386984787881374359e-02
-2.492855302989483227e-02
-1.765462569892406117e-02
-3.062900342047214508e-02
1.104426756501197815e-02
-2.901021018624305725e-02
-4.918075632303953171e-03
1.726270839571952820e-02
-1.398619078099727631e-02
-6.412849761545657027e-04
2.649556659162044525e-02
1.198403816670179367e-02
7.002746220678091049e-03
-3.106694296002388000e-02
5.244205705821514130e-03
-1.289864163845777685e-02
-9.937833063304424286e-03
-2.758710272610187531e-02
-2.731776423752308239e-02
1.203608699142932892e-02
-1.455619744956493378e-02
-1.817364245653152466e-02
-2.481943368911743164e-02
-6.581467390060424805e-02
-3.141668811440467834e-02
-9.332101792097091675e-03
3.552650660276412964e-02
-3.075108863413333893e-02
-1.179150566458701949e-01
-3.767666220664978027e-02
-1.175497006624937057e-02
1.075862720608711243e-02
1.223427010700106404e-03
-3.977097943425177834e-02
-3.568105399608612061e-02
-2.899974770843982350e-02
-5.108722299337387085e-02
-1.048987433314323425e-01
-3.798323124647140503e-02
-4.222297668457031250e-02
-7.066740095615386963e-02
-1.469098683446645563e-02
-1.565073244273662567e-02
8.241618424654006958e-02
8.824852854013442993e-02
1.092565245926380157e-02
-2.230642363429069172e-02
-5.848853662610054016e-02
-1.389416009187698364e-01
-6.029435992240906456e-02
-9.860012680292129517e-02
2.514185756444931030e-02
1.120745949447154999e-02
7.585374638438224792e-03
3.954112064093350497e-03
-1.054058596491813660e-02
3.335846588015556335e-02
1.975043863058090210e-02
6.699803285300731659e-03
1.712563447654247284e-02
4.289459809660911560e-02
2.085091173648834229e-02
-2.210602536797523845e-02
-2.951993420720100750e-02
3.405458061024546623e-03
-2.880250476300716400e-02
-4.042214713990688324e-03
-1.069507002830505545e-02
-4.198898002505302429e-02
-7.547282427549362183e-02
-6.449800729751586914e-02
-3.356097266077995300e-02
-3.702460089698434310e-03
-2.172298729419708599e-02
-1.917680166661739696e-02
2.498525427654385567e-03
4.072671290487051010e-03
1.002490799874067133e-02
2.863982692360877991e-02
6.544835120439529419e-02
5.338715389370918274e-02
-1.714094169437885284e-02
-2.585596637800335884e-03
-1.170760206878185099e-02
-4.383240267634391785e-02
5.870798602700234327e-03
2.755974419414996667e-03
-9.354122914373876399e-03
-8.140413090586662292e-03
-2.432443760335445404e-02
-2.927496470510959972e-02
-7.132663577795028687e-02
1.703323610126972198e-02
-1.949901878833771099e-02
-2.063538134098052979e-02
-4.287407174706459045e-02
2.840109169483185161e-02
-6.732627749443054199e-02
-4.143553785979747772e-03
1.061854884028434927e-02
-1.587550900876521717e-02
-1.190777868032455444e-02
5.755371414124965668e-03
-2.219159901142120361e-02
-3.446550667285918496e-02
4.866789653897285461e-02
1.892857439815998077e-02
-9.451699443161487579e-03
-2.525507472455501556e-02
-3.251107409596443176e-02
-9.586929343640804291e-03
-8.549856022000312805e-03
-8.664107881486415863e-03
-2.399745769798755993e-02
2.998990239575504715e-04
-3.911704942584037781e-02
-6.008292082697153091e-03
-1.766473054885864258e-02
1.558416709303855896e-02
8.443793281912805385e-03
1.243090140633285046e-03
-2.427271381020545959e-02
-2.409560978412628174e-02
-9.363814257085323334e-03
-2.128969877958297383e-02
3.517691045999526978e-02
2.744636684656143188e-02
4.028253257274628553e-03
5.678831133991479874e-03
2.779142558574676167e-02
5.969340912997722626e-03
-6.852084770798683167e-03
-6.354169547557830811e-02
-4.242130741477012634e-02
-5.283304303884506226e-02
-3.874171152710914612e-02
-5.028719455003737709e-02
3.920259326696396568e-02
-2.257262542843818665e-02
8.840551227331161499e-02
6.171143800020217202e-02
2.056225202977657318e-02
4.844179749488831260e-02
-5.416187271475791931e-02
4.380936920642852783e-02
4.572188016027212143e-03
-3.283848636783659458e-04
-1.239408645778894424e-02
8.977681281976401806e-04
-2.037318982183933258e-02
-1.709642261266708374e-02
1.128987129777670080e-02
2.514460682868957173e-02
2.287682890892028809e-02
-7.108044810593128204e-03
-3.881279006600379944e-02
1.886152103543281555e-02
3.710677847266197205e-02
1.088299006223678589e-01
6.337027251720427079e-02
7.613679859787226591e-03
2.379310503602028240e-02
1.620795694179832935e-03
-4.708269983530045250e-02
-1.448521483689546585e-02
-3.172406181693077087e-02
-2.091108635067940105e-02
-3.180854767560958862e-02
-2.210631780326366078e-02
-8.559446781873703003e-03
1.503619179129600351e-02
1.826889067888259888e-02
4.409432783722877502e-02
-2.467338461428880692e-03
-5.790255591273307800e-02
-4.395911097526550293e-02
-3.663948178291321495e-02
-2.384310960769652973e-02
1.344564091414213181e-02
-2.801853232085704803e-02
-3.703929856419563293e-02
-7.644954137504101667e-03
-2.502411603927612652e-02
-4.056769981980323792e-02
-3.929004073143004677e-02
-5.503599718213082054e-02
-9.773625992238521576e-03
-8.571288548409938812e-03
-3.405069559812546470e-02
-5.389992147684096596e-02
-1.024086847901344438e-01
-5.165093392133713462e-02
-2.231851220130920410e-02
-3.139407187700271606e-02
-6.072909757494927840e-02
-5.905450507998466492e-02
-3.646968677639961243e-02
-1.864799112081528057e-02
1.985167711973190308e-02
3.505857661366463401e-02
-2.984421886503696095e-02
-1.337752863764762878e-02
-2.373169735074043621e-02
-1.796021498739719391e-02
5.913983285427093506e-02
4.250256344676018455e-02
9.195549786090852218e-02
7.929696887731552124e-02
-1.612927578389644623e-02
-2.121780812740325928e-02
-3.423877060413360596e-02
-3.810778632760047913e-02
8.884114772081375122e-02
1.374312639236450195e-01
1.094817519187927246e-01
2.581983432173728943e-02
3.052824176847935070e-02
-4.345177114009857178e-02
-1.891434378921985626e-02
-1.192569360136985779e-02
-5.699747800827024979e-02
-2.669446356594562531e-02
-3.939314559102057717e-02
-1.343129551969468594e-03
1.513816788792610342e-02
5.550079979002475739e-03
-7.310928404331207275e-02
-1.569266617298126221e-02
-2.190358191728591919e-02
-3.991890326142311096e-02
6.198983173817396164e-04
1.517450157552957535e-02
-2.344474755227565765e-02
1.576044014655053616e-03
3.958393353968859586e-03
-6.192938890308142576e-03
-5.337479989975690842e-03
-5.357442051172257164e-02
-1.733693480491638184e-02
-7.592265494167804718e-03
2.763993293046951641e-02
3.645648807287216187e-02
-1.969632878899574280e-02
2.308752737008035183e-04
-4.937959834933280945e-03
3.105570562183856964e-02
-5.242278799414634705e-02
-5.715293437242507241e-02
9.728840552270412445e-03
-9.933661669492721558e-03
3.705855086445808411e-02
4.822507500648497841e-02
1.097872946411371231e-02
3.377124294638633728e-02
4.999155923724175193e-02
1.258980832062661431e-03
-8.307255059480667114e-02
-3.409745916724205017e-02
-2.297695539891720165e-02
-5.850137770175933838e-02
4.474377259612082568e-03
1.412788406014442661e-03
-6.044062972068785927e-02
2.741126902401447643e-02
-2.875856822356581688e-03
3.665299387648701668e-03
4.975704848766326904e-02
-6.881543248891830444e-02
-5.923878028988837502e-02
9.029456996358932149e-04
-4.402160272002220154e-02
-4.616487771272658608e-02
-6.318772584199905396e-02
8.417510427534580231e-03
-7.872716523706912994e-03
-4.218310117721557617e-02
-7.541514933109282059e-02
-1.008850336074829240e-01
-5.518005415797233582e-02
4.748385772109031677e-02
-1.358325779438018799e-02
2.342269755899905725e-03
3.703856095671653748e-02
-6.683975458145142989e-02
-1.581426151096820831e-02
-3.417871892452239990e-03
-2.820788323879241943e-02
-1.806210353970527996e-02
-9.648968279361723466e-02
-7.518766075372695923e-02
-3.754867613315581582e-02
-6.134502962231636047e-02
-2.961994521319866180e-02
-3.956838324666023254e-02
-8.289234340190887451e-02
4.448768869042396545e-02
7.598701864480972290e-03
-5.038458108901977539e-02
-1.920354366302490234e-02
-3.525790199637413025e-02
-3.119222447276115764e-02
-1.020491775125265121e-02
-1.235722191631793976e-02
2.144574001431465149e-02
2.840249799191951752e-02
-2.604318596422672619e-02
8.037433028221130371e-03
-3.294031694531441429e-02
-4.897455871105194092e-02
6.646344903856515884e-03
-8.322307839989662170e-03
-1.307067926973104303e-02
-1.577492244541645050e-02
-1.693987101316452026e-02
4.855410382151603699e-02
6.086954474449157715e-02
2.735862508416175842e-02
3.274644166231155396e-02
-1.741863414645195007e-02
-1.969394832849502563e-02
-6.327540177153423429e-05
-1.475930307060479944e-02
-6.388954073190689087e-02
1.848182454705238342e-02
-2.146392129361629139e-02
-8.263598382472991943e-02
-7.308669388294219971e-02
3.028467483818531383e-02
6.101790815591812828e-02
6.509616225957870483e-02
-3.056970052421092987e-02
5.691336840391159058e-02
2.139686420559883118e-02
-2.409820258617400776e-02
1.185288652777671814e-02
-6.122469156980515220e-02
-2.540168538689612995e-02
-2.440581098198891033e-02
4.234522953629493713e-02
5.347243510186672211e-03
-1.984688080847263683e-02
-2.308994904160499920e-02
1.750959455966949810e-02
-4.537401348352431557e-02
1.289240736514330084e-02
-6.338998209685086337e-03
-2.799180569127202034e-03
6.443035602569580078e-02
-2.135795913636684418e-02
-2.849375596269964738e-03
-2.721579903663950972e-06
1.068887766450643539e-02
-4.214459098875522614e-03
-5.689492076635361412e-02
-4.504413809627295408e-03
-2.067666687071323742e-02
-2.695017121732234955e-02
1.758317649364471089e-02
7.181674987077713013e-02
2.589872479438781391e-02
-3.215181455016136169e-02
-1.095027197152376175e-02
-7.651332765817642212e-02
-1.021569743752479692e-01
-6.497737020254135132e-02
3.373913466930389404e-02
-1.211350597441196442e-02
-7.555169053375720110e-03
-2.290817536413669586e-02
9.146247059106828517e-03
-2.597207017242908478e-02
-6.014998070895671844e-03
-1.551523245871066874e-02
-2.526030293665826321e-04
1.593890367075800896e-03
3.158714249730110168e-02
2.826491557061671864e-02
-1.835857145488262523e-02
-7.054083049297332764e-03
7.236273493617773056e-03
-7.975651882588861638e-03
1.454526185989380056e-02
3.911679238080977700e-02
7.980817928910255432e-03
4.247129708528518677e-02
-3.455923125147819519e-02
-1.810539141297340393e-02
5.393319949507713318e-02
9.291478432714940852e-03
-3.193479776382446289e-02
-1.317873538937419653e-04
-6.259914487600327926e-02
-2.591938944533467726e-03
-2.724936697632074790e-03
1.991422101855278015e-02
-4.983315244317054749e-02
-5.609371885657311180e-02
-1.304722763597965240e-02
-1.073401272296905656e-01
2.529873698949814190e-02
-8.658257871866226196e-02
-1.585310511291026722e-02
1.593712531030178070e-02
-8.074904233217239380e-02
-8.988184481859207153e-02
-7.279033958911895752e-02
-4.619241505861281655e-02
-3.498099371790885925e-02
1.710382848978042603e-02
9.042225778102876144e-02
6.101232022047042847e-02
-2.926201000809669495e-02
-5.533929541707038879e-02
-4.003391414880752563e-02
-4.601281881332397461e-02
1.581593975424766194e-02
-1.915284804999828339e-02
1.184510961174964766e-01
-5.043454002588987350e-04
-3.333795070648193359e-02
-1.449146717786788940e-01
-1.455930322408675870e-01
-4.677431657910346985e-03
6.890464574098587036e-02
3.576670587062836387e-02
4.870753269642592344e-03
-7.016997784376144409e-02
-9.896589070558547974e-02
2.337334901094436923e-01
2.926556169986724854e-01
1.359852254390716553e-01
-6.113031134009361267e-02
-3.082132898271083832e-03
-8.634607493877410889e-02
5.360515043139458397e-02
-1.116109453141689301e-02
-5.632546544075012207e-02
9.071963280439376831e-02
1.320625543594360629e-01
1.609654873609542847e-01
-2.057307399809360504e-03
9.184807538986206055e-02
-1.015904396772384644e-01
-8.790870755910872025e-02
-3.272747993469238281e-02
4.106183722615242004e-02
-9.423165768384932084e-02
-2.124583348631858826e-02
5.083347856998443604e-02
1.923079788684844971e-02
8.304546028375625610e-02
1.268055140972137451e-01
-2.267467352794483304e-04
-7.358890771865844727e-02
5.759998410940170288e-02
1.551449447870254517e-01
3.570895409211516380e-03
-1.215667128562927246e-01
-2.971966378390788685e-02
4.405688866972923279e-02
5.411218106746673584e-02
1.391680166125297720e-02
-1.700812950730323792e-02
-7.859519869089127975e-02
-8.720489218831062317e-03
-4.271432291716336337e-03
-1.300681754946708679e-02
-6.058291718363762596e-02
-5.368869751691818237e-02
-3.004374355077743877e-02
-3.356213867664337158e-02
1.115092635154724121e-02
6.058005150407552719e-03
-3.641157969832419655e-02
-1.920278556644916187e-02
-4.930121451616286538e-02
8.073719218373298645e-03
-3.812451905105262995e-04
-1.908773183822631836e-02
-1.544797699898481196e-02
-8.609938086010516774e-04
4.705444443970918655e-03
-1.299173664301633835e-02
-2.068729139864444733e-02
3.749464871361852560e-03
1.767473295331001282e-02
-1.715481467545032501e-02
-8.008542936295272004e-04
-1.170307211577892303e-02
-1.592797972261905670e-02
8.081641979515552521e-03
8.624709211289882660e-03
3.329553827643394470e-02
-1.248061005026102066e-02
4.842327907681465149e-03
-2.305125258862972606e-02
-2.053515287116169930e-03
3.847474977374076843e-02
-2.730732038617134094e-02
-2.158958651125431061e-02
-2.764736674726009022e-02
-7.194102555513381958e-02
7.305415812879801664e-03
1.340243266895413399e-03
-1.686664484441280365e-02
6.755375303328036395e-03
4.479364142753183842e-04
-2.127816341817378998e-02
-1.913302205502986908e-02
5.626242142170667648e-03
2.301794476807117115e-02
8.246741257607936859e-03
-6.558893714100121584e-03
1.448412984609604055e-02
-3.846573084592818520e-02
-1.481284014880657196e-02
-2.382123097777366291e-02
1.287294272333383560e-02
-2.478099800646305084e-02
2.256309799849987030e-02
6.798604130744934082e-02
6.125091761350632408e-02
7.819670252501966304e-03
-2.125752530992031097e-02
2.119042724370956421e-02
-1.224489137530326843e-02
-5.268721375614404678e-03
2.137261675670742989e-03
-2.954893512651324706e-03
4.221918527036904421e-03
-3.712486103177071312e-02
-1.802673190832138062e-02
3.265870735049248436e-02
-3.138387575745582581e-02
1.898703863844275475e-03
-1.956724934279918671e-02
5.511716008186339465e-03
-1.346397958695888519e-02
1.058303096215240793e-04
3.378976881504058838e-02
-9.096709080040456599e-03
1.156020350754261017e-02
4.000421613454818726e-02
1.169848255813121579e-03
1.266417559236287897e-02
-5.707263480871915817e-04
-2.674868144094944000e-02
7.395864930003881454e-03
1.420043129473924637e-02
-2.238987758755683899e-02
8.093746006488800049e-02
7.321023941040039062e-02
7.700422406196594238e-02
-1.083967275917530060e-02
-9.000889025628566742e-03
-1.032199338078498667e-02
1.263027451932430441e-02
-7.979481481015680486e-03
2.594252116978168488e-02
-4.674357175827025673e-02
-5.205942317843437195e-02
8.001766167581081390e-03
-1.195443887263536453e-02
-8.076540194451808929e-03
-1.225178595632314855e-02
4.777436610311270627e-03
-2.756560221314430237e-02
-6.157695502042769692e-02
-1.117228763177990913e-03
-1.113240886479616165e-02
-8.756310679018497467e-03
5.124918743968009949e-02
4.241139441728591919e-02
1.923237554728984833e-02
1.373167987912893122e-02
2.799437381327152599e-02
-3.349177539348601601e-02
-3.465914342086761648e-04
-1.847843267023563732e-02
-2.014335803687572479e-02
2.005583234131335865e-02
3.561351075768471458e-02
-2.895935066044330597e-02
-5.686068441718816757e-03
-3.764004260301589966e-02
-3.541678423061967330e-03
-2.266410971060394807e-03
1.019877940416335886e-02
-5.350559484213590622e-03
4.176362417638302717e-03
-5.367114208638668060e-03
-6.840072572231292725e-03
8.703907020390033722e-03
-9.382034651935100555e-03
2.145404927432536732e-02
2.811293350532651381e-03
-9.749665856361390895e-03
1.544197672046721198e-03
-1.251602172851562327e-02
2.033351548016071667e-02
-7.703782059252262115e-03
2.093688398599624634e-02
1.614999212324618946e-02
-1.310347486287355423e-02
1.418684795498848135e-02
-7.994110696017742157e-03
1.614024862647056580e-02
-1.007719151675701315e-02
-6.312898360192775726e-03
-2.505296654999255787e-02
1.992069155676290393e-04
-1.071229204535484314e-02
3.765364876016974015e-03
-1.022393070161342621e-02
1.414472516626119614e-02
-2.283879928290843964e-02
8.211897313594818115e-02
2.427280694246291767e-02
4.653281718492507935e-02
-2.210081927478313099e-02
-6.933539360761642456e-02
5.404375493526459608e-03
1.321291457861662084e-02
3.916371986269951561e-02
1.047029346227645874e-02
7.010491099208593369e-03
1.918736030347645283e-03
2.825684472918510784e-02
4.796033725142478943e-02
3.974538668990135193e-02
5.521010234951972961e-02
-3.998278826475143433e-02
1.832508482038974762e-02
-1.210743188858032227e-02
1.921092974953353188e-03
9.042322635650636500e-03
2.469301782548428276e-02
3.267726674675941467e-02
-1.204270124435424805e-02
2.503190562129021038e-02
3.784059360623359680e-02
-3.875426948070526123e-02
-2.034039236605167389e-02
1.360697951167822058e-02
2.860079891979694366e-02
9.238646365702152252e-03
-1.401296723634004593e-02
2.334070205688476909e-02
-3.968752454966306686e-03
1.654219627380371094e-02
2.891387790441513062e-02
1.250364072620868683e-02
-1.830877177417278290e-02
-1.404666434973478491e-02
4.078827332705259323e-03
-2.264481736347079711e-03
4.571123421192168496e-02
-1.060305908322334290e-02
1.859630225226282857e-03
-1.247532013803720474e-02
-2.407106338068842888e-03
4.113602638244628906e-02
1.836637966334820141e-02
6.443929672241210938e-02
5.996116995811462402e-02
-1.070053223520517176e-02
-2.211416722275316986e-04
1.814873516559600830e-02
1.209912123158574104e-03
4.898341000080108643e-02
1.965058222413063049e-02
-6.047689355909824371e-03
3.908219188451766968e-02
3.013613633811473846e-02
1.044155843555927103e-02
-1.546670868992805654e-02
-1.408924162387848074e-02
1.417930983006954020e-02
-8.016656152904033661e-03
3.032731264829636314e-02
4.465372860431671143e-02
2.421643212437629700e-02
-7.654724176973104477e-03
-2.852702513337135662e-02
-3.170286118984222412e-02
3.352409601211547852e-02
3.226112807169557051e-03
-3.109853714704513203e-02
-3.826567530632019043e-02
-2.924305014312267650e-02
-8.257381618022918701e-03
1.271527819335460836e-02
1.537240226753056049e-03
8.118067868053913116e-03
9.043684229254722595e-03
-2.912357915192842484e-03
-2.421989291906356812e-02
-2.028623595833778381e-02
-6.201935932040215232e-02
9.422186762094497681e-03
3.118849918246268879e-02
4.520777240395545959e-02
2.676029503345489155e-02
2.086214721202850342e-02
8.266212418675422668e-03
4.182653967291117582e-03
2.423040382564068188e-02
-3.338818624615668557e-02
-1.807134225964546204e-02
-3.183244494721293016e-03
3.202234953641892173e-02
-2.328911423683166157e-02
9.821209823712706566e-04
-2.869506552815437664e-02
-5.023091286420822144e-02
-5.562247708439826965e-02
-1.491223555058240891e-02
-1.613578572869300842e-02
-1.867631636559963226e-02
-1.470007002353668039e-02
2.975974697619677024e-03
-3.870562091469764709e-02
1.265206374228000641e-03
1.033860072493553162e-02
2.768119610846042633e-02
1.284265238791704178e-02
4.796889424324036338e-02
2.142802812159061085e-02
-5.050119385123252869e-02
3.495370736345648766e-03
4.557925276458263397e-03
3.917763754725456238e-02
-1.959085650742053986e-02
2.992410399019718170e-02
-1.875006034970283855e-02
9.790897369384765625e-03
-2.084711194038390766e-02
-9.772177785634995895e-02
-3.190293675288558006e-03
1.785968244075775146e-02
1.202535256743431265e-02
1.963729783892631531e-02
8.050825446844100952e-03
-7.945607416331768036e-03
3.644894575700164275e-03
6.879833526909350482e-03
9.001495316624641418e-03
-3.000849159434437318e-03
1.834062114357948303e-02
-4.686376079916954041e-03
9.186291135847568512e-03
2.930801920592784882e-02
2.094205468893050801e-02
-1.386186294257640839e-02
-3.165845526382327080e-03
-7.206691661849616874e-04
1.990514574572443962e-03
-1.491392124444246292e-02
1.189543120563030243e-02
-2.101298607885837555e-02
9.877025149762630463e-03
-1.344075798988342285e-02
-3.899028152227401733e-02
-6.269108504056930542e-02
2.797140972688794136e-03
1.105600502341985703e-02
6.951725576072931290e-03
3.233232349157333374e-02
5.201714485883713462e-02
2.248106896877288818e-02
5.027913674712181091e-02
4.239446669816971519e-02
6.846312433481216431e-02
-2.608774229884147991e-02
5.765399709343910217e-02
4.736986383795738220e-02
1.583658717572689056e-02
1.082240836694836617e-03
-3.142867982387543418e-02
-1.392608322203159159e-02
4.729725420475006104e-03
-2.776317065581679778e-03
2.188806794583797108e-02
-6.955382879823446274e-03
1.431330665946006948e-02
2.635615179315208955e-03
-1.133910939097404307e-02
4.271420836448668740e-02
1.194018125534057617e-02
5.130569264292716980e-02
2.966761775314808239e-02
2.278009057044983257e-02
3.766608610749244690e-02
5.295087397098541260e-02
4.287994652986527183e-02
-2.488967729732394652e-03
-1.807557186111807823e-03
-2.281361026689410210e-03
-4.995461553335189819e-02
-1.686542667448521007e-02
2.535487525165081024e-02
2.273643575608730316e-02
-1.741936616599559784e-02
-1.404426991939544851e-02
1.255767326802015131e-02
-8.107171393930912018e-03
-1.966962777078151703e-02
-2.698968723416328430e-02
2.742611803114414215e-03
-7.340439129620790482e-03
-2.800989151000976909e-02
5.492382869124412537e-02
3.518549725413322449e-02
-3.603604435920715332e-02
-2.798974700272083629e-02
8.803730830550193787e-03
-3.402465581893921592e-02
-2.518515847623348236e-02
-1.166928093880414963e-02
8.280218578875064850e-03
1.062391791492700577e-02
1.501629594713449652e-02
2.432736568152904510e-02
7.834204472601413727e-03
-3.484973916783928871e-03
4.582991357892752561e-03
7.726048585027456284e-03
2.124980650842189789e-02
6.770137697458267212e-03
-2.156627550721168518e-02
-3.132327273488044739e-02
-7.192778587341308594e-02
-1.726449653506278992e-02
-2.180795650929213004e-03
-3.189289127476513386e-04
1.493915915489196951e-02
3.383303806185722351e-02
2.786286547780036926e-02
2.800717949867248535e-02
1.557266688905656338e-03
-3.489977121353149414e-02
1.827940344810485840e-02
1.655488274991512646e-02
-1.779869943857192993e-02
1.558240223675966263e-02
-2.733806706964969635e-02
-9.459297172725200653e-03
-2.704296028241514726e-03
-6.879645399749279022e-03
2.223031129688024521e-03
1.664247550070285797e-02
2.641055174171924591e-02
2.474569901823997151e-02
2.522725239396095623e-02
2.184394747018814087e-02
1.484238263219594955e-02
2.615889720618724823e-02
2.091001160442829132e-02
-7.456479594111442566e-03
-1.002070121467113668e-02
2.436361089348793030e-02
2.286589890718460083e-02
-1.054730731993913651e-03
-2.360276691615581166e-02
3.856851486489177184e-03
3.001207660418003798e-04
7.027923595160245895e-03
1.668680645525455475e-02
-2.610539784654974937e-03
2.657127194106579174e-02
-7.968228892423212528e-04
-1.814492605626583099e-02
-1.906232163310050964e-02
-1.144439913332462311e-02
1.612772978842258453e-02
1.037123892456293106e-02
-5.347240716218947497e-03
-7.312916684895754728e-03
2.638090774416923870e-02
3.460757806897164085e-02
3.268424421548844078e-02
-5.875795613974332809e-03
3.502441570162773132e-03
7.085448130965232849e-03
-7.242723833769558993e-03
6.016909610480070114e-03
1.661275513470173229e-02
6.950020906515419483e-05
2.999729104340076100e-02
8.607180789113044739e-03
-4.225368611514568329e-03
-2.559025306254624887e-03
7.232675794512034330e-03
8.574713952839374542e-03
8.017095737159252167e-03
1.723970286548137448e-03
5.463833454996346560e-03
1.423280537128448486e-01
1.018631309270858765e-01
2.869173139333724976e-02
1.869600382633507469e-03
2.980597503483295788e-02
1.928684115409851074e-02
-1.056933216750621796e-02
1.262193918228149414e-02
4.617064259946346283e-03
-1.608139835298061371e-02
8.560061687603592873e-04
1.748443581163883209e-02
-1.529194787144660950e-02
-1.561213377863168716e-02
4.366706013679503839e-01
1.800705790519714633e-01
-2.476186305284500122e-02
-5.240793526172637939e-02
2.001342363655566822e-02
-2.012136683333665133e-04
2.477279864251613617e-02
6.990649271756410599e-04
1.230139564722776413e-02
-1.341374707408249378e-03
5.116854608058929443e-02
2.595016732811928229e-03
3.366065677255392075e-03
2.827096031978726387e-04
3.260762989521025917e-02
1.418302021920681000e-02
1.112717762589454824e-02
2.014995925128459930e-02
1.087464392185211182e-02
8.704852312803268433e-03
5.086233839392662048e-02
5.928222462534905174e-02
2.132345736026763916e-02
1.305922213941812342e-02
4.462810698896646500e-03
2.744704298675060272e-02
2.617515996098518372e-02
4.375166073441505432e-02
6.883542239665985107e-02
3.056596033275127411e-02
-1.215618941932916641e-02
-2.661009086295962334e-03
6.315977778285741806e-03
-1.453580241650343115e-02
-2.141751348972320904e-02
5.372841376811265945e-03
-6.002182606607675552e-03
-4.496199544519186020e-03
-5.720678716897964478e-03
2.462127059698104858e-02
2.991511113941669464e-02
2.658806741237640381e-02
-6.290712044574320316e-04
-2.799061499536037098e-02
-5.035698413848876953e-02
1.910617575049400330e-02
7.393343001604080200e-02
-2.918294444680213581e-02
-4.345531016588211060e-02
5.688823293894528475e-03
5.061024427413940430e-02
5.564573034644126892e-02
4.034005478024483421e-02
4.811641573905944824e-02
1.868740282952785145e-02
-4.398072138428688049e-02
-2.712244726717471729e-02
-1.569187454879283905e-02
-1.633749902248382568e-02
2.914188057184219360e-02
9.120299667119979858e-02
2.231537364423274994e-02
2.703148871660232544e-03
4.067838937044143677e-02
1.160212885588407690e-02
-1.893594115972518921e-02
6.966972351074218750e-02
1.029838919639587402e-01
5.600231885910033486e-02
8.685957640409469604e-02
2.078324183821678162e-02
1.558373030275106257e-02
3.826882317662239075e-02
5.320872366428375244e-02
9.484536200761796432e-02
1.579983346164226185e-02
2.277725376188755035e-02
5.815738346427679062e-03
1.824034005403518677e-02
1.146239880472421646e-02
-1.542719360440969641e-02
-3.023714944720268250e-02
2.003462612628936768e-02
-4.182596132159233093e-02
1.442191470414399927e-02
-5.217014811933040619e-03
-8.433185517787933350e-03
1.765332184731960297e-02
-1.829705759882926941e-02
-2.977707423269748688e-02
5.834345705807209015e-03
-3.274617344141006470e-02
-9.136655181646347046e-02
-5.213770270347595215e-02
4.544655233621596596e-02
-4.782298579812049866e-03
-3.696801513433456421e-02
-2.458152920007705688e-02
-1.650990545749664307e-02
-3.108920715749263763e-02
-5.303831305354834470e-03
3.465517610311508179e-02
1.437752973288297480e-02
-3.521263971924781799e-02
-1.081262715160846884e-02
-2.192901261150836945e-02
3.057978861033916126e-02
2.461304143071174275e-02
1.577226631343364716e-02
2.532148547470569611e-02
-1.471645385026931936e-02
-4.615537822246552208e-02
1.239233464002609253e-02
3.746758028864860535e-02
-8.676860481500627345e-03
-1.404738985002040863e-02
-7.109203189611434937e-02
-8.334266394376754761e-02
-2.719263732433319092e-02
1.138054486364126205e-02
3.497828543186188438e-02
2.428123354911803922e-01
1.587782502174377441e-01
4.069269634783267975e-03
-2.311485446989536285e-02
-2.880364097654819489e-02
-3.030691109597682953e-02
-7.411969453096389771e-02
-2.542295306921004555e-02
4.483402706682682037e-03
-3.239747881889343262e-02
-3.279596334323287010e-03
-4.913745820522308350e-02
-1.653568260371685028e-02
-4.662296548485755920e-02
-1.029411479830742021e-01
3.456543385982513428e-02
6.315124779939651489e-02
1.192552223801612854e-02
2.982780709862708698e-02
1.614315062761306763e-02
-5.982318893074988625e-02
-7.791282236576080322e-02
-3.425527736544609070e-02
3.735659178346395926e-03
-4.899000748991966248e-02
1.047444045543670793e-01
5.619984492659568787e-02
-3.130179271101951599e-02
-8.607279509305953979e-02
-1.074101775884628435e-01
-3.582971170544623635e-02
-6.269038468599319458e-02
1.855670288205146790e-02
7.222564518451690674e-02
2.662481553852558136e-02
-7.234197854995727539e-02
-9.680262766778469086e-03
7.801581919193267822e-02
-1.110984105616807938e-02
-5.108412727713584900e-02
-3.143797069787978432e-02
-4.357814043760299683e-02
-9.126589447259904342e-02
-9.348355978727339310e-02
-5.161001905798912048e-02
3.565934719517827468e-03
8.063072711229324341e-02
9.104975312948226929e-02
-1.285376306623220444e-02
-1.539852004498243158e-02
8.576672524213790894e-03
-2.905955072492361069e-03
1.098952628672122955e-02
2.753599360585212708e-02
4.635024070739746094e-02
2.804211154580116272e-02
-1.789917796850204468e-02
2.844310179352760662e-02
-1.557617448270320892e-02
-1.630388200283050190e-02
-7.393804192543029785e-02
-4.109760746359825134e-02
-4.416893795132637024e-02
-1.010641083121299570e-02
3.347161039710044861e-02
-5.894098430871964368e-03
-2.290835790336131703e-02
-5.493575707077980042e-03
2.880913205444812775e-03
-5.781760439276695251e-03
6.044758018106222153e-03
-4.648574441671372154e-02
-4.017971083521842957e-02
-1.133141852915287018e-02
-2.646673284471035004e-02
-2.942098118364811291e-02
2.138922456651926041e-03
-7.280046492815017700e-02
-8.238162100315093994e-02
-1.976758986711501728e-02
8.775682747364044189e-02
3.606063872575759888e-02
5.047804117202758789e-02
2.828722819685936321e-02
1.569707179442048073e-03
-2.432688837870955467e-03
-4.061084613204001686e-02
-2.746999450027942657e-02
-4.007828235626221397e-02
-1.084167808294296403e-01
-8.472697436809539795e-02
-1.647519762627780437e-03
-9.960528463125228882e-03
-3.384505212306976318e-02
1.914679445326328278e-02
-2.654902264475822449e-02
2.909663692116737366e-02
5.368914082646369934e-02
-2.834773994982242584e-02
-7.637717761099337664e-03
1.435768511146306818e-02
9.919345378875730687e-03
2.089066244661808014e-02
-1.152423582971095865e-02
-1.368239615112543106e-02
4.502759780734777451e-03
-2.874533087015151978e-02
-4.014009609818457863e-02
2.488990500569343914e-02
1.148634590208530426e-02
2.829015813767910004e-02
1.413893699645995920e-02
-6.583759095519781113e-03
1.574313617311418056e-03
1.163525879383087158e-02
1.674250140786170959e-02
-2.888685464859008789e-02
2.786381170153618206e-02
2.289043366909026753e-02
3.134275972843170166e-02
4.990722239017487266e-02
4.800918698310852051e-02
3.623118856921792030e-03
2.645560353994369160e-02
1.474903989583254034e-02
3.124623000621796348e-02
2.206381969153881073e-02
1.859323866665363659e-02
1.313848607242107391e-02
6.005962193012237549e-02
8.198711276054382324e-02
2.898356132209301342e-02
9.583462029695509130e-03
-2.516014873981475830e-02
4.529997706413269043e-02
2.342982590198516846e-02
-4.579368978738784790e-03
-4.015832021832466125e-02
-5.156424641609191895e-02
2.903008833527565002e-02
1.269950345158576965e-02
-8.065336383879184723e-03
-1.133788097649812872e-02
-4.050873592495918274e-02
6.674512755125761032e-03
1.901290146633982875e-03
5.335479229688645103e-02
3.991336375474929810e-02
3.776624053716660240e-02
5.936397938057780266e-04
-3.005448170006274830e-02
-2.276722341775894165e-03
-5.843743309378623962e-02
-8.148567378520965576e-02
-8.117628842592239380e-02
-3.567433450371026993e-04
1.234563533216714859e-03
-1.030270941555500031e-02
-1.492683123797178442e-02
2.008997090160846710e-02
-1.211290527135133570e-02
-3.541662124916911125e-03
2.318511018529534340e-03
-2.292478643357753754e-02
5.866394937038420937e-02
1.405639108270406896e-02
-3.352536633610724709e-02
-9.004426538012921810e-04
-8.109862916171550751e-03
-6.251183897256851196e-02
-1.883309148252010345e-02
-2.502523362636566162e-03
1.947917416691780090e-02
-1.529775727249216627e-05
-4.492499679327011108e-02
1.857369765639305115e-02
-1.269910251721739769e-03
9.263584390282630920e-03
7.855300791561605281e-03
-1.320563722401857376e-02
1.804177835583686829e-02
2.252103760838509040e-03
2.908085705712437630e-03
-2.629175223410129200e-02
1.358422636985778809e-02
-1.310970447957515543e-02
-5.248584318906068802e-03
6.224800017662346363e-04
1.652619987726211548e-02
-1.782032288610935211e-02
2.560436911880970001e-02
2.270011696964502335e-03
-4.041266441345214844e-02
5.228320509195328453e-02
-1.965987123548984528e-02
-2.019657567143439900e-02
6.435682065784931183e-03
1.105545274913311005e-02
1.473034918308258057e-02
4.549440741539002159e-02
-1.767769455909729004e-02
4.910651128739118576e-03
1.305676344782114029e-02
-9.249310940504074097e-03
-7.077118754386901855e-02
2.997471578419208180e-02
1.510650571435689926e-02
1.332598822045838460e-05
-1.310990750789642334e-02
4.627759382128716209e-02
3.489531204104423523e-02
6.701687723398208618e-02
3.226453438401221535e-02
3.938902169466018677e-02
2.353632356971502304e-03
-3.371414495632052422e-03
-4.219548031687737205e-02
-2.266198024153709065e-02
-5.700655747205018997e-03
-2.374786138534545898e-02
-6.588182412087917328e-03
-1.350108161568641489e-02
3.609590977430343628e-02
-4.138548858463764191e-03
-1.530335005372762854e-02
-1.359007041901350021e-02
6.169908121228217385e-02
-6.835211534053086367e-03
-1.961178146302700043e-02
-2.993353269994258881e-02
-1.733396016061306000e-02
1.880330732092261314e-03
2.371723763644695629e-02
-8.494927897118031979e-04
2.475198823958635330e-03
1.206800621002912348e-02
1.058873534202575684e-02
6.321550160646438599e-02
5.390652269124984741e-02
2.365756221115589142e-02
2.877885475754738201e-02
2.330790087580680847e-02
1.446523796766996210e-02
1.954643614590167999e-02
-5.909223854541778564e-02
-5.205119773745536804e-02
6.447295844554901123e-02
-1.892747968668118119e-04
-1.285182684659957886e-02
-5.140184611082077026e-02
-1.237353589385747910e-02
-4.863240569829941490e-02
-3.510012850165367126e-02
1.133636571466922760e-03
-4.441953077912330627e-02
-5.077759176492691040e-02
1.720866933465003967e-02
6.148521322757006559e-03
-6.815506517887115479e-02
1.494695898145437241e-02
1.632285118103027344e-02
3.951451182365417480e-02
2.146619372069836097e-03
1.789020001888275146e-02
-9.005514904856681824e-03
1.553206518292426890e-02
1.230472815223038197e-03
-1.091301999986171549e-02
-7.115030661225318909e-03
2.792523428797721863e-02
-2.025191858410835613e-02
-1.536443643271923065e-02
-1.113533694297075098e-02
6.765550374984741211e-02
2.886945940554141998e-02
3.927864134311676025e-02
1.711172796785831451e-02
2.024248096859082580e-04
9.898199932649731636e-04
-3.205112367868423462e-02
-6.164709478616715171e-02
5.152696277946234617e-03
-2.077189087867736816e-02
-7.548542926087976586e-04
5.302461236715316772e-02
2.159505896270275116e-02
-2.606604993343353271e-02
-1.909666135907173157e-02
8.928900584578514099e-03
-6.462267786264419556e-02
-2.127020619809627533e-02
-1.854928210377692829e-02
-7.274689851328731667e-04
-3.598479554057121277e-03
1.547330897301435644e-02
-4.437507316470146179e-02
1.815298944711684834e-02
-7.212552241981029510e-03
1.729896850883961071e-02
7.944890856742858887e-02
-4.020532593131065369e-02
-4.165796935558319092e-02
-3.470225632190703652e-02
-3.361554443836212158e-02
4.473549500107765198e-02
1.221491768956184387e-02
3.343501687049866417e-02
9.142957627773284912e-03
3.809790359809994698e-03
4.528121650218963623e-02
5.582491680979728699e-02
1.359469909220934088e-02
3.119098488241434097e-03
5.544699355959891579e-02
9.463088214397430420e-02
2.369739860296249043e-02
1.497218944132328207e-02
3.088565776124597029e-03
5.158380419015885093e-02
8.481541275978086991e-02
7.468274235725402832e-02
-1.238156948238611221e-02
-5.128426942974328995e-03
6.449921429157257080e-02
-3.695573657751083374e-02
5.828568711876868508e-02
6.223533768206834793e-03
4.353637248277663491e-02
7.382886856794357300e-02
6.315753608942031860e-02
3.776802867650986412e-02
1.080852374434471304e-02
-4.796985886059701443e-04
2.489430457353591919e-02
8.158224076032638550e-02
3.029010631144046783e-02
1.782978512346744537e-02
-2.582814730703831066e-02
2.503201551735400807e-02
3.980069607496261597e-02
1.665705256164073944e-02
4.792591184377670288e-02
-1.536732073873281479e-02
2.250585518777370453e-02
4.677502810955048301e-02
2.121275849640369068e-02
2.056896919384598732e-03
5.487339198589324951e-02
5.233222246170043945e-02
-6.224344484508038435e-03
-7.286460604518651962e-04
-1.762627623975276947e-03
-3.208374977111816406e-02
2.511494979262351990e-02
-2.256468497216701161e-02
-3.408927470445632935e-02
-6.287664175033569336e-02
1.167309563606977636e-02
2.391813322901725769e-02
4.354729875922203064e-02
-1.073071546852588827e-02
-4.678678885102272034e-02
-5.707268789410591125e-02
-2.757582254707813263e-02
-3.222135081887245178e-02
-1.286028069444000721e-03
9.642510674893856049e-03
6.628161668777465820e-02
-9.627734310925008601e-03
-8.318513631820678711e-02
1.386404782533645630e-02
-1.413816027343273163e-02
2.380932681262493134e-03
-1.547124609351158142e-02
-4.010163992643356323e-02
-1.509995851665735245e-02
1.682157255709171295e-02
-3.547645406797528267e-03
1.163113210350275040e-02
-5.305609107017517090e-02
-2.214754559099674225e-02
5.679242685437202454e-02
4.689969867467880249e-02
2.483274973928928375e-02
9.648227132856845856e-03
1.953996717929839654e-03
1.094149146229028702e-02
4.037992656230927208e-02
-7.973787374794483185e-03
3.146156668663024902e-02
5.467251315712928772e-02
-2.735269628465175976e-02
-2.101562451571226120e-03
-8.206982165575025731e-03
-6.774567067623138428e-03
1.093503367155790502e-02
-2.241621911525726318e-02
-4.455208778381347656e-03
1.528668496757745569e-02
3.422072157263756492e-02
1.263002492487430573e-02
-5.886805802583695152e-02
-7.821054756641387939e-02
-3.034890443086623799e-02
-1.426101196557283401e-02
-1.279946509748697107e-02
-4.313506931066513062e-02
-9.818964451551435990e-02
-2.418334595859051098e-02
-1.457846444100141525e-02
-2.106926636770368056e-03
-1.803377177566289902e-03
-1.231027673929929560e-02
1.515605207532644445e-02
-2.627366967499255787e-02
-2.216031588613986969e-02
-1.458176225423812866e-02
-3.739017061889172034e-03
1.997178047895431519e-02
-6.363560259342193604e-02
-4.156064242124557495e-03
2.171519678086042404e-03
3.574709221720695496e-02
7.395508140325546265e-02
-3.970317542552947998e-03
-1.987071335315704346e-02
-1.956898905336856842e-02
2.605806291103363037e-02
-1.093039941042661493e-02
-6.460896879434585571e-02
-5.286503583192825317e-02
-7.978351414203643799e-02
-1.932289265096188285e-02
-9.535138495266437531e-03
-2.751247771084308624e-02
-1.498560607433319092e-02
-4.674853757023811340e-02
-1.327567361295223063e-02
6.809303304180502892e-04
-9.782136417925357819e-03
-4.598269704729318619e-03
-1.803213381208479621e-03
1.066190935671329498e-02
-3.250709548592567444e-02
-7.128869742155075073e-02
-2.110801823437213898e-02
2.636969834566116333e-02
-6.186441052705050382e-03
-4.765711724758148193e-02
-1.226426847279071808e-02
-6.648051738739013672e-02
2.323211170732975006e-02
2.926051057875156403e-02
-4.254797473549842834e-02
-8.916495367884635925e-03
-1.573239266872406006e-02
-4.206259921193122864e-02
-4.333082959055900574e-02
3.513849526643753052e-02
3.153093904256821373e-02
-1.621781475841999054e-02
9.416906395927072656e-04
-6.283448077738285065e-03
1.217491272836923599e-02
3.143351990729570389e-03
7.294391095638275146e-02
9.943496435880659276e-03
1.011959463357925415e-02
6.869129370898007479e-03
-8.669086731970310211e-03
-4.923169501125813398e-03
-5.969702266156672564e-03
-3.648345882538706064e-04
2.409904077649116169e-02
-3.241644799709320068e-02
-5.149244517087936401e-02
5.683702882379292574e-03
-5.067703314125537872e-04
-6.259427219629287720e-02
-4.296695068478583596e-02
1.564826234243810177e-03
8.851542137563230342e-03
-1.525280345231294632e-02
-1.526961661875248129e-02
2.915891446173191418e-02
-5.256551131606101990e-02
8.215543814003469295e-03
7.643559016287326813e-03
-1.402109954506158829e-02
4.369243606925011375e-02
2.499213628470897328e-02
1.173487585037946875e-02
-6.961020990274847638e-04
-1.674864441156387329e-03
-1.257278397679329092e-02
-1.085970457643270493e-02
5.290238559246063232e-02
6.193428859114647606e-02
4.277132451534271240e-02
-1.143986452370882034e-02
2.650599554181098938e-02
2.254321426153182983e-02
5.896396934986113635e-03
-9.422044269740581512e-03
-4.526992142200469971e-02
-1.576176285743713379e-02
-1.841602474451065063e-02
-3.286985307931900024e-02
-1.684167049825191498e-02
-4.044967144727706909e-02
-2.813140116631984711e-02
6.022051442414522171e-03
9.001198923215270042e-04
8.151110261678695679e-03
-1.438083942048251629e-03
-2.646689303219318390e-02
-1.311570219695567911e-02
-1.978757046163081776e-02
1.489407964982092597e-03
6.705480068922042847e-02
1.091455519199371199e-01
7.947619259357452393e-02
3.773863660171627998e-03
-6.512349937111139297e-03
-1.405990961939096451e-02
-1.651888154447078705e-02
1.791806146502494812e-02
1.637630537152290344e-02
6.190646439790725708e-03
-4.272106289863585732e-02
1.729358686134219386e-03
-3.994503989815711975e-02
-6.469538807868957520e-02
1.533167529851198196e-02
-1.326118037104606628e-02
1.912579126656055797e-02
5.275824107229710493e-03
-2.286174148321151733e-02
-2.665329538285732616e-02
2.004506997764110218e-02
1.488124486058950251e-02
-2.916911244392395020e-02
-4.980937391519546509e-02
-6.991302594542503357e-03
-9.725877083837985992e-03
2.289254590868949890e-02
-9.751794859766960144e-03
1.037574652582406998e-02
-4.034270718693733215e-02
-4.497316107153892517e-02
-1.754245907068252563e-02
3.466918691992759705e-02
-8.553149178624153137e-03
-3.246657550334930420e-02
1.340744493063539267e-04
-8.479702286422252655e-03
-5.557941272854804993e-03
-3.320239856839179993e-02
1.904280856251716961e-02
4.888372868299483559e-02
-1.309156976640224457e-02
2.060015872120856892e-02
-2.380076330155134201e-03
1.190533395856618708e-02
-2.291588298976421356e-02
5.931190028786658547e-02
1.534238737076520920e-02
1.292353146709501526e-03
7.774596102535724640e-03
-7.950952276587486267e-03
1.957746921107172966e-03
-3.704552073031663895e-03
-6.315159052610397339e-02
-2.412893995642662048e-02
-3.670370578765868447e-02
2.025851234793663025e-02
-3.430213080719112916e-03
5.619770847260951996e-03
-1.006747409701347351e-02
3.534160554409027100e-02
5.992729589343070984e-02
-3.826906438916922049e-03
-3.895013406872748635e-02
1.089849276468157768e-03
-2.945925481617450714e-02
-5.243047699332236550e-02
-5.662669613957405090e-02
1.278222445398569281e-02
5.262874066829682090e-02
-2.618034137412905259e-03
1.887757331132888794e-02
2.199036441743374218e-02
2.678120136260986328e-02
-8.193439804017543793e-03
8.728129789233207703e-03
-6.408493034541606903e-03
1.797181554138660431e-02
1.038805861026048834e-02
-1.948568597435951233e-02
-4.860397055745124817e-02
-1.337620466947555542e-01
-6.715787202119827271e-02
-4.585989937186241150e-02
2.549800463020801197e-02
4.209488630294799805e-02
3.192196786403656006e-02
3.942061681300402555e-03
5.439430475234985352e-03
-2.321433648467063904e-02
3.945279121398926475e-02
7.447820156812667847e-02
4.372359067201614380e-02
3.516481816768646240e-02
3.798485919833183289e-02
-1.873982511460781097e-02
4.895065724849700928e-02
9.935276955366136031e-02
3.811984509229660034e-02
2.160995081067085266e-02
-1.869046315550804138e-02
2.671617316082119942e-03
1.904764957726001393e-02
-1.910839788615703930e-02
5.561100319027901390e-02
9.461525082588195801e-02
6.034831050783395767e-03
4.598088562488555908e-02
4.795759916305541992e-02
3.623914718627929688e-02
5.902625620365142822e-02
2.592148073017596852e-02
-4.064657725393772125e-03
2.758554369211196899e-02
-1.427303906530141830e-02
-8.472686633467674255e-03
6.841276586055755615e-02
-5.697480402886868391e-03
1.665959879755973816e-02
7.154555525630712509e-03
-1.416274928487837315e-03
-3.544482216238975525e-02
-3.435649722814559937e-02
-2.079556323587894440e-02
4.300443083047866821e-02
1.539659034460783178e-02
-1.304660737514495850e-02
-6.174463778734207153e-02
-1.047809571027755599e-01
-2.187512628734111786e-02
-3.344155475497246482e-02
-1.349431183189153671e-02
-2.425275370478630066e-02
-6.572980899363756180e-03
-5.446840822696686485e-02
-3.538548201322555542e-02
-4.908595234155654907e-03
-3.677882719784975052e-03
-4.836748912930488586e-02
-9.528422355651856857e-02
-6.191736087203026512e-02
-2.622620016336441040e-02
-4.767612367868423462e-02
-2.429383620619774212e-02
-3.003777191042900085e-02
-3.503195941448211670e-02
-1.102761738002300436e-02
-5.888758227229119041e-02
-4.445486143231391907e-02
1.564580574631690979e-02
-2.515960484743118286e-02
-1.430024531146045774e-05
-1.344853546470403671e-02
-2.254613675177097321e-02
-3.849140182137488625e-02
5.873298645019531250e-02
1.047315150499344011e-01
2.525530382990836750e-02
-3.158394992351531982e-02
-2.341572428122162819e-03
-1.783567946404218674e-03
-6.743762642145156860e-03
1.621524570509791374e-03
-1.796323992311954498e-02
9.853261522948741913e-03
1.597721688449382782e-02
-5.224528256803750992e-03
-2.140639349818229675e-03
6.067140027880668640e-02
1.277324277907609940e-02
1.629499274713452905e-05
-1.368493493646383112e-02
9.059797972440719604e-03
9.927413193508984827e-04
-6.978387478739022341e-03
-2.587452158331871033e-02
-1.824584603309631695e-02
-2.920615952461957932e-03
-2.856901660561561931e-02
6.016802042722702720e-02
7.990011945366859436e-03
2.332388423383235931e-03
2.570153027772903789e-02
5.246531218290328979e-02
5.061374977231026390e-02
4.996325448155403137e-02
-1.941917464137077332e-02
-5.679187178611754677e-02
-5.671124160289765098e-02
5.202547833323478699e-02
-1.015975140035152262e-02
5.453873891383410367e-03
-3.109668381512165070e-02
-6.477490067481994629e-02
-2.069152705371379852e-02
1.319287810474634171e-02
-3.353367373347282410e-02
-4.093383997678756714e-02
3.778652474284172058e-02
-2.738944441080093037e-02
2.185525186359882355e-02
-4.464469105005263588e-02
-9.421847760677337646e-03
2.714760042726993908e-02
-2.302935905754566193e-02
1.301290187984704971e-02
-1.629403792321681976e-02
-3.325559943914413452e-02
-1.315150875598192215e-02
-3.740847855806351402e-02
-2.633175998926162720e-02
-2.126877009868621479e-02
-1.174913998693227768e-02
9.642796590924264735e-03
-1.175625342875719070e-02
-1.573608256876468658e-02
-2.923379279673099518e-02
-4.730312526226043701e-02
-2.926980145275592804e-03
-6.578483432531356812e-02
-2.281225100159645081e-02
-1.122237369418144226e-02
-5.109098553657531738e-02
-6.648166477680206299e-02
-6.354069709777832031e-02
-4.937625303864479065e-02
8.347669616341590881e-03
-7.724713534116744995e-03
3.057321533560753216e-02
3.370109573006629944e-02
6.499032489955425262e-03
-3.764031827449799278e-02
-3.678037226200103760e-02
-2.969186380505561829e-02
-3.401798754930496216e-02
-3.229445079341530800e-03
3.970303758978843689e-02
-3.802582249045372009e-02
-7.111425697803497314e-02
-4.027520120143889687e-02
9.822716005146505183e-03
3.729251399636268616e-02
-2.025822363793849945e-02
-3.431566432118416526e-02
-2.512073703110218048e-02
1.970658265054225922e-02
2.293555811047554016e-02
1.911477930843830109e-02
6.243443349376320839e-04
-2.133598364889621735e-02
1.442155335098505020e-02
-1.299013383686542338e-02
-2.912957593798637390e-02
-1.130837295204401016e-02
-1.807188615202904095e-02
-1.002508588135242289e-02
-2.142385207116604198e-02
-6.331556476652622223e-03
3.084844909608364105e-03
-1.888960413634776722e-02
3.351302817463874817e-02
-1.836190000176429749e-02
-6.702300161123275757e-02
-3.814053162932395935e-02
-2.225202135741711010e-02
-3.951304405927658081e-02
-7.433573715388774872e-03
-2.497869171202182770e-02
-7.967179268598557906e-02
-1.230833400040864944e-02
-6.607900373637675372e-03
4.695213213562964699e-02
6.978598982095716996e-02
5.759133026003837585e-02
1.470114849507808685e-02
-3.528841584920883179e-02
-2.960808947682380676e-02
5.488664377480745316e-03
-5.010747537016868591e-02
2.224671840667724609e-02
9.427265822887420654e-02
8.185376971960067749e-02
1.184452250599861284e-01
6.109390407800673745e-02
-2.083307504653931011e-02
-2.316926605999469757e-02
-3.137955814599991539e-02
-2.833216078579425465e-02
1.190155465155839920e-02
2.932823821902275085e-02
-4.154731705784798362e-02
-1.497093681246042425e-02
-2.522944286465644836e-02
-2.821915969252586365e-02
-7.687719073146581650e-03
-9.119336493313312531e-03
2.194903977215290070e-02
-2.026692964136600147e-02
-1.509848795831203808e-02
3.566325467545538599e-04
2.301067812368273301e-03
-7.392206694930791855e-03
-4.816339816898107529e-03
-2.319215424358844757e-02
1.646324619650841106e-02
-2.856291085481643677e-02
1.058507338166236877e-02
-1.679531112313270569e-02
1.732243457809090397e-03
1.551200076937675650e-02
4.933495819568634033e-02
1.576516963541507374e-02
1.289869192987680435e-02
-9.346965700387956447e-03
-1.457415614277124405e-02
-2.408370003104209900e-02
-1.326428353786468506e-02
-1.789640262722969055e-02
7.020254852250217307e-04
1.169136352837085550e-02
-2.200066484510898590e-02
2.346231974661350250e-02
-8.546848781406879425e-03
3.096292726695537567e-03
-2.266090735793113708e-02
-2.892618067562580109e-02
-1.539211999624967575e-02
-5.191764235496520996e-02
-5.489663779735565186e-02
-7.973088882863521576e-03
3.006428666412830700e-02
1.894293585792183876e-03
3.375854715704917908e-02
-3.084210865199566234e-02
1.621690578758716583e-02
9.746201336383819580e-03
3.467358276247978210e-02
5.110186990350484848e-03
-3.671592473983765342e-02
-5.898954719305038452e-02
1.325682969763875008e-04
-3.398403897881507874e-02
-1.865299418568610798e-02
2.035731077194214214e-02
-1.919617317616939545e-02
1.149807404726743525e-02
-1.101029943674802780e-02
-1.851724088191986084e-02
-5.045981705188751221e-02
-2.975236438214778900e-02
-1.263099163770675659e-02
-2.035093493759631764e-02
-5.339747667312622070e-02
-7.268442213535308838e-02
-4.144509509205818176e-02
-2.477190643548965454e-02
-7.478000130504370603e-03
-7.386220386251807213e-04
-2.235376089811325073e-02
-2.010899037122726093e-02
-2.526650391519069672e-02
2.000413276255130768e-02
-4.760093361255712807e-05
-1.462748460471629923e-02
8.859352208673954010e-03
-1.648161094635725021e-03
9.696613415144382823e-04
2.034829184412955891e-02
3.759118914604187012e-02
4.055747762322426536e-02
8.248838596045970917e-03
4.032737575471401215e-03
-3.453896939754486084e-02
-4.386927466839551926e-03
1.984021812677383770e-02
2.015114389359951019e-02
7.211839407682418823e-02
7.992693781852722168e-02
9.682762622833251953e-02
3.331229090690612793e-02
-1.558561064302921295e-02
-7.828528992831707001e-03
-6.850629113614559174e-03
-1.145564578473567963e-02
2.963700518012046814e-02
-1.819639466702938080e-02
-2.578430064022541046e-02
-3.177992627024650574e-02
1.671512238681316376e-02
-1.775873266160488129e-02
-2.026065438985824585e-02
-1.987021043896675110e-02
-9.278438054025171453e-03
-5.808286741375922463e-02
-1.410277374088764017e-02
-6.362529820762574673e-04
5.321310833096504211e-03
3.585315495729446411e-02
4.217135906219481728e-02
1.001820247620344162e-02
1.499650441110134125e-02
-5.271257087588310242e-02
-6.544408388435840607e-03
-1.404372975230216980e-02
-1.483120676130056208e-02
-3.700401633977890015e-02
-4.148585721850395203e-02
-5.413314327597618103e-02
1.728658564388751984e-02
-3.700844198465346596e-02
-3.533587977290152810e-02
-3.628004342317581177e-02
-1.282854471355676651e-03
6.404486019164323807e-03
-4.671650379896163940e-02
4.843135364353656769e-03
2.108821645379066120e-02
-1.747291162610054016e-02
1.624811999499797821e-02
5.150077398866415024e-03
3.587582707405090332e-02
-8.013363112695515156e-04
6.294869352132081985e-03
-3.524680063128472068e-02
-3.790846094489097595e-02
-3.144315257668495178e-02
-1.196533069014549255e-02
-5.104440497234463692e-04
-3.401937708258628845e-02
-4.747775197029113770e-02
-3.504428267478942871e-02
-1.329903770238161261e-02
2.005238085985184063e-02
4.283221065998076699e-02
-1.739149354398250580e-02
3.293483331799507141e-02
-6.547004450112581253e-03
5.525210872292518616e-03
-1.868685241788625283e-03
-2.846344560384750713e-02
-4.731441289186478355e-02
-1.802261220291257121e-03
1.154720317572355270e-03
-1.576273888349533081e-02
-1.648909598588943828e-02
-1.021731086075305939e-02
-3.915495425462722778e-02
-4.301564767956733704e-02
2.517098095268011093e-03
-3.343678265810012817e-02
-3.650902584195137024e-02
-9.077724069356916947e-02
-3.721536323428153992e-02
-4.377819225192070007e-02
-5.046494305133820447e-03
-1.825185120105743755e-02
2.590224146842956543e-03
1.099139265716075897e-02
5.497278645634651184e-03
1.172263361513614828e-02
4.101241379976272583e-02
-2.080131135880946766e-02
1.500643137842416937e-02
-1.643435470759868622e-02
1.975770108401775707e-02
-5.674068961525335908e-05
-2.172534167766571045e-02
-6.680635362863540649e-02
-7.169312983751296997e-02
-1.380514819175004959e-02
-3.076885081827640533e-02
-1.218576543033123016e-02
1.950712641701102257e-03
-2.504035085439682007e-02
-7.995961606502532959e-02
-5.150262638926506042e-02
6.322917062789202604e-03
-3.423875197768212059e-02
-3.291169926524161599e-02
7.485041860491037369e-03
-1.123604178428650076e-02
-6.672987714409828186e-03
1.252288650721311569e-02
3.016977198421955109e-02
1.152207981795072729e-02
1.116158906370401382e-02
-7.819127291440963745e-03
-2.423425205051898956e-03
2.302804403007030140e-02
1.901511102914810614e-03
3.508719801902770996e-02
9.524030610919000453e-03
5.430997163057326577e-02
1.191204879432916641e-02
-1.357654202729463577e-02
-2.771425619721412659e-02
-7.920852862298488617e-03
-6.405415013432502747e-03
-5.418045911937952042e-03
-1.496746297925710852e-02
-7.667697966098785400e-02
-3.425855934619903564e-02
-5.497055500745773315e-02
-3.467137366533279419e-02
-3.882861882448197105e-02
1.909462502226233266e-03
3.876480972394346757e-03
1.628501340746879578e-02
1.288279425352811813e-02
-2.079923637211322784e-02
5.494750104844570160e-03
1.550701330415904522e-03
3.761633858084679344e-02
-1.183655019849538803e-02
3.565065935254096985e-02
-1.050422247499227697e-02
-8.158192504197358001e-04
1.146276481449604034e-02
-1.807913742959499706e-02
-3.106487356126308094e-02
-3.450239077210426331e-02
-6.416513584554195404e-03
-2.292740158736705780e-02
1.436593243852257512e-03
-1.418640185147524053e-02
-9.679033420979976654e-03
-1.836110488511621952e-03
4.676439613103866577e-02
3.444810956716537476e-02
2.167487982660531998e-03
-2.484404854476451874e-02
8.968653157353401184e-03
-1.107445452362299139e-02
-4.136026650667191246e-02
-3.072280064225196838e-02
-3.655831143260002136e-02
5.593633744865655899e-03
-3.245539963245391846e-02
-1.198371220380067825e-02
-7.844658568501472473e-03
2.299309708178043712e-02
7.477209437638520327e-03
7.472592871636151400e-03
-1.233471464365720749e-02
1.873585628345608494e-03
3.389247506856918335e-02
7.595544308423995972e-02
4.756269231438636780e-02
2.809555828571319927e-02
-2.912049181759357452e-02
3.525568172335625129e-03
-1.412530709058046167e-02
-4.846270661801099777e-03
-2.379303477937355909e-04
-4.340910911560057900e-02
1.538241747766733170e-02
-1.726637594401836395e-02
-2.019184641540050160e-02
-3.560956940054892800e-02
-2.382419444620608937e-02
-4.934209585189818642e-02
-6.893798708915710449e-02
-3.121689520776271820e-02
-2.293708734214305878e-02
-6.975347548723220825e-02
-6.060015410184860229e-02
-1.416325010359287262e-02
-2.270291186869144440e-02
1.949431933462620128e-02
-7.860637456178665161e-02
-6.579205393791198730e-02
-1.998911052942276001e-02
-7.842846214771270752e-03
1.733070611953735352e-02
