3.863189697265625000e+00
3.863419294357299805e+00
3.863680362701416016e+00
3.864705324172973633e+00
3.864766597747802290e+00
3.866029024124145508e+00
3.866653680801392046e+00
3.866832017898560014e+00
3.866977691650391069e+00
3.867467164993286133e+00
3.867899656295775923e+00
3.868342638015747070e+00
3.870360851287841797e+00
3.869222640991211382e+00
3.869212627410888672e+00
3.870183706283568892e+00
3.869879007339477539e+00
3.870698928833008257e+00
3.870484352111815962e+00
3.882875204086304155e+00
3.884309291839600053e+00
3.886590242385863814e+00
3.885798931121826172e+00
3.888667583465576172e+00
3.889229059219359907e+00
3.890578269958496094e+00
3.894623756408691406e+00
3.895303726196288618e+00
3.897845029830932617e+00
3.897970438003540039e+00
3.899980068206787109e+00
3.900653362274169922e+00
3.901091098785399947e+00
3.905798196792602539e+00
3.905161857604980913e+00
3.905842542648314986e+00
3.905990123748779297e+00
3.903983592987060991e+00
3.903822422027587891e+00
3.905391216278076172e+00
3.907239437103271928e+00
3.908785104751586914e+00
3.906652212142943892e+00
3.907283306121826172e+00
3.905350685119628906e+00
3.906354904174804688e+00
3.906435012817383257e+00
3.904727935791016069e+00
3.905463933944701704e+00
3.905978679656982422e+00
3.908395528793334961e+00
3.909403800964355913e+00
3.910590887069701704e+00
3.910964727401732954e+00
3.911053657531737393e+00
3.915636777877808061e+00
3.914656162261962891e+00
3.914913415908813477e+00
3.916493415832519975e+00
3.916489124298096147e+00
3.915837049484252930e+00
3.914849042892456055e+00
3.915138721466064897e+00
3.918675661087036133e+00
3.917663335800171343e+00
3.918923616409301758e+00
3.918245792388916016e+00
3.918346166610717773e+00
3.919497728347777432e+00
3.919280529022216797e+00
3.920842409133911133e+00
3.922986507415771928e+00
3.922505378723144975e+00
3.922820091247559038e+00
3.921739578247070312e+00
3.921175241470336914e+00
3.922286748886108843e+00
3.922367334365844727e+00
3.923915147781372070e+00
3.923377275466918945e+00
3.924975872039794922e+00
3.925820589065552202e+00
3.926861524581908736e+00
3.925951242446899414e+00
3.926142930984497070e+00
3.927331447601318359e+00
3.928063869476318359e+00
3.928921937942504883e+00
3.930814981460571289e+00
3.931207180023193803e+00
3.930397033691406250e+00
3.930550336837768999e+00
3.931118011474609819e+00
3.931369543075561523e+00
3.932410955429076704e+00
3.933522462844848633e+00
3.933297634124756303e+00
3.934051275253296343e+00
3.933801174163817471e+00
3.934152364730834961e+00
3.933637619018554243e+00
3.934447765350341797e+00
3.934106826782226562e+00
3.934034347534180132e+00
3.934277296066283736e+00
3.934906721115111861e+00
3.935239315032958984e+00
3.937734365463256836e+00
3.939899921417235884e+00
3.942155122756958008e+00
3.943141222000122070e+00
3.943559408187866211e+00
3.946658372879027876e+00
3.946151971817016602e+00
3.946073055267333984e+00
3.946738719940185547e+00
3.947041511535644975e+00
3.948441028594970259e+00
3.948790788650512695e+00
3.950712680816649502e+00
3.953279256820679155e+00
3.953766345977783203e+00
3.955520391464233398e+00
3.955560922622680664e+00
3.956806659698486328e+00
3.959349870681762251e+00
3.959651231765747070e+00
3.960546255111694336e+00
3.960782289505004883e+00
3.961244583129883257e+00
3.961680173873900923e+00
3.961541414260863814e+00
3.961133956909180132e+00
3.962021827697753906e+00
3.962521553039551225e+00
3.962452173233031782e+00
3.962076902389526367e+00
3.962604045867919922e+00
3.962221384048461914e+00
3.963443756103516069e+00
3.965070962905883789e+00
3.965632200241088867e+00
3.966169118881225586e+00
3.966571092605591264e+00
3.968095541000366211e+00
3.967010021209716797e+00
3.967689275741576704e+00
3.968009471893310991e+00
3.968434572219848633e+00
3.970117568969727007e+00
3.970100879669189453e+00
3.971179485321044922e+00
3.972256898880004883e+00
3.972652912139892578e+00
3.972460985183716264e+00
3.972362756729126421e+00
3.973734855651855913e+00
3.974423885345458984e+00
3.975322246551513672e+00
3.975185632705688921e+00
3.974740982055663618e+00
3.974809169769287109e+00
3.976026296615600586e+00
3.975220680236815962e+00
3.975793838500977007e+00
3.975705385208129883e+00
3.975654125213623047e+00
3.976310014724731001e+00
3.976939678192138228e+00
3.979033708572388139e+00
3.979001522064208984e+00
3.979754209518432617e+00
3.979748964309692827e+00
3.979657173156737393e+00
3.981304407119751421e+00
3.982021331787108931e+00
3.983944416046143022e+00
3.983631134033203125e+00
3.983816385269165039e+00
3.984641313552856001e+00
3.985107898712158203e+00
3.986776351928711382e+00
3.986769914627075195e+00
3.987127780914306197e+00
3.987303733825684038e+00
3.986837625503540039e+00
3.987854719161987305e+00
3.988336324691772905e+00
3.988823413848876953e+00
3.989435672760009766e+00
3.989464998245239258e+00
3.989223003387451172e+00
3.989805459976195845e+00
3.991525411605834961e+00
3.993551731109618697e+00
3.994044065475463867e+00
3.994031190872191939e+00
3.993769407272338867e+00
3.994455337524413618e+00
3.995166063308716264e+00
3.995692253112792969e+00
3.995576620101928711e+00
3.995585441589355913e+00
3.996474742889403853e+00
3.996571302413940874e+00
3.997826814651488814e+00
3.997998952865600586e+00
3.997466325759888139e+00
3.999187946319580078e+00
3.998316764831542969e+00
3.998961210250855380e+00
4.000856876373291016e+00
4.001680850982666016e+00
4.002679347991943359e+00
4.002877235412598544e+00
4.004179477691649502e+00
4.004869937896728516e+00
4.005762100219727451e+00
4.008337974548339844e+00
4.009603977203368252e+00
4.010789871215819424e+00
4.010923385620116299e+00
4.011334896087647373e+00
4.012505054473876953e+00
4.012626647949218750e+00
4.013017177581787109e+00
4.013028621673583984e+00
4.014208793640136719e+00
4.014636993408203125e+00
4.015179634094238281e+00
4.017297267913818359e+00
4.018571853637694424e+00
4.018628120422363281e+00
4.017844200134276456e+00
4.017693042755126953e+00
4.018621444702147549e+00
4.019594669342041016e+00
4.020954608917236328e+00
4.021931648254394531e+00
4.022209167480468750e+00
4.023029804229736328e+00
4.023445129394531250e+00
4.023282527923583984e+00
4.024648666381836826e+00
4.024840831756591797e+00
4.025507450103759766e+00
4.025249481201171875e+00
4.025960922241211826e+00
4.026892185211181641e+00
4.027305126190185547e+00
4.028888702392578125e+00
4.028536319732666016e+00
4.029446125030518466e+00
4.030957221984863281e+00
4.030848026275634766e+00
4.032219409942626953e+00
4.032376289367676669e+00
4.032720088958740234e+00
4.033787250518798828e+00
4.034215927124022549e+00
4.034724235534667969e+00
4.034831047058105469e+00
4.036356925964356357e+00
4.036903858184815341e+00
4.036818981170653409e+00
4.037642478942871094e+00
4.037362575531006748e+00
4.037939071655272549e+00
4.038599491119384766e+00
4.038992404937743252e+00
4.041250705718993252e+00
4.041600227355957031e+00
4.041725635528564453e+00
4.042414665222167969e+00
4.042391300201416016e+00
4.043577671051024502e+00
4.042821407318115234e+00
4.043257713317871094e+00
4.042827606201171875e+00
4.042890548706055576e+00
4.044394969940185547e+00
4.043960571289063388e+00
4.045257091522216797e+00
4.044298171997069424e+00
4.045200824737548828e+00
4.046514987945556641e+00
4.046955108642578125e+00
4.047851085662841797e+00
4.047847270965576172e+00
4.048658370971680576e+00
4.049785614013671875e+00
4.050435543060303623e+00
4.050951957702636719e+00
4.051749706268311435e+00
4.052299976348876953e+00
4.052682399749756748e+00
4.053294658660888672e+00
4.053628921508788174e+00
4.053413391113281250e+00
4.054300785064696377e+00
4.054047107696533203e+00
4.053905487060546875e+00
4.053824901580810547e+00
4.053786754608153409e+00
4.054391384124756748e+00
4.053958415985106534e+00
4.054147720336913174e+00
4.054985046386718750e+00
4.054773807525634766e+00
4.054369449615479404e+00
4.054401874542236328e+00
4.054768562316895419e+00
4.055135250091553623e+00
4.055312633514403409e+00
4.055505752563477451e+00
4.056381702423096591e+00
4.056799411773681641e+00
4.056531906127930576e+00
4.056525230407714844e+00
4.057142257690430576e+00
4.057298660278319424e+00
4.057511806488037109e+00
4.057740688323975498e+00
4.057337760925292969e+00
4.056624412536621094e+00
4.056845664978026456e+00
4.056723594665526456e+00
4.057046890258788174e+00
4.057652473449707031e+00
4.058098316192626953e+00
4.058371067047118252e+00
4.059123992919921875e+00
4.059609889984131748e+00
4.058295249938964844e+00
4.059334278106689453e+00
4.059283256530761719e+00
4.059062480926513672e+00
4.058452129364013672e+00
4.058687686920166016e+00
4.058758735656738281e+00
4.058253765106201172e+00
4.058131217956542969e+00
4.058238506317138672e+00
4.057990550994873047e+00
4.058773040771483487e+00
4.058280944824218750e+00
4.057853221893311435e+00
4.058463573455810547e+00
4.057751178741455078e+00
4.057731628417968750e+00
4.057826042175292969e+00
4.057971477508544922e+00
4.057982921600341797e+00
4.058051109313964844e+00
4.057960987091064453e+00
4.058090686798096591e+00
4.059002876281738281e+00
4.058748722076416016e+00
4.058448791503906250e+00
4.058776855468750000e+00
4.058602809906006748e+00
4.058562755584716797e+00
4.058822154998778409e+00
4.058834552764893466e+00
4.059369564056396484e+00
4.059822559356689453e+00
4.060186862945556641e+00
4.060734272003173828e+00
4.061149597167968750e+00
4.060995101928711826e+00
4.062264919281006748e+00
4.061910152435303623e+00
4.061779975891113281e+00
4.062140941619873047e+00
4.061547279357910156e+00
4.061991214752196377e+00
4.062403202056884766e+00
4.062619686126708984e+00
4.062548160552978516e+00
4.063352584838866299e+00
4.063955783843993252e+00
4.064099311828613281e+00
4.063997745513916016e+00
4.063841819763183594e+00
4.064419269561768466e+00
4.064717292785644531e+00
4.064492225646973544e+00
4.064116477966308594e+00
4.064706325531006748e+00
4.064587116241455078e+00
4.064644813537598544e+00
4.065357685089111328e+00
4.065337181091308594e+00
4.065569400787353516e+00
4.065829753875731534e+00
4.066563129425048828e+00
4.066191196441649502e+00
4.066776275634766513e+00
4.067356586456298828e+00
4.068480491638183594e+00
4.068661212921143466e+00
4.069132804870605469e+00
4.069443225860596591e+00
4.069899559020996094e+00
4.070254802703856534e+00
4.070645332336426669e+00
4.069944381713866299e+00
4.069650173187256748e+00
4.069454193115233487e+00
4.069842815399169922e+00
4.070669174194336826e+00
4.070219516754149502e+00
4.071565151214600498e+00
4.071235656738281250e+00
4.070970058441162109e+00
4.070791721343993252e+00
4.071106433868408203e+00
4.070871829986571377e+00
4.071863174438477451e+00
4.071824073791503906e+00
4.071820259094238281e+00
4.072138309478759766e+00
4.071844100952147549e+00
4.071861267089843750e+00
4.071541309356689453e+00
4.072876453399658203e+00
4.071931362152100498e+00
4.073057174682616299e+00
4.073049068450928623e+00
4.072882652282714844e+00
4.073372840881348544e+00
4.073610782623291016e+00
4.075613498687743252e+00
4.075686454772948331e+00
4.075841903686522549e+00
4.075547218322753906e+00
4.074129104614258701e+00
4.074380874633788174e+00
4.072796821594238281e+00
4.073683738708496094e+00
4.073966979980468750e+00
4.075193405151366299e+00
4.075281620025634766e+00
4.076657295227051669e+00
4.076806068420410156e+00
4.077853679656981534e+00
4.076874256134033203e+00
4.077158451080321377e+00
4.078019618988037109e+00
4.078438758850098544e+00
4.078640937805176669e+00
4.078941822052001953e+00
4.079897880554198331e+00
4.078965663909912109e+00
4.078372478485106534e+00
4.077652931213378906e+00
4.076723098754883701e+00
4.075881481170653409e+00
4.075110435485839844e+00
4.076173782348633701e+00
4.076333999633788174e+00
4.076375007629394531e+00
4.076646327972412109e+00
4.076956748962401456e+00
4.076585292816162109e+00
4.075294494628906250e+00
4.075049400329589844e+00
4.074240684509276456e+00
4.075297355651856357e+00
4.074932575225830078e+00
4.072972297668457031e+00
4.072719097137451172e+00
4.072851657867431641e+00
4.071416854858397549e+00
4.071022987365723544e+00
4.070969581604003906e+00
4.071337699890136719e+00
4.072059631347656250e+00
4.071822166442871094e+00
4.070444583892821377e+00
4.071125507354736328e+00
4.069101810455321377e+00
4.069536209106444424e+00
4.071370124816895419e+00
4.069530963897705078e+00
4.069579601287841797e+00
4.069154739379883701e+00
4.068104743957520419e+00
4.067980289459228516e+00
4.067195415496826172e+00
4.066730499267578125e+00
4.067813396453856534e+00
4.067715644836426669e+00
4.067226886749268466e+00
4.066975593566895419e+00
4.066077232360839844e+00
4.066710948944091797e+00
4.066984176635741299e+00
4.067691802978516513e+00
4.066878318786621094e+00
4.065266132354736328e+00
4.065048217773437500e+00
4.064888000488281250e+00
4.066316604614258701e+00
4.066761970520020419e+00
4.066608428955078125e+00
4.067865848541259766e+00
4.067985534667968750e+00
4.068973064422606534e+00
4.070025920867919922e+00
4.070129394531250000e+00
4.070423126220703125e+00
4.070804595947266513e+00
4.070855617523193359e+00
4.071746349334716797e+00
4.071557044982910156e+00
4.072124481201171875e+00
4.072067260742188388e+00
4.072803020477294922e+00
4.072719573974608487e+00
4.072243213653564453e+00
4.073020935058593750e+00
4.073801994323730469e+00
4.074060440063477451e+00
4.074048519134521484e+00
4.074605941772461826e+00
4.074158191680908203e+00
4.074293613433837891e+00
4.075310230255126953e+00
4.075738906860352451e+00
4.075965881347656250e+00
4.076161861419678623e+00
4.075154781341553623e+00
4.075097560882568359e+00
4.074854373931884766e+00
4.074539661407471591e+00
4.073652744293212891e+00
4.073716640472412109e+00
4.073350429534912109e+00
4.073247909545897549e+00
4.073333740234375000e+00
4.073017120361328125e+00
4.074205398559569424e+00
4.074765205383301669e+00
4.074325084686278409e+00
4.073881149291991299e+00
4.073756217956542969e+00
4.071520328521728516e+00
4.071778774261475498e+00
4.070950984954833984e+00
4.070970535278319424e+00
4.072256088256836826e+00
4.072508811950683594e+00
4.073484897613524502e+00
4.073633670806884766e+00
4.073997974395751953e+00
4.074599266052246094e+00
4.074197292327881748e+00
4.073302268981933594e+00
4.072697162628173828e+00
4.073307991027832031e+00
4.074732303619384766e+00
4.074887275695801669e+00
4.075355052947998047e+00
4.075930595397948331e+00
4.076383113861083984e+00
4.077171802520751953e+00
4.075414180755615234e+00
4.077097415924071377e+00
4.077586174011231357e+00
4.076860904693604404e+00
4.076359748840332031e+00
4.077386379241943359e+00
4.076124191284180576e+00
4.077529907226562500e+00
4.077343463897705078e+00
4.077627658843993252e+00
4.077777862548828125e+00
4.076952934265136719e+00
4.077214241027832031e+00
4.076949119567871094e+00
4.078040599822998047e+00
4.077906131744384766e+00
4.078356266021728516e+00
4.078943729400634766e+00
4.078438282012940341e+00
4.077539920806884766e+00
4.078919410705566406e+00
4.080062389373778409e+00
4.080134868621826172e+00
4.080741405487060547e+00
4.080206394195556641e+00
4.081137180328368252e+00
4.081291198730468750e+00
4.081353187561035156e+00
4.080630779266356534e+00
4.080261707305908203e+00
4.080420494079589844e+00
4.081041336059569424e+00
4.080594539642333984e+00
4.081389904022216797e+00
4.080886840820312500e+00
4.082526206970214844e+00
4.082554817199707031e+00
4.081696033477783203e+00
4.082125186920166016e+00
4.081006050109863281e+00
4.080484390258788174e+00
4.080106258392333984e+00
4.079758644104003906e+00
4.079533576965332031e+00
4.079307556152343750e+00
4.079568862915038174e+00
4.080552577972412109e+00
4.080255031585693359e+00
4.079212188720703125e+00
4.079064369201660156e+00
4.078750610351562500e+00
4.080359458923339844e+00
4.080213069915772373e+00
4.079747676849365234e+00
4.080112934112548828e+00
4.080774784088134766e+00
4.080368995666503906e+00
4.079361915588378906e+00
4.080549240112305576e+00
4.078843116760253906e+00
4.079106330871582031e+00
4.079943656921386719e+00
4.079967021942138672e+00
4.079306125640868252e+00
4.078526020050048828e+00
4.078038215637207031e+00
4.077195167541503906e+00
4.079824924468993252e+00
4.079938888549805576e+00
4.080143451690673828e+00
4.079475879669189453e+00
4.079277992248535156e+00
4.079293251037598544e+00
4.078878402709961826e+00
4.079555988311768466e+00
4.077763080596923828e+00
4.077302932739258701e+00
4.078923702239990234e+00
4.078493118286133701e+00
4.078966140747069424e+00
4.078035831451416016e+00
4.079277038574218750e+00
4.079822540283203125e+00
4.079050540924071377e+00
4.078261375427246094e+00
4.078775882720946377e+00
4.078053474426269531e+00
4.077477931976318359e+00
4.077611923217772549e+00
4.079519271850586826e+00
4.078110694885253906e+00
4.078841686248778409e+00
4.080288410186768466e+00
4.080086231231689453e+00
4.079286575317383701e+00
4.079205036163330078e+00
4.078313350677490234e+00
4.079611301422118252e+00
4.078330516815185547e+00
4.080476760864258701e+00
4.079102516174316406e+00
4.079892635345458984e+00
4.081994533538818359e+00
4.082076549530028409e+00
4.083454608917236328e+00
4.084568500518798828e+00
4.085154533386231357e+00
4.084983825683593750e+00
4.085008144378662109e+00
4.085420131683350498e+00
4.086395740509033203e+00
4.086238384246826172e+00
4.086813449859618252e+00
4.087686538696288174e+00
4.088370800018311435e+00
4.088166236877441406e+00
4.087948322296143466e+00
4.087368488311768466e+00
4.086125373840332031e+00
4.086698532104491299e+00
4.087345123291016513e+00
4.088898658752441406e+00
4.088943958282471591e+00
4.090221881866455078e+00
4.091074943542480469e+00
4.091018676757812500e+00
4.090637207031250000e+00
4.090278148651123047e+00
4.090167522430419922e+00
4.089617252349853516e+00
4.089512825012207031e+00
4.089414119720458984e+00
4.088129520416259766e+00
4.087807178497314453e+00
4.087830543518066406e+00
4.088467121124268466e+00
4.088320255279541016e+00
4.088564872741698331e+00
4.087994575500488281e+00
4.088279724121093750e+00
4.086906433105468750e+00
4.087645530700683594e+00
4.087604522705078125e+00
4.088702678680419922e+00
4.088190555572509766e+00
4.087574005126953125e+00
4.088052272796631748e+00
4.085856437683105469e+00
4.084903240203856534e+00
4.083302021026611328e+00
4.081295013427733487e+00
4.080871582031250000e+00
4.081182479858397549e+00
4.079607009887694424e+00
4.079162120819091797e+00
4.077809810638428623e+00
4.078046321868896484e+00
4.076741695404053623e+00
4.075321674346923828e+00
4.072745323181151456e+00
4.073657035827636719e+00
4.071720123291016513e+00
4.070271015167236328e+00
4.069429397583008701e+00
4.067292690277100498e+00
4.066205024719238281e+00
4.066191673278808594e+00
4.063791751861571377e+00
4.062811851501464844e+00
4.061587810516356534e+00
4.061042308807373047e+00
4.061640739440917969e+00
4.060551166534423828e+00
4.058712005615233487e+00
4.058599472045897549e+00
4.057597160339356357e+00
4.056431293487548828e+00
4.056426048278808594e+00
4.056241989135741299e+00
4.055536270141602451e+00
4.055125236511231357e+00
4.054352283477783203e+00
4.053407669067383701e+00
4.053500175476073331e+00
4.054142475128173828e+00
4.053817749023437500e+00
4.053997039794921875e+00
4.053670406341553623e+00
4.053308010101318359e+00
4.054049968719481534e+00
4.054804325103759766e+00
4.054246425628662109e+00
4.055679798126221591e+00
4.055372238159180576e+00
4.056169986724853516e+00
4.055992603302001953e+00
4.055548667907714844e+00
4.056444168090819424e+00
4.057282924652100498e+00
4.056578159332274502e+00
4.057924747467041016e+00
4.058339595794678623e+00
4.056370258331298828e+00
4.058478355407714844e+00
4.057129383087158203e+00
4.059135913848876953e+00
4.059276103973388672e+00
4.058684349060058594e+00
4.059426307678223544e+00
4.060123920440673828e+00
4.061666965484618252e+00
4.062425136566162109e+00
4.064671516418457031e+00
4.064524173736571377e+00
4.065506935119628906e+00
4.066292285919189453e+00
4.065844535827636719e+00
4.065790176391602451e+00
4.066349029541016513e+00
4.066251754760741299e+00
4.067028999328613281e+00
4.068685054779053623e+00
4.070074558258056641e+00
4.069354534149169922e+00
4.070121765136718750e+00
4.069859504699707031e+00
4.069310665130615234e+00
4.069489479064941406e+00
4.068613052368163174e+00
4.069018840789794922e+00
4.069127559661865234e+00
4.069368362426758701e+00
4.069749355316162109e+00
4.070922374725341797e+00
4.070929050445556641e+00
4.071335792541503906e+00
4.071677684783936435e+00
4.072450637817383701e+00
4.072402000427246094e+00
4.071291446685791016e+00
4.072154045104980469e+00
4.072063446044921875e+00
4.072337627410888672e+00
4.072657108306884766e+00
4.073195934295653409e+00
4.073109149932861328e+00
4.071839809417725498e+00
4.072831153869628906e+00
4.071307659149169922e+00
4.070665359497069424e+00
4.068246364593506748e+00
4.066528320312500000e+00
4.067962646484375000e+00
4.067543029785156250e+00
4.069267272949218750e+00
4.070021152496337891e+00
4.070345878601073331e+00
4.071289062500000000e+00
4.071720600128173828e+00
4.070776939392089844e+00
4.072704792022705078e+00
4.072310447692871094e+00
4.073734283447266513e+00
4.075145721435546875e+00
4.075725555419921875e+00
4.075870990753173828e+00
4.077399730682373047e+00
4.077843189239501953e+00
4.079149246215819424e+00
4.078826427459716797e+00
4.080812454223633701e+00
4.081729412078856534e+00
4.080826282501221591e+00
4.079304695129394531e+00
4.080335617065430576e+00
4.080813884735106534e+00
4.080753326416016513e+00
4.082725048065185547e+00
4.081543445587158203e+00
4.081653594970703125e+00
4.083528995513916016e+00
4.085000991821288174e+00
4.085601329803466797e+00
4.087193965911865234e+00
4.087981700897216797e+00
4.088697433471680576e+00
4.088353157043457031e+00
4.086279392242431641e+00
4.086230754852294922e+00
4.086420059204102451e+00
4.086683750152587891e+00
4.087070465087891513e+00
4.086957931518555576e+00
4.087409973144531250e+00
4.087967872619628906e+00
4.088781356811522549e+00
4.089391231536865234e+00
4.088740348815917969e+00
4.088315963745116299e+00
4.088802337646483487e+00
4.087316513061522549e+00
4.087988853454589844e+00
4.087540626525878906e+00
4.089062213897705078e+00
4.088907718658446377e+00
4.088048458099365234e+00
4.088780879974365234e+00
4.087661743164063388e+00
4.088854312896728516e+00
4.088692188262940341e+00
4.086842536926269531e+00
4.086750984191895419e+00
4.086151123046875000e+00
4.084984302520751953e+00
4.086389541625977451e+00
4.087171077728272373e+00
4.086165428161621094e+00
4.086841106414794922e+00
4.086885929107666016e+00
4.086425304412841797e+00
4.086937427520751953e+00
4.086390972137451172e+00
4.085625648498535156e+00
4.084883213043212891e+00
4.084049224853516513e+00
4.085551738739013672e+00
4.085064888000488281e+00
4.086099624633788174e+00
4.086882591247558594e+00
4.086875438690185547e+00
4.087936401367188388e+00
4.086994171142578125e+00
4.087596416473388672e+00
4.087829589843750000e+00
4.086577892303466797e+00
4.087886333465576172e+00
4.087208747863769531e+00
4.087026119232178623e+00
4.087535381317138672e+00
4.087273120880126953e+00
4.086650371551513672e+00
4.086577415466308594e+00
4.086666107177733487e+00
4.086837768554688388e+00
4.087518692016602451e+00
4.087158679962158203e+00
4.086683273315430576e+00
4.087115287780761719e+00
4.087402820587158203e+00
4.086700916290283203e+00
4.086110115051269531e+00
4.086694717407227451e+00
4.087478160858153409e+00
4.087807178497314453e+00
4.088844776153564453e+00
4.089323520660399502e+00
4.089517593383788174e+00
4.088213920593261719e+00
4.087067604064941406e+00
4.087331295013428623e+00
4.087573528289794922e+00
4.087546348571776456e+00
4.086815834045410156e+00
4.086544036865233487e+00
4.087591648101806641e+00
4.086911678314208984e+00
4.087738037109375000e+00
4.087509632110596591e+00
4.086772441864013672e+00
4.087241172790526456e+00
4.086722850799560547e+00
4.086518764495850498e+00
4.085996627807616299e+00
4.085963726043701172e+00
4.084612369537353516e+00
4.085031509399413174e+00
4.085138320922852451e+00
4.085021495819091797e+00
4.084441661834716797e+00
4.083281040191649502e+00
4.082781791687011719e+00
4.082349777221680576e+00
4.081630706787108487e+00
4.080339431762694424e+00
4.079345703125000000e+00
4.078157901763916016e+00
4.078367233276366299e+00
4.077816486358643466e+00
4.076981067657471591e+00
4.075871944427490234e+00
4.074621677398681641e+00
4.074703216552733487e+00
4.075562477111816406e+00
4.073835849761962891e+00
4.074222087860106534e+00
4.074505329132080078e+00
4.075547695159912109e+00
4.075486183166503906e+00
4.076851367950440341e+00
4.076866626739501953e+00
4.077086925506591797e+00
4.077076911926269531e+00
4.077825546264647549e+00
4.078228950500488281e+00
4.078368186950683594e+00
4.079330444335937500e+00
4.078607559204102451e+00
4.078373908996582031e+00
4.079752445220946377e+00
4.077631950378417969e+00
4.078606605529785156e+00
4.077670097351073331e+00
4.077066898345946377e+00
4.077224731445312500e+00
4.076680660247803623e+00
4.076295852661133701e+00
4.076630592346191406e+00
4.076841354370116299e+00
4.076934814453125000e+00
4.077095508575440341e+00
4.076297283172606534e+00
4.077373504638671875e+00
4.077280998229980469e+00
4.077451705932616299e+00
4.078776836395263672e+00
4.078569412231444424e+00
4.078521251678466797e+00
4.078944206237792969e+00
4.078439712524413174e+00
4.079403877258301669e+00
4.079762935638428623e+00
4.080915451049805576e+00
4.081278324127196377e+00
4.082551002502441406e+00
4.082993030548096591e+00
4.083347797393798828e+00
4.083514690399169922e+00
4.083386898040772373e+00
4.084616184234618252e+00
4.085707187652587891e+00
4.086897850036621094e+00
4.087961673736571377e+00
4.087635517120361328e+00
4.087615013122558594e+00
4.087965011596680576e+00
4.089673995971680576e+00
4.089564800262451172e+00
4.088176250457763672e+00
4.088779926300048828e+00
4.089766979217528409e+00
4.089088439941406250e+00
4.089105606079102451e+00
4.088673114776611328e+00
4.089616298675537109e+00
4.090450763702393466e+00
4.089180946350098544e+00
4.089274406433105469e+00
4.089198112487792969e+00
4.090193748474121094e+00
4.089314460754394531e+00
4.089683532714843750e+00
4.089173316955566406e+00
4.090139865875243252e+00
4.090665340423583984e+00
4.092984199523926669e+00
4.093432903289794922e+00
4.093611717224121094e+00
4.092864513397216797e+00
4.094513416290283203e+00
4.094501018524169922e+00
4.094226837158203125e+00
4.095547676086426669e+00
4.093089580535888672e+00
4.093833446502685547e+00
4.092754840850830078e+00
4.093931198120116299e+00
4.094055175781250000e+00
4.092979431152343750e+00
4.094670772552490234e+00
4.091753005981444424e+00
4.092167854309082031e+00
4.092312812805176669e+00
4.091617107391356534e+00
4.091804027557373047e+00
4.090099811553955078e+00
4.090392589569091797e+00
4.090855598449707031e+00
4.090021133422852451e+00
4.089205741882323331e+00
4.088799476623535156e+00
4.087219238281250000e+00
4.088144779205321377e+00
4.088514804840087891e+00
4.087833881378173828e+00
4.087354183197021484e+00
4.087032318115233487e+00
4.087245941162108487e+00
4.087259292602538174e+00
4.087359428405761719e+00
4.087375164031981534e+00
4.087265014648437500e+00
4.084650039672852451e+00
4.083720207214356357e+00
4.081736087799071377e+00
4.081200599670410156e+00
4.081203460693358487e+00
4.080997467041016513e+00
4.081290721893311435e+00
4.081933021545410156e+00
4.081996917724608487e+00
4.081564903259276456e+00
4.081817626953125000e+00
4.082055091857910156e+00
4.081764698028564453e+00
4.080915927886962891e+00
4.081961154937743252e+00
4.082153320312500000e+00
4.081240653991698331e+00
4.081198215484618252e+00
4.080988883972167969e+00
4.082481861114501953e+00
4.082000255584716797e+00
4.083023071289063388e+00
4.083069801330566406e+00
4.082530975341796875e+00
4.081731796264647549e+00
4.080768108367919922e+00
4.081823825836181641e+00
4.080521106719971591e+00
4.081658840179443359e+00
4.083280563354491299e+00
4.083307743072509766e+00
4.083274364471436435e+00
4.083104610443115234e+00
4.083381175994873047e+00
4.083941459655761719e+00
4.083458900451660156e+00
4.083822727203368252e+00
4.084777832031250000e+00
4.084475517272948331e+00
4.084275722503662109e+00
4.085626125335693359e+00
4.086647033691406250e+00
4.086136341094971591e+00
4.086564540863037109e+00
4.087734699249268466e+00
4.088417530059815341e+00
4.088089466094971591e+00
4.087382793426513672e+00
4.088471889495850498e+00
4.088247776031493252e+00
4.088806152343750000e+00
4.088738441467285156e+00
4.088349342346191406e+00
4.088183879852294922e+00
4.089702129364013672e+00
4.090867996215819424e+00
4.090849876403808594e+00
4.090583324432373047e+00
4.090934753417968750e+00
4.090908050537108487e+00
4.088738441467285156e+00
4.087188243865966797e+00
4.086668014526366299e+00
4.087735176086426669e+00
4.088179588317871094e+00
4.088610172271728516e+00
4.087035179138183594e+00
4.085813522338866299e+00
4.085745334625243252e+00
4.085464954376221591e+00
4.083807945251464844e+00
4.082004070281981534e+00
4.081120014190673828e+00
4.079692363739013672e+00
4.080153942108153409e+00
4.078509330749511719e+00
4.079410552978516513e+00
4.079357624053955078e+00
4.078827381134033203e+00
4.078380107879638672e+00
4.078283786773681641e+00
4.078323841094971591e+00
4.077738285064696377e+00
4.077022075653076172e+00
4.077507972717285156e+00
4.079294681549071377e+00
4.077716827392578125e+00
4.075229644775391513e+00
4.074549674987792969e+00
4.074176311492919922e+00
4.072912216186522549e+00
4.072552680969238281e+00
4.068875789642333984e+00
4.069316387176513672e+00
4.068202972412108487e+00
4.068480014801024502e+00
4.066936492919921875e+00
4.066140651702881748e+00
4.067963123321533203e+00
4.063948631286621094e+00
4.063587188720703125e+00
4.061848163604736328e+00
4.059641361236571377e+00
4.060134410858153409e+00
4.059218406677246094e+00
4.059911251068115234e+00
4.060018539428711826e+00
4.059308052062988281e+00
4.057349681854248047e+00
4.055906295776366299e+00
4.056848049163818359e+00
4.057343006134033203e+00
4.058620929718018466e+00
4.059284687042236328e+00
4.058747768402100498e+00
4.060418605804443359e+00
4.059425830841064453e+00
4.061264991760253906e+00
4.061660289764403409e+00
4.062592029571533203e+00
4.064604759216308594e+00
4.064113616943358487e+00
4.063562393188477451e+00
4.063891887664794922e+00
4.063506126403808594e+00
4.065799236297606534e+00
4.065979003906250000e+00
4.068288326263428623e+00
4.066966533660888672e+00
4.068787574768066406e+00
4.067965030670166016e+00
4.066126823425292969e+00
4.065371036529541016e+00
4.068278789520263672e+00
4.069543838500977451e+00
4.069677352905272549e+00
4.071330070495605469e+00
4.072720050811768466e+00
4.072422027587891513e+00
4.073607921600341797e+00
4.073944091796875000e+00
4.073252677917480469e+00
4.074832916259766513e+00
4.074551105499268466e+00
4.075390815734863281e+00
4.076432704925537109e+00
4.077076435089111328e+00
4.077432155609131748e+00
4.078148841857910156e+00
4.078479290008544922e+00
4.077560901641846591e+00
4.077884674072266513e+00
4.079047203063964844e+00
4.079292774200440341e+00
4.080034255981444424e+00
4.080342769622803623e+00
4.077951908111571377e+00
4.078691959381104404e+00
4.077413558959961826e+00
4.075908184051513672e+00
4.075654506683350498e+00
4.075913429260253906e+00
4.077650547027587891e+00
4.076927185058593750e+00
4.077275276184082031e+00
4.077234745025634766e+00
4.075806140899658203e+00
4.075554847717285156e+00
4.074569702148437500e+00
4.076757431030272549e+00
4.076359748840332031e+00
4.075810909271240234e+00
4.075879096984863281e+00
4.076053142547606534e+00
4.075570106506348544e+00
4.074484825134276456e+00
4.076336860656738281e+00
4.077986240386962891e+00
4.078390121459961826e+00
4.079171180725098544e+00
4.079629898071288174e+00
4.080248355865479404e+00
4.080504894256591797e+00
4.078649044036865234e+00
4.078699588775634766e+00
4.080320835113524502e+00
4.082191467285156250e+00
4.084477901458740234e+00
4.085519313812256748e+00
4.086538314819336826e+00
4.086750984191895419e+00
4.086152553558350498e+00
4.086490154266356534e+00
4.087292671203613281e+00
4.086539268493651456e+00
4.086080551147461826e+00
4.087878704071044922e+00
4.087279319763183594e+00
4.088583946228026456e+00
4.090732574462891513e+00
4.092555522918701172e+00
4.094031333923339844e+00
4.093491077423096591e+00
4.094716072082520419e+00
4.094283580780028409e+00
4.094069480895996094e+00
4.093750000000000000e+00
4.094828128814696377e+00
4.094274044036865234e+00
4.095769405364990234e+00
4.096479415893555576e+00
4.097971916198730469e+00
4.097984790802001953e+00
4.097679138183593750e+00
4.097222805023193359e+00
4.096471309661865234e+00
4.098159790039063388e+00
4.098673343658446377e+00
4.100130081176758701e+00
4.099139690399169922e+00
4.098980903625488281e+00
4.098332881927490234e+00
4.096693515777587891e+00
4.096514701843261719e+00
4.096787452697753906e+00
4.097809791564941406e+00
4.098172664642333984e+00
4.097228527069091797e+00
4.097797870635986328e+00
4.097601413726806641e+00
4.098134040832520419e+00
4.098319530487060547e+00
4.098727703094481534e+00
4.101221561431884766e+00
4.101637363433837891e+00
4.104657649993896484e+00
4.102788448333740234e+00
4.102610588073730469e+00
4.103648185729980469e+00
4.102473735809326172e+00
4.101655006408691406e+00
4.100439548492431641e+00
4.101637840270996094e+00
4.103421688079833984e+00
4.104488849639893466e+00
4.104543685913086826e+00
4.103739261627196377e+00
4.105558395385741299e+00
4.103450775146483487e+00
4.103405952453613281e+00
4.103831291198730469e+00
4.101899623870850498e+00
4.101541042327881748e+00
4.100831031799316406e+00
4.103261947631836826e+00
4.105660915374756748e+00
4.105463027954102451e+00
4.106881618499756748e+00
4.108222484588623047e+00
4.107051849365233487e+00
4.107530117034912109e+00
4.107511043548583984e+00
4.106966972351073331e+00
4.104504108428955078e+00
4.105333328247069424e+00
4.106402397155761719e+00
4.106190681457520419e+00
4.107839584350586826e+00
4.110430717468261719e+00
4.109162807464600498e+00
4.107119083404541016e+00
4.106986999511718750e+00
4.107029438018798828e+00
4.107849597930908203e+00
4.107558727264403409e+00
4.108429431915283203e+00
4.107655048370361328e+00
4.107721805572509766e+00
4.108346462249756748e+00
4.107796669006348544e+00
4.107559680938721591e+00
4.106244087219238281e+00
4.107859134674071377e+00
4.106752872467041016e+00
4.106726646423339844e+00
4.108107566833496094e+00
4.108239650726318359e+00
4.108228683471680576e+00
4.108421802520751953e+00
4.108011245727538174e+00
4.109389781951903409e+00
4.106770038604736328e+00
4.106389045715332031e+00
4.106552600860596591e+00
4.108152389526366299e+00
4.109539985656738281e+00
4.109201908111571377e+00
4.110379695892333984e+00
4.109792709350586826e+00
4.109396934509276456e+00
4.107829570770263672e+00
4.106885910034180576e+00
4.106880664825440341e+00
4.105337142944336826e+00
4.105797767639160156e+00
4.106249332427978516e+00
4.106131076812743252e+00
4.106394290924071377e+00
4.105364799499511719e+00
4.104086399078368252e+00
4.102542877197266513e+00
4.101854324340819424e+00
4.101734638214111328e+00
4.101673126220703125e+00
4.101684093475341797e+00
4.101325988769531250e+00
4.100434303283691406e+00
4.100289344787598544e+00
4.099463462829589844e+00
4.098742008209228516e+00
4.098131179809569424e+00
4.096992492675781250e+00
4.097611904144287109e+00
4.098642349243163174e+00
4.096449375152587891e+00
4.097404479980468750e+00
4.097526073455810547e+00
4.098183155059815341e+00
4.098626613616943359e+00
4.097430229187011719e+00
4.099678516387940341e+00
4.098667144775391513e+00
4.100916862487792969e+00
4.100986003875731534e+00
4.102176666259766513e+00
4.102868080139160156e+00
4.100718975067138672e+00
4.099968910217285156e+00
4.100820541381836826e+00
4.102177619934082031e+00
4.103114604949951172e+00
4.101833343505858487e+00
4.102387428283691406e+00
4.103168010711669922e+00
4.105445384979248047e+00
4.106850147247314453e+00
4.108348846435546875e+00
4.104045867919921875e+00
4.103899955749511719e+00
4.103317260742188388e+00
4.102469921112060547e+00
4.104362010955810547e+00
4.105347156524658203e+00
4.107153892517089844e+00
4.108172416687011719e+00
4.108758449554443359e+00
4.109056949615479404e+00
4.107901573181151456e+00
4.106863975524901456e+00
4.106919288635253906e+00
4.107291698455810547e+00
4.108210086822509766e+00
4.108192443847656250e+00
4.108990669250488281e+00
4.109004974365233487e+00
4.108346462249756748e+00
4.109519004821776456e+00
4.106884479522705078e+00
4.105842590332031250e+00
4.105565547943115234e+00
4.104876518249511719e+00
4.106450080871582031e+00
4.105809688568115234e+00
4.107223510742188388e+00
4.107827186584473544e+00
4.106820583343506748e+00
4.107326507568358487e+00
4.107293128967285156e+00
4.106891155242919922e+00
4.107089519500731534e+00
4.105853557586669922e+00
4.105341434478759766e+00
4.105637550354003906e+00
4.106110095977783203e+00
4.104866027832031250e+00
4.104617118835448331e+00
4.104603767395020419e+00
4.103445053100586826e+00
4.103196620941162109e+00
4.102694511413573331e+00
4.101569175720214844e+00
4.101388454437256748e+00
4.101259708404541016e+00
4.101459980010986328e+00
4.100796699523926669e+00
4.099972248077393466e+00
4.100572109222412109e+00
4.099227428436278409e+00
4.100871086120605469e+00
4.100749015808105469e+00
4.099865913391113281e+00
4.099231243133544922e+00
4.098913192749022549e+00
4.098801612854003906e+00
4.098883628845214844e+00
4.098606586456298828e+00
4.099131107330321377e+00
4.097651481628417969e+00
4.097582340240479404e+00
4.097439289093018466e+00
4.095876216888428623e+00
4.097185611724853516e+00
4.096708297729491299e+00
4.096752643585205078e+00
4.096118927001953125e+00
4.094884395599365234e+00
4.094559669494628906e+00
4.094647884368896484e+00
4.096652030944823331e+00
4.096793651580810547e+00
4.097352504730225498e+00
4.097962379455566406e+00
4.097304821014403409e+00
4.096470832824707031e+00
4.095134735107421875e+00
4.095087528228759766e+00
4.095615386962891513e+00
4.096350193023681641e+00
4.095666408538818359e+00
4.095882415771483487e+00
4.096813201904296875e+00
4.095777034759521484e+00
4.097438335418701172e+00
4.096723079681396484e+00
4.095961570739746094e+00
4.096368789672852451e+00
4.095698833465576172e+00
4.095629692077636719e+00
4.095353603363037109e+00
4.094415187835693359e+00
4.097077846527100498e+00
4.097412109375000000e+00
4.098196029663086826e+00
4.100231170654296875e+00
4.099614620208740234e+00
4.100159168243408203e+00
4.102046966552733487e+00
4.104088306427001953e+00
4.107162475585937500e+00
4.107837200164794922e+00
4.110167026519774502e+00
4.109808444976806641e+00
4.110025882720946377e+00
4.110747814178466797e+00
4.111089706420897549e+00
4.113183975219727451e+00
4.112394809722899502e+00
4.113913536071776456e+00
4.114850997924805576e+00
4.113862037658691406e+00
4.114532470703125000e+00
4.113387107849121094e+00
4.114921092987060547e+00
4.113784790039063388e+00
4.113368034362792969e+00
4.115886688232421875e+00
4.114598274230957031e+00
4.116658210754394531e+00
4.118474483489990234e+00
4.118812084197998047e+00
4.118345737457274502e+00
4.118264198303223544e+00
4.118642807006836826e+00
4.117893695831298828e+00
4.117727279663086826e+00
4.118546485900878906e+00
4.118369102478026456e+00
4.118980407714843750e+00
4.118619441986083984e+00
4.118304729461669922e+00
4.119074821472167969e+00
4.119304656982421875e+00
4.119547843933105469e+00
4.119540691375731534e+00
4.119284152984618252e+00
4.119571208953856534e+00
4.120654582977294922e+00
4.122272491455078125e+00
4.122754573822021484e+00
4.124086380004883701e+00
4.125410079956055576e+00
4.125694751739501953e+00
4.127525329589843750e+00
4.128394603729248047e+00
4.129422664642333984e+00
4.129052162170410156e+00
4.128514766693115234e+00
4.129579067230225498e+00
4.129444599151611328e+00
4.129600048065185547e+00
4.129992961883544922e+00
4.130089282989501953e+00
4.130245208740233487e+00
4.130334377288818359e+00
4.130431652069091797e+00
4.131295204162598544e+00
4.132941246032714844e+00
4.134836673736571377e+00
4.134281158447266513e+00
4.134412765502930576e+00
4.134285926818848544e+00
4.134347438812256748e+00
4.134693145751953125e+00
4.134595394134521484e+00
4.135442256927490234e+00
4.135035514831542969e+00
4.136466503143311435e+00
4.136788845062256748e+00
4.137397289276123047e+00
4.138428211212158203e+00
4.137338161468506748e+00
4.138411045074462891e+00
4.139664173126221591e+00
4.140457630157471591e+00
4.142811298370361328e+00
4.142232894897461826e+00
4.141962528228759766e+00
4.141230583190917969e+00
4.141146659851073331e+00
4.140485763549805576e+00
4.140532970428466797e+00
4.140528202056884766e+00
4.141460895538330078e+00
4.142361640930176669e+00
4.142244338989258701e+00
4.141220092773437500e+00
4.142928600311278409e+00
4.142621517181396484e+00
4.144019126892089844e+00
4.144975662231444424e+00
4.145325183868408203e+00
4.145393848419189453e+00
4.145788192749022549e+00
4.146401405334473544e+00
4.148097991943358487e+00
4.148894309997558594e+00
4.149260520935058594e+00
4.148679256439208984e+00
4.149281501770020419e+00
4.150326251983643466e+00
4.149204730987548828e+00
4.149692535400391513e+00
4.149599552154541016e+00
4.150645732879638672e+00
4.152187347412108487e+00
4.152616977691649502e+00
4.153575420379638672e+00
4.152429103851318359e+00
4.151452541351318359e+00
4.151913642883301669e+00
4.152348041534423828e+00
4.154421806335448331e+00
4.154151916503906250e+00
4.154201984405518466e+00
4.153853893280028409e+00
4.153504371643066406e+00
4.154158115386962891e+00
4.154092311859131748e+00
4.154107570648193359e+00
4.153505802154541016e+00
4.152009487152100498e+00
4.152311325073241299e+00
4.151410579681396484e+00
4.152422904968261719e+00
4.153542518615723544e+00
4.152786254882812500e+00
4.152179241180419922e+00
4.151528358459473544e+00
4.151091575622558594e+00
4.150609493255615234e+00
4.149333000183105469e+00
4.150229930877685547e+00
4.149916648864746094e+00
4.151330947875977451e+00
4.149405479431151456e+00
4.149035453796386719e+00
4.149115085601806641e+00
4.149629116058350498e+00
4.150476932525634766e+00
4.150321960449218750e+00
4.149946212768555576e+00
4.150800704956055576e+00
4.150362491607666016e+00
4.151301860809326172e+00
4.152242183685303623e+00
4.152991294860839844e+00
4.155059814453125000e+00
4.154669761657714844e+00
4.155297279357910156e+00
4.155093193054198331e+00
4.155486583709716797e+00
4.157854080200194424e+00
4.158091545104980469e+00
4.158293724060058594e+00
4.158870697021483487e+00
4.158664226531981534e+00
4.159989833831787109e+00
4.160754680633544922e+00
4.157265663146973544e+00
4.156293869018555576e+00
4.157326221466064453e+00
4.156940937042236328e+00
4.159173965454102451e+00
4.160949707031250000e+00
4.163061618804931641e+00
4.165020942687988281e+00
4.163465976715087891e+00
4.162561416625977451e+00
4.162593364715576172e+00
4.161861896514893466e+00
4.161620616912841797e+00
4.161332607269287109e+00
4.162661552429198331e+00
4.163249492645263672e+00
4.162601947784423828e+00
4.162887573242188388e+00
4.162837982177733487e+00
4.163611888885498047e+00
4.164822101593018466e+00
4.166167736053466797e+00
4.166546821594238281e+00
4.166472911834716797e+00
4.167146682739258701e+00
4.165561199188231534e+00
4.166109561920166016e+00
4.168421745300292969e+00
4.169151306152343750e+00
4.171430587768555576e+00
4.171636581420897549e+00
4.172639846801758701e+00
4.173233032226562500e+00
4.173028945922852451e+00
4.175347328186035156e+00
4.174139499664306641e+00
4.175075054168701172e+00
4.175827980041503906e+00
4.176662921905518466e+00
4.176759719848633701e+00
4.175738334655761719e+00
4.176098823547363281e+00
4.176329135894774502e+00
4.177671909332274502e+00
4.178830146789551669e+00
4.179132938385009766e+00
4.179009914398193359e+00
4.179249286651611328e+00
4.180355548858643466e+00
4.182155609130858487e+00
4.183461189270020419e+00
4.184218883514403409e+00
4.184330463409423828e+00
4.186781883239746094e+00
4.187239646911621094e+00
4.187209129333496094e+00
4.189542770385741299e+00
4.190210342407227451e+00
4.190128326416016513e+00
4.190111160278319424e+00
4.189063549041748047e+00
4.189287185668944424e+00
4.189394474029541016e+00
4.189102172851562500e+00
4.189983367919921875e+00
4.191093921661376953e+00
4.193036079406738281e+00
4.196401119232178623e+00
4.197693824768066406e+00
4.199493885040283203e+00
4.200936317443848544e+00
4.202273368835448331e+00
4.204524040222167969e+00
4.205218791961669922e+00
4.206974506378173828e+00
4.208068370819091797e+00
4.208754062652587891e+00
4.209671974182128906e+00
4.210545539855957031e+00
4.212256908416748047e+00
4.212777137756348544e+00
4.213322639465332031e+00
4.214378833770751953e+00
4.213698387145996094e+00
4.214725494384766513e+00
4.215630054473876953e+00
4.215774536132812500e+00
4.217087745666503906e+00
4.216431617736816406e+00
4.216434955596923828e+00
4.216528415679931641e+00
4.216941356658936435e+00
4.217938423156738281e+00
4.218294620513916016e+00
4.219096183776856357e+00
4.217983245849608487e+00
4.219679832458496094e+00
4.221304893493651456e+00
4.220952033996582031e+00
4.220925807952881748e+00
4.220495223999022549e+00
4.221392631530761719e+00
4.222200870513916016e+00
4.223731994628906250e+00
4.224148273468018466e+00
4.224256515502930576e+00
4.226311206817626953e+00
4.227077960968018466e+00
4.230023384094238281e+00
4.229218482971191406e+00
4.231050491333008701e+00
4.231622219085693359e+00
4.231534481048583984e+00
4.232472896575928623e+00
4.233167171478272373e+00
4.233615398406981534e+00
4.232542037963866299e+00
4.234047889709473544e+00
4.236046314239501953e+00
4.237851619720458984e+00
4.237508773803711826e+00
4.237708091735839844e+00
4.238434314727783203e+00
4.240837574005126953e+00
4.242288112640381748e+00
4.242866516113281250e+00
4.243263721466064453e+00
4.243356704711913174e+00
4.244819641113281250e+00
4.246689796447753906e+00
4.246631145477294922e+00
4.247348785400391513e+00
4.247668266296386719e+00
4.248428821563721591e+00
4.248415946960448331e+00
4.248841285705566406e+00
4.252644062042236328e+00
4.252129554748535156e+00
4.254162788391113281e+00
4.253911972045897549e+00
4.254690647125243252e+00
4.254311084747314453e+00
4.255313873291016513e+00
4.256874561309815341e+00
4.257876873016356534e+00
4.258098602294921875e+00
4.259973526000977451e+00
4.259427070617676669e+00
4.259162425994873047e+00
4.260367393493651456e+00
4.262134075164794922e+00
4.263410568237305576e+00
4.262998104095458984e+00
4.264616012573241299e+00
4.263745307922363281e+00
4.263078212738037109e+00
4.262735366821288174e+00
4.264484882354736328e+00
4.265938758850098544e+00
4.267193317413330078e+00
4.269230842590332031e+00
4.269753456115723544e+00
4.269910812377930576e+00
4.270695686340332031e+00
4.270712375640868252e+00
4.271228790283203125e+00
4.271504878997803623e+00
4.271226406097412109e+00
4.272054195404053623e+00
4.271789073944091797e+00
4.272525310516356534e+00
4.273359775543212891e+00
4.274665832519531250e+00
4.274551391601562500e+00
4.274478435516356534e+00
4.275053024291991299e+00
4.275737762451171875e+00
4.276798725128173828e+00
4.277574062347412109e+00
4.277015686035156250e+00
4.277521610260009766e+00
4.277495384216308594e+00
4.278280258178711826e+00
4.280313491821288174e+00
4.280494689941406250e+00
4.280357360839843750e+00
4.280754566192626953e+00
4.282389640808105469e+00
4.284132003784180576e+00
4.285058021545410156e+00
4.285768508911133701e+00
4.286789417266846591e+00
4.286843776702881748e+00
4.288284301757812500e+00
4.286668777465819424e+00
4.287598609924316406e+00
4.288426399230957031e+00
4.290474414825440341e+00
4.293057918548583984e+00
4.292587280273437500e+00
4.293268680572509766e+00
4.293997764587401456e+00
4.294283390045166016e+00
4.293679237365723544e+00
4.293474674224853516e+00
4.294578075408936435e+00
4.294194698333740234e+00
4.295938014984131748e+00
4.294062137603759766e+00
4.293960571289063388e+00
4.293461799621582031e+00
4.293938636779785156e+00
4.296322822570801669e+00
4.294960498809815341e+00
4.296657562255858487e+00
4.297921657562256748e+00
4.299039363861083984e+00
4.300434112548828125e+00
4.299862384796143466e+00
4.299676895141602451e+00
4.299975395202636719e+00
4.299431324005126953e+00
4.299643993377685547e+00
4.299949169158936435e+00
4.300445079803466797e+00
4.299741268157958984e+00
4.299639225006104404e+00
4.298935413360596591e+00
4.299388885498046875e+00
4.299260139465332031e+00
4.299082756042480469e+00
4.298994064331055576e+00
4.299174785614013672e+00
4.299189090728759766e+00
4.299187183380126953e+00
4.298627853393555576e+00
4.298272609710693359e+00
4.298100471496582031e+00
4.298350334167480469e+00
4.297654151916503906e+00
4.298614025115966797e+00
4.298220634460448331e+00
4.298052310943604404e+00
4.298304557800292969e+00
4.299497604370116299e+00
4.299863338470458984e+00
4.300014019012451172e+00
4.300621986389160156e+00
4.299788475036621094e+00
4.300937175750731534e+00
4.302204132080078125e+00
4.301727294921875000e+00
4.300685882568358487e+00
4.301168441772461826e+00
4.301457405090332031e+00
4.301788806915283203e+00
4.303833484649658203e+00
4.304316997528076172e+00
4.304677963256836826e+00
4.304533004760741299e+00
4.304669380187988281e+00
4.304721832275391513e+00
4.303792953491211826e+00
4.302797317504883701e+00
4.302485466003417969e+00
4.301017761230468750e+00
4.300748348236083984e+00
4.302087306976318359e+00
4.301826953887940341e+00
4.301628112792968750e+00
4.301733970642089844e+00
4.302324295043944424e+00
4.302766323089600498e+00
4.302644729614258701e+00
4.303071022033691406e+00
4.302008152008056641e+00
4.302745342254638672e+00
4.303561210632323331e+00
4.303238391876221591e+00
4.303345203399658203e+00
4.303330421447753906e+00
4.302187919616698331e+00
4.302070617675781250e+00
4.301246166229248047e+00
4.300395965576171875e+00
4.300546169281006748e+00
4.300440788269042969e+00
4.300214767456055576e+00
4.301066875457763672e+00
4.302068233489990234e+00
4.300804138183593750e+00
4.300762653350830078e+00
4.299518108367919922e+00
4.299151420593261719e+00
4.298614025115966797e+00
4.298037052154541016e+00
4.299101352691649502e+00
4.299149513244628906e+00
4.300123691558837891e+00
4.300021171569823331e+00
4.299218177795410156e+00
4.300590038299560547e+00
4.300542354583740234e+00
4.301448345184326172e+00
4.302414894104003906e+00
4.302578926086426669e+00
4.303258419036865234e+00
4.304194450378417969e+00
4.303798675537108487e+00
4.304172992706298828e+00
4.303290367126464844e+00
4.304929256439208984e+00
4.304252147674560547e+00
4.306570053100586826e+00
4.306403160095214844e+00
4.307019233703613281e+00
4.306370735168457031e+00
4.306541442871093750e+00
4.308497428894042969e+00
4.307717800140381748e+00
4.307106971740723544e+00
4.307181358337401456e+00
4.306998252868651456e+00
4.309249401092528409e+00
4.308390140533446377e+00
4.308688640594481534e+00
4.309937477111816406e+00
4.309433460235596591e+00
4.308337211608886719e+00
4.309023857116698331e+00
4.308630466461181641e+00
4.311591625213623047e+00
4.311261653900146484e+00
4.314045429229736328e+00
4.314765453338623047e+00
4.314930438995361328e+00
4.317531585693358487e+00
4.315336704254149502e+00
4.315006256103516513e+00
4.315740108489990234e+00
4.318146228790283203e+00
4.317808628082274502e+00
4.318438529968261719e+00
4.319346904754638672e+00
4.319330692291259766e+00
4.321081161499022549e+00
4.321758747100830078e+00
4.320775508880615234e+00
4.321787357330321377e+00
4.320453166961669922e+00
4.321780204772948331e+00
4.321609973907471591e+00
4.321907043457031250e+00
4.323559761047363281e+00
4.323589801788330078e+00
4.325469493865966797e+00
4.325155258178711826e+00
4.324014186859131748e+00
4.323438167572021484e+00
4.322002410888671875e+00
4.323929309844971591e+00
4.323159694671631748e+00
4.322628021240233487e+00
4.322987556457520419e+00
4.322565555572509766e+00
4.325020313262940341e+00
4.323697566986083984e+00
4.323886871337891513e+00
4.324450492858886719e+00
4.322581291198730469e+00
4.322708129882812500e+00
4.321501731872558594e+00
4.322406291961669922e+00
4.322446823120116299e+00
4.324057579040526456e+00
4.323588848114013672e+00
4.322790622711181641e+00
4.322585582733153409e+00
4.323526382446288174e+00
4.322743415832520419e+00
4.324122905731201172e+00
4.322886943817138672e+00
4.323895931243896484e+00
4.324153900146483487e+00
4.323744773864746094e+00
4.322655200958251953e+00
4.322012901306151456e+00
4.322479248046875000e+00
4.324040412902832031e+00
4.323063373565673828e+00
4.321281433105468750e+00
4.320878982543944424e+00
4.319273471832274502e+00
4.320239543914794922e+00
4.320501327514647549e+00
4.319227695465087891e+00
4.318488121032714844e+00
4.318922519683837891e+00
4.316654205322266513e+00
4.316662311553955078e+00
4.317370414733886719e+00
4.315836429595946377e+00
4.315459728240966797e+00
4.316505432128906250e+00
4.314249992370605469e+00
4.313570499420166016e+00
4.311707019805908203e+00
4.311685562133788174e+00
4.314812183380126953e+00
4.313570976257323331e+00
4.313263416290283203e+00
4.313902854919433594e+00
4.311975479125977451e+00
4.311861515045166016e+00
4.311080932617188388e+00
4.311036586761475498e+00
4.310504436492919922e+00
4.311850070953368252e+00
4.310986042022705078e+00
4.312258720397948331e+00
4.313236236572266513e+00
4.310154438018798828e+00
4.310541152954102451e+00
4.309854984283446377e+00
4.310092926025391513e+00
4.310041904449462891e+00
4.310088634490966797e+00
4.312558174133301669e+00
4.310156345367431641e+00
4.312932968139647549e+00
4.312242507934569424e+00
4.310237884521483487e+00
4.310977458953856534e+00
4.311408996582031250e+00
4.310985088348388672e+00
4.311515808105468750e+00
4.312287330627441406e+00
4.311228752136231357e+00
4.312763690948486328e+00
4.314245700836181641e+00
4.313208103179931641e+00
4.313261032104491299e+00
4.313377380371093750e+00
4.313678264617919922e+00
4.315709114074707031e+00
4.314439773559569424e+00
4.315754890441895419e+00
4.315677165985106534e+00
4.314378738403319424e+00
4.316364288330078125e+00
4.316651821136475498e+00
4.317768096923828125e+00
4.320903301239013672e+00
4.320453166961669922e+00
4.323785781860352451e+00
4.323523998260498047e+00
4.323853015899658203e+00
4.324872493743896484e+00
4.322854042053223544e+00
4.321318626403808594e+00
4.323742389678955078e+00
4.324762821197509766e+00
4.324431419372558594e+00
4.325461864471436435e+00
4.325981140136718750e+00
4.325298309326171875e+00
4.326711654663086826e+00
4.327676773071288174e+00
4.329853534698486328e+00
4.327579975128173828e+00
4.326716899871826172e+00
4.327830314636231357e+00
4.327622413635253906e+00
4.325776100158691406e+00
4.326780319213866299e+00
4.325746536254883701e+00
4.326539993286133701e+00
4.324739456176758701e+00
4.323796272277832031e+00
4.325294971466064453e+00
4.323152542114258701e+00
4.324391365051269531e+00
4.324510097503662109e+00
4.324747085571288174e+00
4.326340675354003906e+00
4.326275348663330078e+00
4.326066017150878906e+00
4.326689243316649502e+00
4.328025817871093750e+00
4.328884124755858487e+00
4.328776359558105469e+00
4.328935146331787109e+00
4.329254627227783203e+00
4.328548908233643466e+00
4.329133987426758701e+00
4.329122543334961826e+00
4.331147193908691406e+00
4.331608772277832031e+00
4.333744049072266513e+00
4.336096763610839844e+00
4.336340904235839844e+00
4.336972713470458984e+00
4.337117195129394531e+00
4.339833259582520419e+00
4.341470718383788174e+00
4.342852592468261719e+00
4.344542026519774502e+00
4.343199253082274502e+00
4.346263408660888672e+00
4.348872184753417969e+00
4.348867893218993252e+00
4.351121902465819424e+00
4.351967811584473544e+00
4.353608608245850498e+00
4.356224060058593750e+00
4.357276916503906250e+00
4.357650756835937500e+00
4.358009338378906250e+00
4.358647346496582031e+00
4.359559059143066406e+00
4.361307621002196377e+00
4.362709999084473544e+00
4.364128112792968750e+00
4.365161418914794922e+00
4.366594314575194424e+00
4.367151260375977451e+00
4.366344928741455078e+00
4.366080760955810547e+00
4.366902828216553623e+00
4.366775035858153409e+00
4.367282867431641513e+00
4.369184970855712891e+00
4.369733333587647373e+00
4.370635032653808594e+00
4.371218681335448331e+00
4.370580673217772549e+00
4.371736049652100498e+00
4.371115684509276456e+00
4.370164394378662109e+00
4.369160652160644531e+00
4.369826316833496094e+00
4.370730400085448331e+00
4.371661663055419922e+00
4.373420238494873047e+00
4.373238563537598544e+00
4.372512340545653409e+00
4.372371196746826172e+00
4.371884346008301669e+00
4.370265007019042969e+00
4.368835449218750000e+00
4.369204998016356534e+00
4.368662357330321377e+00
4.369225978851318359e+00
4.369618415832520419e+00
4.368148326873778409e+00
4.367885112762451172e+00
4.367437839508056641e+00
4.367384910583496094e+00
4.367824077606201172e+00
4.367323875427246094e+00
4.367025375366211826e+00
4.365816116333008701e+00
4.364827632904053623e+00
4.363067150115966797e+00
4.362350463867188388e+00
4.361998558044433594e+00
4.361229896545410156e+00
4.359457015991211826e+00
4.359897136688231534e+00
4.359021186828613281e+00
4.360780239105225498e+00
4.358241081237792969e+00
4.358245372772216797e+00
4.356709003448486328e+00
4.356853961944580078e+00
4.356382369995116299e+00
4.354612827301024502e+00
4.356363773345946377e+00
4.356354236602783203e+00
4.358461380004883701e+00
4.356095790863037109e+00
4.355436325073241299e+00
4.354893207550048828e+00
4.357129096984863281e+00
4.355453014373778409e+00
4.357670307159423828e+00
4.359084129333496094e+00
4.359494209289551669e+00
4.358875751495361328e+00
4.359599590301513672e+00
4.358154296875000000e+00
4.358663558959961826e+00
4.357179641723633701e+00
4.359436988830566406e+00
4.362497806549071377e+00
4.363189220428466797e+00
4.362219810485839844e+00
4.362980842590332031e+00
4.363748550415038174e+00
4.364762306213378906e+00
4.366017818450928623e+00
4.367116928100586826e+00
4.366603851318358487e+00
4.366638660430908203e+00
4.367162704467772549e+00
4.370433330535888672e+00
4.370378494262694424e+00
4.372158050537108487e+00
4.374425411224365234e+00
4.374351501464843750e+00
4.376955986022948331e+00
4.376416683197021484e+00
4.376403808593750000e+00
4.378196716308593750e+00
4.379302978515625000e+00
4.380117416381836826e+00
4.381830215454102451e+00
4.381606578826903409e+00
4.383181095123291016e+00
4.384547233581542969e+00
4.386043548583983487e+00
4.386664390563964844e+00
4.385914802551269531e+00
4.385516643524169922e+00
4.386037349700928623e+00
4.387181282043457031e+00
4.387005805969238281e+00
4.386669158935546875e+00
4.386832714080810547e+00
4.386835098266602451e+00
4.387518882751464844e+00
4.388955116271973544e+00
4.389118194580078125e+00
4.387682437896728516e+00
4.387388706207274502e+00
4.386721611022948331e+00
4.387654304504394531e+00
4.387354850769042969e+00
4.387530326843261719e+00
4.388035297393798828e+00
4.388705253601073331e+00
4.386405944824218750e+00
4.386575698852538174e+00
4.386750221252441406e+00
4.384077548980712891e+00
4.384987831115723544e+00
4.385629177093506748e+00
4.383014678955078125e+00
4.383882045745850498e+00
4.382484912872314453e+00
4.383351802825928623e+00
4.382228374481201172e+00
4.380845069885253906e+00
4.379485607147216797e+00
4.379971504211426669e+00
4.379380702972412109e+00
4.380021095275878906e+00
4.380084514617919922e+00
4.378693580627441406e+00
4.378116130828856534e+00
4.378459453582763672e+00
4.378233909606933594e+00
4.377861976623535156e+00
4.377248764038086826e+00
4.376928329467772549e+00
4.375635623931884766e+00
4.375091075897216797e+00
4.375555992126464844e+00
4.376451969146728516e+00
4.379074096679688388e+00
4.378779411315917969e+00
4.379373073577881748e+00
4.379963397979736328e+00
4.378234386444091797e+00
4.376519680023193359e+00
4.378010272979736328e+00
4.377398967742919922e+00
4.376861095428466797e+00
4.380611419677733487e+00
4.381409645080566406e+00
4.383152961730957031e+00
4.384387016296386719e+00
4.385437965393066406e+00
4.385321140289306641e+00
4.386538028717041016e+00
4.386065483093261719e+00
4.385956287384033203e+00
4.389919281005858487e+00
4.391460895538330078e+00
4.391961097717285156e+00
4.393716812133788174e+00
4.394639968872069424e+00
4.397685527801513672e+00
4.399591922760009766e+00
4.399580955505371094e+00
4.400731563568115234e+00
4.402123928070068359e+00
4.401816368103027344e+00
4.404606342315673828e+00
4.404139995574951172e+00
4.406414031982421875e+00
4.406736373901367188e+00
4.406983375549316406e+00
4.412036895751953125e+00
4.413995265960693359e+00
4.414246559143066406e+00
4.415461063385009766e+00
4.415073394775391513e+00
4.416048526763916016e+00
4.415660858154296875e+00
4.418968677520751953e+00
4.420945644378662109e+00
4.421760559082031250e+00
4.424740791320800781e+00
4.423434734344481534e+00
4.425011634826660156e+00
4.426704883575440341e+00
4.429228305816650391e+00
4.432108879089356357e+00
4.431847572326660156e+00
4.432830810546875000e+00
4.434636592864990234e+00
4.435822486877441406e+00
4.438150882720947266e+00
4.437190055847167969e+00
4.436890602111816406e+00
4.438886165618896484e+00
4.440199851989746094e+00
4.440128803253173828e+00
4.442529201507568359e+00
4.442611217498778409e+00
4.444562435150146484e+00
4.444946765899658203e+00
4.446406841278076172e+00
4.445520401000976562e+00
4.449041843414306641e+00
4.450073719024658203e+00
4.453709602355957031e+00
4.456659793853759766e+00
4.456925868988037109e+00
4.459585189819335938e+00
4.461807727813721591e+00
4.460234642028808594e+00
4.461647987365722656e+00
4.462574005126953125e+00
4.463626384735106534e+00
4.463824272155761719e+00
4.464305400848388672e+00
4.467043399810791016e+00
4.468199253082275391e+00
4.469750881195068359e+00
4.469808101654052734e+00
4.471315860748291016e+00
4.472424983978272373e+00
4.472990036010742188e+00
4.473824501037597656e+00
4.474656105041503906e+00
4.476966857910156250e+00
4.477684020996093750e+00
4.477399826049804688e+00
4.477764606475830078e+00
4.477606296539306641e+00
4.478844165802001953e+00
4.479758262634277344e+00
4.479967594146728516e+00
4.481380462646483487e+00
4.480126857757568359e+00
4.480409145355224609e+00
4.481924057006835938e+00
4.482476234436035156e+00
4.482544898986816406e+00
4.482668399810791016e+00
4.484277248382568359e+00
4.484731674194335938e+00
4.483676910400391513e+00
4.485938072204589844e+00
4.486591815948486328e+00
4.486690521240233487e+00
4.486058712005615234e+00
4.486845970153808594e+00
4.487601757049560547e+00
4.488218784332275391e+00
4.489380359649658203e+00
4.486666202545166016e+00
4.488567829132080078e+00
4.489513397216796875e+00
4.488002777099608487e+00
4.488124847412108487e+00
4.487273693084716797e+00
4.488070964813231534e+00
4.489088058471679688e+00
4.489965915679931641e+00
4.491516113281250000e+00
4.490924358367919922e+00
4.492421150207520419e+00
4.493142604827880859e+00
4.493679046630858487e+00
4.494018077850341797e+00
4.492523193359375000e+00
4.494040012359619141e+00
4.493385791778564453e+00
4.493319511413574219e+00
4.492666721343994141e+00
4.491184711456298828e+00
4.492746353149414062e+00
4.493404865264893466e+00
4.492314815521240234e+00
4.493608474731445312e+00
4.493541240692138672e+00
4.493989467620849609e+00
4.494536399841308594e+00
4.494646549224853516e+00
4.495549678802490234e+00
4.495459556579589844e+00
4.496026515960693359e+00
4.497175216674804688e+00
4.496964454650878906e+00
4.497570514678955078e+00
4.496947288513183594e+00
4.496675968170166016e+00
4.497268676757812500e+00
4.498342037200927734e+00
4.499517440795898438e+00
4.499965667724608487e+00
4.500017642974853516e+00
4.500289440155028409e+00
4.500386714935302734e+00
4.500614166259766513e+00
4.499857902526856357e+00
4.501194000244141513e+00
4.500354766845703125e+00
4.500899791717528409e+00
4.500796794891356534e+00
4.501866817474365234e+00
4.503632068634033203e+00
4.502806186676025391e+00
4.502864360809326172e+00
4.503407478332520419e+00
4.503800392150878906e+00
4.504631996154785156e+00
4.504127025604248047e+00
4.503093242645263672e+00
4.503972053527832031e+00
4.503300666809082031e+00
4.505145072937011719e+00
4.503455638885498047e+00
4.505051136016846591e+00
4.503795146942138672e+00
4.505055427551269531e+00
4.504422664642333984e+00
4.503958225250244141e+00
4.504239559173583984e+00
4.504301548004150391e+00
4.505929470062255859e+00
4.507639408111572266e+00
4.507468700408936435e+00
4.508972167968750000e+00
4.508870124816895419e+00
4.509003639221191406e+00
4.508359909057617188e+00
4.508476257324218750e+00
4.510443210601806641e+00
4.509931564331054688e+00
4.511879920959472656e+00
4.513302326202393466e+00
4.514436721801757812e+00
4.516370296478272373e+00
4.516791820526123047e+00
4.518794059753417969e+00
4.519996166229248047e+00
4.519709587097167969e+00
4.520117282867431641e+00
4.519162178039550781e+00
4.521079063415527344e+00
4.521412849426269531e+00
4.522040843963623047e+00
4.522651195526123047e+00
4.522263050079346591e+00
4.520849227905273438e+00
4.521181106567382812e+00
4.520890712738037109e+00
4.520304679870605469e+00
4.519340515136718750e+00
4.519331455230712891e+00
4.518896579742431641e+00
4.520574569702148438e+00
4.521937370300292969e+00
4.521749496459960938e+00
4.523394107818604404e+00
4.523712635040283203e+00
4.524137973785400391e+00
4.525434970855712891e+00
4.524278640747070312e+00
4.528106212615966797e+00
4.528070449829101562e+00
4.529972076416016513e+00
4.529873847961425781e+00
4.529289245605468750e+00
4.530520439147949219e+00
4.530143260955810547e+00
4.530201435089111328e+00
4.530383586883544922e+00
4.530732154846191406e+00
4.532849788665772373e+00
4.532530307769775391e+00
4.532981395721436435e+00
4.532345294952393466e+00
4.531837463378906250e+00
4.533238887786865234e+00
4.533296108245849609e+00
4.535752773284912109e+00
4.536859035491943359e+00
4.537781715393066406e+00
4.536831855773925781e+00
4.536025524139403409e+00
4.537243366241455078e+00
4.539156436920166016e+00
4.539909362792968750e+00
4.539585113525391513e+00
4.539613246917724609e+00
4.538837432861328125e+00
4.540146827697753906e+00
4.540534496307373047e+00
4.543591499328613281e+00
4.542624473571777344e+00
4.543410301208496094e+00
4.542882442474365234e+00
4.544457435607910156e+00
4.543571472167968750e+00
4.542823314666748047e+00
4.542892932891846591e+00
4.542593955993652344e+00
4.543931007385253906e+00
4.544032096862792969e+00
4.543806552886962891e+00
4.544802665710449219e+00
4.544785976409912109e+00
4.545994281768798828e+00
4.547590732574462891e+00
4.546180248260498047e+00
4.547055721282958984e+00
4.546465396881104404e+00
4.547833442687988281e+00
4.548939228057861328e+00
4.548890590667724609e+00
4.550515174865722656e+00
4.550040721893311435e+00
4.551621437072753906e+00
4.552352428436278409e+00
4.554518222808837891e+00
4.555117607116699219e+00
4.555150508880615234e+00
4.557576179504394531e+00
4.556752204895020419e+00
4.558920860290527344e+00
4.559859275817871094e+00
4.559219837188721591e+00
4.561631202697753906e+00
4.560981750488281250e+00
4.561080455780028409e+00
4.563197612762451172e+00
4.562749862670898438e+00
4.563641071319580078e+00
4.563495159149169922e+00
4.565522193908691406e+00
4.567638874053955078e+00
4.567391872406005859e+00
4.568761348724365234e+00
4.568516254425048828e+00
4.570403575897216797e+00
4.570305347442626953e+00
4.571489810943604404e+00
4.573651313781738281e+00
4.573315620422363281e+00
4.575167179107666016e+00
4.575936317443847656e+00
4.576686859130858487e+00
4.578898429870605469e+00
4.577005863189697266e+00
4.578755855560302734e+00
4.579309940338134766e+00
4.578667163848876953e+00
4.581050872802733487e+00
4.580571174621582031e+00
4.583426475524902344e+00
4.584125041961669922e+00
4.584992408752441406e+00
4.585627079010009766e+00
4.585011482238769531e+00
4.587042808532714844e+00
4.587786674499511719e+00
4.588468551635742188e+00
4.590459823608398438e+00
4.590202331542968750e+00
4.591061115264893466e+00
4.591265201568604404e+00
4.592954158782958984e+00
4.594210147857666016e+00
4.594207286834716797e+00
4.595004558563231534e+00
4.595816135406494141e+00
4.596787929534912109e+00
4.599112033843994141e+00
4.599221706390380859e+00
4.599009037017822266e+00
4.598607063293457031e+00
4.601091384887695312e+00
4.601245403289794922e+00
4.600831031799316406e+00
4.602469921112060547e+00
4.601712226867675781e+00
4.603306293487548828e+00
4.603470802307128906e+00
4.603562355041503906e+00
4.604066371917724609e+00
4.603688240051269531e+00
4.604478359222412109e+00
4.606023788452148438e+00
4.606304168701171875e+00
4.607509613037108487e+00
4.607567787170410156e+00
4.607607364654541016e+00
4.607395172119141513e+00
4.607313632965087891e+00
4.610037803649902344e+00
4.608942985534667969e+00
4.610212802886962891e+00
4.610182285308837891e+00
4.609770298004150391e+00
4.610360622406005859e+00
4.609972953796386719e+00
4.611767292022705078e+00
4.611291885375976562e+00
4.612144470214843750e+00
4.612500190734863281e+00
4.612404823303222656e+00
4.613255977630615234e+00
4.613181591033936435e+00
4.613924980163574219e+00
4.614679813385009766e+00
4.614349842071533203e+00
4.615354537963867188e+00
4.614861011505126953e+00
4.615902423858643466e+00
4.615371227264403409e+00
4.615072727203369141e+00
4.615908145904541016e+00
4.616024494171143466e+00
4.616021156311035156e+00
4.615850448608398438e+00
4.615728855133056641e+00
4.616265773773193359e+00
4.616053104400634766e+00
4.617465972900391513e+00
4.618485450744628906e+00
4.618819236755371094e+00
4.620403289794921875e+00
4.619599819183349609e+00
4.622040271759033203e+00
4.622526645660400391e+00
4.622684955596923828e+00
4.623683929443358487e+00
4.623199939727783203e+00
4.623689174652099609e+00
4.623671531677246094e+00
4.625089645385742188e+00
4.626508712768554688e+00
4.626105308532714844e+00
4.626218795776367188e+00
4.625750541687011719e+00
4.625903129577636719e+00
4.626047611236572266e+00
4.625839233398437500e+00
4.626709461212158203e+00
4.625785827636718750e+00
4.626936435699462891e+00
4.627225875854492188e+00
4.626138687133789062e+00
4.626222133636474609e+00
4.625593662261962891e+00
4.626896381378173828e+00
4.627336025238037109e+00
4.627969741821289062e+00
4.628896236419677734e+00
4.628354549407958984e+00
4.629743099212647373e+00
4.630184173583983487e+00
4.630666255950927734e+00
4.630156993865966797e+00
4.629746913909912109e+00
4.630209922790527344e+00
4.629985809326171875e+00
4.630419254302978516e+00
4.630743026733398438e+00
4.630978107452393466e+00
4.631618022918701172e+00
4.632081031799316406e+00
4.632944107055664062e+00
4.633846282958983487e+00
4.632119655609130859e+00
4.633491992950440341e+00
4.633639812469481534e+00
4.633645057678222656e+00
4.633468151092528409e+00
4.633204460144042969e+00
4.634037971496582031e+00
4.633255958557128906e+00
4.634507656097412109e+00
4.635093212127685547e+00
4.633390426635742188e+00
4.635449886322021484e+00
4.635529518127441406e+00
4.635639190673828125e+00
4.635920047760009766e+00
4.635980606079101562e+00
4.636068820953369141e+00
4.636223793029785156e+00
4.637693881988525391e+00
4.638614177703856534e+00
4.639159202575683594e+00
4.640050888061523438e+00
4.639685630798339844e+00
4.641503810882568359e+00
4.641894817352294922e+00
4.642678737640380859e+00
4.644990921020507812e+00
4.644908905029296875e+00
4.644898891448974609e+00
4.644851207733153409e+00
4.645218849182128906e+00
4.646789550781250000e+00
4.646296977996826172e+00
4.647709369659423828e+00
4.648322105407714844e+00
4.650005340576171875e+00
4.650771617889403409e+00
4.650699138641356534e+00
4.652174472808837891e+00
4.651562213897705078e+00
4.651761531829833984e+00
4.652828216552733487e+00
4.652475357055664062e+00
4.652298927307128906e+00
4.653830051422119141e+00
4.653504371643066406e+00
4.653282165527343750e+00
4.653384208679199219e+00
4.653878688812255859e+00
4.653927326202393466e+00
4.655588150024414062e+00
4.656623363494873047e+00
4.656504154205322266e+00
4.656160831451416016e+00
4.656044483184815341e+00
4.659027576446533203e+00
4.658459663391113281e+00
4.658252716064453125e+00
4.662907123565673828e+00
4.661843776702880859e+00
4.661945343017578125e+00
4.661623954772949219e+00
4.661520481109619141e+00
4.666944503784179688e+00
4.666588306427001953e+00
4.668266773223876953e+00
4.670042991638183594e+00
4.671284675598144531e+00
4.672790050506591797e+00
4.672159671783447266e+00
4.672930717468261719e+00
4.672328472137451172e+00
4.673847198486328125e+00
4.674712657928466797e+00
4.675102233886718750e+00
4.677452564239501953e+00
4.677616119384766513e+00
4.680602550506591797e+00
4.683025836944580078e+00
4.683303833007812500e+00
4.685172080993652344e+00
4.686261653900146484e+00
4.686488628387451172e+00
4.686718463897705078e+00
4.686934947967528409e+00
4.687048435211181641e+00
4.686497688293457031e+00
4.689748287200927734e+00
4.691057682037353516e+00
4.690412998199462891e+00
4.692943096160888672e+00
4.693609237670898438e+00
4.695587635040283203e+00
4.694795608520507812e+00
4.694495201110839844e+00
4.696075916290283203e+00
4.696172237396240234e+00
4.699511528015136719e+00
4.700465679168701172e+00
4.700714588165283203e+00
4.701867103576660156e+00
4.701332569122314453e+00
4.701915264129638672e+00
4.701236724853516513e+00
4.700001716613769531e+00
4.701004981994628906e+00
4.700715541839599609e+00
4.702413082122802734e+00
4.703206062316895419e+00
4.703495502471923828e+00
4.705249786376953125e+00
4.704804420471191406e+00
4.706751346588134766e+00
4.706551551818847656e+00
4.705960750579833984e+00
4.706636428833007812e+00
4.706789493560791016e+00
4.706917285919189453e+00
4.707188129425048828e+00
4.707908630371093750e+00
4.707902431488037109e+00
4.707317829132080078e+00
4.707267284393311435e+00
4.707231998443604404e+00
4.708987712860106534e+00
4.708327770233153409e+00
4.707070350646972656e+00
4.707267284393311435e+00
4.707931995391846591e+00
4.708164691925048828e+00
4.707531452178955078e+00
4.707040309906005859e+00
4.706626415252685547e+00
4.706526756286621094e+00
4.706311225891113281e+00
4.705291748046875000e+00
4.705853939056396484e+00
4.707670211791992188e+00
4.707204818725585938e+00
4.709493637084960938e+00
4.710121631622314453e+00
4.711423397064208984e+00
4.713337898254394531e+00
4.713085174560546875e+00
4.712924957275391513e+00
4.712406158447266513e+00
4.712283611297606534e+00
4.714490413665772373e+00
4.714551925659179688e+00
4.716884136199951172e+00
4.716867446899414062e+00
4.718228816986083984e+00
4.718647003173828125e+00
4.718597412109375000e+00
4.719586849212647373e+00
4.720139026641846591e+00
4.719426155090332031e+00
4.719328880310058594e+00
4.719311237335205078e+00
4.718631744384766513e+00
4.718306541442871094e+00
4.719163417816162109e+00
4.718659877777099609e+00
4.718566894531250000e+00
4.719106197357177734e+00
4.718514442443847656e+00
4.719584465026856357e+00
4.720960617065429688e+00
4.722138404846191406e+00
4.723496437072753906e+00
4.723632335662841797e+00
4.724846363067626953e+00
4.725270748138427734e+00
4.726863861083983487e+00
4.728750228881835938e+00
4.728000640869141513e+00
4.730269908905028409e+00
4.732278347015380859e+00
4.733632087707520419e+00
4.733865737915039062e+00
4.733954429626464844e+00
4.736967086791992188e+00
4.735831260681152344e+00
4.735290050506591797e+00
4.735473632812500000e+00
4.734803199768066406e+00
4.735526084899902344e+00
4.734853267669677734e+00
4.735368251800537109e+00
4.735891819000244141e+00
4.735139846801757812e+00
4.736643314361572266e+00
4.735103130340576172e+00
4.737099170684815341e+00
4.738317012786865234e+00
4.738254547119141513e+00
4.739362716674804688e+00
4.738269805908203125e+00
4.740233421325683594e+00
4.740921974182128906e+00
4.740681171417236328e+00
4.739349842071533203e+00
4.738054752349853516e+00
4.738007068634033203e+00
4.736941337585449219e+00
4.735875129699707031e+00
4.736762046813964844e+00
4.735796451568604404e+00
4.735109329223632812e+00
4.735863685607910156e+00
4.735901355743408203e+00
4.736930370330810547e+00
4.736914157867431641e+00
4.736181735992431641e+00
4.736594676971436435e+00
4.736792087554931641e+00
4.736159801483153409e+00
4.735160350799560547e+00
4.734524250030518466e+00
4.734590053558349609e+00
4.734173774719238281e+00
4.732502937316895419e+00
4.732636928558349609e+00
4.733293533325195312e+00
4.733864307403564453e+00
