1.861172556877136008e+00
1.860682249069213645e+00
1.860816836357116699e+00
1.862047076225280762e+00
1.861211299896240012e+00
1.862830877304076704e+00
1.865281462669372781e+00
1.865279316902160867e+00
1.866247177124023660e+00
1.863797545433044434e+00
1.861954927444458008e+00
1.863539099693298340e+00
1.865665793418884499e+00
1.866335272789001243e+00
1.865579247474670410e+00
1.863288164138793945e+00
1.862302899360656738e+00
1.861726164817810059e+00
1.860838055610656738e+00
1.860233068466186301e+00
1.860117554664612038e+00
1.860259652137756348e+00
1.866639018058776855e+00
1.869859099388122337e+00
1.868843674659729004e+00
1.867094516754150391e+00
1.868814706802367942e+00
1.868739366531371848e+00
1.868527293205260786e+00
1.867062211036681907e+00
1.867167353630065918e+00
1.868615031242370383e+00
1.866536855697632058e+00
1.867051601409911887e+00
1.865368366241455078e+00
1.864176750183105247e+00
1.862535595893860085e+00
1.862810254096984863e+00
1.863283276557922363e+00
1.862608432769775613e+00
1.864170193672179954e+00
1.866220474243164062e+00
1.866658806800842507e+00
1.864455819129944070e+00
1.862344384193420410e+00
1.862190723419189231e+00
1.861825942993164062e+00
1.861137747764587624e+00
1.860211610794067605e+00
1.859697341918945090e+00
1.859295487403869629e+00
1.857271790504456010e+00
1.856252074241638406e+00
1.856431126594543679e+00
1.855193376541137695e+00
1.855628967285156028e+00
1.854534387588500977e+00
1.854155659675597922e+00
1.854012489318848100e+00
1.853518843650817649e+00
1.853062987327575906e+00
1.851259469985961914e+00
1.851450562477112038e+00
1.850754141807555930e+00
1.850355863571166992e+00
1.850344300270080788e+00
1.849094271659850852e+00
1.847824573516845703e+00
1.848760604858398438e+00
1.846937894821166992e+00
1.846356272697448730e+00
1.846357703208923562e+00
1.845810890197754128e+00
1.845300078392028809e+00
1.844522833824157493e+00
1.843584418296813965e+00
1.843150615692138894e+00
1.841746807098388894e+00
1.840849518775939941e+00
1.840531945228576882e+00
1.840281486511230469e+00
1.839279770851135698e+00
1.839057922363280806e+00
1.838128685951233132e+00
1.839223384857177512e+00
1.839218139648437278e+00
1.836281895637511985e+00
1.837363243103027566e+00
1.837030529975891113e+00
1.837518095970153587e+00
1.836340546607971191e+00
1.836080074310302734e+00
1.834702491760254128e+00
1.834373593330383523e+00
1.835142493247985618e+00
1.836312294006348100e+00
1.836490035057068093e+00
1.835950136184692383e+00
1.836414456367492898e+00
1.836288809776306374e+00
1.836501240730285645e+00
1.837022066116333008e+00
1.837604641914367898e+00
1.836926937103271706e+00
1.837873697280884011e+00
1.838100910186768022e+00
1.839177846908569114e+00
1.839287281036376953e+00
1.840439319610595925e+00
1.841603994369506836e+00
1.841123461723328081e+00
1.841440796852112038e+00
1.842552542686462402e+00
1.843918323516845703e+00
1.844098687171936035e+00
1.842966318130492720e+00
1.844935178756713645e+00
1.844500899314880371e+00
1.847210526466369629e+00
1.846862673759460449e+00
1.849303960800170898e+00
1.851385474205016868e+00
1.850790023803710938e+00
1.851355671882629172e+00
1.850485205650329590e+00
1.851411342620849609e+00
1.853143572807311790e+00
1.852619886398315652e+00
1.852695822715759499e+00
1.856525778770446777e+00
1.856204509735107644e+00
1.856706857681274414e+00
1.857469797134399636e+00
1.858166575431823953e+00
1.859378218650817649e+00
1.860092639923095925e+00
1.862173676490783913e+00
1.864293217658996804e+00
1.863751888275146484e+00
1.864335179328918457e+00
1.866159558296204057e+00
1.865620613098144309e+00
1.868316531181335671e+00
1.870452404022216797e+00
1.871761679649353027e+00
1.871580004692077637e+00
1.874110937118530495e+00
1.873940229415893555e+00
1.874090194702148438e+00
1.875408887863159180e+00
1.876711726188659890e+00
1.878747940063476785e+00
1.879025340080260786e+00
1.879047751426696777e+00
1.879091978073119895e+00
1.882329344749450906e+00
1.882710456848144309e+00
1.882386207580566406e+00
1.883263468742370383e+00
1.883730530738830344e+00
1.884663343429565208e+00
1.884681344032288042e+00
1.885910034179687500e+00
1.886655926704406738e+00
1.886829018592834473e+00
1.888425230979919656e+00
1.889122247695922852e+00
1.889731168746948020e+00
1.890207767486572488e+00
1.891699671745300293e+00
1.892066359519958496e+00
1.891560792922973633e+00
1.893275141716003640e+00
1.893464565277100053e+00
1.893160343170166016e+00
1.894350647926330344e+00
1.895588755607604980e+00
1.895572662353516069e+00
1.896249532699584961e+00
1.895721197128295898e+00
1.898188591003418191e+00
1.898364543914794922e+00
1.898795366287231667e+00
1.899594426155090332e+00
1.900270581245422363e+00
1.900454640388488770e+00
1.901087522506713645e+00
1.902319788932800293e+00
1.903925895690918191e+00
1.903633117675780806e+00
1.904322743415832297e+00
1.905859589576720747e+00
1.907300353050231934e+00
1.908777117729186790e+00
1.909503698348999023e+00
1.910138487815856934e+00
1.911044359207153098e+00
1.911085367202758789e+00
1.912362217903136763e+00
1.915506601333618386e+00
1.915451526641845703e+00
1.917076945304870383e+00
1.916543722152709961e+00
1.916683554649353027e+00
1.918305516242980957e+00
1.919382929801940918e+00
1.920019388198852317e+00
1.920522093772887962e+00
1.921379446983337180e+00
1.921103358268737571e+00
1.922296166419983132e+00
1.923261761665344016e+00
1.924824476242065208e+00
1.925406336784362793e+00
1.925369501113892046e+00
1.927890419960021973e+00
1.928314089775085227e+00
1.928304195404052734e+00
1.929610490798950417e+00
1.929467320442199929e+00
1.930029630661010742e+00
1.929394960403442383e+00
1.930146217346191628e+00
1.930944442749023660e+00
1.932249426841736062e+00
1.933762669563293235e+00
1.934674978256225586e+00
1.936500310897827148e+00
1.937049031257629172e+00
1.938352704048156738e+00
1.939487695693969505e+00
1.940254688262939675e+00
1.942153930664062500e+00
1.942637324333190918e+00
1.944150209426880105e+00
1.944516301155090332e+00
1.944073200225830078e+00
1.944553494453430398e+00
1.947046756744384766e+00
1.947850346565246360e+00
1.948017358779907227e+00
1.949645757675170898e+00
1.949087858200072798e+00
1.951699852943420410e+00
1.951629161834716797e+00
1.951818704605102317e+00
1.954392790794372781e+00
1.954565167427063210e+00
1.955513119697570801e+00
1.957232832908630371e+00
1.957514405250549094e+00
1.957117319107056108e+00
1.958605051040649192e+00
1.958419561386108398e+00
1.959432721138000488e+00
1.959756255149841309e+00
1.961588263511657493e+00
1.961633324623108132e+00
1.963360190391540305e+00
1.964260816574096902e+00
1.965243101119995117e+00
1.966502308845520020e+00
1.967200994491576704e+00
1.966203451156615989e+00
1.966721415519714355e+00
1.968687653541564941e+00
1.971102952957153098e+00
1.972292900085448775e+00
1.972306251525879128e+00
1.973265171051025169e+00
1.975130677223205566e+00
1.975127339363097922e+00
1.976976037025452104e+00
1.978239059448242410e+00
1.977938055992126465e+00
1.980190992355346902e+00
1.980221867561340332e+00
1.980224370956420898e+00
1.981678605079650879e+00
1.981457591056823953e+00
1.981856942176818848e+00
1.983839392662048340e+00
1.984238862991333008e+00
1.985111594200134499e+00
1.986518383026123047e+00
1.986538052558899148e+00
1.986940026283263938e+00
1.987590670585632324e+00
1.988515377044677512e+00
1.989823579788208008e+00
1.990723848342895508e+00
1.991100430488586426e+00
1.992261886596679910e+00
1.993145585060120073e+00
1.994279980659484863e+00
1.996009469032288042e+00
1.996330618858337180e+00
1.996272087097168191e+00
1.997711420059204102e+00
1.998498320579528809e+00
1.999696850776672363e+00
2.001835584640503374e+00
2.002665281295776367e+00
2.002928495407104492e+00
2.005690097808838335e+00
2.005817413330078125e+00
2.006164550781250000e+00
2.007424831390380859e+00
2.008141994476318359e+00
2.007910013198852539e+00
2.008557796478271484e+00
2.009965181350708008e+00
2.010207414627074751e+00
2.011420488357543945e+00
2.012056589126586914e+00
2.012998580932616743e+00
2.013704299926758257e+00
2.014856815338134766e+00
2.016134023666381836e+00
2.016969203948974609e+00
2.016844272613525391e+00
2.018878936767578125e+00
2.019428968429564986e+00
2.019060850143432617e+00
2.020660638809204102e+00
2.021680593490600586e+00
2.021903038024902344e+00
2.023581981658935547e+00
2.024835824966430664e+00
2.024813890457153320e+00
2.024388313293456587e+00
2.025762319564819780e+00
2.027828454971313032e+00
2.027778148651123047e+00
2.029765367507934570e+00
2.030213117599487749e+00
2.031745672225951704e+00
2.032537460327148438e+00
2.033793687820434570e+00
2.035067558288573775e+00
2.035555124282836914e+00
2.036890268325805664e+00
2.037460088729858398e+00
2.038172245025634766e+00
2.038863420486449751e+00
2.038927555084228516e+00
2.039416074752808061e+00
2.041778564453125000e+00
2.042852640151977095e+00
2.043894052505493164e+00
2.045431613922119141e+00
2.045540571212768999e+00
2.046919345855713335e+00
2.047337293624878374e+00
2.047276735305785689e+00
2.049319267272948775e+00
2.049704551696777344e+00
2.049722909927368164e+00
2.051924467086791992e+00
2.053539514541625977e+00
2.053802967071533203e+00
2.054485321044921875e+00
2.055640697479248047e+00
2.057091236114501953e+00
2.056507825851440430e+00
2.057405471801758257e+00
2.057214736938477007e+00
2.059260845184325728e+00
2.059419631958008257e+00
2.060537815093994141e+00
2.062212228775024414e+00
2.062406539916991743e+00
2.065944910049438477e+00
2.066346406936645064e+00
2.067328929901123047e+00
2.067787170410155806e+00
2.069271564483642578e+00
2.070461273193359819e+00
2.072308540344238281e+00
2.072085380554198775e+00
2.073368310928344727e+00
2.074496030807495117e+00
2.075703620910644531e+00
2.077286481857300249e+00
2.078815937042236328e+00
2.079073190689086914e+00
2.078999042510986328e+00
2.081103086471557617e+00
2.081033945083618164e+00
2.081479549407958984e+00
2.083978176116943803e+00
2.084153175354004350e+00
2.085627794265746626e+00
2.087583780288696289e+00
2.087779521942138672e+00
2.089201688766479492e+00
2.089797735214233398e+00
2.090439319610596147e+00
2.091938972473144531e+00
2.091364383697509766e+00
2.092852830886840820e+00
2.094461202621459961e+00
2.093428134918213335e+00
2.094563484191894531e+00
2.094413042068481001e+00
2.095610857009888139e+00
2.095742225646972656e+00
2.095744371414185014e+00
2.095709085464477095e+00
2.097710371017456055e+00
2.098487615585326704e+00
2.099410533905029297e+00
2.098874330520629883e+00
2.101255655288696289e+00
2.099938392639159712e+00
2.101223945617676225e+00
2.102744340896606445e+00
2.102911710739136186e+00
2.103528738021850586e+00
2.104330778121947798e+00
2.105662584304809570e+00
2.107918024063110352e+00
2.108033895492553711e+00
2.108893871307373047e+00
2.109777927398681641e+00
2.110681056976318359e+00
2.110347986221313032e+00
2.112494468688965288e+00
2.113106966018676758e+00
2.113741636276245117e+00
2.115218162536620650e+00
2.112831592559814453e+00
2.114581584930419922e+00
2.116061449050903764e+00
2.116647720336914062e+00
2.117697238922119141e+00
2.118977546691894531e+00
2.119867563247680664e+00
2.120528221130370650e+00
2.121934652328490767e+00
2.122506141662597656e+00
2.122196435928344727e+00
2.123806476593017578e+00
2.124469757080078125e+00
2.125939846038818359e+00
2.126054048538208008e+00
2.126183748245239702e+00
2.127403020858764648e+00
2.126271009445190430e+00
2.127599239349364790e+00
2.129121065139770508e+00
2.129694461822509766e+00
2.131225585937500000e+00
2.132203340530395508e+00
2.132067203521728516e+00
2.133133411407470703e+00
2.134071826934814453e+00
2.135446786880493164e+00
2.136404037475585938e+00
2.138115167617798296e+00
2.138956785202026367e+00
2.138860464096069336e+00
2.140067338943481001e+00
2.139950513839721680e+00
2.140767812728881836e+00
2.142676591873168945e+00
2.143035650253295898e+00
2.145197868347168413e+00
2.146106481552124023e+00
2.146894454956054688e+00
2.146934270858764648e+00
2.147666931152344194e+00
2.148536205291748047e+00
2.148256778717041016e+00
2.149416923522948775e+00
2.150487661361694336e+00
2.151223182678222656e+00
2.150770664215088335e+00
2.151635408401489258e+00
2.153833866119384766e+00
2.154411077499389648e+00
2.155356645584106445e+00
2.155159711837768999e+00
2.155831336975097656e+00
2.158127069473266602e+00
2.159280538558959961e+00
2.158913373947143999e+00
2.160620927810668945e+00
2.162151813507080078e+00
2.162286758422852007e+00
2.163579702377319780e+00
2.164531469345092773e+00
2.164729595184325728e+00
2.166199207305908203e+00
2.167293548583984375e+00
2.167068004608154297e+00
2.168385744094848633e+00
2.169588565826416016e+00
2.169531345367432085e+00
2.171736478805541992e+00
2.171998262405395508e+00
2.172384977340698242e+00
2.172624826431274414e+00
2.172788858413696289e+00
2.171814441680908203e+00
2.175125837326050249e+00
2.175673961639404297e+00
2.174681901931762695e+00
2.175910711288451704e+00
2.176783800125121626e+00
2.177754163742064986e+00
2.177526950836181641e+00
2.178133010864258257e+00
2.179464101791381836e+00
2.180791616439819780e+00
2.181161165237426758e+00
2.182540178298949751e+00
2.184941768646239790e+00
2.184973716735840288e+00
2.186704635620116743e+00
2.187505245208739790e+00
2.187900543212890181e+00
2.189601898193359819e+00
2.190421104431152344e+00
2.190961122512817383e+00
2.191845178604125977e+00
2.192580223083495650e+00
2.192678928375244141e+00
2.191554784774780273e+00
2.192073345184325728e+00
2.193664312362670898e+00
2.194555759429932085e+00
2.196281433105468750e+00
2.196810722351073775e+00
2.197125673294067383e+00
2.198829174041748047e+00
2.198708295822143999e+00
2.200050830841064453e+00
2.199867963790893555e+00
2.201121330261230469e+00
2.203484296798706055e+00
2.204916954040527788e+00
2.206428766250610352e+00
2.207942962646484375e+00
2.208067893981933594e+00
2.208406448364258257e+00
2.210352420806884766e+00
2.211642026901245117e+00
2.211047649383544922e+00
2.213943958282470703e+00
2.214329481124877930e+00
2.216126918792724609e+00
2.218217849731445312e+00
2.218276262283325195e+00
2.217402696609497070e+00
2.217395544052124023e+00
2.218108177185058594e+00
2.218799114227294922e+00
2.221103668212890181e+00
2.221155166625977007e+00
2.222283840179443803e+00
2.223826646804809570e+00
2.224105119705200195e+00
2.224666833877563477e+00
2.225176095962524414e+00
2.225941658020019531e+00
2.226842641830444336e+00
2.228543758392333984e+00
2.228550910949707031e+00
2.229760169982910156e+00
2.230563879013061079e+00
2.231103181838989258e+00
2.230556249618530273e+00
2.232599973678588867e+00
2.233028888702392578e+00
2.234404563903808594e+00
2.235105276107788086e+00
2.235100507736206055e+00
2.237221240997314453e+00
2.237667322158813032e+00
2.237949848175048828e+00
2.238415718078613281e+00
2.239366769790649414e+00
2.240201950073241743e+00
2.241958856582641602e+00
2.242594718933105025e+00
2.243565082550048828e+00
2.244331121444701704e+00
2.244773149490356445e+00
2.246052265167236328e+00
2.247121095657348633e+00
2.246914863586425781e+00
2.247004032135009766e+00
2.248740196228027788e+00
2.250112056732177734e+00
2.251617193222045898e+00
2.252255678176879883e+00
2.251703739166260210e+00
2.253237962722778320e+00
2.252629280090332031e+00
2.253978013992309570e+00
2.254253864288330078e+00
2.255431413650512695e+00
2.256907224655151811e+00
2.257352352142333984e+00
2.257550477981567383e+00
2.259751319885253906e+00
2.260439157485961914e+00
2.260660409927368164e+00
2.262840032577514204e+00
2.262987136840820312e+00
2.262776613235473633e+00
2.264354944229125977e+00
2.265720605850220171e+00
2.263867855072021040e+00
2.265770673751831055e+00
2.266023159027100053e+00
2.267094850540161133e+00
2.267742872238159180e+00
2.268445253372192383e+00
2.269036531448364258e+00
2.269385814666748047e+00
2.270646572113037109e+00
2.271027326583862305e+00
2.270328760147094727e+00
2.270617485046386719e+00
2.269897937774658203e+00
2.269556522369384766e+00
2.269428253173828125e+00
2.269975423812865767e+00
2.271292924880981001e+00
2.271817684173583984e+00
2.273614883422852007e+00
2.272735357284545898e+00
2.274299144744873047e+00
2.274627923965454102e+00
2.276163578033447710e+00
2.275979042053222656e+00
2.276951789855957031e+00
2.278655290603637695e+00
2.279156208038330078e+00
2.280218839645385742e+00
2.281425237655640093e+00
2.283524036407470703e+00
2.284263134002685103e+00
2.285451173782348633e+00
2.286998748779296875e+00
2.287144184112548828e+00
2.288445949554443803e+00
2.289773225784301758e+00
2.288412332534790039e+00
2.289796113967895508e+00
2.291332244873046875e+00
2.291587829589844194e+00
2.292445182800292969e+00
2.293085575103760210e+00
2.293422698974609375e+00
2.293245553970336914e+00
2.294169664382934570e+00
2.294505834579468218e+00
2.292894124984740767e+00
2.294269800186156782e+00
2.294767379760741743e+00
2.296033859252929688e+00
2.296721458435058594e+00
2.296171903610229048e+00
2.296341657638549805e+00
2.297418594360352007e+00
2.297558546066284180e+00
2.299017906188964844e+00
2.299445390701293945e+00
2.301257848739624023e+00
2.301879644393920898e+00
2.302688837051392046e+00
2.304610490798950195e+00
2.303845167160034180e+00
2.304590940475463867e+00
2.306027173995972124e+00
2.306149721145629883e+00
2.307293891906738281e+00
2.308110952377319780e+00
2.309922695159912109e+00
2.310132503509521040e+00
2.311634778976440430e+00
2.312798023223876953e+00
2.312917709350585938e+00
2.313230991363525391e+00
2.312783241271972656e+00
2.311344146728516069e+00
2.312871217727661133e+00
2.314530611038208008e+00
2.315589666366576704e+00
2.315937757492064986e+00
2.317093372344970703e+00
2.318175315856933594e+00
2.318989992141724077e+00
2.319677829742432085e+00
2.319827556610107422e+00
2.320513248443603516e+00
2.320783615112304688e+00
2.320955514907836914e+00
2.322601079940795898e+00
2.323752403259277344e+00
2.323436737060546875e+00
2.324640989303588867e+00
2.324783802032470703e+00
2.325816631317138672e+00
2.326937675476074219e+00
2.328513860702514204e+00
2.328712940216064453e+00
2.329038858413696289e+00
2.329760789871215820e+00
2.329941272735596147e+00
2.331477403640747070e+00
2.331666469573974609e+00
2.332540512084960938e+00
2.335006952285766602e+00
2.334488153457641602e+00
2.336387395858764648e+00
2.336535215377808061e+00
2.336544513702392578e+00
2.339228153228760210e+00
2.339236021041870117e+00
2.340010404586791992e+00
2.341284275054932085e+00
2.341471910476685014e+00
2.342045783996582031e+00
2.343130111694335938e+00
2.344656467437744141e+00
2.344607114791870117e+00
2.344472646713256836e+00
2.344421386718750000e+00
2.344383955001831055e+00
2.346348762512207031e+00
2.346571445465087891e+00
2.347353219985961914e+00
2.349168539047240767e+00
2.349938392639160156e+00
2.350864887237548828e+00
2.350667715072631836e+00
2.352119207382201704e+00
2.353176116943359819e+00
2.353317260742187500e+00
2.354073762893676758e+00
2.355459928512572798e+00
2.356268167495727539e+00
2.357674360275268999e+00
2.358427286148071733e+00
2.360106706619262695e+00
2.361533880233764648e+00
2.361263751983642578e+00
2.362541675567626953e+00
2.363169670104980469e+00
2.363752365112304688e+00
2.364647150039673296e+00
2.365166664123535156e+00
2.366729021072388139e+00
2.366351366043090820e+00
2.367361307144165039e+00
2.368163824081420898e+00
2.368937253952026367e+00
2.369719982147216797e+00
2.370517253875732422e+00
2.370977163314819780e+00
2.372448444366455078e+00
2.372519969940185103e+00
2.374059677124023438e+00
2.374284505844115767e+00
2.375539541244506836e+00
2.375121355056762695e+00
2.375981092453002930e+00
2.376224994659423828e+00
2.376641273498535156e+00
2.378063201904296875e+00
2.379088878631591797e+00
2.379020690917968750e+00
2.380395650863647461e+00
2.381257057189941406e+00
2.381282091140747070e+00
2.382134914398193359e+00
2.382660388946533203e+00
2.383518218994140625e+00
2.384657382965087891e+00
2.385080337524414062e+00
2.385816335678100586e+00
2.385781526565552202e+00
2.386687517166137695e+00
2.388127803802490234e+00
2.388013839721680132e+00
2.388697862625122070e+00
2.390845298767089844e+00
2.390809535980224609e+00
2.391911745071411133e+00
2.392658710479736328e+00
2.392565488815308061e+00
2.393402338027954102e+00
2.395532846450805664e+00
2.395277500152587891e+00
2.397366523742675781e+00
2.397301197052001953e+00
2.398120164871215820e+00
2.398626565933227539e+00
2.399003744125365767e+00
2.399636745452880859e+00
2.400741815567016602e+00
2.401594161987304688e+00
2.402402639389038086e+00
2.403720855712890181e+00
2.405297994613647461e+00
2.404868841171264648e+00
2.406788110733031782e+00
2.406772613525390181e+00
2.406893253326416016e+00
2.409087419509888139e+00
2.409025907516479492e+00
2.409795522689819780e+00
2.411114692687988281e+00
2.411338090896606445e+00
2.411773681640625000e+00
2.414009571075439453e+00
2.414402484893798828e+00
2.414353370666503906e+00
2.416098117828369141e+00
2.415999174118041992e+00
2.418178081512451172e+00
2.418098211288451704e+00
2.415976285934447798e+00
2.417689561843872070e+00
2.416419982910155806e+00
2.417170286178588867e+00
2.418867349624634233e+00
2.420289754867553711e+00
2.420603752136230469e+00
2.422277688980102539e+00
2.423113346099853072e+00
2.422853946685791016e+00
2.424143314361572266e+00
2.424566984176636186e+00
2.425357341766357422e+00
2.426207780838012695e+00
2.428404092788696289e+00
2.428982496261596680e+00
2.429454088211060014e+00
2.428971052169799805e+00
2.430043697357177734e+00
2.431351423263549805e+00
2.431464910507201704e+00
2.433251619338989258e+00
2.433218240737915039e+00
2.433825254440308061e+00
2.434296846389770508e+00
2.436347484588623047e+00
2.437053918838500977e+00
2.438724279403686523e+00
2.439088344573974609e+00
2.439431190490722656e+00
2.440876483917236328e+00
2.440450906753540039e+00
2.442918777465820312e+00
2.442781925201416016e+00
2.443899869918823242e+00
2.445562124252319780e+00
2.446615219116210938e+00
2.447413444519042969e+00
2.448717594146728516e+00
2.449807405471801758e+00
2.449757814407348633e+00
2.451553583145141602e+00
2.452256917953490767e+00
2.452452659606933594e+00
2.455338478088378906e+00
2.454860448837280273e+00
2.455830097198486328e+00
2.456346035003662109e+00
2.458054065704345703e+00
2.457853794097900391e+00
2.459098339080810547e+00
2.459029197692871094e+00
2.459233283996582031e+00
2.460400342941284180e+00
2.462407350540161133e+00
2.463314294815063477e+00
2.463782787322998047e+00
2.465216159820556641e+00
2.465210199356079102e+00
2.464976072311401367e+00
2.466242074966430664e+00
2.465608358383178711e+00
2.466421842575072798e+00
2.467156648635864258e+00
2.468400955200195757e+00
2.469124555587768999e+00
2.469403028488159180e+00
2.471360206604003906e+00
2.471902847290039062e+00
2.472564697265625000e+00
2.473637342453002930e+00
2.474365234375000000e+00
2.475783348083496094e+00
2.477904081344604492e+00
2.478647947311401367e+00
2.479309082031250000e+00
2.479250669479370117e+00
2.480931043624877930e+00
2.482461214065552202e+00
2.481686592102050781e+00
2.481836795806884766e+00
2.482884168624877930e+00
2.483474493026733398e+00
2.484437942504883257e+00
2.486329078674316406e+00
2.486805438995361328e+00
2.486444950103760210e+00
2.488735675811768022e+00
2.488596677780151811e+00
2.489805221557616743e+00
2.490501642227173296e+00
2.489616632461548296e+00
2.491051435470581055e+00
2.492383956909180132e+00
2.492501020431518555e+00
2.494071722030640093e+00
2.494218111038208008e+00
2.495781421661376953e+00
2.496999263763428178e+00
2.496738910675048828e+00
2.498425483703613281e+00
2.497851371765136719e+00
2.499253988265990767e+00
2.499537467956542969e+00
2.499567985534667969e+00
2.500666618347167969e+00
2.502762556076049805e+00
2.504285335540771484e+00
2.504675388336181641e+00
2.505023479461669922e+00
2.506551027297973633e+00
2.507773876190185103e+00
2.509227275848388672e+00
2.509289503097534180e+00
2.509453296661376953e+00
2.512226343154907227e+00
2.512940168380737305e+00
2.513633728027344194e+00
2.515019416809082031e+00
2.515367746353149414e+00
2.515983819961548296e+00
2.517858982086181641e+00
2.516811370849609375e+00
2.517575740814208984e+00
2.520301580429076704e+00
2.521129846572875977e+00
2.520663261413574219e+00
2.522139310836791992e+00
2.523199558258056641e+00
2.523069620132446289e+00
2.523419141769409180e+00
2.523979663848876953e+00
2.524892807006835938e+00
2.526697635650634766e+00
2.526727199554443803e+00
2.529017448425292969e+00
2.529515027999877930e+00
2.531103372573852539e+00
2.531864881515502930e+00
2.532430171966552734e+00
2.533569812774658203e+00
2.534352779388428178e+00
2.535338401794433594e+00
2.535002231597900391e+00
2.536221027374268022e+00
2.534899234771728516e+00
2.536304473876953125e+00
2.536838054656982422e+00
2.537191390991210938e+00
2.538760662078857422e+00
2.539340496063232422e+00
2.540533304214477095e+00
2.540886640548706055e+00
2.542185783386230469e+00
2.542126893997192383e+00
2.543929100036621094e+00
2.544472694396972656e+00
2.545070648193359819e+00
2.547178030014038086e+00
2.548060655593872070e+00
2.548350811004638672e+00
2.549197435379028320e+00
2.549204111099243164e+00
2.550305128097534180e+00
2.551313400268554688e+00
2.552005052566528320e+00
2.552927017211914062e+00
2.555057764053344727e+00
2.554660558700561079e+00
2.554868698120116743e+00
2.555984735488892046e+00
2.555927515029907227e+00
2.556389331817626953e+00
2.557459831237792969e+00
2.557266712188720703e+00
2.558179140090942383e+00
2.559925317764282227e+00
2.560771465301513672e+00
2.559965610504150391e+00
2.561598539352416992e+00
2.561491250991821289e+00
2.562691926956176758e+00
2.564231157302856445e+00
2.564166545867919922e+00
2.565468311309814453e+00
2.564554929733276367e+00
2.565083026885986328e+00
2.566808938980102539e+00
2.567867279052734375e+00
2.568255662918090820e+00
2.569616317749023438e+00
2.571226596832275391e+00
2.571211099624634233e+00
2.572589874267578125e+00
2.573680639266968218e+00
2.574707031250000000e+00
2.576508998870849609e+00
2.577203035354614258e+00
2.578932523727416992e+00
2.579700469970703125e+00
2.579804897308349609e+00
2.581270217895508257e+00
2.581856250762939453e+00
2.582937479019165039e+00
2.583875894546509233e+00
2.585792303085326704e+00
2.585913896560668945e+00
2.587094068527221680e+00
2.587804079055786133e+00
2.588569641113280806e+00
2.591060161590576172e+00
2.590892791748046875e+00
2.590883731842041016e+00
2.593327999114990234e+00
2.593797445297240767e+00
2.594178199768066406e+00
2.596661806106567383e+00
2.596691131591796875e+00
2.597512483596801758e+00
2.599023580551147461e+00
2.598579645156860352e+00
2.600705385208129883e+00
2.600587606430053711e+00
2.601081848144531250e+00
2.602683544158935547e+00
2.602804183959960938e+00
2.603027105331420898e+00
2.604282617568969727e+00
2.603928089141845703e+00
2.604537248611450195e+00
2.605953693389892578e+00
2.607639074325561079e+00
2.607886075973510742e+00
2.608927726745605025e+00
2.609025478363037109e+00
2.609182834625244141e+00
2.611077070236206055e+00
2.610753774642944336e+00
2.611752748489379883e+00
2.612917184829711914e+00
2.613705873489379883e+00
2.615064382553100586e+00
2.615153074264526367e+00
2.615674257278442383e+00
2.616990804672240767e+00
2.616672039031982422e+00
2.616858959197998047e+00
2.618751525878906250e+00
2.619457483291625977e+00
2.619246959686279741e+00
2.619602441787720171e+00
2.620233774185180664e+00
2.621398448944091797e+00
2.621819972991943803e+00
2.622401237487792969e+00
2.623413801193237305e+00
2.624673366546630859e+00
2.625769138336181641e+00
2.624930620193481001e+00
2.626265764236450195e+00
2.626932621002197266e+00
2.627547025680541992e+00
2.629494667053222656e+00
2.629502296447753906e+00
2.629402399063110352e+00
2.631455183029174805e+00
2.632851362228393555e+00
2.632608413696289062e+00
2.633419990539550781e+00
2.633617162704468218e+00
2.634868860244750977e+00
2.636115550994873047e+00
2.636518716812134233e+00
2.637861013412476030e+00
2.639119863510131836e+00
2.640090942382812500e+00
2.639730691909790039e+00
2.641551017761230469e+00
2.642367601394653320e+00
2.643616437911987749e+00
2.644779682159423828e+00
2.646335840225220171e+00
2.646621227264404297e+00
2.647653579711914062e+00
2.648163795471191406e+00
2.649189949035644531e+00
2.649685621261596680e+00
2.650970220565795898e+00
2.651831626892089844e+00
2.652706623077392578e+00
2.653218984603881836e+00
2.654520750045776367e+00
2.654775381088256836e+00
2.655578374862670898e+00
2.655654668807983398e+00
2.656703472137451172e+00
2.656967401504516602e+00
2.658032417297363725e+00
2.658945322036743164e+00
2.660361528396606445e+00
2.661366701126098189e+00
2.661744594573974609e+00
2.662038803100585938e+00
2.663274526596069336e+00
2.663884162902832031e+00
2.664055585861206055e+00
2.664451360702514204e+00
2.666621923446655718e+00
2.666600227355957031e+00
2.666738033294677734e+00
2.666956663131713867e+00
2.668817996978760210e+00
2.668700218200684038e+00
2.669723272323608398e+00
2.670769929885864258e+00
2.671377182006835938e+00
2.671858549118041992e+00
2.673189401626586914e+00
2.673260688781738281e+00
2.675324440002441406e+00
2.674155950546264648e+00
2.675146579742432085e+00
2.676837444305419922e+00
2.678648948669433594e+00
2.678953170776366743e+00
2.679675579071044922e+00
2.680217027664185014e+00
2.681726694107056108e+00
2.681882619857788086e+00
2.683184146881103516e+00
2.684841156005859819e+00
2.685827493667602539e+00
2.685779809951782227e+00
2.686629772186279741e+00
2.688463211059570312e+00
2.688875198364258257e+00
2.690262794494628906e+00
2.691872119903564453e+00
2.692127943038940430e+00
2.692718982696533203e+00
2.694026947021484375e+00
2.694852828979491743e+00
2.695434331893920898e+00
2.696032762527465820e+00
2.697119474411010742e+00
2.698298931121826172e+00
2.699146986007690430e+00
2.701266288757324219e+00
2.701257228851318359e+00
2.702258348464965820e+00
2.703978300094604492e+00
2.704495191574096680e+00
2.706614494323730469e+00
2.707639217376708984e+00
2.708065032958984375e+00
2.709307909011840820e+00
2.710276842117309570e+00
2.711594343185424805e+00
2.712102890014648438e+00
2.713701009750365767e+00
2.714992284774780273e+00
2.714160203933715820e+00
2.715367078781127930e+00
2.717250347137451172e+00
2.718294858932495117e+00
2.718993902206420898e+00
2.719430923461914062e+00
2.721360921859740767e+00
2.721385478973388672e+00
2.722310543060302734e+00
2.723103523254394531e+00
2.724272012710571733e+00
2.724965095520019531e+00
2.725992918014526367e+00
2.726999282836914062e+00
2.727675199508666992e+00
2.729070901870727539e+00
2.730054378509521040e+00
2.730895757675170898e+00
2.731624364852905273e+00
2.732050657272338867e+00
2.732102632522583008e+00
2.732741594314575195e+00
2.733491659164428711e+00
2.734480142593384233e+00
2.735294818878173828e+00
2.736071109771728516e+00
2.737797737121582031e+00
2.737522363662720171e+00
2.739956617355346680e+00
2.740981578826904297e+00
2.742599964141845703e+00
2.742753982543945312e+00
2.743893861770629883e+00
2.745229244232177734e+00
2.745868921279907227e+00
2.746863126754760742e+00
2.748035192489624023e+00
2.749556779861450195e+00
2.751055955886840820e+00
2.751193523406982422e+00
2.750492095947265625e+00
2.750897169113159180e+00
2.753133296966552734e+00
2.753894090652465820e+00
2.753793001174926758e+00
2.755892038345336914e+00
2.756578683853149414e+00
2.758210897445678711e+00
2.758259534835815430e+00
2.760687351226806197e+00
2.761094331741333008e+00
2.761727571487426758e+00
2.763018369674682617e+00
2.764272689819335938e+00
2.765451669692993164e+00
2.765240669250488281e+00
2.765541553497314453e+00
2.766187191009521040e+00
2.766724109649658203e+00
2.768841981887817383e+00
2.769773483276366743e+00
2.771138429641724077e+00
2.772215366363525391e+00
2.772766113281250000e+00
2.773226499557495117e+00
2.773924112319946289e+00
2.774399042129516602e+00
2.774659872055053711e+00
2.776090383529663086e+00
2.776845455169677734e+00
2.778479576110839844e+00
2.780174732208251953e+00
2.780403614044189009e+00
2.781505584716796875e+00
2.782998800277709961e+00
2.783052444458008257e+00
2.784358501434326172e+00
2.783498764038085938e+00
2.785420179367064986e+00
2.785336971282958984e+00
2.786326408386230469e+00
2.786729574203490767e+00
2.788836479187012163e+00
2.789122104644775391e+00
2.789552211761474609e+00
2.789390087127685103e+00
2.790763139724731445e+00
2.792054891586304155e+00
2.793076038360596147e+00
2.793262958526611772e+00
2.795339584350585938e+00
2.795480966567993164e+00
2.796429634094238281e+00
2.796616077423096147e+00
2.797874927520751953e+00
2.798597335815429688e+00
2.799266338348388672e+00
2.800354957580566406e+00
2.800832986831665039e+00
2.802077293395996094e+00
2.802200794219970703e+00
2.804543018341064453e+00
2.804847717285155806e+00
2.805999279022216797e+00
2.805543661117553711e+00
2.807040214538574219e+00
2.808917760848999023e+00
2.809164762496947798e+00
2.811280250549316406e+00
2.812616109848022461e+00
2.812683105468750000e+00
2.812964677810668945e+00
2.813732624053955078e+00
2.814951181411743164e+00
2.816698312759399414e+00
2.816493034362792969e+00
2.817528724670410156e+00
2.819589853286743164e+00
2.820401430130004883e+00
2.821333885192871094e+00
2.823118686676025391e+00
2.823596715927123579e+00
2.825284719467163086e+00
2.825469732284546343e+00
2.825448036193848100e+00
2.827577829360961914e+00
2.827906847000122070e+00
2.828303337097167969e+00
2.830393552780151811e+00
2.830911636352538618e+00
2.831024885177612305e+00
2.833988189697265625e+00
2.833662748336791992e+00
2.833541870117187500e+00
2.835824012756348100e+00
2.836996078491211382e+00
2.836769580841064453e+00
2.838296413421631303e+00
2.839491605758666992e+00
2.839805841445923296e+00
2.841332674026489258e+00
2.842244625091552734e+00
2.843778610229491743e+00
2.844258546829224077e+00
2.845834016799926758e+00
2.845426797866821289e+00
2.847277641296386719e+00
2.847979307174682617e+00
2.848849296569823775e+00
2.850235939025878906e+00
2.850688695907592773e+00
2.851928472518921343e+00
2.852068185806274414e+00
2.854539871215820312e+00
2.854686975479126421e+00
2.855224370956421343e+00
2.855759859085083008e+00
2.856568813323974609e+00
2.857959032058716264e+00
2.859432458877563477e+00
2.860131978988647461e+00
2.861228466033935547e+00
2.863261222839355469e+00
2.863554477691650391e+00
2.863767147064208984e+00
2.865619421005248579e+00
2.866380929946899414e+00
2.867491245269775391e+00
2.868604898452758789e+00
2.868673801422118697e+00
2.870160818099976030e+00
2.871744394302368164e+00
2.871695756912231445e+00
2.873173952102661133e+00
2.875087499618530273e+00
2.875070571899413618e+00
2.876276969909667969e+00
2.877676725387572798e+00
2.878778457641601562e+00
2.880690097808837891e+00
2.880522489547729048e+00
2.880202054977416992e+00
2.881250858306884766e+00
2.883084535598754883e+00
2.883296966552734375e+00
2.885006904602051225e+00
2.885952472686768022e+00
2.885851621627808061e+00
2.887189149856567383e+00
2.887452840805053711e+00
2.888831853866576704e+00
2.890327930450439453e+00
2.890234470367432085e+00
2.892732620239258257e+00
2.892464160919189009e+00
2.893637180328368697e+00
2.894229173660278320e+00
2.894808769226073775e+00
2.896344661712646484e+00
2.897099733352661133e+00
2.897551298141479492e+00
2.899142742156982422e+00
2.900302410125732422e+00
2.900558948516845703e+00
2.900898694992064986e+00
2.902164936065673828e+00
2.902994155883788618e+00
2.903786659240722656e+00
2.905487537384033203e+00
2.906222581863403764e+00
2.906954288482666016e+00
2.908075809478760210e+00
2.908366441726685014e+00
2.909467697143554688e+00
2.910874128341674805e+00
2.910948276519775391e+00
2.912289857864379883e+00
2.912156581878662109e+00
2.914894104003906250e+00
2.914656877517700195e+00
2.915374755859375000e+00
2.916702747344970703e+00
2.918017625808716264e+00
2.918709278106689009e+00
2.920063972473144531e+00
2.921467542648315430e+00
2.921477317810058594e+00
2.921932935714721680e+00
2.923064231872558594e+00
2.923619747161864790e+00
2.926887035369873047e+00
2.926840305328368697e+00
2.927348136901855469e+00
2.929175615310668945e+00
2.928781986236572266e+00
2.929102182388305664e+00
2.931736230850220171e+00
2.932534694671631303e+00
2.933356523513793945e+00
2.935613632202148438e+00
2.936050176620483398e+00
2.936805963516235796e+00
2.937203168869018555e+00
2.937966585159301758e+00
2.939510822296142578e+00
2.940377235412597656e+00
2.940809249877929688e+00
2.941857099533081055e+00
2.943344354629516602e+00
2.943909645080566406e+00
2.944903135299682617e+00
2.945561885833739790e+00
2.946698427200317383e+00
2.947900056838989258e+00
2.949228525161743164e+00
2.949190616607666016e+00
2.949950695037841797e+00
2.951149940490722656e+00
2.952134609222412109e+00
2.952840566635131836e+00
2.954248189926147461e+00
2.954359292984008789e+00
2.955267906188964844e+00
2.955545902252197266e+00
2.957718849182128906e+00
2.957747220993041992e+00
2.958575725555419922e+00
2.960211753845214844e+00
2.960031509399413618e+00
2.961162090301513672e+00
2.962331295013428178e+00
2.962837696075439453e+00
2.964130163192748579e+00
2.964879989624023438e+00
2.965449571609497070e+00
2.966300725936889648e+00
2.968238592147826704e+00
2.968162536621093750e+00
2.968888998031616211e+00
2.969436407089233398e+00
2.970534801483154297e+00
2.971817255020141602e+00
2.972478628158569336e+00
2.973116159439086914e+00
2.974241018295288086e+00
2.975419044494628906e+00
2.975202083587646484e+00
2.977561712265014204e+00
2.977573633193969727e+00
2.978779792785644531e+00
2.979366064071655718e+00
2.980423212051392046e+00
2.981524229049682617e+00
2.982486248016357422e+00
2.982700586318969727e+00
2.983904361724853072e+00
2.984448194503783736e+00
2.985743761062622070e+00
2.985533714294433594e+00
2.986871004104614258e+00
2.987957000732421875e+00
2.988975524902344194e+00
2.988907814025878906e+00
2.990150213241576704e+00
2.990874528884888139e+00
2.992141723632812500e+00
2.992903947830200195e+00
2.995212078094482422e+00
2.995239973068237305e+00
2.995488882064819780e+00
2.997144699096680132e+00
2.997021198272705078e+00
2.996900796890258789e+00
2.999307155609131303e+00
2.999944448471069336e+00
3.001303911209106445e+00
3.003554105758666992e+00
3.004070281982421875e+00
3.004516601562500000e+00
3.004586219787597656e+00
3.005585670471191406e+00
3.005902528762817383e+00
3.007343530654907227e+00
3.006856441497802734e+00
3.009730815887451172e+00
3.009547233581542969e+00
3.010120868682861328e+00
3.010929107666016069e+00
3.011456489562988281e+00
3.011721849441528320e+00
3.013904809951782227e+00
3.013787031173706055e+00
3.015368700027466264e+00
3.016474246978760210e+00
3.016778945922852007e+00
3.016281604766845703e+00
3.018067121505737305e+00
3.018951177597046343e+00
3.020173788070678711e+00
3.020913839340209961e+00
3.021723031997680664e+00
3.022856712341308594e+00
3.023458242416381836e+00
3.023873805999756303e+00
3.024840354919433594e+00
3.025938749313354492e+00
3.026670455932616743e+00
3.028046369552612305e+00
3.028280496597290039e+00
3.029593944549560547e+00
3.029702901840209961e+00
3.030816078186035156e+00
3.032363653182983398e+00
3.032590627670288086e+00
3.034174919128417969e+00
3.035610675811768022e+00
3.037086725234985352e+00
3.036946058273315430e+00
3.037303209304809570e+00
3.039413690567016602e+00
3.038952350616455078e+00
3.041696548461913618e+00
3.043107271194458008e+00
3.043146133422852007e+00
3.043780326843261719e+00
3.043999195098876953e+00
3.045365095138549805e+00
3.045987844467163086e+00
3.046767950057983398e+00
3.048811197280883789e+00
3.048727273941040039e+00
3.050505638122558594e+00
3.050462961196899414e+00
3.052934169769287109e+00
3.053535938262939453e+00
3.053053140640258789e+00
3.054192304611206055e+00
3.054361581802368164e+00
3.055535554885864258e+00
3.056674718856811523e+00
3.056920051574707031e+00
3.057991504669189009e+00
3.058393478393554688e+00
3.059208393096923828e+00
3.060502767562866211e+00
3.062534332275390181e+00
3.063901662826538086e+00
3.064620494842529297e+00
3.064627170562743697e+00
3.065773963928222656e+00
3.066838979721069336e+00
3.068282842636108398e+00
3.069330930709838867e+00
3.070760726928711382e+00
3.071365356445312500e+00
3.071369171142578125e+00
3.072727680206298828e+00
3.074031829833984375e+00
3.075539112091064453e+00
3.076847076416016069e+00
3.076701164245605025e+00
3.077972173690796343e+00
3.077461481094360352e+00
3.081050157546997070e+00
3.080725669860839844e+00
3.082161426544189009e+00
3.082212924957275391e+00
3.083839893341064453e+00
3.083539009094238281e+00
3.084736585617064986e+00
3.085462570190429688e+00
3.087762594223022461e+00
3.087873458862304688e+00
3.088701009750366211e+00
3.089439868927001953e+00
3.089625835418701172e+00
3.092279195785522461e+00
3.092033386230468750e+00
3.092993497848510742e+00
3.093374252319336382e+00
3.094225406646728516e+00
3.095277309417724609e+00
3.096704006195068359e+00
3.097856044769287109e+00
3.099938392639160156e+00
3.100464582443237305e+00
3.100566864013671875e+00
3.103231906890868697e+00
3.103230714797973633e+00
3.102942228317260742e+00
3.105755090713501421e+00
3.105590105056762695e+00
3.105447292327881303e+00
3.107071638107299805e+00
3.107451915740966797e+00
3.109065532684326172e+00
3.109705209732056108e+00
3.111197710037231445e+00
3.110894918441772461e+00
3.111887931823730469e+00
3.112621784210205078e+00
3.112468004226685014e+00
3.113966941833496094e+00
3.115249395370483398e+00
3.115840673446655718e+00
3.116584300994873047e+00
3.117550134658813032e+00
3.118918657302856445e+00
3.119128465652466264e+00
3.118995189666748047e+00
3.121527910232543945e+00
3.121668338775634766e+00
3.122411012649536133e+00
3.123886823654174805e+00
3.124642610549926758e+00
3.124444961547852007e+00
3.125343799591064453e+00
3.127464532852173296e+00
3.127548933029174805e+00
3.127935886383056641e+00
3.129843473434447798e+00
3.130312204360961914e+00
3.131139755249023438e+00
3.132015466690063477e+00
3.132079362869262695e+00
3.133043050765991211e+00
3.133714199066162109e+00
3.136082887649536133e+00
3.136709213256836382e+00
3.137735605239868164e+00
3.139155626296997070e+00
3.139939308166503906e+00
3.140504121780395508e+00
3.141402721405029297e+00
3.142139911651611772e+00
3.142176628112792969e+00
3.145064115524291992e+00
3.145065784454345703e+00
3.145256519317626953e+00
3.146267175674438477e+00
3.146211862564086914e+00
3.147160291671752930e+00
3.148678064346313032e+00
3.149709701538086382e+00
3.149405956268310547e+00
3.150835752487182617e+00
3.152093887329101562e+00
3.151744604110717773e+00
3.154082298278808594e+00
3.154480934143066406e+00
3.156102657318115234e+00
3.156157255172729048e+00
3.157567501068115234e+00
3.158844232559203657e+00
3.159855365753173828e+00
3.160891294479370117e+00
3.162160396575928178e+00
3.162439823150634766e+00
3.162843942642211914e+00
3.164611577987671343e+00
3.165658712387084961e+00
3.166651248931884766e+00
3.167588949203491211e+00
3.167981147766113281e+00
3.169434309005737305e+00
3.169756174087524414e+00
3.171176910400390181e+00
3.172702550888061079e+00
3.173746585845947710e+00
3.175062417984008789e+00
3.176050424575805664e+00
3.176185131072998047e+00
3.177535533905029297e+00
3.178294420242309570e+00
3.179400682449341264e+00
3.179015874862671343e+00
3.180000066757201704e+00
3.183241367340087891e+00
3.183526515960693359e+00
3.185383558273315430e+00
3.186527967453002930e+00
3.187184810638428178e+00
3.186687231063842773e+00
3.187164068222046343e+00
3.189782142639160156e+00
3.189791440963745117e+00
3.191152334213256836e+00
3.192137479782104492e+00
3.192907333374023438e+00
3.193903923034667969e+00
3.194490194320678711e+00
3.195115566253662109e+00
3.195573329925537109e+00
3.196913242340087891e+00
3.198164224624633789e+00
3.198156833648681641e+00
3.199030876159667969e+00
3.200053691864013672e+00
3.200844526290893555e+00
3.201380491256713867e+00
3.202887773513793945e+00
3.203983783721923828e+00
3.205237865447998047e+00
3.205517053604126421e+00
3.206566572189331055e+00
3.207041501998901367e+00
3.207103013992309570e+00
3.208410978317260742e+00
3.209748268127441406e+00
3.210861682891845703e+00
3.210639715194701704e+00
3.211414337158203125e+00
3.212989091873168945e+00
3.214420795440673828e+00
3.214751720428466797e+00
3.214144706726073775e+00
3.215312480926513672e+00
3.215278863906860352e+00
3.216544628143310547e+00
3.218634843826293945e+00
3.220363616943359819e+00
3.221385717391968218e+00
3.221492290496826172e+00
3.221963167190552202e+00
3.223300933837890181e+00
3.223171710968017578e+00
3.223953962326049805e+00
3.225702285766601562e+00
3.226391792297363725e+00
3.226994752883911133e+00
3.228019237518310547e+00
3.227873086929321289e+00
3.229542970657348633e+00
3.230262279510498047e+00
3.231356143951416016e+00
3.230910301208496094e+00
3.231947183609008789e+00
3.232292890548706055e+00
3.233221530914306197e+00
3.236093044281006303e+00
3.236449480056762695e+00
3.237095117568969727e+00
3.237324953079224077e+00
3.237991809844970703e+00
3.238946199417114258e+00
3.239593744277953657e+00
3.239804029464721680e+00
3.239289999008178711e+00
3.241220474243163618e+00
3.242266416549682617e+00
3.242058753967285156e+00
3.243615627288818359e+00
3.244569063186645064e+00
3.244565725326538086e+00
3.246238708496093750e+00
3.246026754379272461e+00
3.246083736419677734e+00
3.246896505355834961e+00
3.249317169189453125e+00
3.247809886932373047e+00
3.248943328857421875e+00
3.248839378356933594e+00
3.250545024871826172e+00
3.251169681549072266e+00
3.251744508743286133e+00
3.253862857818603516e+00
3.254178285598754883e+00
3.254864454269408736e+00
3.255999326705932617e+00
3.256397962570190430e+00
3.256980419158935547e+00
3.259137630462646484e+00
3.258876085281372070e+00
3.259526968002319780e+00
3.260894060134888139e+00
3.263418674468993697e+00
3.260923624038696289e+00
3.263078212738037109e+00
3.263437747955322266e+00
3.263832092285155806e+00
3.264940023422241211e+00
3.265711069107056108e+00
3.265579700469970703e+00
3.266191959381103516e+00
3.267440795898437056e+00
3.269025087356567383e+00
3.269005298614501953e+00
3.270676374435424805e+00
3.270773410797118697e+00
3.273747682571411133e+00
3.273393154144287109e+00
3.273522615432739702e+00
3.274008989334106445e+00
3.277054071426392046e+00
3.277282476425171343e+00
3.277383565902709961e+00
3.279124259948730469e+00
3.280466318130493164e+00
3.280147790908813032e+00
3.280845642089844194e+00
3.281621694564819780e+00
3.281893730163573775e+00
3.283980369567871094e+00
3.284345865249633789e+00
3.284536361694336382e+00
3.286142110824584961e+00
3.288126468658447710e+00
3.289900064468383789e+00
3.288739204406738281e+00
3.290524244308472124e+00
3.290470838546752930e+00
3.291790008544921875e+00
3.292145729064941406e+00
3.293465375900268999e+00
3.294462680816650391e+00
3.294289827346801758e+00
3.294960498809814453e+00
3.296268939971923828e+00
3.296603918075561079e+00
3.296586751937866211e+00
3.297740459442138672e+00
3.298543691635131836e+00
3.300032377243041992e+00
3.299697875976562500e+00
3.300121068954468218e+00
3.301547050476073775e+00
3.301958799362182617e+00
3.303493738174438477e+00
3.303051710128783736e+00
3.303444385528564453e+00
3.303888797760009766e+00
3.304114818572998047e+00
3.305384397506713867e+00
3.306785583496093750e+00
3.306738376617432085e+00
3.307120800018310547e+00
3.309215068817138672e+00
3.309280395507812500e+00
3.310494899749756303e+00
3.313441276550292969e+00
3.313351869583129883e+00
3.313891172409057617e+00
3.314675807952881303e+00
3.314520597457885742e+00
3.316591024398804155e+00
3.318059921264648438e+00
3.318183183670043945e+00
3.319519042968750000e+00
3.320641040802001953e+00
3.322224140167236328e+00
3.322314023971557617e+00
3.323416471481323242e+00
3.324917554855346680e+00
3.324574708938598189e+00
3.326968431472778320e+00
3.327341794967651811e+00
3.328853845596313032e+00
3.330521821975708008e+00
3.330575704574584961e+00
3.332398891448974609e+00
3.332653045654296875e+00
3.334061861038208008e+00
3.335255861282348633e+00
3.335942745208739790e+00
3.336671590805053711e+00
3.338652849197388139e+00
3.338053703308105025e+00
3.338724374771118164e+00
3.339770078659057617e+00
3.340226411819458008e+00
3.339509725570678711e+00
3.341514825820923296e+00
3.342359304428100586e+00
3.343133211135864258e+00
3.345558404922485352e+00
3.345515727996826172e+00
3.346948146820068359e+00
3.346853017807006836e+00
3.348817586898804155e+00
3.348913192749023438e+00
3.350929260253906250e+00
3.351097106933593750e+00
3.352860212326049805e+00
3.352831125259399414e+00
3.353991508483886719e+00
3.353878736495972124e+00
3.355394363403320312e+00
3.356501102447509766e+00
3.357562065124512163e+00
3.358240604400634766e+00
3.357704877853393555e+00
3.359544992446899414e+00
3.359453678131103516e+00
3.360473632812500000e+00
3.362490415573120117e+00
3.363153934478760210e+00
3.363293409347533736e+00
3.365165233612060547e+00
3.364768028259277344e+00
3.366809606552123579e+00
3.366169214248656782e+00
3.367238759994506836e+00
3.367607831954956055e+00
3.369445085525512695e+00
3.370817661285400391e+00
3.371186494827270508e+00
3.372538805007934570e+00
3.372253417968750000e+00
3.374047517776489258e+00
3.374393701553344727e+00
3.374995708465576172e+00
3.377042770385741743e+00
3.377188920974731445e+00
3.377936363220214844e+00
3.379462957382201704e+00
3.379850149154663086e+00
3.380896091461181641e+00
3.381556987762451172e+00
3.382898807525634766e+00
3.383006811141968218e+00
3.383003950119018555e+00
3.384150505065917969e+00
3.385059833526611772e+00
3.385125637054443803e+00
3.388291835784912109e+00
3.388365268707275391e+00
3.389913558959961382e+00
3.390723466873168945e+00
3.391501188278198242e+00
3.392120122909546343e+00
3.392014741897583008e+00
3.394512653350830078e+00
3.393956422805786133e+00
3.394401311874389648e+00
3.395512580871582031e+00
3.396110296249389648e+00
3.396912097930908203e+00
3.398569583892822266e+00
3.399106025695801225e+00
3.402373313903808594e+00
3.402687788009643999e+00
3.404087305068969727e+00
3.404998302459716797e+00
3.405931711196899414e+00
3.406473398208618164e+00
3.408165693283081055e+00
3.408529043197631836e+00
3.408220529556274414e+00
3.410959243774413618e+00
3.410924434661864790e+00
3.411768436431884766e+00
3.413227796554564986e+00
3.415066480636596680e+00
3.415180444717407227e+00
3.416385173797607422e+00
3.418144464492798296e+00
3.418226957321166992e+00
3.420134544372558594e+00
3.419791460037231445e+00
3.420458793640136719e+00
3.423463344573974609e+00
3.422857522964477095e+00
3.424924612045288086e+00
3.425207376480102539e+00
3.426537752151489258e+00
3.427798271179198775e+00
3.429231405258178711e+00
3.429466485977173296e+00
3.431510210037231445e+00
3.431206703186035156e+00
3.432634592056274414e+00
3.433604240417480469e+00
3.433372020721435547e+00
3.434877157211304155e+00
3.435361146926879883e+00
3.436016559600830078e+00
3.436007022857666016e+00
3.437670230865478516e+00
3.438552141189575195e+00
3.439089775085448775e+00
3.440641403198241743e+00
3.441314220428466797e+00
3.442985296249389648e+00
3.443335056304932085e+00
3.442916393280029297e+00
3.442532062530517578e+00
3.444401979446411133e+00
3.445637702941894531e+00
3.446287870407104492e+00
3.448583126068115234e+00
3.448587179183959961e+00
3.448458433151245117e+00
3.449378967285155806e+00
3.448590993881225586e+00
3.449738025665283203e+00
3.450493335723876953e+00
3.450747966766357422e+00
3.451550960540771484e+00
3.453233957290649414e+00
3.454161167144775391e+00
3.454977989196777344e+00
3.454702615737915039e+00
3.455682992935180664e+00
3.455501079559326172e+00
3.456932783126831055e+00
3.456816673278808594e+00
3.457549810409546343e+00
3.457347154617309570e+00
3.458484411239623579e+00
3.459227323532104492e+00
3.459301948547363725e+00
3.460704326629638672e+00
3.460250377655029297e+00
3.460002660751342773e+00
3.460914373397826704e+00
3.460780620574951172e+00
3.462267637252808061e+00
3.463634014129638672e+00
3.464449644088745117e+00
3.465421676635741743e+00
3.465967893600463867e+00
3.466474771499633789e+00
3.466404914855957031e+00
3.467782020568848100e+00
3.468256950378417969e+00
3.467760086059570312e+00
3.469149827957153320e+00
3.468779802322388139e+00
3.469972848892211914e+00
3.470090150833129883e+00
3.471436738967895508e+00
3.471607208251953125e+00
3.472380638122558594e+00
3.471951484680176225e+00
3.474580049514770508e+00
3.474995613098144531e+00
3.477008819580078125e+00
3.476746320724487749e+00
3.477263927459716797e+00
3.478504896163940430e+00
3.479399919509888139e+00
3.480388402938842773e+00
3.479715108871459961e+00
3.482109785079956055e+00
3.481536865234375000e+00
3.482694864273071733e+00
3.485214948654174805e+00
3.484707355499268022e+00
3.486056804656982422e+00
3.487229347229003906e+00
3.487398386001586914e+00
3.488187551498413086e+00
3.490234136581421343e+00
3.491128444671631303e+00
3.491100549697876421e+00
3.491636991500854492e+00
3.492551326751708984e+00
3.492694616317748579e+00
3.493742942810058594e+00
3.494963169097900391e+00
3.494963169097900391e+00
3.495369195938110352e+00
3.497416734695434570e+00
3.497553825378417969e+00
3.499589204788208008e+00
3.498902082443237305e+00
3.500104427337646484e+00
3.499339580535888672e+00
3.500504970550537109e+00
3.499858856201171875e+00
3.501207351684570312e+00
3.502155780792236328e+00
3.503842592239379883e+00
3.504476547241211382e+00
3.505418062210083008e+00
3.505207061767578125e+00
3.505104064941406250e+00
3.506336212158203125e+00
3.506770849227905273e+00
3.507367849349976030e+00
3.508726835250854492e+00
3.509141206741333008e+00
3.511906623840332031e+00
3.511583089828491211e+00
3.512273311614990234e+00
3.512633085250854492e+00
3.512782573699951172e+00
3.512447595596313032e+00
3.515585899353027788e+00
3.515892028808593750e+00
3.515909194946288618e+00
3.517050743103027788e+00
3.517221689224243164e+00
3.519381284713745117e+00
3.519844055175780806e+00
3.519980192184447798e+00
3.522233247756958008e+00
3.521722793579101562e+00
3.521577358245849609e+00
3.523437500000000000e+00
3.524919748306274414e+00
3.524959564208984375e+00
3.526737451553344727e+00
3.527351856231689009e+00
3.526931047439575195e+00
3.529414653778076172e+00
3.528910875320434570e+00
3.528809309005737305e+00
3.530251026153564453e+00
3.530119419097900391e+00
3.530818939208984375e+00
3.533167839050292969e+00
3.533149957656860352e+00
3.533027410507201704e+00
3.535248279571533203e+00
3.536489486694336382e+00
3.537354230880737305e+00
3.537279605865478516e+00
3.538987159729003906e+00
3.538931846618652344e+00
3.539066076278686523e+00
3.540251731872558594e+00
3.542445898056030273e+00
3.542126893997192383e+00
3.542473793029785156e+00
3.543153524398804155e+00
3.544159173965453657e+00
3.543263673782348633e+00
3.544705867767333984e+00
3.544118642807006836e+00
3.545127630233764648e+00
3.546623945236206055e+00
3.546420574188232422e+00
3.546821355819701704e+00
3.547382831573486328e+00
3.547567844390868697e+00
3.549580335617064986e+00
3.549677133560180664e+00
3.551209688186645064e+00
3.552459716796875000e+00
3.552309513092041016e+00
3.552304744720458984e+00
3.553692340850830078e+00
3.553686857223510742e+00
3.555081844329833984e+00
3.556996822357177734e+00
3.556849718093872070e+00
3.557216882705688477e+00
3.558845281600951704e+00
3.559183359146118164e+00
3.559895753860473633e+00
3.559749126434326172e+00
3.559883356094360352e+00
3.561787366867064986e+00
3.562675952911376953e+00
3.564201593399048296e+00
3.564147472381591797e+00
3.564036607742309570e+00
3.563685894012451172e+00
3.563388824462890181e+00
3.565439462661743164e+00
3.566154956817626953e+00
3.566918373107910156e+00
3.567445039749145064e+00
3.568306207656860352e+00
3.569067001342772993e+00
3.568865299224853072e+00
3.569358587265014204e+00
3.570113658905029297e+00
3.571681261062622070e+00
3.573372840881348100e+00
3.572898387908935547e+00
3.572743654251098189e+00
3.573626518249512163e+00
3.574753046035766602e+00
3.574115991592407227e+00
3.574883222579956055e+00
3.576100826263428178e+00
3.576793909072876421e+00
3.577500104904174805e+00
3.580322265625000000e+00
3.580644369125366211e+00
3.582387208938598189e+00
3.582115888595581055e+00
3.583044767379760742e+00
3.584245204925537109e+00
3.584651231765747070e+00
3.585149049758911133e+00
3.585571050643921343e+00
3.587636709213256836e+00
3.589579820632934570e+00
3.591223239898681641e+00
3.591808795928955078e+00
3.591915607452392578e+00
3.593225240707397017e+00
3.593807220458984375e+00
3.595001220703125000e+00
3.594972848892211914e+00
3.594790697097778320e+00
3.597576856613158736e+00
3.597720861434936523e+00
3.598094224929809570e+00
3.600114583969116211e+00
3.599976062774658203e+00
3.600681543350220171e+00
3.601059198379516602e+00
3.601265668869018555e+00
3.603150129318236861e+00
3.603419303894042969e+00
3.603519916534423828e+00
3.604156017303466797e+00
3.604691505432128906e+00
3.606826782226562500e+00
3.605855941772461382e+00
3.607998132705688921e+00
3.608887910842895952e+00
3.608856916427611861e+00
3.609545946121216264e+00
3.608347415924071822e+00
3.608009338378905806e+00
3.608754873275756836e+00
3.610032796859741211e+00
3.609544038772583008e+00
3.611155271530151811e+00
3.610303401947021484e+00
3.610664367675780806e+00
3.610963582992553711e+00
3.611345767974853516e+00
3.611640930175780806e+00
3.611698627471923828e+00
3.611619234085083008e+00
3.612632274627685547e+00
3.612277030944823775e+00
3.612580060958862305e+00
3.612831592559815341e+00
3.613920450210571289e+00
3.614437103271484819e+00
3.614374876022338867e+00
3.614553451538086382e+00
3.614278316497802290e+00
3.614260196685791016e+00
3.614209890365600586e+00
3.614186286926269531e+00
3.614088058471680132e+00
3.615085840225220171e+00
3.614855766296386275e+00
3.614548683166503906e+00
3.614848613739013672e+00
3.615163326263428178e+00
3.613968372344970259e+00
3.614160776138305664e+00
3.614030361175537109e+00
3.613554239273071289e+00
3.613642692565917969e+00
3.612373828887939897e+00
3.612882852554320845e+00
3.613443374633788618e+00
3.612759351730346236e+00
3.613737583160399947e+00
3.612800359725951704e+00
3.612286567687987837e+00
3.612208127975463867e+00
3.611497879028319868e+00
3.611452579498291016e+00
3.611643075942993164e+00
3.610683917999268022e+00
3.610189199447631836e+00
3.610318899154663086e+00
3.610725164413451704e+00
3.610027551651001421e+00
3.610304594039916992e+00
3.609661340713501421e+00
3.609308004379272905e+00
3.608268976211548296e+00
3.608460426330566406e+00
3.608136653900146484e+00
3.609060764312743697e+00
3.607980966567993164e+00
3.608306407928466797e+00
3.608005285263061523e+00
3.607683897018432617e+00
3.607339382171631303e+00
3.607071876525878906e+00
3.606972932815552202e+00
3.606999158859252930e+00
3.606975078582764116e+00
3.606859922409057617e+00
3.606801509857177734e+00
3.607278347015381303e+00
3.605427742004394531e+00
3.606066703796386275e+00
3.606003284454345703e+00
3.605703830718993697e+00
3.605510711669921875e+00
3.605448961257935014e+00
3.605035066604614258e+00
3.604958534240722212e+00
3.604667901992798296e+00
3.604409456253052202e+00
3.604807615280151811e+00
3.604092359542847124e+00
3.604030847549439365e+00
3.604002952575684038e+00
3.603610754013061523e+00
3.603590250015258789e+00
3.604187965393065518e+00
3.604032754898071289e+00
3.603286981582641602e+00
3.602620124816894531e+00
3.602591276168823242e+00
3.601824760437012163e+00
3.601565599441528320e+00
3.601939439773560014e+00
3.601289749145508257e+00
3.600885629653930664e+00
3.601188898086548296e+00
3.600710153579711914e+00
3.600885152816772461e+00
3.600170373916626421e+00
3.600182771682739702e+00
3.600258827209472656e+00
3.600470066070556641e+00
3.601279973983764648e+00
3.601120233535766602e+00
3.601234197616576704e+00
3.600570917129516602e+00
3.600499868392944336e+00
3.600128173828125000e+00
3.600564241409301758e+00
3.599967956542968750e+00
3.599636554718017578e+00
3.599438667297363725e+00
3.601707458496093750e+00
3.601373434066772461e+00
3.601469516754150391e+00
3.601659059524536133e+00
3.601170301437377930e+00
3.601418495178222656e+00
3.601050615310668945e+00
3.599966526031493697e+00
3.600282430648804155e+00
3.598929882049560547e+00
3.600518941879272461e+00
3.600053787231445312e+00
3.600453376770019531e+00
3.601750612258911133e+00
3.601920843124389648e+00
3.602670907974243164e+00
3.601557493209838867e+00
3.601962327957153320e+00
3.600435733795166016e+00
3.599580764770508257e+00
3.600835323333739790e+00
3.599614143371582031e+00
3.599209785461426225e+00
3.599731683731078657e+00
3.600493669509888139e+00
3.601124048233031782e+00
3.599924087524413618e+00
3.601033449172973633e+00
3.599464178085326704e+00
3.598086118698120117e+00
3.598871231079101562e+00
3.599314451217651811e+00
3.600545644760131836e+00
3.600349426269531250e+00
3.601186752319336382e+00
3.602060079574584961e+00
3.601404905319213867e+00
3.601788043975830078e+00
3.600787878036498579e+00
3.600338935852051225e+00
3.599835872650146484e+00
