1.785270720720291138e-01
-7.362701892852782315e+00
-1.213934993743896484e+01
-1.390507793426513494e+01
-1.324032115936279297e+01
-1.120392799377441406e+01
-1.004178714752197266e+01
-8.954511642456054688e+00
-7.819969177246093750e+00
-1.018384361267089844e+01
-9.661353111267089844e+00
-9.744814872741699219e+00
-1.023662281036376953e+01
-1.152838420867919922e+01
-1.045856380462646307e+01
-8.204733848571777344e+00
-4.230957508087158203e+00
5.237957835197448730e-01
5.304922580718994141e+00
8.125083923339843750e+00
9.347365379333496094e+00
8.834154129028320312e+00
5.380911350250244141e+00
-5.575037598609924316e-01
-3.820016860961913618e+00
-4.378259658813477451e+00
4.541590809822081652e-03
5.848900318145752841e+00
1.076427936553955078e+01
1.384359836578369318e+01
1.461711311340332031e+01
1.204867935180664062e+01
1.056403636932373047e+01
6.625395774841308594e+00
1.521961331367492898e+00
-5.175952911376953125e-01
-1.810298323631286399e+00
-2.012268304824829102e+00
-5.254722237586975098e-01
-1.007537096738815308e-01
1.389091014862060325e+00
1.387009620666504128e+00
-1.970190256834030429e-01
-2.777706146240234375e+00
-4.154760360717772549e+00
-4.264046669006348544e+00
-3.386493444442748579e+00
-1.776054263114929199e+00
-3.285297453403472900e-01
1.223915576934814453e+00
1.873759031295776367e+00
-1.318514347076416016e+00
-7.795598030090332031e+00
-1.567263793945312500e+01
-1.956813240051269176e+01
-1.989367294311523438e+01
-1.586999416351318537e+01
-8.687029838562013495e+00
-2.376209020614624023e+00
4.977355480194091797e+00
8.567948341369628906e+00
8.304203987121582031e+00
5.255278110504150391e+00
1.359537243843078613e+00
-3.091086387634277344e+00
-4.717459201812744141e+00
-3.235985517501831055e+00
-9.763750433921813965e-01
-3.028943538665771484e+00
-4.407263278961181641e+00
-4.065865993499756748e+00
-4.329947948455810547e+00
-2.718862056732177734e+00
-1.020149230957031250e+00
-7.793682813644409180e-01
2.340348720550537109e+00
4.174952983856201172e+00
7.511928558349608487e+00
9.229849815368652344e+00
9.600532531738279474e+00
8.571118354797361505e+00
6.667753696441650391e+00
5.355877876281738281e+00
3.112294197082519531e+00
2.086178064346313032e+00
1.614783167839050293e+00
2.811660766601562500e+00
3.071267127990722656e+00
4.429557323455810547e+00
4.994112014770507812e+00
5.108557224273681641e+00
6.276962280273437500e+00
6.732304096221923828e+00
6.912537574768066406e+00
6.055838584899902344e+00
4.451647758483886719e+00
3.101654767990112305e+00
3.355785369873046875e+00
3.347100973129272461e+00
4.332653999328613281e+00
6.102173328399657315e+00
6.599102497100830078e+00
6.165405750274657315e+00
6.266867160797119141e+00
3.161783933639526367e+00
-1.785917580127716064e-01
-1.676621556282043679e+00
-2.072624206542968750e+00
-2.160830020904541016e+00
-6.510990858078002930e-01
1.665552020072936790e+00
4.180702686309815341e+00
4.544362545013427734e+00
3.910306453704833984e+00
2.787314891815185103e+00
2.204233407974243164e+00
-3.582952544093132019e-02
-4.095367431640625000e+00
-4.401298522949218750e+00
-5.151745796203613281e+00
-5.003410816192626953e+00
-1.697329163551330566e+00
1.963210552930831909e-01
1.995774149894714355e+00
1.905026078224181907e+00
1.468596458435058594e+00
7.801041603088378906e-01
9.415521621704101562e-01
1.070469021797180176e+00
1.768890738487243652e+00
3.076579570770264116e+00
2.370837450027465820e+00
-1.492023095488548452e-02
-2.135269880294800249e+00
-7.036836147308349609e+00
-1.022135257720947266e+01
-1.248726463317871271e+01
-1.164469528198242188e+01
-8.528038024902343750e+00
-4.566782951354980469e+00
-1.242176532745361106e+00
3.095115423202514648e-01
2.647214103490114212e-03
-2.489353656768798828e+00
-5.381316661834716797e+00
-8.886147499084472656e+00
-1.110632228851318359e+01
-1.160277175903320490e+01
-9.327152252197265625e+00
-5.465423107147216797e+00
-3.065431594848633257e+00
-1.245504498481750488e+00
-3.719299137592316229e-01
-3.016591966152191162e-01
-2.307862043380737305e+00
-3.686892509460448775e+00
-3.353317499160766602e+00
-9.391328096389770508e-01
1.409008622169494629e+00
3.085664272308349609e+00
4.040328979492188388e+00
5.429700374603272373e+00
5.259007453918457031e+00
5.504714488983153409e+00
5.075878620147705078e+00
5.133828163146972656e+00
5.309104442596436435e+00
5.833761215209960938e+00
5.498435974121093750e+00
5.471594333648681641e+00
4.864964485168457031e+00
3.436413764953613281e+00
-1.296224117279052734e+00
-3.900172948837279829e+00
-7.005147933959960938e+00
-7.310973644256592685e+00
-5.152260303497314453e+00
-1.463161230087280495e+00
2.896926164627075195e+00
5.326321125030518466e+00
4.913030147552490234e+00
1.906273245811462402e+00
-1.238952875137329102e+00
-1.952057719230652078e+00
1.736681461334228516e-01
4.089119911193848544e+00
8.945061683654785156e+00
1.082167720794677557e+01
9.535758972167966974e+00
9.539309501647949219e+00
9.094221115112304688e+00
9.274149894714355469e+00
4.349600315093993252e+00
2.147724628448486328e+00
4.430512487888336182e-01
-2.307627201080322266e+00
-4.343174457550048828e+00
-5.073550701141356534e+00
-6.084237098693847656e+00
-5.728142261505127841e+00
-1.525766968727111816e+00
2.281283378601074219e+00
3.939036607742309570e+00
2.559763431549072266e+00
-7.607346773147583008e-01
-4.309831619262694424e+00
-5.469884872436523438e+00
-4.700901031494141513e+00
-2.780322790145874023e+00
-2.902953147888184038e+00
-1.508660554885864480e+00
-7.480044960975646973e-01
-8.316388130187988281e-01
-2.007595062255859819e+00
-4.167763710021973544e+00
-6.554889202117919922e+00
-8.365926742553710938e+00
-8.132037162780763495e+00
-5.784183979034423828e+00
-5.221622943878173828e+00
-5.026043415069580078e+00
-5.728714942932128906e+00
-4.525799274444580078e+00
-2.335096836090087891e+00
8.794734477996826172e-01
4.942567348480224609e+00
7.642483234405517578e+00
6.890137672424316406e+00
2.241762638092041016e+00
-3.832159519195556641e+00
-8.821858406066894531e+00
-1.300077056884765447e+01
-1.337282943725585938e+01
-1.279217338562011541e+01
-1.106514072418212713e+01
-1.129685020446777344e+01
-1.156191730499267578e+01
-9.691073417663574219e+00
-7.532454013824462891e+00
-5.991250514984130859e+00
-4.950877189636231357e+00
-4.751457214355468750e+00
-4.037865638732910156e+00
-1.025998353958130105e+00
9.200414419174194336e-01
4.716688990592957098e-01
5.357449054718017578e-01
-2.307636141777038574e-01
1.746066570281982422e+00
4.361308813095092773e-01
-3.461104929447174072e-01
-3.872030973434447798e+00
-4.743817329406738281e+00
-4.092151165008544922e+00
1.051617741584777832e+00
5.763149738311767578e+00
8.051523208618164062e+00
8.016612052917480469e+00
5.319968223571777344e+00
3.085346937179564986e+00
2.319448947906494141e+00
3.308920145034790039e+00
6.805410861968994141e+00
1.253313922882080078e+01
1.984552383422851918e+01
2.527476310729980469e+01
2.797002792358398438e+01
2.651993560791015980e+01
2.419476890563964844e+01
1.656714439392090199e+01
9.788635253906250000e+00
1.740535855293274148e+00
-2.536505699157714844e+00
-9.404708147048950195e-01
2.266965627670288086e+00
7.410063266754150391e+00
1.210884094238281250e+01
1.497790813446044922e+01
1.402315711975097479e+01
1.190507698059082031e+01
6.750196456909179688e+00
2.886234045028686523e+00
-1.747499465942382812e+00
-3.589497327804564986e+00
-4.560846328735351562e+00
-1.272961139678955078e+00
1.528205871582031250e+00
4.400151252746582031e+00
8.382043838500978339e+00
8.467324256896972656e+00
1.229663658142089844e+01
1.188052558898925781e+01
5.254169940948486328e+00
1.091022849082946777e+00
-5.030540466308593750e+00
-1.239880180358886719e+01
-1.296928310394287287e+01
-1.309563541412353516e+01
-8.704075813293457031e+00
-1.899307608604431152e+00
3.282646656036376953e+00
4.859189510345458984e+00
6.791030764579772949e-01
-6.819230556488037109e+00
-1.707917213439941406e+01
-2.588089370727539062e+01
-2.553783416748046875e+01
-2.068872642517089844e+01
-1.286498928070068537e+01
-5.141156673431396484e+00
-1.040405988693237305e+00
3.313201904296875000e+00
2.889504432678222656e+00
5.889880657196044922e-01
-2.609192132949829102e+00
-7.665536880493164062e+00
-1.059784698486327947e+01
-1.450956916809082031e+01
-1.687972259521484730e+01
-1.516893577575683594e+01
-9.983087539672851562e+00
-2.569067001342772993e+00
2.831738948822021040e+00
6.123500823974608487e+00
7.018943309783936435e+00
5.066528320312500000e+00
1.174410223960876465e+00
-1.789330601692199707e+00
-3.203147888183593750e+00
-2.474425792694091797e+00
-1.329485297203063965e+00
3.189164996147155762e-01
1.509483575820922852e+00
1.578031420707702637e+00
6.501880884170532227e-01
-5.314543843269348145e-01
-1.577837944030761497e+00
-1.459342718124389648e+00
-4.250337779521942139e-01
7.879817485809326172e-01
3.524827241897583008e+00
5.508365154266356534e+00
7.612327575683593750e+00
7.463176727294922763e+00
6.383456230163574219e+00
2.979814291000366211e+00
-3.649499714374542236e-01
-2.626034736633300781e+00
-2.851031064987182617e+00
-2.418761968612670898e+00
-1.699459195137024148e+00
-1.643994092941284180e+00
-2.456766843795776367e+00
-2.721915483474731445e+00
-1.865573048591613547e+00
-6.841301321983337402e-01
-1.062589883804321289e+00
-7.906208634376525879e-01
1.103202581405639648e+00
4.459456920623778409e+00
6.521778583526611328e+00
5.839164257049560547e+00
7.489824295043945312e+00
4.537129402160644531e+00
1.125301599502563699e+00
-2.106056451797485352e+00
-1.885575890541076882e+00
-4.182808101177216131e-01
3.311451673507690430e+00
8.599370002746582031e+00
9.591962814331056464e+00
5.551477909088134766e+00
1.443369030952453613e+00
-2.089831352233886719e+00
-3.932455301284790039e+00
-4.390751361846923828e+00
-2.079818725585937056e+00
8.105959892272949219e-01
2.456130504608154297e+00
2.734620809555053711e+00
1.801641941070556863e+00
-2.829147338867187500e+00
-7.187887191772460938e+00
-8.862559318542480469e+00
-7.265824317932128906e+00
-3.271609544754028320e+00
1.226151823997497559e+00
8.175632476806638849e+00
1.251854133605957031e+01
9.024203300476074219e+00
-2.048842906951904297e+00
-1.190934085845947266e+01
-1.568002891540527344e+01
-1.517154312133789062e+01
-1.105322265625000000e+01
-3.358699560165405273e+00
6.956180095672607422e+00
1.323349094390869318e+01
1.177701091766357422e+01
7.151343345642089844e+00
3.708669900894165039e+00
2.428460836410522461e+00
2.028769016265869141e+00
3.342183351516724077e+00
5.214839458465576172e+00
3.955541610717772993e+00
1.701213002204895020e+00
-5.495010018348693848e-01
2.531991302967071533e-01
-2.592614412307739702e+00
-2.978392124176025391e+00
-3.580911159515381303e+00
-2.902454853057861328e+00
-2.108004093170166016e+00
-5.453052520751953125e-01
1.875359773635864480e+00
4.890015125274658203e+00
6.893074512481689453e+00
7.376443386077880859e+00
5.615349769592285156e+00
-3.770016431808472235e-01
-5.110784053802490234e+00
-6.875926971435547763e+00
-5.261400222778320312e+00
-8.710616827011108398e-01
4.819546699523925781e+00
8.051442146301269531e+00
1.135686397552490234e+01
9.817770957946775567e+00
4.602825164794921875e+00
-4.273454666137694424e+00
-1.286450481414794922e+01
-1.540450859069824219e+01
-1.033393001556396307e+01
-2.210705518722534180e+00
6.629053115844727451e+00
7.257691860198974609e+00
6.115671992301940918e-01
-7.261304378509521484e+00
-1.502503967285156250e+01
-1.927732658386230469e+01
-1.779317283630371094e+01
-1.366094017028808594e+01
-6.770619869232177734e+00
-1.889525175094604492e+00
1.697116613388061523e+00
4.831571102142333984e+00
4.165062427520751953e+00
1.777384281158447266e+00
-3.727592825889586847e-01
-1.775405645370483398e+00
-2.369582176208496094e+00
-2.413827180862426758e+00
1.634917378425597922e+00
4.002507686614990234e+00
6.141200542449951172e+00
7.557481765747070312e+00
7.481584548950195312e+00
6.976441860198974609e+00
5.514762878417968750e+00
5.387114524841308594e+00
8.757003784179687500e+00
1.006531906127929688e+01
8.632954597473144531e+00
4.278178215026856357e+00
1.102196335792541504e+00
2.181622236967086792e-01
7.057696580886840820e-01
4.954679489135742188e+00
1.340919971466064453e+01
1.843452262878417969e+01
1.927258872985839844e+01
1.592167949676513494e+01
7.970102787017822266e+00
-1.418978452682495117e+00
-8.266250610351562500e+00
-1.100402832031250000e+01
-1.053461837768554688e+01
-6.013010501861572266e+00
1.698931932449340820e+00
8.388641357421875000e+00
1.339109516143798828e+01
1.633757781982422230e+01
1.382725524902343750e+01
6.183114051818847656e+00
-2.179898262023926225e+00
-1.058781528472900391e+01
-1.433642387390136719e+01
-1.285277175903320490e+01
-4.291459083557128906e+00
4.269000530242919922e+00
9.632852554321287286e+00
9.114000320434570312e+00
3.743399143218993697e+00
-1.004020690917968750e+00
-4.097214698791503906e+00
-9.426746368408203125e+00
-1.150814437866210938e+01
-1.290148544311523438e+01
-1.092060470581054688e+01
-4.283443450927733487e+00
1.120823025703430176e+00
4.924966335296630859e+00
7.196622848510742188e+00
8.313631057739257812e+00
7.230551242828369141e+00
5.148840904235839844e+00
3.121887445449828657e+00
2.375026702880859819e+00
3.971516609191895419e+00
1.535279273986816406e+00
-1.245168566703796387e+00
-3.044781684875488281e+00
-2.223312854766845703e+00
5.070699378848075867e-03
1.115298509597778320e+00
-7.327668666839599609e-01
-4.233802795410156250e+00
-8.095067024230957031e+00
-1.305277252197265447e+01
-1.478236961364746094e+01
-1.545707988739013494e+01
-1.062188625335693359e+01
-4.785927772521972656e+00
2.402784109115600586e+00
9.210395812988279474e+00
1.347727966308593750e+01
1.648824501037597301e+01
1.433343315124511541e+01
7.570902347564697266e+00
1.872590661048888716e+00
-6.352149963378906250e+00
-1.478964424133300781e+01
-2.122776222229003906e+01
-2.667255210876464844e+01
-2.471723556518555043e+01
-1.483888626098632812e+01
7.211976218968629837e-03
1.466230869293212713e+01
2.124053001403808594e+01
1.444033908843993963e+01
-8.484252095222473145e-01
-1.171648216247558594e+01
-1.441275787353515447e+01
-1.153944778442382812e+01
-7.839450836181641513e+00
-7.678481101989746094e+00
-9.396085739135742188e+00
-1.099417972564697266e+01
-8.474662780761718750e+00
-6.745959281921387607e+00
-5.695994853973388672e+00
-4.235627174377441406e+00
-3.218079805374144953e-01
2.174945116043090820e+00
3.097261428833008257e+00
4.191108703613281250e+00
6.688487529754638672e+00
9.788092613220216620e+00
1.246784782409667969e+01
1.347919845581054688e+01
1.599976444244384766e+01
1.679206085205077770e+01
1.392699050903320490e+01
1.092503166198730469e+01
4.920765399932861328e+00
3.089363574981689009e+00
5.534555435180664062e+00
5.352396965026856357e+00
4.969603061676025391e+00
3.476693153381348100e+00
3.036121129989623579e+00
2.419272422790527788e+00
4.646480083465576172e+00
9.051670074462890625e+00
1.331037616729736506e+01
1.620776557922363281e+01
1.659300231933593750e+01
1.508779716491699219e+01
7.967368125915527344e+00
7.170643806457520641e-01
-5.668017864227294922e+00
-9.874816894531250000e+00
-7.954731941223143643e+00
-4.779461860656738281e+00
1.387864470481872559e+00
6.418310165405272549e+00
8.143372535705566406e+00
5.149653911590576172e+00
-2.349321603775024414e+00
-1.196135807037353516e+01
-1.892441177368164062e+01
-2.139638519287109375e+01
-1.950425720214844105e+01
-1.225961399078369318e+01
-2.604402065277100053e+00
5.333310604095458984e+00
9.521368026733398438e+00
1.167669296264648438e+01
1.011976909637451172e+01
5.800840377807617188e+00
-1.019991040229797363e+00
-2.960718870162963867e+00
-1.458068966865539551e+00
-1.809586167335510476e+00
4.623863399028778076e-01
4.938657760620117188e+00
4.869348049163818359e+00
5.978769779205322266e+00
9.631804227828979492e-01
-4.921437740325927734e+00
-1.765978622436523438e+01
-2.852043533325195312e+01
-3.238900375366210938e+01
-3.081687355041503906e+01
-2.054456901550292969e+01
-6.405836582183837891e+00
8.068755149841308594e+00
1.501533699035644531e+01
1.544495296478271484e+01
1.103129386901855646e+01
5.604878425598144531e+00
-1.565571188926696777e+00
-4.214235305786133701e+00
-5.268500804901123047e+00
-6.024378776550292969e+00
-4.174408912658691406e+00
-1.455344557762145996e+00
7.493940591812133789e-01
1.912237554788589200e-01
-4.713163375854492188e+00
-1.409733200073242188e+01
-1.808750534057616832e+01
-1.964196586608886719e+01
-1.564122581481933594e+01
-5.855313301086425781e+00
2.173777103424072266e+00
7.052620410919189453e+00
6.760581016540527344e+00
-3.565471768379211426e-01
-1.263351440429687500e+01
-2.098085594177246094e+01
-2.319825553894042969e+01
-1.581977844238281250e+01
-3.720592975616455078e+00
8.613391876220701349e+00
2.025290870666503906e+01
3.023334312438964844e+01
3.641927337646485086e+01
3.488650894165039062e+01
2.919211387634276988e+01
2.077492713928222656e+01
1.489236164093017578e+01
1.006740283966064453e+01
5.702150821685791016e+00
-1.964977502822875977e+00
-8.817861557006835938e+00
-1.022407436370849609e+01
-8.149079322814941406e+00
-1.918424606323242410e+00
6.010816574096679688e+00
1.374373435974121271e+01
1.598250007629394531e+01
7.609910964965820312e+00
-6.498913288116455078e+00
-1.652210998535156250e+01
-1.729585075378417969e+01
-1.449544239044189453e+01
-6.788883686065673828e+00
2.702294111251831055e+00
1.029875469207763672e+01
1.297640514373779297e+01
7.041284084320067471e+00
-1.117610454559326172e+00
-6.224180698394775391e+00
-9.700150489807127130e+00
-8.964710235595703125e+00
-5.719243049621582031e+00
2.283999443054199219e+00
9.417296409606933594e+00
6.880038261413574219e+00
5.885412693023681641e-01
-1.028805446624756037e+01
-1.504007625579833984e+01
-1.385689163208007812e+01
-1.000720310211181641e+01
-2.127763032913208008e+00
1.418638944625854492e+00
4.079864501953125000e+00
4.240390300750731534e+00
3.783304929733276811e+00
-1.575368404388427512e+00
-7.584583282470702237e+00
-1.052678680419922053e+01
-7.585868358612060547e+00
-3.402983665466308594e+00
-1.570766448974609375e+00
-2.144722223281860352e+00
-1.603922247886657493e+00
-1.603069424629211426e+00
1.727698922157287598e+00
6.762792110443115234e+00
1.062345409393310369e+01
1.164230060577392578e+01
8.594355583190917969e+00
8.274315595626831055e-01
-1.012578868865966797e+01
-2.249135589599609375e+01
-2.981871604919433594e+01
-2.726902961730957031e+01
-1.856925201416015980e+01
-2.283203601837158203e+00
1.334847450256347479e+01
2.394232940673828125e+01
2.999270629882812500e+01
2.629529380798339844e+01
1.381342029571533203e+01
8.972436189651489258e-01
-1.426311969757080078e+01
-2.313656997680664062e+01
-2.515960311889648438e+01
-2.515316390991210938e+01
-2.086087036132812500e+01
-1.141255378723144531e+01
-7.025412321090698242e-01
1.003677845001220703e+01
1.662634849548340199e+01
1.790073204040527344e+01
9.981678962707519531e+00
2.285521030426025391e+00
-4.236793041229248047e+00
-6.384926319122314453e+00
-1.080723953247070312e+01
-1.618279075622558594e+01
-1.474475574493408203e+01
-1.074072170257568359e+01
-8.611970901489257812e+00
-9.726607203483581543e-01
2.477065086364746094e+00
-3.471178293228149414e+00
-6.502735614776611328e+00
-8.103457450866700995e+00
-1.205228519439697266e+01
-7.703392505645752841e+00
-4.775116443634033203e-01
5.697906494140625000e+00
1.359923648834228516e+01
2.076285552978515980e+01
2.522898864746093395e+01
2.717952919006348012e+01
2.466953659057617188e+01
2.131554222106933594e+01
1.649235916137695312e+01
5.138299942016601562e+00
-2.083794355392456055e+00
-3.945660352706908736e+00
6.150734901428222656e+00
1.980011367797851918e+01
3.657134628295897727e+01
3.842396163940429688e+01
2.258279228210448863e+01
1.893566131591796875e+00
-1.700224494934082031e+01
-2.753193664550780895e+01
-2.731740379333496094e+01
-2.275331878662109020e+01
-1.819465065002441406e+01
-4.496447563171386719e+00
8.391784667968750000e+00
2.692980194091796875e+01
3.986771011352539062e+01
5.430797576904296875e+01
5.029151916503906250e+01
3.386728286743164062e+01
7.469785690307617188e+00
-1.216087055206298828e+01
-2.202112960815429688e+01
-1.623149871826172230e+01
-7.155787467956542969e+00
4.129977703094481534e+00
1.381472682952880682e+01
1.420398521423339844e+01
8.898104667663574219e+00
9.096254706382751465e-01
-6.080190658569335938e+00
-1.274831962585449219e+01
-1.778881835937500000e+01
-1.809187889099121094e+01
-1.558933162689208984e+01
-1.036231231689453303e+01
-3.320958912372589111e-01
7.625925064086914062e+00
6.405467510223388672e+00
3.016782045364379883e+00
2.672644257545471191e-01
-2.156206667423248569e-01
2.107265710830688477e+00
5.295306205749511719e+00
8.274646759033201349e+00
5.039935588836669922e+00
1.155099153518676758e+00
-2.045352697372436523e+00
-5.606527328491210938e+00
-5.839161872863769531e+00
-6.984580516815185547e+00
-4.990981101989746094e+00
-8.269212245941162109e-01
2.097716331481933594e+00
5.762502670288085938e+00
8.184778213500978339e+00
6.594306468963622159e+00
3.796892404556273526e+00
2.752658843994140625e+00
9.951067715883256393e-02
-3.677940607070923296e+00
-5.924836158752441406e+00
-4.035290718078613281e+00
-1.532194018363952637e-01
4.620642662048339844e+00
8.865433692932128906e+00
7.675604820251464844e+00
1.468130826950073242e+00
-4.143895626068115234e+00
-1.141994285583496094e+01
-1.759068679809570668e+01
-2.149845504760742543e+01
-2.489916229248046875e+01
-2.487552452087402344e+01
-1.941877555847167969e+01
-1.044634819030761719e+01
-3.512360572814941406e+00
-1.432218551635742188e+00
-5.088526248931884766e+00
-1.437353324890136719e+01
-2.129685211181640625e+01
-2.315449142456055043e+01
-2.223290443420410156e+01
-1.524611854553222656e+01
-4.307476997375488281e+00
-3.288419544696807861e-01
1.632397890090942383e+00
-6.936466693878173828e+00
-1.326358032226562500e+01
-1.800631523132324219e+01
-1.813781929016113281e+01
-1.506683444976806463e+01
-1.095669841766357422e+01
-6.729010105133057529e+00
-1.394142866134643555e+00
1.654235720634460449e+00
2.270539760589600053e+00
7.165853977203369141e-01
-4.382977485656738281e+00
-6.910610675811767578e+00
-1.133425903320312500e+01
-1.195495128631591797e+01
-1.349834632873535156e+01
-1.098406124114990234e+01
-5.907788276672362393e+00
-1.198414444923400879e+00
-2.220265269279479980e-01
2.122630834579468218e+00
2.164175510406494141e+00
4.194149971008301669e+00
4.219557762145996094e+00
5.095471858978272373e+00
9.569233894348144531e+00
1.043338775634765625e+01
1.319693565368652521e+01
1.251267910003661932e+01
8.145181655883789062e+00
6.813877582550048828e+00
6.705066680908202237e+00
5.227626800537108487e+00
5.015855312347412109e+00
8.714555740356445312e+00
1.121185398101806641e+01
1.292966747283935547e+01
1.545913314819335938e+01
1.389242935180664062e+01
1.307912826538085938e+01
1.106465148925781250e+01
1.109990501403808594e+01
7.473803997039794922e+00
2.217173337936401367e+00
-1.117783904075622559e+00
-4.457991421222686768e-01
-2.414718151092529297e+00
9.353751540184019886e-01
9.261300086975097656e+00
1.443766784667968750e+01
1.975615882873535156e+01
1.576794528961181463e+01
1.289398288726806463e+01
5.350965023040772373e+00
-8.551214218139646661e+00
-2.089809989929199219e+01
-3.254103469848632812e+01
-3.359594726562500000e+01
-2.804761505126953125e+01
-1.015651798248291016e+01
9.785774230957033026e+00
2.058155059814453125e+01
2.127401161193848012e+01
1.676408576965332031e+01
5.484900951385498047e+00
-4.495694160461425781e+00
-1.112455940246582031e+01
-1.734666442871093750e+01
-1.150990962982177557e+01
-2.996782541275024414e+00
5.469110012054443359e+00
8.259975433349611151e+00
1.101960754394531250e+01
3.783587694168091264e+00
5.169715881347656250e-01
-4.496253967285156250e+00
-9.252404212951660156e+00
-5.689484596252441406e+00
-7.864818096160888672e+00
-4.091588020324707031e+00
-9.685518741607666016e-01
-2.935652256011962891e+00
-8.410457372665405273e-01
-5.062988758087158203e+00
-5.932973861694335938e+00
-4.379842758178711826e+00
-4.837145805358887274e-01
5.381299972534179688e+00
6.959189414978027344e+00
8.787942886352539062e+00
6.337787151336669922e+00
2.332906484603881836e+00
-1.135707139968872070e+00
-1.045704007148742898e+00
5.151033028960227966e-02
1.688737750053405762e+00
4.332664489746093750e+00
6.131318569183349609e+00
5.083694934844971591e+00
3.554096937179564986e+00
3.705257892608642578e+00
2.646380186080932617e+00
1.030428528785705566e+00
-2.947642654180526733e-02
2.648684740066528320e+00
4.595724582672119141e+00
7.689962863922119141e+00
8.060812950134277344e+00
8.001404762268066406e+00
4.014780521392821377e+00
1.965005040168762429e+00
-6.331744790077209473e-02
1.848490387201308649e-01
2.572670221328735796e+00
3.211328744888305664e+00
1.025152683258056641e+00
-3.259676933288573775e+00
-6.770403385162353516e+00
-6.381127834320067471e+00
-1.015643882751464844e+01
-5.488819599151611328e+00
-5.740053176879882812e+00
-5.404233932495117188e+00
-5.747926235198974609e+00
-7.407180309295653409e+00
-8.591193199157714844e+00
-5.893496036529541016e+00
-4.304004669189453125e+00
-1.224071264266967773e+00
-4.370246410369873047e+00
-3.824107170104980913e+00
-6.733161449432372159e+00
-8.101943969726562500e+00
-7.925117492675781250e+00
-5.868950366973877841e+00
-2.168115377426147461e+00
1.563797742128372192e-01
9.023295640945435681e-01
4.060164839029312134e-02
8.240144848823547363e-01
-4.977870285511016846e-01
-6.937015652656555176e-01
-1.498769879341125710e+00
-3.228370189666748047e+00
-3.860639572143554243e+00
-2.801787614822388139e+00
-1.122487068176269531e+00
7.468584775924682617e-01
5.067113876342773438e+00
6.089912891387940341e+00
5.296859741210937500e+00
3.155138969421386719e+00
3.696688115596771240e-01
-2.100491046905517578e+00
-3.661402702331542969e+00
-1.866149067878723145e+00
1.153131246566772461e+00
5.955256462097167969e+00
7.350174903869628906e+00
7.912015914916992188e+00
9.014752388000488281e+00
7.503403663635253906e+00
4.509673595428466797e+00
1.494219541549682617e+00
-3.823350667953491211e-01
-8.945960402488708496e-01
-9.145871996879577637e-01
-8.355838060379026933e-02
9.369409680366516113e-01
1.880372166633605957e+00
5.128875255584716797e+00
7.133356094360352451e+00
6.195569038391112393e+00
5.481615543365479404e+00
2.345334529876708984e+00
-4.544669091701508123e-01
-1.925749063491821289e+00
-3.184729814529418945e+00
-4.247056484222412109e+00
-2.029850482940674272e+00
1.476009488105774148e+00
2.665007114410400391e+00
1.292878985404968484e+00
-3.499356746673583984e+00
-4.542210102081298828e+00
-3.120079040527344194e+00
3.000283718109131303e+00
7.711311340332031250e+00
9.933987617492675781e+00
8.102602005004882812e+00
3.914929389953612837e+00
1.017208695411681907e+00
-1.656014204025268555e+00
-2.725627183914185014e+00
-3.284480333328247070e+00
-2.117717266082764116e+00
8.817535042762756348e-01
3.769372463226318359e+00
5.244192123413085938e+00
7.356320858001708984e+00
7.927105426788330078e+00
5.353367805480957031e+00
2.616951465606689009e+00
-2.249058037996292114e-01
-3.794190883636474609e+00
-2.778960227966308594e+00
-1.524886608123779297e+00
3.085948228836060014e+00
5.948073387145996094e+00
5.579572677612304688e+00
5.863409042358397549e+00
3.483049392700195757e+00
3.569682359695434570e+00
3.191995620727538618e+00
1.668940424919128418e+00
-2.130464792251586914e+00
-4.708993911743164062e+00
-4.248079299926758701e+00
-3.435397148132323775e+00
9.667732715606690563e-01
4.811149120330810547e+00
5.920293331146240234e+00
5.166436195373535156e+00
1.032145619392395020e+00
-6.038836002349853516e+00
-8.903367996215820312e+00
-6.032319545745849609e+00
-4.101294994354248047e+00
-3.088775634765625000e+00
-2.706068277359009233e+00
-4.529674530029296875e+00
-2.628612995147705078e+00
-2.066859245300293413e+00
-1.262493014335632324e+00
-5.165345668792724609e+00
-7.379551887512207031e+00
-7.180065155029297763e+00
-7.998643875122070312e+00
-1.147296333312988459e+01
-8.320638656616210938e+00
-3.859333515167235884e+00
-1.360019326210021973e+00
-4.405311346054077148e-01
6.278531551361083984e-01
4.801789820194244940e-01
-3.472499132156372070e+00
-4.359337806701660156e+00
-4.854580879211425781e+00
-4.138235092163086826e+00
-4.980856418609619141e+00
-7.506103515625000000e+00
-9.541621208190917969e+00
-5.364089965820312500e+00
1.297242999076843262e+00
5.841851234436035156e+00
8.510542869567871094e+00
3.885690927505493164e+00
-2.518250048160552979e-01
-6.329817295074462891e+00
-8.091052055358888495e+00
-6.454146862030028409e+00
-9.779814481735229492e-01
3.477923572063446045e-01
-1.596584916114807129e+00
-1.384993314743041992e+00
3.617042779922484907e+00
4.809404850006104404e+00
3.476099729537963867e+00
1.728308558464050293e+00
-7.162442207336425781e-01
-1.297855257987975852e+00
5.561260700225830078e+00
1.294256305694580078e+01
1.702870559692382812e+01
1.467108249664306463e+01
8.861612319946289062e+00
1.471233725547790305e+00
-8.779882192611694336e-01
-9.709731936454771839e-01
-9.105455875396728516e-01
-3.744307756423950195e+00
-7.150461077690124512e-01
7.608814239501952237e+00
1.344483184814453303e+01
1.326001167297363281e+01
1.079787635803222656e+01
5.004555225372314453e+00
1.469335198402404785e+00
2.830398797988892046e+00
6.889158725738525391e+00
1.096387386322021662e+01
9.323060989379882812e+00
1.060955905914306641e+01
9.154739379882812500e+00
2.407176978886127472e-02
-7.268848896026611328e+00
-1.185601139068603516e+01
-9.478080749511720526e+00
-4.842399060726165771e-01
4.542585849761962891e+00
1.197456645965576172e+01
1.198413944244384766e+01
9.986683726310729980e-01
-6.620794296264647549e+00
-8.646801948547361505e+00
-4.261599063873291016e+00
-6.310513615608215332e-01
-6.846741199493407315e+00
-1.301169204711914062e+01
-1.919476699829101562e+01
-2.354314613342285156e+01
-1.533716392517089844e+01
-3.689642429351807085e+00
8.133241653442382812e+00
7.459618091583252841e+00
-5.850090026855468750e+00
-2.106828689575195312e+01
-2.570536994934082031e+01
-2.827509498596191406e+01
-3.151331710815429688e+01
-2.493237495422363637e+01
-1.992701721191406605e+01
-1.198509120941161932e+01
-1.085202121734619318e+01
-1.285645294189453303e+01
-1.285958480834960938e+01
-3.812620162963866743e+00
7.879835605621337891e+00
1.484389305114746094e+01
1.552917957305908203e+01
3.124510765075684038e+00
-2.320415878295898438e+01
-3.558398437500000000e+01
-3.401493835449219461e+01
-3.375094985961914062e+01
-2.894427680969238637e+01
-1.116671180725097656e+01
4.030466079711913174e+00
2.356619453430176137e+01
3.540991973876953125e+01
3.697863769531250000e+01
1.966054534912109375e+01
1.542787075042724609e+00
-1.513036346435546697e+01
-2.255689239501953125e+01
-2.000188636779785156e+01
-4.651327610015869141e+00
1.806728172302246094e+01
2.972043991088867188e+01
3.822813796997070312e+01
3.240245437622069602e+01
1.634883117675781250e+01
-6.610692977905272549e+00
-1.523808956146240234e+01
-1.291473197937011541e+01
3.434366464614868164e+00
2.149061584472655895e+01
2.567361640930176137e+01
2.721934890747070312e+01
3.163148880004882812e+01
4.009144973754882812e+01
3.514471435546875000e+01
1.587781524658203303e+01
6.931147575378417969e+00
-2.097747325897216797e+00
-7.671014308929442471e+00
5.761099338531494141e+00
1.653984069824218750e+01
2.344057655334473012e+01
2.064807319641113281e+01
1.531899833679199219e+01
1.005456924438476562e+01
-3.174089193344116211e+00
-1.775118827819824219e+01
-1.634111976623534801e+01
-6.416101455688477451e+00
5.945056438446044922e+00
1.924985694885253906e+01
2.696544647216796875e+01
2.526125526428223012e+01
1.720617103576659801e+01
-7.624324798583983487e+00
-2.325834846496582031e+01
-3.236100006103516336e+01
-3.704191207885742188e+01
-2.994281768798828125e+01
-1.406561756134033203e+01
2.659319162368774414e+00
2.154220771789550781e+01
2.900562286376953125e+01
2.933025169372558594e+01
1.204739570617675781e+01
-1.863864135742187500e+01
-4.340131378173828125e+01
-4.352436828613281250e+01
-2.514449882507323863e+01
-5.305116176605224609e+00
5.064815521240233487e+00
4.798073768615722101e-01
3.781557559967041016e+00
8.162479400634767401e+00
9.681884765625000000e+00
6.272576808929442471e+00
-4.451041221618652344e+00
-9.536870002746582031e+00
-1.666080665588378906e+01
-2.241791343688964844e+01
-2.444562530517578125e+01
-1.018977928161621271e+01
-3.203366756439208984e+00
-3.111631631851196289e+00
-2.968982934951782227e+00
1.984901189804076704e+00
5.121968746185302734e+00
6.374101638793945312e-01
-1.957507610321044922e+00
-9.350170135498046875e+00
-1.598080062866210938e+01
-2.058102798461914062e+01
-1.917372703552246094e+01
-1.456847000122070490e+01
-1.403077507019042969e+01
-1.315945148468017578e+01
-3.286352872848510742e+00
1.037457752227783203e+01
1.970047760009765625e+01
1.379004383087158203e+01
1.169357538223266602e+00
-8.149159431457519531e+00
-2.015657043457031250e+01
-1.647479820251465199e+01
-6.643049240112304688e+00
2.773993015289306197e+00
7.823432445526122159e+00
1.599068546295166016e+01
7.467444896697997159e+00
1.973240613937378152e+00
3.950135231018065518e+00
8.040090560913085938e+00
6.226412296295166016e+00
-1.967261910438537598e+00
-3.286430835723876953e+00
2.474192380905151811e+00
9.973173141479492188e+00
2.182842636108398438e+01
2.557271194458007812e+01
2.217255210876464844e+01
9.273577690124511719e+00
-6.324457645416259766e+00
-1.188679885864257812e+01
-6.893936634063721591e+00
1.510743379592895508e+00
9.938088417053224433e+00
1.696871566772460938e+01
2.538855743408203125e+01
2.409731674194335938e+01
1.116969966888427557e+01
1.719622910022735596e-01
-5.945191383361816406e-01
-6.035171031951903409e+00
-7.527725696563721591e+00
-5.371732234954833984e+00
-2.282106161117553711e+00
-1.498904466629028320e+00
1.291784048080444336e+00
7.475850582122802734e+00
8.989762306213378906e+00
2.252763748168945312e+00
1.794958561658859253e-01
-2.902569532394408736e+00
-6.090820789337157315e+00
-1.084827327728271662e+01
-9.111820220947265625e+00
6.482074856758117676e-01
7.314117431640625000e+00
8.125492095947267401e+00
-1.540076732635498047e+00
-1.403251647949218750e+01
-1.380682659149169922e+01
-8.293742179870605469e+00
-5.422546863555908203e+00
2.268674373626708984e+00
1.198058605194091797e+01
1.514175796508789062e+01
9.018018722534179688e+00
-5.207827091217041016e-01
-1.462762737274169922e+01
-1.930335235595703125e+01
-1.685333633422851562e+01
-9.008555412292480469e+00
9.516910552978515625e+00
2.758880043029785156e+01
3.438177490234375000e+01
2.878368377685546875e+01
1.298746013641357422e+01
-1.130670070648193537e+01
-3.162311935424805043e+01
-3.386394119262694602e+01
-2.626221656799316406e+01
-1.808472061157226562e+01
-8.652132987976074219e+00
2.275195837020874023e+00
1.122530460357666016e+01
1.781084060668945312e+01
2.155292701721191406e+01
1.972599411010742543e+01
1.527155017852783203e+01
8.549294471740722656e+00
2.201594829559326172e+00
-3.830095529556273526e+00
-1.495968055725097479e+01
-2.079323005676269176e+01
-1.131283283233642578e+01
2.171271085739136186e+00
2.025218200683593395e+01
2.949615097045898438e+01
2.530540466308593395e+01
2.335392570495605113e+01
1.568228054046630682e+01
6.834669113159179688e+00
-1.523958921432495117e+00
-1.578221321105956809e+00
-5.975616931915282315e+00
-9.314494132995603692e+00
-1.312495326995849432e+01
-6.633054256439208984e+00
3.700324296951293945e+00
1.401100254058838068e+01
1.647387695312500000e+01
1.059055900573730469e+01
1.879330515861511230e+00
3.609099388122559149e-01
7.965338230133056641e-01
2.996779441833496094e+00
-8.612021207809448242e-01
-5.482982635498046875e+00
-9.930687904357910156e+00
-1.002216434478759766e+01
-3.066972732543945312e+00
6.184227943420410156e+00
9.047595024108886719e+00
6.654800891876221591e+00
4.042790889739990234e+00
4.376361668109893799e-01
-6.697487354278564453e+00
-9.364949226379396308e+00
-1.051551342010498047e+01
-9.473098754882812500e+00
-9.765933036804199219e+00
-7.567121028900145596e+00
-6.145893573760986328e+00
6.224895715713500977e-01
3.546191453933716264e+00
6.142800331115722656e+00
6.836898326873778409e+00
5.225919246673583984e+00
2.684670209884643999e+00
-6.751283168792724609e+00
-1.785252571105957031e+01
-2.422260665893555043e+01
-2.408009910583496094e+01
-1.586412525177001953e+01
-3.595904111862182617e+00
5.239376544952393466e+00
8.794448852539062500e+00
8.364366531372070312e+00
2.492577075958251953e+00
-5.450200080871582031e+00
-1.144579887390136719e+01
-1.266571807861327947e+01
-8.091332435607910156e+00
-2.405173301696777344e+00
3.077804565429687500e+00
7.059288501739502841e+00
6.565278053283691406e+00
2.398578882217407227e+00
-1.607342958450317383e+00
-4.353515148162841797e+00
-6.912942886352539062e+00
-9.051088333129882812e+00
-7.820516109466552734e+00
-3.715854406356811968e+00
2.455562829971313032e+00
5.281252861022949219e+00
9.304151535034179688e+00
8.901669502258300781e+00
4.827828407287597656e+00
-2.089125156402588335e+00
-5.427578926086425781e+00
-7.477716922760009766e+00
-4.866522312164306641e+00
-3.951948583126068115e-01
1.715008735656738503e+00
3.716964483261108843e+00
6.242013454437255859e+00
7.005131721496582031e+00
6.210824966430664062e+00
3.286184787750243697e+00
-2.540775015950203289e-02
-2.689064264297485352e+00
-2.336810111999512163e+00
4.939693212509155273e-01
2.514916896820068359e+00
4.738627433776856357e+00
7.876920700073242188e+00
6.233456611633300781e+00
3.409693479537963867e+00
8.332943916320800781e-01
-3.184086978435516357e-01
3.910448849201201282e-01
3.209202289581298828e+00
5.237343788146972656e+00
4.833984851837158203e+00
5.372387409210205078e+00
4.303254604339600498e+00
2.422141075134277344e+00
1.230098724365234375e+00
-9.636393785476683460e-01
-1.976061105728149192e+00
-1.131011843681335449e+00
8.684055805206298828e-01
3.679214715957641602e+00
6.792366981506347656e+00
9.035328865051269531e+00
8.495411872863769531e+00
5.371480464935302734e+00
4.203234240412712097e-02
-4.166902542114258701e+00
-5.701730728149414062e+00
-5.492230892181396484e+00
-2.694412469863892046e+00
2.289079666137695757e+00
5.618268013000488281e+00
6.184352874755858487e+00
4.822544574737548828e+00
2.394090890884399414e+00
-1.146770954132080078e+00
-3.466804265975951704e+00
-5.361334800720214844e+00
-4.379485130310058594e+00
-2.511658191680908203e+00
-2.456550747156142911e-01
2.021922826766968218e+00
3.082719087600708008e+00
1.894088864326476829e+00
7.926895618438720703e-01
-2.337073326110839844e+00
-4.466835975646972656e+00
-4.080788135528564453e+00
-1.072760224342346191e+00
1.236832976341247559e+00
2.622650146484375000e+00
2.142335176467895508e+00
8.093571066856384277e-01
-7.520117163658142090e-01
-1.969297170639038086e+00
-2.793191432952880859e+00
-4.181689262390136719e+00
-3.137082338333129883e+00
-1.997055530548095925e+00
4.566044509410858154e-01
2.155044078826904297e+00
1.266976833343506081e+00
-1.533054411411285400e-01
-3.525887250900268999e+00
-5.156064987182617188e+00
-4.804571628570556641e+00
-3.687987327575684038e+00
-2.543682575225830078e+00
-1.982899188995361106e+00
-1.128140687942504883e+00
6.359024047851562500e-01
8.583106994628906250e-01
5.010447502136229359e-01
-8.835227489471435547e-01
-1.557637810707092507e+00
-2.947632789611816406e+00
-3.417558908462524414e+00
-3.321156263351440430e+00
-2.493233919143676758e+00
-4.919879436492920477e-01
-1.801507592201233132e+00
-1.180601835250854492e+00
2.830327488481998097e-02
-7.926900386810302734e-01
-1.426290154457092507e+00
-1.988667130470276101e+00
-3.883352041244506836e+00
-1.793551206588745117e+00
-6.239668130874633789e-01
-1.821061968803405484e-01
-8.684277534484863281e-01
-2.335417270660400391e+00
-3.767776489257812944e+00
-3.255989074707031250e+00
-2.587755203247070312e+00
-5.684875845909118652e-01
1.871915310621261597e-01
1.082217574119568093e+00
1.475330471992492898e+00
-8.210213780403137207e-01
-3.134781837463378906e+00
-3.434504985809326172e+00
-4.568960189819335938e+00
-2.479335308074951172e+00
7.523939013481140137e-01
3.623166322708129883e+00
4.287461280822753906e+00
2.263095617294311523e+00
5.483921766281127930e-01
-1.674253225326538086e+00
-2.899592876434326172e+00
-3.074620962142944336e+00
-2.563281059265136719e+00
-3.731523156166077215e-01
2.709324121475220171e+00
3.944580078125000000e+00
4.738025188446044922e+00
3.456417083740234375e+00
1.920045137405395508e+00
6.305547356605529785e-01
-1.338707327842712402e+00
-2.627530574798583984e+00
-3.358493089675903764e+00
-1.734428644180298074e+00
-9.484506249427796520e-01
4.176393896341323853e-02
8.130480647087097168e-01
-6.363163590431213379e-01
-1.119756579399108887e+00
-5.205350518226623535e-01
-1.159939467906952043e-01
-4.416545927524567206e-01
-4.224199354648590088e-01
8.584752082824707031e-01
1.981342196464538352e+00
1.991094470024108887e+00
1.360738873481750488e+00
-1.145333051681518555e+00
-2.601349592208862305e+00
-3.487620115280151811e+00
-1.593951225280761497e+00
-7.057864069938659668e-01
1.658658146858215110e+00
2.135460853576659712e+00
3.414070844650268999e+00
3.662506103515625000e+00
5.715401172637939453e-01
-7.155655026435852051e-01
-2.792886972427368164e+00
-4.152453422546386719e+00
-3.649102687835692915e+00
-4.537087678909301758e-01
1.177812814712524414e+00
4.668246746063231534e+00
4.825271129608153409e+00
4.789605140686035156e+00
4.551523208618164062e+00
6.593508273363112016e-02
-2.071657657623291016e+00
-3.684202671051025391e+00
-3.600089788436889648e+00
-1.320712327957153098e+00
1.301850557327270508e+00
2.874218702316283736e+00
2.770725011825561079e+00
1.462131023406982422e+00
1.641990542411804199e+00
1.163107633590698242e+00
2.503769397735596258e-01
-7.034042477607727051e-01
-1.320273280143737793e+00
-2.345734834671020508e-01
2.691261053085326704e+00
4.932550907135009766e+00
6.223319530487060547e+00
6.564468860626221591e+00
4.825129032135009766e+00
2.655391931533813032e+00
1.723815202713012695e+00
-9.242653846740723766e-01
-2.901256322860717773e+00
-3.876898050308227983e+00
-3.196620464324951172e+00
-5.656678676605224609e-01
2.854892969131469727e+00
2.378598451614379883e+00
2.339511632919311523e+00
2.012904882431030273e+00
2.192871809005737305e+00
1.012933015823364480e+00
-5.672698020935058594e-01
-1.827499389648437278e+00
-2.056498676538467407e-01
6.113151907920837402e-01
1.598181962966918945e+00
6.239724755287170410e-01
1.626993864774703979e-01
-8.355992436408996582e-01
-1.138052940368652483e-01
1.610214859247207364e-01
-1.290542125701904297e+00
-2.845030069351196289e+00
-2.251039266586304155e+00
-5.754222273826599121e-01
-1.159452080726623535e+00
-7.035582065582275391e-01
-2.064631938934325728e+00
-8.038603663444519043e-01
-2.060672760009765625e+00
-1.889375686645508035e+00
-1.378363609313964844e+00
-9.063367247581481934e-01
-2.588683366775513250e-01
5.843421816825866699e-01
1.299661040306091309e+00
9.520556926727296032e-01
-5.162873268127441406e-01
-4.702757596969605047e-01
-2.747461318969726562e+00
-4.301496028900146484e+00
-3.277719974517822266e+00
-2.581721067428588867e+00
-1.525294780731201172e+00
-3.352566063404083252e-01
2.293850928544998447e-01
8.528909683227539062e-01
-1.080567717552185059e+00
-8.925502300262451172e-01
-8.142893314361572266e-01
-7.621632814407348633e-01
-7.736053466796875000e-01
-8.391005396842956543e-01
-6.019527316093444824e-01
6.804288625717163086e-01
9.515257924795152145e-02
-4.456712603569030762e-01
1.123520880937576433e-01
4.910387396812438965e-01
1.159408807754516602e+00
-6.628201007843017578e-01
-2.076325654983520508e+00
-2.535503149032592773e+00
-2.332761287689208984e+00
-2.486044168472290039e+00
-1.415923357009887695e+00
-1.214000135660171509e-01
2.482292652130126953e-01
-7.314689755439758301e-01
1.416036844253540039e+00
2.246230602264404297e+00
1.823859810829162376e+00
5.516663789749145508e-01
1.223081946372985701e-01
-1.417719721794128418e-01
-1.518465280532836914e-01
-4.559967517852783203e-01
-1.614686012268066406e+00
-1.509148955345153809e+00
1.754233241081237793e+00
9.960135221481324352e-01
1.486003279685973899e+00
1.404661655426025391e+00
9.508934617042542892e-02
-5.728040337562561035e-01
3.850184381008148193e-02
5.776287913322448730e-01
7.342921495437622070e-01
1.372808098793029785e+00
2.399984836578369141e+00
1.997991204261780007e+00
2.193704843521118164e+00
5.580400466918945312e+00
3.166650533676147461e+00
1.114991307258605957e+00
-1.500034332275390625e+00
-2.301318407058715820e+00
-6.500620245933532715e-01
8.072602152824401855e-01
1.086941599845886230e+00
3.974125906825065613e-02
-1.408270895481109619e-01
-6.496326923370361328e-01
4.510811269283295233e-01
-9.709967672824859619e-02
-2.776391804218292236e-01
1.898027956485748569e-01
-1.643346786499023438e+00
-9.255670905113220215e-01
-1.268162727355957031e+00
-1.338806629180908203e+00
-1.387851119041442871e+00
-1.291934609413146973e+00
-1.492447853088379128e+00
1.267740502953529358e-02
-8.829918503761291504e-01
2.677891850471497137e-01
7.717705368995666504e-01
1.698137283325195090e+00
3.354650735855102539e-01
1.301923245191574097e-01
-2.065294831991195956e-01
-1.662086963653564453e+00
-9.006937742233276367e-01
-2.267512381076813022e-01
-7.275787740945816040e-02
3.151414915919303894e-02
1.515658020973205566e+00
1.693899035453796387e-01
1.487424522638320923e-01
-2.051484435796737393e-01
-3.487887084484100342e-01
-1.896417021751404031e+00
-1.174085378646850586e+00
-1.603512167930603027e+00
-2.069715261459350586e+00
-3.102544784545898438e+00
-2.103196144104004350e+00
3.723116964101792076e-02
2.038368225097655806e+00
3.995068073272705078e+00
5.255746364593505859e+00
2.844059944152832031e+00
9.765722155570983887e-01
-8.208076357841491699e-01
-2.952288627624512163e+00
-4.716742515563964844e+00
-4.318183898925781250e+00
-2.260882377624512163e+00
1.410252571105956809e+00
1.772354602813720703e+00
4.284362792968750000e+00
4.069722652435303623e+00
1.750230073928833008e+00
3.911854922771453857e-01
4.264612495899199746e-02
-2.379577636718750000e+00
-1.278646230697631836e+00
1.902107000350951926e+00
3.281873703002929688e+00
2.453739404678344727e+00
9.804927706718443714e-01
-1.042830422520637651e-01
-3.117713689804076704e+00
-3.268369674682616743e+00
-2.857870578765868697e+00
-1.919783592224120872e+00
-1.384524226188659668e+00
1.592301279306411466e-01
1.498749136924743652e+00
2.382529258728027788e+00
1.874444961547852007e+00
-3.700793981552124023e-01
-2.798468828201293945e+00
-4.094725608825683594e+00
-4.156357765197753906e+00
-4.136922359466553623e+00
-1.298218965530395508e+00
1.007067918777465820e+00
3.315269470214844194e+00
2.936650037765502930e+00
2.341730356216430664e+00
4.374326705932616299e+00
1.259470343589782715e+00
4.725753515958786011e-02
-2.720660209655761719e+00
-3.671778917312622070e+00
-3.085776090621947798e+00
-1.669698119163513184e+00
2.039844036102294922e+00
3.332697629928588867e+00
3.449498176574707031e+00
2.299428462982177734e+00
2.929735183715820312e+00
-2.031334161758423296e+00
-3.852738142013549805e+00
-5.824004650115967685e+00
-6.574565410614013672e+00
-4.738731861114501953e+00
-2.620923519134521040e+00
-6.221017241477966309e-01
2.783637285232543945e+00
5.074034214019775391e+00
4.804228305816650391e+00
2.989147663116455078e+00
8.909766674041748047e-01
-1.740878343582153098e+00
-3.806380987167358398e+00
-4.742039680480957031e+00
-3.111594200134277344e+00
-1.774635672569274902e+00
-5.739407539367675781e-01
1.427264332771301270e+00
1.310734629631042480e+00
1.076910018920898438e+00
7.651636004447937012e-01
-1.320775389671325684e+00
-1.293455004692077637e+00
-1.025732755661010742e+00
-2.070066690444946289e+00
-1.727648258209228294e+00
-3.639149665832520086e-01
-1.436648238450288773e-02
-1.703717112541198730e+00
-2.036857843399048296e+00
-3.858300924301147905e+00
-2.102534532546996626e+00
2.157773822546004694e-01
-1.066784143447875977e+00
-7.675203680992126465e-01
-6.856799721717834473e-01
8.383082747459411621e-01
1.680684685707092507e+00
-3.013559579849243164e-01
-3.687188327312469482e-01
-4.282852709293365479e-01
-1.026697278022765891e+00
-3.869109600782393715e-02
5.742901563644409180e-01
3.517478704452514648e-02
-8.038934469223022461e-01
1.275907754898071289e-01
8.183168768882751465e-01
-1.645067036151885986e-01
-2.146625705063343048e-02
-7.486305832862854004e-01
1.885658949613571167e-01
8.909799456596374512e-01
9.283697009086607776e-01
7.458980679512023926e-01
1.103801608085632324e+00
8.300307989120483398e-01
2.223349094390869141e+00
2.981004476547241211e+00
1.804179191589355691e+00
1.124033212661743164e+00
-1.391988754272460938e+00
9.872863292694091797e-01
1.520822644233703613e-01
-1.600372195243835449e+00
-7.108426690101623535e-01
-2.123374223709106445e+00
-1.259771585464477539e+00
-4.176423847675324041e-01
-1.121953595429658716e-02
9.960997700691224255e-01
1.631163716316223145e+00
1.376891613006591797e+00
8.623418211936950684e-01
-1.139468312263488770e+00
2.110095322132110596e-01
-7.818384766578674316e-01
-1.502358675003051758e+00
-2.241446971893310547e+00
-1.839897871017456055e+00
-1.160759687423706055e+00
-6.872280836105346680e-01
-8.913775086402893066e-01
-2.663413763046264648e+00
-1.861719608306884766e+00
-4.636780321598052979e-01
5.365334749221801758e-01
2.232043892145156860e-01
-2.737861871719360352e-01
-3.231565952301024836e-01
-1.237675428390502930e+00
-2.872260570526123047e+00
-1.197174787521362305e+00
-1.983489274978637695e+00
-1.664883375167846902e+00
-3.869669139385223944e-01
3.278019130229949951e-01
7.916862368583679199e-01
5.096526741981506348e-01
-1.162384867668152078e+00
-5.274529457092285156e-01
-1.900933980941772461e+00
-1.962936997413635698e+00
-7.917767763137817383e-01
-3.064681291580200195e-01
-2.402579933404922485e-01
9.377688765525817871e-01
2.260449886322021040e+00
4.569650173187255859e+00
2.704729795455932617e+00
1.029132246971130371e+00
-1.020759701728820801e+00
-6.998568177223205566e-01
-2.129444599151611772e+00
-9.589287638664245605e-01
5.995590984821320274e-02
1.057141423225402832e+00
2.742401123046875000e+00
4.643039226531981534e+00
4.596832275390625000e+00
2.962373971939086914e+00
1.424841165542602317e+00
-9.788306355476380505e-01
-2.714117527008056641e+00
-2.688036680221557617e+00
-3.161187171936035156e-01
2.579320192337036133e+00
5.801921367645263672e+00
6.794148921966552734e+00
6.542741775512695312e+00
3.833443880081176758e+00
5.730195641517639160e-01
-1.738791704177856445e+00
-4.021522998809815341e+00
-2.326608419418334961e+00
-1.973631978034972700e+00
5.178434848785399280e-01
1.089888334274291992e+00
1.065783381462097168e+00
9.324157983064652877e-02
2.636895775794982910e-01
6.042578220367431641e-01
8.442718386650085449e-01
-1.640482664108276367e+00
-3.807145595550537109e+00
-4.198007583618163174e+00
-1.880152702331543191e+00
2.070381164550780806e+00
4.704961776733398438e+00
4.951688289642333984e+00
3.297531604766845703e+00
-3.187182247638702393e-01
-3.782540798187256303e+00
-4.150431156158446377e+00
-4.587975978851318359e+00
-4.293947696685791016e+00
-2.503842592239379883e+00
-9.453907012939452015e-01
8.695130348205566406e-01
1.844859123229980469e+00
1.112435936927795410e+00
2.537034749984741211e-01
-4.852093756198883057e-01
-1.288409709930419922e+00
-1.283725738525390625e+00
-3.025920867919921875e+00
-1.874919652938842773e+00
-1.595439672470092773e+00
-1.216021537780761497e+00
2.576842904090880793e-01
-3.855272531509399969e-01
1.222675085067749023e+00
1.336087346076965110e+00
-1.143281459808349609e+00
-1.009327292442321777e+00
5.481132268905639648e-01
-1.607089757919311523e+00
-9.476742148399351917e-01
-3.233816385269165039e+00
-1.187864303588867188e+00
9.768971800804138184e-02
6.059678196907043457e-01
1.867541790008544922e+00
1.272440910339355691e+00
1.250774621963500977e+00
-4.247797131538391113e-01
-9.714258909225463867e-01
-1.396436691284179688e+00
-7.633780241012573242e-01
-1.245159745216369629e+00
-7.259855270385742188e-01
8.049058914184570312e-01
2.422666788101196289e+00
2.826104879379272461e+00
2.231928110122680664e+00
1.176626086235046387e+00
-3.411005437374114990e-01
-1.318334102630615234e+00
-1.815055966377258301e+00
-1.571455955505370872e+00
-2.347502946853637695e+00
-4.717284813523292542e-02
-2.376382052898406982e-01
-5.593675971031188965e-01
-1.782779097557067871e-01
2.134722918272018433e-01
-2.225458920001983920e-01
-1.121032953262329102e+00
-1.295183420181274414e+00
-1.237921237945556641e+00
3.766646385192871094e-01
1.416711330413818359e+00
-3.652952909469605047e-01
-3.767734169960021973e-01
2.772128880023956299e-01
1.379357218742370605e+00
1.703258991241455078e+00
2.720243692398071733e+00
1.376205086708068848e+00
9.214888215065002441e-01
-9.120036363601683460e-01
-2.332410812377929688e+00
-2.730951070785522461e+00
-1.926633834838867188e+00
-1.494715690612793191e+00
-1.522849917411804199e+00
1.942032217979431152e+00
3.190436601638793945e+00
2.591436624526977095e+00
5.718601942062377930e-01
-1.246719360351562500e+00
-2.256056785583496094e+00
-1.993119955062866433e+00
-2.326265335083008257e+00
-2.270931154489516934e-01
2.816095829010009766e+00
3.308379888534546343e+00
3.729302644729614258e+00
4.109278202056884766e+00
3.514753341674804688e+00
2.347588300704956055e+00
1.809102654457092507e+00
-1.305454134941100852e+00
-3.073183298110961914e+00
-4.275130748748778409e+00
-3.662824869155883789e+00
-1.450936436653137207e+00
6.345312297344207764e-02
2.438725948333739790e+00
2.986673355102538618e+00
1.891809105873108132e+00
2.183767557144165039e-01
-1.026216268539428711e+00
-2.273010969161987749e+00
-1.662123560905456321e+00
-1.114435076713562012e+00
1.882672011852264404e-01
9.612025618553161621e-01
2.488094091415405273e+00
1.879705786705016868e+00
9.198465347290040173e-01
-6.997888088226318359e-01
-2.443694114685058594e+00
-3.580947399139404297e+00
-2.072089195251465288e+00
-1.429259181022644043e+00
-1.079494595527649148e+00
-8.311182260513305664e-01
-1.152112960815429688e+00
-9.812397956848144531e-01
-1.583449840545654297e+00
-2.029982805252074751e+00
-2.145436763763428178e+00
-1.695439338684081809e+00
-4.852419495582581122e-01
1.278363108634948730e+00
2.682367563247680664e+00
2.889538049697876421e+00
2.355363130569458008e+00
8.648898601531982422e-01
-5.565369725227355957e-01
-3.612852990627288818e-01
-5.719540715217590332e-01
-1.659200310707092507e+00
-2.686492204666137695e+00
-2.457542181015014204e+00
-1.291840910911560059e+00
1.379910349845886230e+00
1.394363999366760476e+00
-3.339336067438125610e-02
-1.207258224487304910e+00
-9.942591190338135876e-01
1.092661142349243164e+00
5.650959610939025879e-01
-1.293185472488403098e+00
-2.515281200408935547e+00
-1.915508270263672097e+00
-8.996039628982543945e-01
1.309560656547546387e+00
2.591744899749755859e+00
3.434492111206054688e+00
3.602025747299194336e+00
2.739621400833129883e+00
2.668175697326660156e-01
-1.705233454704284890e+00
-2.990780591964721680e+00
-3.799569606781006303e+00
-2.932157516479491743e+00
-1.214043572545051436e-01
1.503745079040527122e+00
1.138073086738586426e+00
4.514156579971314032e-01
7.945416569709777832e-01
7.668100595474243164e-01
7.672882676124572754e-01
-2.584086358547211248e-01
-1.537948846817016602e+00
-1.477004647254943848e+00
-4.187388122081757147e-01
-1.889670081436634064e-02
1.761783957481384499e+00
3.526398897171020508e+00
2.504689216613769087e+00
2.639116764068603516e+00
-1.334908008575439675e+00
-1.951718449592590332e+00
-1.165394902229309082e+00
-6.563616394996643066e-01
1.340110182762145996e+00
1.404641747474670410e+00
1.913448810577392800e+00
2.576175928115844727e+00
2.183822631835937056e+00
8.850270509719848633e-01
-6.357089877128601074e-01
-1.534451246261596902e+00
-7.275918126106262207e-01
1.653700470924377441e+00
5.902824997901916504e-01
-8.305584192276000977e-01
-1.346138954162597656e+00
-1.640839695930480957e+00
-1.145484685897827148e+00
-3.297170996665954590e-01
-2.581610381603240967e-01
-1.040598750114440918e+00
-1.909060239791869895e+00
-2.351220130920410156e+00
-1.291293621063232422e+00
-1.316523432731628418e+00
-9.281777143478393555e-01
-1.913549751043320049e-02
1.918555378913879617e+00
2.255242586135864258e+00
3.964909553527832031e+00
1.550526499748229980e+00
-5.943685770034790039e-01
-2.552121400833129883e+00
-3.176754951477051225e+00
-2.133940935134888139e+00
-3.345360457897186279e-01
1.262164831161499023e+00
2.762675523757934570e+00
2.908221483230591264e+00
2.629872322082519531e+00
1.142300724983215110e+00
1.798921525478363037e-01
-1.855558753013610840e+00
-2.499244928359985352e+00
-1.950930356979369895e+00
-3.449784517288208008e-01
2.164339065551758257e+00
2.631082057952880859e+00
2.540152788162231445e+00
1.484175324440002441e+00
3.033731877803802490e-02
-1.480753064155578613e+00
-2.046761512756348100e+00
-3.204049825668334961e+00
-2.981673955917358398e+00
-1.722938895225524902e+00
-5.150263905525207520e-01
-1.488935016095638449e-02
2.080141305923461914e-01
-7.735643982887268066e-01
-2.867789268493652344e+00
-3.892363071441649502e+00
-4.942495346069335938e+00
-5.050508975982666016e+00
-4.945301532745361328e+00
-3.108083963394165039e+00
-1.546107888221740723e+00
7.556226253509521484e-01
1.577170252799987793e+00
1.894040107727050781e+00
3.696120738983153409e+00
3.083466768264770508e+00
2.191140413284301758e+00
6.318786144256591797e-01
-1.508377075195312500e+00
-2.087134599685668945e+00
-2.078912734985352007e+00
-2.493407011032104492e+00
-1.428979277610778809e+00
5.999507904052734375e-01
8.098106384277343750e-01
1.129461050033569114e+00
-6.669077277183532715e-01
-1.945435881614685059e+00
-2.334572315216064453e+00
-1.520859479904174805e+00
-1.378831982612610085e+00
4.900922179222106934e-01
2.103832483291625977e+00
3.461139440536498579e+00
3.532222747802734375e+00
2.431531429290771484e+00
1.797515749931335449e+00
1.401044428348541260e-01
-1.793940186500549094e+00
-4.772008895874023438e+00
-5.329450130462647373e+00
-4.026383876800537109e+00
-8.254358768463134766e-01
2.689326524734497070e+00
5.947468757629394531e+00
7.802237987518310547e+00
6.723975658416747159e+00
3.409358978271484375e+00
-4.684673845767974854e-01
-4.216862201690673828e+00
-7.300359725952147549e+00
-7.896123409271240234e+00
-4.403674602508544922e+00
-1.053944900631904602e-01
5.448626995086669922e+00
7.909828186035156250e+00
8.623781204223632812e+00
6.942755699157714844e+00
3.666105985641479936e+00
-6.159778833389282227e-01
-4.121060371398926669e+00
-7.465948581695557529e+00
-6.416663169860839844e+00
-6.045965671539307529e+00
-2.733562469482421875e+00
1.584019780158996582e+00
5.475368976593018466e+00
8.696429252624513495e+00
9.315361976623536933e+00
6.823190212249755859e+00
2.083868741989136186e+00
-3.654382944107056108e+00
-7.665034770965576172e+00
-8.553728103637695312e+00
-6.324542522430419922e+00
-2.135344743728637695e+00
1.745457649230956809e+00
5.402429580688476562e+00
6.771188735961914062e+00
4.953424453735351562e+00
1.838570952415466309e+00
5.290017724037170410e-01
1.482490599155426025e-01
-1.843758702278136763e+00
-3.466328144073486328e+00
-4.906496524810791016e+00
-4.750741958618164062e+00
-2.956223487854003906e+00
-3.920222222805023193e-01
1.589035391807556152e+00
2.204934120178222656e+00
2.390171051025390181e+00
3.057337999343872070e+00
1.007825851440429688e+00
-8.158111572265625000e-01
-2.648191213607788086e+00
-5.231761455535888672e+00
-4.124413490295410156e+00
-3.428799390792846680e+00
-1.663230657577514648e+00
1.345624327659606934e-01
2.291956424713134766e+00
3.785295009613037109e+00
5.617379188537597656e+00
4.945174217224121094e+00
2.796006917953490767e+00
9.931923151016236462e-01
-9.832452982664106889e-02
-1.801915764808654785e+00
-2.525162935256958008e+00
-2.569422960281372070e+00
-6.301956772804260254e-01
3.046817779541016180e-01
1.063962101936340332e+00
1.058635950088500977e+00
5.174283981323242188e-01
1.178588811308145697e-02
-2.277084141969681064e-01
-3.532535433769226074e-01
-7.694203853607177734e-01
-2.477327108383178711e+00
1.037257090210914612e-01
1.684537291526794434e+00
1.941786646842956321e+00
8.766800165176391602e-01
-7.026185989379882812e-01
-3.837289571762084961e+00
-4.374835491180419922e+00
-4.020209312438964844e+00
-2.839605569839477095e+00
-2.391694039106369019e-01
1.468466281890869141e+00
3.632403373718261719e+00
3.804366827011108843e+00
1.682587027549743652e+00
-1.318315118551254550e-01
-3.681457042694091797e+00
-4.284670352935791016e+00
-4.614889144897460938e+00
-4.056209564208983487e+00
-2.837279558181762695e+00
-1.136744141578674316e+00
1.014260649681091309e+00
2.887763738632201704e+00
3.079806327819823775e+00
3.952397584915161133e+00
1.932345509529113547e+00
-8.860530257225036621e-01
-3.445241212844848633e+00
-5.627800464630126953e+00
-7.405285358428955078e+00
-6.041532516479492188e+00
-2.774781465530395508e+00
3.006972372531891216e-02
3.715531349182128906e+00
5.986832141876221591e+00
7.732265472412108487e+00
8.499258041381835938e+00
5.017010211944580078e+00
3.645296394824981689e-01
-3.212224245071411133e+00
-6.352148532867432529e+00
-5.310417175292968750e+00
-2.652397155761718750e+00
8.540057390928267045e-02
3.865278005599976030e+00
5.132882118225097656e+00
6.413384437561035156e+00
5.682634830474853516e+00
2.200186014175415039e+00
-1.020446300506591797e+00
-4.442038059234619141e+00
-5.492172241210937500e+00
-3.645432472229003906e+00
-1.074573993682861106e+00
1.870392441749572754e+00
9.473766684532165527e-01
8.715714812278747559e-01
1.749505281448364480e+00
2.546372175216674805e+00
2.271155267953872958e-01
-1.171703815460205078e+00
-3.015542745590209961e+00
-2.618301153182983398e+00
-2.804742336273193359e+00
-3.270249843597412109e+00
-2.586586952209472656e+00
-3.651992082595825195e-01
3.228972911834716797e+00
5.563228607177733487e+00
5.778874397277832031e+00
4.171437740325928623e+00
2.100728511810302734e+00
-1.273972153663635254e+00
-3.190412282943725586e+00
-2.865712881088256836e+00
-4.480675697326660156e+00
-2.729582071304321289e+00
-1.524495482444763184e+00
9.351705908775329590e-01
3.776038885116576704e+00
5.212069988250731534e+00
4.689469337463378906e+00
2.060813188552856445e+00
