1.724506169557571411e-01
1.746433079242706576e-01
1.767962276935577393e-01
1.759371459484100619e-01
1.777576506137847900e-01
1.805547624826431552e-01
1.833888888359069547e-01
1.836591809988021573e-01
1.860234439373016635e-01
1.883753985166549405e-01
1.889902204275131226e-01
1.912412941455841064e-01
1.934984028339385986e-01
1.937408894300460815e-01
1.958611607551574707e-01
1.979942023754119873e-01
2.001256048679352084e-01
2.011084109544754028e-01
2.032412141561507901e-01
2.053310424089432040e-01
2.087010294198989868e-01
2.107963711023330688e-01
2.150264680385589600e-01
2.164251357316970825e-01
2.215924561023711881e-01
2.251220345497131625e-01
2.280876785516738892e-01
2.277942001819610596e-01
2.306952327489852905e-01
2.329486310482024869e-01
2.329728454351424893e-01
2.351964563131332397e-01
2.372499704360961914e-01
2.395141571760177612e-01
2.414484024047852118e-01
2.433239817619324008e-01
2.451434880495071411e-01
2.443191856145859042e-01
2.460986971855164129e-01
2.460945993661880493e-01
2.461606860160827914e-01
2.475141733884811401e-01
2.489926666021347046e-01
2.497115284204483032e-01
2.509637773036956787e-01
2.522934973239899237e-01
2.536075115203856867e-01
2.547538876533508301e-01
2.558611929416656494e-01
2.570863664150238037e-01
2.604731023311614990e-01
2.617858946323394775e-01
2.630728185176848810e-01
2.652984559535980225e-01
2.666980028152465820e-01
2.680008411407471258e-01
2.704548835754394531e-01
2.718186378479003906e-01
2.729986608028411865e-01
2.742888331413269043e-01
2.747540175914764404e-01
2.759008705615996759e-01
2.769941389560699463e-01
2.776336669921875000e-01
2.787373065948486328e-01
2.796778082847595215e-01
2.809264361858367920e-01
2.819300293922424316e-01
2.828935384750366211e-01
2.837858796119689941e-01
2.825723290443420410e-01
2.831860184669494629e-01
2.838882505893707275e-01
2.832752764225006104e-01
2.837027609348297119e-01
2.841811180114746094e-01
2.836562395095825195e-01
2.841754555702208918e-01
2.845986485481262207e-01
2.850156724452972412e-01
2.854890823364257812e-01
2.859562039375305176e-01
2.863525450229644775e-01
2.861382067203521729e-01
2.864332199096680243e-01
2.867226302623748779e-01
2.900489866733551025e-01
2.905452549457550049e-01
2.911000251770019531e-01
2.907686233520507812e-01
2.913621068000792902e-01
2.918606400489807129e-01
2.923961281776428223e-01
2.966743409633636475e-01
2.975133061408997137e-01
2.982091605663300116e-01
2.990451753139495850e-01
2.998474836349487305e-01
3.005316257476806641e-01
2.988245785236358643e-01
2.994517087936400812e-01
2.997514009475708008e-01
3.012829422950745184e-01
3.018242418766021729e-01
3.022744655609130859e-01
3.028306961059570312e-01
3.017117679119110107e-01
3.020583391189575195e-01
3.023359179496765137e-01
3.042309880256652832e-01
3.046818077564239502e-01
3.052065074443817139e-01
3.043245077133179266e-01
3.046588301658630371e-01
3.050191402435302734e-01
3.053379654884338379e-01
3.103395104408264160e-01
3.109399974346160889e-01
3.115400075912476141e-01
3.128263056278228760e-01
3.133766055107117254e-01
3.138752579689025879e-01
3.135994076728820801e-01
3.140594065189361572e-01
3.144993484020233154e-01
3.147584497928619385e-01
3.169628381729125977e-01
3.173740506172180176e-01
3.178702294826508123e-01
3.174965381622314453e-01
3.178147375583649237e-01
3.180791437625885010e-01
3.194846212863922119e-01
3.197731375694274902e-01
3.200810849666595459e-01
3.198190033435820978e-01
3.199354112148284912e-01
3.200178146362305243e-01
3.200663328170776367e-01
3.203566968441008966e-01
3.203189969062805176e-01
3.201707899570465088e-01
3.180015981197357178e-01
3.177520334720612127e-01
3.174860477447510321e-01
3.167988657951354980e-01
3.163927495479583740e-01
3.160871863365172785e-01
3.156940639019012451e-01
3.130702376365661621e-01
3.126147687435150146e-01
3.121955394744873047e-01
3.146263062953948975e-01
3.143582046031951904e-01
3.141223192214965820e-01
3.145961165428161621e-01
3.145670592784881592e-01
3.144606053829193115e-01
3.144375681877136230e-01
3.153117895126342773e-01
3.153262138366699219e-01
3.154699802398681641e-01
3.119937479496002197e-01
3.117876350879669189e-01
3.116432130336760919e-01
3.130731880664824884e-01
3.130673766136168878e-01
3.131297230720520020e-01
3.132177591323852539e-01
3.117045760154724121e-01
3.116398155689239502e-01
3.116846084594726562e-01
3.138215839862823486e-01
3.139514923095703125e-01
3.141987919807434082e-01
3.156006932258605957e-01
3.159933090209960938e-01
3.163307309150695801e-01
3.167675435543060303e-01
3.170202374458312988e-01
3.173896968364716131e-01
3.176022768020629883e-01
3.171436488628387451e-01
3.174136579036713202e-01
3.175865113735198975e-01
3.145135343074798584e-01
3.144000768661499023e-01
3.143558502197265625e-01
3.123449981212615967e-01
3.121303021907806396e-01
3.119367957115172785e-01
3.118187487125396729e-01
3.116710484027862549e-01
3.115152716636657715e-01
3.115310668945312500e-01
3.122275769710540771e-01
3.122553825378417969e-01
3.121536672115325928e-01
3.109930157661437988e-01
3.108741641044617254e-01
3.108254969120025635e-01
3.107252120971680243e-01
3.106814622879028320e-01
3.107298612594604492e-01
3.104602396488189697e-01
3.104274272918701172e-01
3.104832470417023260e-01
3.106109797954559326e-01
3.102817833423614502e-01
3.103653490543364923e-01
3.105481564998627264e-01
3.093602061271667480e-01
3.094461858272552490e-01
3.092807531356811523e-01
3.091572225093841553e-01
3.070008158683776855e-01
3.067432045936584473e-01
3.064388036727905273e-01
3.051459193229675293e-01
3.047589063644409180e-01
3.044086098670959473e-01
3.001742660999298096e-01
2.997818887233734131e-01
2.992601990699768066e-01
2.985336780548096258e-01
3.013232946395874023e-01
3.011843860149383545e-01
3.008373081684112549e-01
3.011081218719482422e-01
3.008603751659392755e-01
3.007173836231232245e-01
3.000133037567139227e-01
2.997817099094390869e-01
2.996754646301268976e-01
2.976442873477935791e-01
2.976449728012084961e-01
2.975361049175262451e-01
2.973535060882568359e-01
2.963344156742095947e-01
2.964047789573668878e-01
2.963963747024536133e-01
2.976548969745635986e-01
2.977122366428375244e-01
2.978617250919342041e-01
2.979672551155090332e-01
2.981014549732208252e-01
2.984537482261657715e-01
2.988218963146209717e-01
3.041567802429199219e-01
3.049063384532928467e-01
3.056106865406036377e-01
3.067964315414429266e-01
3.075160086154937744e-01
3.081146180629730225e-01
3.083209991455078125e-01
3.090274631977080744e-01
3.096269667148590088e-01
3.102790713310241699e-01
3.107725083827972412e-01
3.113793730735778809e-01
3.118105828762054443e-01
3.104908466339111328e-01
3.107634782791137695e-01
3.110160529613494873e-01
3.138402104377746582e-01
3.140577375888824463e-01
3.143367469310760498e-01
3.156874477863311768e-01
3.158847689628601074e-01
3.161381781101226807e-01
3.166570365428925116e-01
3.153087496757507324e-01
3.154539465904235840e-01
3.156282007694244385e-01
3.147962689399719238e-01
3.146359622478485107e-01
3.146694004535675049e-01
3.116441369056701660e-01
3.113615512847900391e-01
3.111009299755096436e-01
3.109043538570404053e-01
3.074396550655364990e-01
3.068898618221282959e-01
3.063464760780334473e-01
3.052940368652343750e-01
3.047216832637786865e-01
3.041053712368011475e-01
3.041749000549316406e-01
3.036988973617553711e-01
3.031833767890930176e-01
3.024271726608276367e-01
2.994822859764099121e-01
2.989180386066436768e-01
2.983959913253784180e-01
2.962182760238647461e-01
2.954089343547821045e-01
2.949042320251464844e-01
2.917006015777587891e-01
2.909804284572600763e-01
2.905981242656707764e-01
2.928569912910460871e-01
2.925238013267517090e-01
2.923897206783295233e-01
2.922894954681396484e-01
2.899594306945800781e-01
2.896096110343933105e-01
2.892382144927978516e-01
2.907792925834655762e-01
2.910948395729064941e-01
2.912448942661284845e-01
2.890470921993256170e-01
2.893937230110168457e-01
2.895657420158386230e-01
2.900396287441253662e-01
2.888723015785216730e-01
2.890011370182036798e-01
2.895345985889434814e-01
2.915321588516235352e-01
2.921437025070190430e-01
2.927984297275543213e-01
2.964530289173126221e-01
2.972638905048370361e-01
2.982544600963592529e-01
2.991041541099548340e-01
2.984829843044281006e-01
2.993437349796295166e-01
3.001429438591003418e-01
3.009568750858306885e-01
3.018245697021484375e-01
3.024948835372924805e-01
2.993254661560058594e-01
2.998467981815338135e-01
3.002361357212067206e-01
2.985001504421234131e-01
2.987430989742279053e-01
2.990161776542664129e-01
2.993086874485015869e-01
3.035180866718292236e-01
3.039164841175079346e-01
3.044612109661102295e-01
3.021284043788909912e-01
3.024382293224335272e-01
3.028354346752166748e-01
3.026814460754394531e-01
3.029914200305939276e-01
3.032545745372772217e-01
3.034264445304870605e-01
3.058115541934967041e-01
3.061643540859222412e-01
3.064675033092498779e-01
3.086012601852416992e-01
3.090057373046875000e-01
3.093636929988861084e-01
3.082253336906433105e-01
3.085861504077911377e-01
3.088024258613586426e-01
3.091396689414978027e-01
3.067464828491210938e-01
3.068723380565643311e-01
3.070984184741973877e-01
3.077943027019500732e-01
3.079543113708496094e-01
3.081060647964476984e-01
3.108527958393096924e-01
3.110707402229309082e-01
3.113079071044921875e-01
3.137004673480987549e-01
3.140529394149780273e-01
3.143677413463592529e-01
3.146538138389587402e-01
3.137392699718475342e-01
3.138948380947113037e-01
3.139967024326324463e-01
3.120374083518981934e-01
3.120021224021912176e-01
3.120089769363403320e-01
3.120389580726623535e-01
3.120509386062622070e-01
3.120163381099700928e-01
3.120278120040893555e-01
3.123618960380554199e-01
3.124345541000366211e-01
3.125106692314147949e-01
3.149300515651702881e-01
3.151928186416625977e-01
3.155368566513060968e-01
3.131701052188872736e-01
3.133052587509155273e-01
3.134384155273436945e-01
3.135421872138977051e-01
3.153646886348724365e-01
3.155786693096160889e-01
3.158100545406341553e-01
3.136104345321655273e-01
3.136227428913116455e-01
3.137594759464263916e-01
3.149778544902800959e-01
3.150245547294617254e-01
3.151712119579315186e-01
3.131745755672454834e-01
3.132045865058898926e-01
3.131229281425476074e-01
3.131620287895202637e-01
3.113270401954650879e-01
3.111348450183868408e-01
3.109187781810760498e-01
3.108219802379608154e-01
3.106431663036346436e-01
3.104667067527770996e-01
3.109154999256134033e-01
3.108217418193817139e-01
3.108002543449401855e-01
3.106999099254608154e-01
3.112263083457946777e-01
3.111146986484528143e-01
3.112290501594543457e-01
3.111853599548339844e-01
3.111017942428588867e-01
3.112195730209350586e-01
3.085786104202270508e-01
3.084246516227722168e-01
3.081519901752471924e-01
3.080126941204071045e-01
3.062141239643096924e-01
3.059725165367126465e-01
3.055207431316375732e-01
3.081577122211456299e-01
3.079808950424194336e-01
3.075922429561614990e-01
3.071113526821136475e-01
3.069003820419311523e-01
3.068629801273345947e-01
3.067908287048339844e-01
3.081186711788176935e-01
3.081849515438079834e-01
3.084760904312133789e-01
3.098630905151367188e-01
3.101289868354796808e-01
3.104892075061798096e-01
3.067721724510192871e-01
3.069831132888793945e-01
3.069801628589630127e-01
3.052871525287628174e-01
3.052381575107574463e-01
3.051816225051879883e-01
3.053139746189116877e-01
3.062665760517120361e-01
3.062972724437713623e-01
3.064058125019072931e-01
3.033272922039031982e-01
3.032413423061370850e-01
3.031299710273743231e-01
3.023821413516998291e-01
3.023282587528228760e-01
3.023918867111206055e-01
3.023326992988586426e-01
3.033289909362792969e-01
3.034890592098236084e-01
3.035640716552734375e-01
3.051791489124298096e-01
3.053420484066008966e-01
3.055429756641387939e-01
3.056103289127349854e-01
3.057735562324523926e-01
3.058419227600097656e-01
3.041786253452301025e-01
3.041896522045135498e-01
3.041287660598754883e-01
3.041982054710388184e-01
3.061438202857971191e-01
3.061075806617736816e-01
3.061887025833129883e-01
3.064515888690948486e-01
3.064659535884857178e-01
3.066000938415527344e-01
3.063578307628632147e-01
3.063744008541107178e-01
3.063987493515014648e-01
3.061781227588653564e-01
3.059502542018890381e-01
3.058919310569763184e-01
3.058785796165466309e-01
3.037659227848052979e-01
3.036180436611175537e-01
3.034843802452087402e-01
3.051779568195343018e-01
3.050556182861328125e-01
3.050671815872192383e-01
3.050719499588013250e-01
3.029467761516571045e-01
3.026412129402161200e-01
3.024294376373291016e-01
3.042481243610382080e-01
3.041953742504119873e-01
3.042429685592651367e-01
3.048190176486968994e-01
3.047325015068054199e-01
3.049286305904388428e-01
3.047432601451873779e-01
3.048765659332275391e-01
3.050191402435302734e-01
3.051732182502746582e-01
3.038752973079680841e-01
3.039112091064453125e-01
3.039516508579254150e-01
3.023183643817901611e-01
3.023858368396759033e-01
3.024527430534362793e-01
3.029566109180450439e-01
3.029012978076934814e-01
3.029046356678009033e-01
3.028682768344879150e-01
3.017434477806091309e-01
3.016546666622161865e-01
3.014519512653350830e-01
3.014000654220581055e-01
3.011610805988311768e-01
3.009261488914489746e-01
2.994152307510375977e-01
2.991305589675903320e-01
2.988065481185913086e-01
2.984401583671569824e-01
2.982754111289978027e-01
2.979645431041716974e-01
2.976883649826049805e-01
2.976151406764984131e-01
2.973782718181610107e-01
2.971466779708862305e-01
2.969437837600708008e-01
2.966490685939788818e-01
2.964491248130798340e-01
2.962425351142883301e-01
2.969726622104644775e-01
2.968824803829193115e-01
2.968432605266571045e-01
2.955251038074492853e-01
2.954562306404113770e-01
2.955756783485413153e-01
2.953580617904663086e-01
2.952111363410949707e-01
2.952154874801635742e-01
2.994352579116820734e-01
2.997418344020843506e-01
3.000432550907135010e-01
3.004599213600159247e-01
3.010705113410949707e-01
3.013966083526611328e-01
3.018125593662261963e-01
3.031637370586395264e-01
3.035552501678466797e-01
3.039750158786773682e-01
3.040551245212554932e-01
3.046166300773621161e-01
3.052985668182373047e-01
3.059301376342772882e-01
3.072899281978607178e-01
3.078911602497100830e-01
3.086494803428649902e-01
3.078308403491973877e-01
3.083442449569702148e-01
3.090075254440308172e-01
3.089449107646942139e-01
3.093842267990112305e-01
3.099530041217803955e-01
3.094115555286407471e-01
3.098720908164978027e-01
3.102332055568695068e-01
3.105278313159942627e-01
3.090877234935760498e-01
3.092706203460692804e-01
3.096141219139099121e-01
3.092201650142669678e-01
3.093844652175903320e-01
3.096425533294677734e-01
3.122679889202117920e-01
3.125895261764526367e-01
3.129283487796783447e-01
3.131933510303496759e-01
3.134416639804840088e-01
3.137114346027374268e-01
3.139652609825134277e-01
3.157227933406829834e-01
3.159394264221191406e-01
3.161095380783081055e-01
3.168093562126160223e-01
3.169563710689545233e-01
3.171553015708923340e-01
3.172752857208251953e-01
3.161083757877349854e-01
3.160085678100585938e-01
3.160871863365172785e-01
3.166904747486114502e-01
3.166924118995666504e-01
3.165574669837952215e-01
3.152613341808319092e-01
3.151032626628875732e-01
3.148365914821624756e-01
3.120487630367279053e-01
3.115748167037963867e-01
3.111555278301239014e-01
3.106437623500823975e-01
3.099978268146514893e-01
3.096087276935576837e-01
3.092518448829650879e-01
3.094930648803710938e-01
3.093277513980864923e-01
3.088279962539672852e-01
3.082555532455444336e-01
3.077830970287322998e-01
3.073405623435974121e-01
3.070920407772064209e-01
3.059140443801879883e-01
3.056622147560120184e-01
3.055245280265808105e-01
3.065531551837921143e-01
3.062967360019683838e-01
3.062297105789185125e-01
3.067612946033477783e-01
3.066932857036590576e-01
3.068199455738068182e-01
3.067841231822967529e-01
3.056028783321381170e-01
3.057404160499572754e-01
3.058014214038848877e-01
3.037748038768768311e-01
3.038109242916107178e-01
3.038139045238494873e-01
3.018629550933837891e-01
3.018358647823333740e-01
3.015722036361694336e-01
3.000533878803253174e-01
2.997210621833801270e-01
2.995456159114837646e-01
2.994469404220581055e-01
3.006045222282409668e-01
3.005626499652862549e-01
3.005445301532744806e-01
3.014449477195739746e-01
3.015435039997100830e-01
3.016965389251708984e-01
3.028428256511688232e-01
3.029628396034240723e-01
3.032744228839874268e-01
3.035528957843780518e-01
3.068315386772155762e-01
3.076087832450867254e-01
3.081341385841369629e-01
3.092243075370789129e-01
3.099173903465270996e-01
3.107057511806488037e-01
3.113108873367309570e-01
3.119204044342041016e-01
3.127143979072570801e-01
3.132764101028442383e-01
3.125330507755279541e-01
3.131981492042540949e-01
3.136612474918364923e-01
3.133465945720673163e-01
3.137111663818359375e-01
3.140819370746612549e-01
3.108186721801757812e-01
3.110001683235168457e-01
3.111240267753601074e-01
3.115698099136352539e-01
3.114494085311889648e-01
3.113147318363189697e-01
3.112409710884094238e-01
3.102797567844390869e-01
3.101092576980590820e-01
3.100116848945617676e-01
3.085681200027465820e-01
3.083259761333465576e-01
3.077227771282196045e-01
3.070839345455169678e-01
3.065982162952423096e-01
3.062639832496643066e-01
3.060166835784912109e-01
3.062443435192108154e-01
3.059660494327545166e-01
3.057216107845306396e-01
3.064571321010589600e-01
3.063341081142424982e-01
3.062545657157897949e-01
3.062565624713897705e-01
3.060110807418823242e-01
3.058635592460632324e-01
3.056586682796478271e-01
3.047548830509185791e-01
3.047543168067932129e-01
3.044747710227966309e-01
3.050183057785034180e-01
3.048889636993408203e-01
3.046875894069672186e-01
3.027878403663635254e-01
3.025301396846771240e-01
3.023875355720520020e-01
3.012761175632476807e-01
3.010298907756804865e-01
3.011593818664550781e-01
3.012289702892303467e-01
3.018806874752045233e-01
3.017786443233489990e-01
3.019006550312042236e-01
3.010744750499724787e-01
3.010487258434296209e-01
3.011813163757324219e-01
3.002421855926513672e-01
3.001171648502349854e-01
3.000988364219664972e-01
2.999193668365478516e-01
2.992848753929138184e-01
2.991182804107666016e-01
2.990646958351135254e-01
3.000980317592620850e-01
3.000549674034119207e-01
3.001343607902526855e-01
3.037320077419281006e-01
3.040570318698883057e-01
3.044983744621276855e-01
3.045887649059296209e-01
3.021298944950103760e-01
3.022449314594268799e-01
3.023188114166260321e-01
3.046681284904479980e-01
3.047508895397186279e-01
3.049587309360504150e-01
3.039050996303558350e-01
3.040945231914519709e-01
3.043008446693420410e-01
3.043413758277893066e-01
3.059080243110656738e-01
3.061145544052124023e-01
3.064073026180267334e-01
3.069566488265991211e-01
3.071448802947998047e-01
3.076627254486083984e-01
3.075479269027709961e-01
3.078055679798126221e-01
3.082008659839630127e-01
3.094113767147064209e-01
3.097075521945952814e-01
3.101294040679932196e-01
3.105976283550262451e-01
3.085955977439880371e-01
3.088500201702117920e-01
3.090982735157012939e-01
3.104861676692962646e-01
3.104303181171417236e-01
3.105994760990142822e-01
3.079200387001037598e-01
3.076978623867034912e-01
3.074960112571716309e-01
3.071887493133544922e-01
3.071953058242797852e-01
3.067829310894012451e-01
3.063128590583801270e-01
3.071126043796539307e-01
3.066878318786621094e-01
3.062790334224700928e-01
3.060179054737091064e-01
3.053895533084868830e-01
3.047870397567749023e-01
3.036234378814697266e-01
3.027685880661010742e-01
3.018279671669006348e-01
3.008207678794860840e-01
3.017730116844177246e-01
3.011241555213928223e-01
3.007816970348358154e-01
2.990370988845825195e-01
2.986870110034942627e-01
2.984134256839752197e-01
2.998869717121124268e-01
2.999070584774016779e-01
3.000258505344390869e-01
3.000352084636688232e-01
2.991777658462524414e-01
2.992957234382628839e-01
2.995722889900207520e-01
3.000139594078063965e-01
3.002555966377258301e-01
3.005687892436981201e-01
2.974653542041778564e-01
2.975533008575439453e-01
2.976979315280914307e-01
2.977346479892731268e-01
2.995638549327850342e-01
2.997558414936065674e-01
2.997310459613800049e-01
3.006028234958649237e-01
3.006105720996857245e-01
3.006887733936310370e-01
3.017347753047943115e-01
3.019191920757293701e-01
3.017646670341492254e-01
3.020013570785522461e-01
3.020224571228027344e-01
3.019180297851562500e-01
3.019920587539672852e-01
3.046010732650756836e-01
3.047398924827576239e-01
3.049221038818359375e-01
3.076339066028594971e-01
3.079754114151000977e-01
3.083557188510894775e-01
3.101504147052764893e-01
3.105922937393188477e-01
3.111211061477661133e-01
3.114874660968780518e-01
3.106192052364348810e-01
3.108943402767180841e-01
3.110491335391998291e-01
3.139950335025787354e-01
3.140872418880462646e-01
3.143143057823181152e-01
3.166233301162719727e-01
3.168965578079224188e-01
3.169811964035034180e-01
3.172858357429504395e-01
3.180932402610778809e-01
3.182790577411652166e-01
3.182203769683837891e-01
3.189439177513122559e-01
3.190124034881591797e-01
3.190243840217590332e-01
3.193193078041077215e-01
3.192779123783112127e-01
3.192630708217620850e-01
3.151827454566956122e-01
3.147907555103302002e-01
3.143699467182159424e-01
3.138655126094818115e-01
3.141357302665710449e-01
3.136776685714721680e-01
3.128722906112670898e-01
3.142859637737274170e-01
3.133216202259064276e-01
3.132973909378051758e-01
3.154590427875518799e-01
3.150662779808044434e-01
3.145996630191802979e-01
3.142879605293273926e-01
3.109571933746337891e-01
3.105729818344116211e-01
3.102252483367919922e-01
3.095490634441375732e-01
3.091277778148651123e-01
3.087929189205169678e-01
3.072426021099090576e-01
3.069430291652679443e-01
3.064608573913574219e-01
3.060713112354278564e-01
3.053173124790192206e-01
3.049351871013640802e-01
3.045113384723663330e-01
3.030371963977813721e-01
3.025000989437103271e-01
3.020306527614592951e-01
3.019724488258361816e-01
3.015293478965759277e-01
3.010396063327788752e-01
3.006053566932678223e-01
3.009093403816223145e-01
3.005070686340332031e-01
2.999770641326904297e-01
3.000128269195557196e-01
2.997132539749144953e-01
2.993378341197967529e-01
2.985793054103851318e-01
2.982215881347656250e-01
2.979832291603088379e-01
2.970943152904510498e-01
2.967704832553863525e-01
2.965129911899567206e-01
2.960609495639801025e-01
2.944650352001189630e-01
2.942217290401458740e-01
2.937855720520019531e-01
2.923026084899902344e-01
2.918310165405272882e-01
2.911597192287445068e-01
2.895751893520355225e-01
2.888632118701934814e-01
2.883241176605225164e-01
2.877804040908812921e-01
2.848764359951019287e-01
2.840657830238342285e-01
2.834205329418182373e-01
2.821915745735168457e-01
2.814491689205169678e-01
2.808075249195098877e-01
2.797290682792664129e-01
2.793342173099517822e-01
2.788920402526855469e-01
2.802012562751770020e-01
2.798534035682678223e-01
2.797464430332183838e-01
2.795573770999908447e-01
2.776205539703369141e-01
2.773429453372955322e-01
2.770948708057404120e-01
2.770095765590667725e-01
2.768899798393248957e-01
2.766596078872681219e-01
2.744536399841309149e-01
2.742365896701812744e-01
2.737404406070709229e-01
2.735091149806976318e-01
2.728392183780669611e-01
2.725947797298431396e-01
2.725185751914978027e-01
2.737867832183837891e-01
2.739742994308472235e-01
2.741963863372802734e-01
2.729669809341431219e-01
2.732937633991240900e-01
2.734497785568236750e-01
2.734478712081909180e-01
2.744470834732056219e-01
2.746516168117523193e-01
2.745870649814605713e-01
2.748057246208190918e-01
2.753258943557739258e-01
2.754130363464355469e-01
2.752124667167664129e-01
2.757774889469146729e-01
2.759189903736114502e-01
2.762615084648132324e-01
2.772682905197144110e-01
2.776069641113281250e-01
2.781874239444733221e-01
2.787725925445557196e-01
2.795814573764801025e-01
2.800762951374053955e-01
2.823298871517180841e-01
2.831892669200897217e-01
2.838152945041656494e-01
2.859491705894470215e-01
2.867474257946014404e-01
2.875865399837493896e-01
2.883550524711608887e-01
2.884994149208068848e-01
2.894420921802520752e-01
2.899995744228363037e-01
2.884232401847839355e-01
2.888628244400024414e-01
2.894036173820496161e-01
2.907282114028931219e-01
2.911248207092285156e-01
2.915212512016296387e-01
2.920601963996887207e-01
2.919502556324005127e-01
2.923735678195952814e-01
2.928412854671478271e-01
2.937291562557220459e-01
2.941590845584868830e-01
2.943936288356781006e-01
2.937171161174774170e-01
2.940447330474852961e-01
2.943409383296966553e-01
2.945299446582794189e-01
2.953339219093322754e-01
2.955972850322723389e-01
2.957196533679962158e-01
2.931868135929108221e-01
2.933098673820496161e-01
2.932962775230408270e-01
2.922896146774291992e-01
2.921380102634429932e-01
2.920005321502684992e-01
2.922953367233276367e-01
2.921251058578491211e-01
2.920849919319152832e-01
2.920103371143341064e-01
2.911471128463745117e-01
2.909856438636779785e-01
2.908388674259185791e-01
2.911922037601470947e-01
2.909980118274689276e-01
2.908854186534881592e-01
2.899201214313507080e-01
2.897258996963500977e-01
2.896021008491516113e-01
2.894088625907897949e-01
2.903168797492980957e-01
2.901972234249114990e-01
2.900443077087402344e-01
2.874512672424316406e-01
2.870771884918212891e-01
2.869878411293029785e-01
2.856172323226929266e-01
2.852207124233245850e-01
2.850486934185028076e-01
2.848737835884094238e-01
2.845924794673920233e-01
2.844776511192321777e-01
2.841180860996246338e-01
2.832530736923217773e-01
2.829812765121459961e-01
2.829378247261047363e-01
2.822182476520538330e-01
2.820968329906464178e-01
2.819152474403380793e-01
2.832347452640532892e-01
2.833200395107268732e-01
2.832912504673004150e-01
2.832608222961425781e-01
2.822671830654144287e-01
2.821969985961914062e-01
2.821655571460723877e-01
2.830158472061157227e-01
2.830075025558472235e-01
2.833712995052337646e-01
2.843528985977172852e-01
2.845967113971710205e-01
2.848430573940277100e-01
2.852617800235748291e-01
2.853691875934600830e-01
2.857967615127563477e-01
2.860806584358215332e-01
2.867057621479034424e-01
2.872121036052703857e-01
2.875823974609375000e-01
2.896927297115325928e-01
2.902446687221527100e-01
2.907719910144805908e-01
2.914803326129912775e-01
2.934212684631348211e-01
2.941817343235015869e-01
2.948130071163176935e-01
2.929810881614685059e-01
2.934367358684539795e-01
2.939499616622924805e-01
2.971373200416564941e-01
2.976301610469818115e-01
2.978995144367218018e-01
2.958466410636901855e-01
2.958954870700836182e-01
2.961635589599608820e-01
2.962049841880798340e-01
2.963339090347290039e-01
2.965073287487030029e-01
2.964572310447692871e-01
2.982081472873687744e-01
2.984009683132172186e-01
2.984986603260040283e-01
2.998414635658264160e-01
3.000515699386597235e-01
3.003449440002440851e-01
3.004283905029296875e-01
2.997524738311768133e-01
2.999310493469238281e-01
3.001422882080078125e-01
3.030072450637816828e-01
3.032892346382141113e-01
3.034733831882476807e-01
3.039358258247375488e-01
3.041896820068359375e-01
3.043596446514129639e-01
3.045689165592193604e-01
3.056652843952178955e-01
3.059007823467254639e-01
3.061727583408356268e-01
3.058051764965056818e-01
3.061574101448059082e-01
3.064163625240325928e-01
3.043435811996459961e-01
3.045496046543120783e-01
3.044053018093109131e-01
3.039819598197937012e-01
3.039486110210419256e-01
3.039379715919494629e-01
3.037489652633666992e-01
3.033925890922546387e-01
3.033247888088226318e-01
3.034199476242064875e-01
3.015476167201995850e-01
3.014434278011322021e-01
3.013938367366790771e-01
3.017507195472716730e-01
3.017029762268066406e-01
3.015934526920318604e-01
3.015149533748627264e-01
3.025182187557220459e-01
3.024737536907196045e-01
3.023025095462799072e-01
3.040609955787659247e-01
3.041334450244904120e-01
3.041162788867950439e-01
3.029817938804626465e-01
3.031446635723114014e-01
3.031159341335297186e-01
3.030422031879425049e-01
3.048634827136992853e-01
3.049689829349517822e-01
3.050584793090820312e-01
3.064971566200256348e-01
3.066704571247100830e-01
3.068306446075439453e-01
3.041845262050629217e-01
3.042854666709899902e-01
3.042705357074736994e-01
3.033226132392883301e-01
3.030920326709747314e-01
3.028889298439025879e-01
3.024546802043914795e-01
3.007038533687592108e-01
3.001389503479003906e-01
2.995488345623016357e-01
3.006713986396789551e-01
3.003071546554564875e-01
2.996968328952788752e-01
2.988508641719818115e-01
2.984747290611267090e-01
2.978394925594329834e-01
2.976300120353698730e-01
2.988206148147583008e-01
2.986532151699066162e-01
2.986482381820679266e-01
2.978964149951934814e-01
2.978743910789489746e-01
2.976895570755004883e-01
2.974684834480285645e-01
2.974714934825897217e-01
2.972471415996551514e-01
2.971609532833099365e-01
2.971228063106536865e-01
2.971111536026000977e-01
2.970583438873291016e-01
2.982939779758452814e-01
2.983448803424835205e-01
2.981623411178588867e-01
2.985197305679320734e-01
2.983343601226806641e-01
2.984401285648345947e-01
2.974210977554320734e-01
2.971726953983306885e-01
2.969468235969543457e-01
2.968614995479583740e-01
2.914730012416840155e-01
2.908170521259307861e-01
2.901158928871154785e-01
2.897562682628632147e-01
2.894780933856964111e-01
2.891707122325897217e-01
2.872239947319030762e-01
2.864144146442412775e-01
2.856158316135406494e-01
2.847129106521606445e-01
2.832462191581726074e-01
2.822635769844055176e-01
2.815770506858825684e-01
2.778997421264648438e-01
2.766524255275726318e-01
2.754915058612823486e-01
2.763788998126984198e-01
2.752055823802947998e-01
2.742773294448852539e-01
2.758120894432067871e-01
2.748528420925140381e-01
2.740407586097716730e-01
2.732871770858765204e-01
2.745763361454010010e-01
2.738548517227172852e-01
2.734609544277191162e-01
2.715360522270202637e-01
2.710248827934265137e-01
2.703206241130828857e-01
2.689006924629211426e-01
2.683943212032318115e-01
2.673703134059906006e-01
2.668448388576508123e-01
2.661143243312836248e-01
2.651109695434570312e-01
2.646803557872772217e-01
2.655579447746276855e-01
2.647145092487335205e-01
2.641029357910156250e-01
2.620894312858580988e-01
2.613217234611511230e-01
2.604899704456328791e-01
2.598735392093658447e-01
2.577375769615172785e-01
2.568826377391815186e-01
2.559762597084044855e-01
2.541562616825103760e-01
2.533098459243774414e-01
2.524906992912292480e-01
2.512979209423065186e-01
2.507121860980987549e-01
2.501067519187927246e-01
2.494896352291106900e-01
2.477394789457320889e-01
2.471424788236618042e-01
2.465437054634094516e-01
2.433183044195174893e-01
2.428380250930786133e-01
2.422739416360855103e-01
2.424107044935226440e-01
2.419529855251312533e-01
2.414573132991791049e-01
2.434840500354767123e-01
2.433329820632934570e-01
2.431913763284682950e-01
2.431073039770126620e-01
2.418813556432723999e-01
2.415899038314819613e-01
2.413490265607833862e-01
2.415583282709121427e-01
2.413362413644790372e-01
2.410317957401275912e-01
2.388269305229187012e-01
2.385189086198807040e-01
2.384035736322402954e-01
2.382189482450484952e-01
2.360696941614151001e-01
2.358549684286117554e-01
2.357781827449798584e-01
2.372393012046813965e-01
2.372910678386687955e-01
2.372264415025711060e-01
2.371966987848281583e-01
2.374563217163085938e-01
2.376404404640197476e-01
2.378577440977097113e-01
2.395599782466888428e-01
2.399458289146423617e-01
2.401759326457977017e-01
2.418133318424225131e-01
2.423290759325027466e-01
2.428476512432098389e-01
2.413655072450637540e-01
2.419977039098739902e-01
2.424283921718597135e-01
2.448434829711914062e-01
2.454821169376373013e-01
2.463475465774536133e-01
2.462959289550780972e-01
2.467460781335830966e-01
2.474751770496368408e-01
2.482647299766540527e-01
2.502952814102172852e-01
2.513103187084197998e-01
2.521047592163085938e-01
2.532661259174346924e-01
2.541235685348510742e-01
2.550602853298187256e-01
2.559710741043090820e-01
2.555709183216094971e-01
2.562768161296844482e-01
2.570217549800872803e-01
2.564657330513000488e-01
2.570422291755676270e-01
2.576524615287780762e-01
2.578550279140472412e-01
2.584655880928040106e-01
2.589801847934722900e-01
2.594202160835266113e-01
2.592131495475769043e-01
2.596683800220488947e-01
2.601139545440673828e-01
2.617386579513550360e-01
2.622891366481781006e-01
2.628386616706848145e-01
2.642045617103577215e-01
2.650287151336669922e-01
2.657534778118132990e-01
2.646355330944060724e-01
2.652556002140045166e-01
2.658981680870056152e-01
2.666248381137847900e-01
2.650480568408966064e-01
2.656364440917968750e-01
2.659685313701629639e-01
2.652132809162139893e-01
2.654928565025329590e-01
2.657263875007628839e-01
2.646469473838806152e-01
2.647934854030609131e-01
2.649077475070952814e-01
2.650954723358154297e-01
2.665932476520538330e-01
2.670751810073852539e-01
2.675768136978148859e-01
2.660358548164368231e-01
2.666037082672119141e-01
2.671284973621368408e-01
2.667676806449889582e-01
2.672404944896697998e-01
2.679384052753448486e-01
2.683688998222351074e-01
2.690173089504241943e-01
2.697713971138000488e-01
2.705974280834197998e-01
2.703150808811187744e-01
2.710996866226196289e-01
2.721236348152161200e-01
2.702516615390777588e-01
2.709522545337677002e-01
2.716980278491973877e-01
2.727278172969818115e-01
2.735013663768768311e-01
2.743360996246337891e-01
2.749358713626861572e-01
2.764537632465362549e-01
2.770876288414000910e-01
2.777075469493865967e-01
2.785562872886657715e-01
2.791569232940673828e-01
2.797550559043884277e-01
2.805139720439910889e-01
2.811123728752136230e-01
2.816362977027893066e-01
2.821409106254577637e-01
2.789514660835266113e-01
2.793381810188292902e-01
2.796830534934997559e-01
2.829257547855377197e-01
2.836387455463408869e-01
2.843903303146362305e-01
2.861405909061431885e-01
2.871823608875275213e-01
2.883746623992919922e-01
2.886283993721008301e-01
2.898584902286528986e-01
2.911342382431030273e-01
2.922532260417938232e-01
2.914701402187347412e-01
2.924738824367523193e-01
2.935132086277008057e-01
2.977299690246582031e-01
2.990302145481109619e-01
3.003561794757843018e-01
3.001723885536193848e-01
3.012447357177734375e-01
3.019995093345642090e-01
3.037483692169188898e-01
3.049856722354888916e-01
3.065219223499298096e-01
3.076280653476715088e-01
3.073472380638122559e-01
3.081740438938140869e-01
3.089739084243774414e-01
3.074252307415008545e-01
3.079783618450164795e-01
3.086526393890380859e-01
3.092102706432342529e-01
3.105906248092651367e-01
3.112833201885223389e-01
3.119973838329315186e-01
3.119800686836243231e-01
3.126648366451263428e-01
3.134197294712067206e-01
3.151665925979614258e-01
3.160457909107208252e-01
3.169945478439331055e-01
3.156144022941588800e-01
3.165061473846435547e-01
3.174096941947937012e-01
3.184705674648284912e-01
3.160252869129180908e-01
3.168908655643463135e-01
3.177970647811889648e-01
3.179661333560944159e-01
3.187573552131652832e-01
3.195103108882904053e-01
3.191546499729156494e-01
3.198547065258026123e-01
3.205363154411315918e-01
3.212876319885253906e-01
3.204045593738555908e-01
3.212006092071533203e-01
3.219332098960876465e-01
3.240545690059661865e-01
3.248315155506134033e-01
3.255008757114410400e-01
3.286093771457672119e-01
3.294729888439178467e-01
3.304201662540435791e-01
3.313466608524322510e-01
3.327095508575439453e-01
3.337430953979492188e-01
3.346087932586669922e-01
3.346616625785828192e-01
3.355059921741485596e-01
3.364064097404479980e-01
3.405564129352569580e-01
3.416372835636138916e-01
3.428553044795989990e-01
3.436848223209381104e-01
3.449324667453765869e-01
3.460414707660675049e-01
3.470942974090576172e-01
3.475404381752014160e-01
3.486346900463104248e-01
3.499152064323424738e-01
3.485112786293029785e-01
3.494767248630524237e-01
3.505192101001739502e-01
3.522041738033295233e-01
3.532652258872985840e-01
3.542254567146301270e-01
3.553833365440369207e-01
3.562515079975128174e-01
3.572785556316375732e-01
3.580793738365172785e-01
3.613494038581848145e-01
3.624979257583618164e-01
3.635255396366119940e-01
3.667086958885192871e-01
3.677249252796173096e-01
3.688949048519135077e-01
3.700548410415649414e-01
3.706436753273010254e-01
3.715959489345551092e-01
3.726146519184113104e-01
3.719608783721923828e-01
3.726893067359923761e-01
3.735586404800415039e-01
3.733122646808624268e-01
3.739615976810454767e-01
3.746793568134307861e-01
3.775555193424224854e-01
3.783153593540192206e-01
3.790855407714843750e-01
3.797572553157806396e-01
3.798706531524658203e-01
3.804791867733001709e-01
3.811993896961212158e-01
3.831405341625213623e-01
3.839487433433533270e-01
3.846030831336975098e-01
3.887352943420410156e-01
3.895480334758759100e-01
3.903278708457946777e-01
3.909780085086823065e-01
3.858978748321533203e-01
3.860525190830231268e-01
3.862469196319579523e-01
3.842761516571044922e-01
3.844249546527863104e-01
3.844995498657226562e-01
3.903796374797821045e-01
3.907838463783264160e-01
3.909680843353272039e-01
3.913918733596801758e-01
3.888836503028869629e-01
3.888539075851439875e-01
3.890175521373748779e-01
3.871328234672545276e-01
3.870897591114044189e-01
3.867276608943939209e-01
3.863961398601531982e-01
3.862922787666320801e-01
3.860215246677399237e-01
3.858076035976409912e-01
3.858676552772521973e-01
3.856214284896850586e-01
3.852516710758209229e-01
3.847641646862029474e-01
3.844775557518004816e-01
3.840824365615844727e-01
3.830960988998413086e-01
3.827415704727172852e-01
3.824509382247924805e-01
3.819566965103148859e-01
3.815667331218720038e-01
3.811956644058228094e-01
3.805584609508513294e-01
3.793340027332305908e-01
3.789840638637542725e-01
3.785801827907562256e-01
3.798643052577972967e-01
3.795483112335205078e-01
3.791153132915496826e-01
3.757208585739135742e-01
3.751740455627441406e-01
3.746983110904693604e-01
3.743332326412200928e-01
3.713906407356262207e-01
3.708433806896209717e-01
3.702023625373839777e-01
3.692044019699097235e-01
3.685619533061981201e-01
3.680790364742279053e-01
3.693416714668273926e-01
3.687422275543212891e-01
3.684022426605225164e-01
3.680773675441741943e-01
3.674480020999909002e-01
3.671495020389556885e-01
3.668399453163146973e-01
3.656337261199951172e-01
3.652139604091643732e-01
3.649423718452453613e-01
3.673023283481597900e-01
3.671194911003112793e-01
3.669955432415009100e-01
3.646119832992553711e-01
3.642461299896239679e-01
3.638750016689301092e-01
3.635266423225402832e-01
3.637754619121552069e-01
3.634274899959564209e-01
3.631840050220489502e-01
3.637985885143279474e-01
3.635177910327911932e-01
3.630812168121337891e-01
3.607650697231292725e-01
3.601287007331848145e-01
3.595999479293823242e-01
3.589139878749847412e-01
3.563525974750518799e-01
3.555259704589843750e-01
3.549115955829620361e-01
3.530409336090087891e-01
3.520586788654327393e-01
3.511503636837005615e-01
3.484379947185516357e-01
3.474211096763610840e-01
3.463285863399505615e-01
3.443031609058380127e-01
3.431986272335052490e-01
3.422964215278624933e-01
3.412661254405975342e-01
3.401244878768920898e-01
3.390559256076812744e-01
3.380971550941467285e-01
3.376986682415008545e-01
3.367609083652496338e-01
3.357046842575073242e-01
3.365516662597656250e-01
3.356510400772094727e-01
3.347407281398773193e-01
3.339089751243591309e-01
3.300152122974395752e-01
3.290770351886749268e-01
3.280977904796600342e-01
3.308682143688201904e-01
3.303705155849456787e-01
3.298147618770599365e-01
3.304829299449921209e-01
3.299724161624908447e-01
3.295444846153259277e-01
3.290452659130096436e-01
3.310227394104003906e-01
3.309041559696196955e-01
3.305067718029022217e-01
3.303298056125640869e-01
3.301675021648406982e-01
3.298709690570831299e-01
3.295421004295349121e-01
3.292889893054962158e-01
3.290374577045441229e-01
3.287328481674194336e-01
3.279686868190764826e-01
3.275546133518218994e-01
3.273820579051971436e-01
3.291565477848052979e-01
3.287809789180756170e-01
3.286439180374144953e-01
3.274948894977569580e-01
3.272582590579986572e-01
3.268387615680694580e-01
3.279722332954406738e-01
3.275917768478393555e-01
3.272339999675750732e-01
3.269392251968383789e-01
3.247653841972351074e-01
3.243035376071929932e-01
3.238151073455810547e-01
3.214572668075560968e-01
3.207769989967346191e-01
3.201541304588317871e-01
3.210620284080504816e-01
3.204428553581237793e-01
3.197558820247650146e-01
3.191688358783721924e-01
3.186117112636566162e-01
3.179427981376647949e-01
3.175031840801239014e-01
3.158937990665435791e-01
3.152940571308135986e-01
3.147709369659423828e-01
3.141749203205109198e-01
3.135662674903869629e-01
3.131042122840880793e-01
3.123728930950164795e-01
3.120101392269134521e-01
3.116649389266967773e-01
3.111117780208588202e-01
3.077655732631683350e-01
3.071472644805908203e-01
3.065301179885864258e-01
3.061593770980834961e-01
3.056671619415283203e-01
3.050945997238159180e-01
3.060277104377746582e-01
3.056494593620300293e-01
3.053520321846008301e-01
3.048502802848815918e-01
3.051085770130156916e-01
3.048568069934844971e-01
3.045304417610168457e-01
3.009478449821472168e-01
3.004312217235565186e-01
2.998979091644287109e-01
3.002421557903289795e-01
2.997614443302154541e-01
2.994421720504760742e-01
2.989816069602966309e-01
3.006360530853271484e-01
3.003853261470795233e-01
2.999795973300933838e-01
2.980208992958068848e-01
2.976972758769989014e-01
2.971725761890411377e-01
2.972461581230164129e-01
2.969651520252227783e-01
2.965694069862365723e-01
2.950528562068939209e-01
2.947171628475189209e-01
2.941918671131134033e-01
2.934932708740234375e-01
2.930143773555756170e-01
2.925772666931152344e-01
2.924281358718872070e-01
2.921054959297180176e-01
2.919446825981140137e-01
2.915568351745604914e-01
2.932920753955841064e-01
2.932909131050109863e-01
2.932631075382233221e-01
2.933420538902283270e-01
2.933252751827239990e-01
2.932692170143127441e-01
2.934790849685668945e-01
2.944270074367523193e-01
2.944506108760833740e-01
2.945545017719268799e-01
2.941379547119141180e-01
2.943499088287352961e-01
2.943927943706512451e-01
2.945933938026428223e-01
2.923423051834106445e-01
2.922745645046234131e-01
2.922452092170715332e-01
2.906889319419860840e-01
2.903948426246643066e-01
2.902106046676635742e-01
2.872701883316040039e-01
2.869435548782349188e-01
2.865163385868072510e-01
2.860689461231232245e-01
2.856104969978332520e-01
2.851488292217254639e-01
2.846325635910034180e-01
2.843276858329772949e-01
2.838275730609893799e-01
2.835573256015777588e-01
2.825635075569152832e-01
2.820054590702056885e-01
2.817168533802032471e-01
2.815607190132141113e-01
2.810929417610168457e-01
2.807583510875701904e-01
2.802449762821196955e-01
2.772106826305388849e-01
2.767765223979949951e-01
2.762098312377929688e-01
2.752512991428375244e-01
2.748396098613739014e-01
2.746185958385467529e-01
2.726851105690002441e-01
2.723275423049926758e-01
2.718730866909027100e-01
2.718388438224792480e-01
2.720542848110198975e-01
2.718745172023773193e-01
2.719283401966094971e-01
2.736047208309173584e-01
2.735481560230255127e-01
2.736469209194183350e-01
2.735030353069304865e-01
2.734538614749908447e-01
2.737217843532562256e-01
2.752870321273804266e-01
2.753818631172180176e-01
2.758003771305084229e-01
2.762202620506286621e-01
2.749512791633605957e-01
2.752560079097747803e-01
2.756622433662414551e-01
2.730458080768585205e-01
2.731919884681701660e-01
2.732533514499664307e-01
2.746620178222656250e-01
2.749772369861602783e-01
2.751069664955139160e-01
2.753433883190155029e-01
2.756122946739196777e-01
2.758810520172119141e-01
2.760063111782073975e-01
2.752279043197631836e-01
2.752363681793212891e-01
2.754472792148590088e-01
2.753271758556365967e-01
2.753855884075164795e-01
2.753716409206390381e-01
2.754709720611572266e-01
2.749474048614501953e-01
2.750142514705657959e-01
2.751565873622894287e-01
2.750317454338073730e-01
2.752959728240966797e-01
2.752600014209747314e-01
2.767554819583892822e-01
2.770020067691802979e-01
2.771396040916442871e-01
2.790969908237457275e-01
2.794600129127502441e-01
2.796792089939116877e-01
2.800295948982238770e-01
2.816927433013916016e-01
2.818937897682189941e-01
2.821783721446990967e-01
2.810778319835662842e-01
2.812050879001616877e-01
2.813637852668762207e-01
2.806135118007659912e-01
2.806010544300079346e-01
2.806620895862579346e-01
2.805397510528564453e-01
2.798775136470795233e-01
2.797133624553680420e-01
2.795193493366240900e-01
2.815715968608856201e-01
2.814948260784149170e-01
2.814554870128632147e-01
2.812570333480834961e-01
2.812583148479461670e-01
2.811712920665740967e-01
2.813136875629425049e-01
2.814638614654541016e-01
2.814249694347381592e-01
2.813757359981536865e-01
2.811805903911590576e-01
2.812321186065673828e-01
2.811529040336608887e-01
2.815249562263488770e-01
2.814556658267974854e-01
2.814887762069702148e-01
2.811333537101745605e-01
2.811268568038940430e-01
2.811728417873382568e-01
2.812271118164062500e-01
2.805112302303314209e-01
2.805536985397338867e-01
2.805226445198059082e-01
2.781230211257934570e-01
2.779279351234436035e-01
2.778534591197967529e-01
2.769521772861481268e-01
2.768744230270385742e-01
2.767919003963470459e-01
2.766688168048858643e-01
2.771214246749877930e-01
2.770688533782958984e-01
2.771894335746765137e-01
2.792853713035583496e-01
2.792896628379821777e-01
2.795740664005279541e-01
2.794778347015380859e-01
2.796174883842468262e-01
2.797214686870574951e-01
2.798363268375396729e-01
2.764151692390441895e-01
2.763547003269196112e-01
2.762388288974761963e-01
2.752388715744018555e-01
2.749209403991699219e-01
2.747263908386230469e-01
2.738908827304839533e-01
2.736110687255859375e-01
2.736051082611083984e-01
2.735136747360228937e-01
2.736258208751678467e-01
2.735037803649902344e-01
2.735509276390076239e-01
2.733328640460968018e-01
2.733706831932067871e-01
2.734154462814331055e-01
2.736513614654541016e-01
2.736717760562896729e-01
2.738339304924011230e-01
2.733896374702453613e-01
2.734109759330748957e-01
2.735012173652648926e-01
2.734622061252593994e-01
2.747499048709868830e-01
2.748565971851348877e-01
2.750868499279022217e-01
2.761831581592560370e-01
2.766338884830474854e-01
2.769792079925537109e-01
2.778860926628112793e-01
2.782965600490570068e-01
2.787175476551055908e-01
2.792131304740905762e-01
2.807089984416961670e-01
2.811040580272674561e-01
2.817927002906799316e-01
2.816679179668426514e-01
2.821227610111237127e-01
2.826573848724365234e-01
2.831207215785980225e-01
2.835744321346282959e-01
2.840753197669982910e-01
2.843129336833953857e-01
2.846296131610870361e-01
2.849822640419006348e-01
2.851485610008239746e-01
2.849059998989105225e-01
2.850866913795471191e-01
2.851613461971282959e-01
2.845380902290344238e-01
2.846547067165374756e-01
2.846178412437438965e-01
2.837955057621002197e-01
2.837286293506622314e-01
2.838068008422852118e-01
2.837959527969360352e-01
2.838615477085112970e-01
2.837884128093719482e-01
2.838698923587799072e-01
2.839741706848144531e-01
2.838827073574066162e-01
2.840827703475952148e-01
2.810612320899963379e-01
2.808303534984589178e-01
2.806972563266754150e-01
2.806975543498992920e-01
2.809931635856628418e-01
2.808358669281005859e-01
2.808070182800292969e-01
2.811942398548126221e-01
2.810469269752502441e-01
2.811293900012969971e-01
2.814504802227019709e-01
2.814272642135620117e-01
2.813731729984283447e-01
2.814066112041472834e-01
2.827547788619995117e-01
2.829138934612274170e-01
2.830506861209868830e-01
2.827337086200714111e-01
2.827579379081726074e-01
2.828679978847504217e-01
2.840300202369689941e-01
2.841720283031464178e-01
2.843495607376098633e-01
2.843309342861175537e-01
2.845029532909392755e-01
2.848762869834899902e-01
2.848944067955017090e-01
2.843400239944458008e-01
2.845760583877563477e-01
2.845984399318695068e-01
2.861730158329010010e-01
2.864103317260742188e-01
2.864703238010406494e-01
2.850224971771239679e-01
2.852605283260344904e-01
2.853470444679260254e-01
2.852465212345123291e-01
2.853718400001525879e-01
2.854654490947723389e-01
2.855266332626342773e-01
2.867583334445952814e-01
2.869070470333099365e-01
2.872535586357117254e-01
2.855229675769805908e-01
2.857792675495148260e-01
2.859393656253815252e-01
2.859121263027191162e-01
2.843393087387084961e-01
2.843634486198424738e-01
2.841784954071044922e-01
2.865183055400848389e-01
2.866726517677307129e-01
2.866519391536713202e-01
2.887249290943145752e-01
2.890166640281677246e-01
2.892742753028869629e-01
2.889922559261322021e-01
2.891366481781005859e-01
2.894442975521088202e-01
2.895812690258026123e-01
2.889291644096374512e-01
2.891433238983154297e-01
2.894692718982696533e-01
2.925138175487518311e-01
2.930113077163696289e-01
2.934524118900299072e-01
2.918672561645507812e-01
2.920855283737182617e-01
2.925554513931274414e-01
2.926711738109589178e-01
2.934158146381378174e-01
2.938039004802703857e-01
2.940012514591217041e-01
2.909416854381560724e-01
2.910316884517669678e-01
2.910109162330627441e-01
2.894162833690643311e-01
2.892328798770904541e-01
2.892132103443145752e-01
2.890056371688842773e-01
2.887392938137054443e-01
2.886540889739989679e-01
2.885649800300598145e-01
2.895641624927520752e-01
2.893904745578765869e-01
2.893006205558776855e-01
2.887849807739257812e-01
2.886656224727630615e-01
2.884796559810638428e-01
2.884735465049744207e-01
2.883318364620208740e-01
2.883361876010894775e-01
2.881351709365844727e-01
2.888139784336090088e-01
2.888561785221099854e-01
2.887670099735260010e-01
2.854269146919250488e-01
2.853917479515076239e-01
2.851739525794982910e-01
2.854657769203186035e-01
2.854339480400084894e-01
2.853631079196929932e-01
2.854512333869934082e-01
2.867007553577423096e-01
2.867394387722015381e-01
2.870259284973144531e-01
2.868726849555969238e-01
2.869776189327239990e-01
2.871493101119995117e-01
2.854601740837097168e-01
2.855246067047119141e-01
2.855121195316315252e-01
2.837341725826263428e-01
2.836773097515106201e-01
2.835989296436310370e-01
2.837171852588653564e-01
2.890297770500183105e-01
2.892927825450897217e-01
2.898216247558593750e-01
2.907945513725280762e-01
2.913597822189331055e-01
2.918059527873992920e-01
2.914586067199707031e-01
2.918792366981506348e-01
2.923228740692139227e-01
2.929258942604064941e-01
2.922553122043609619e-01
2.928375899791716974e-01
2.931802868843078613e-01
2.930264770984649658e-01
2.934920489788055420e-01
2.940243184566497803e-01
2.896421849727630615e-01
2.897747159004211426e-01
2.898932397365570068e-01
2.898236811161041260e-01
2.874087095260620117e-01
2.870979905128479004e-01
2.870395779609680176e-01
2.872153818607330322e-01
2.871133983135223389e-01
2.868935167789459229e-01
2.886175811290740967e-01
2.887168228626251221e-01
2.887793779373168945e-01
2.888131141662597656e-01
2.877793908119201660e-01
2.877250313758850098e-01
2.878090441226959229e-01
2.879011332988739014e-01
2.880198955535889227e-01
2.880180180072784424e-01
2.897363603115081787e-01
2.899667918682098389e-01
2.901460528373718262e-01
2.863671481609344482e-01
2.865059971809387207e-01
2.865087985992432196e-01
2.867315113544464111e-01
2.882145047187805176e-01
2.883690893650054932e-01
2.886959016323089600e-01
2.879295349121093750e-01
2.879610657691956122e-01
2.882589697837829590e-01
2.882579863071441650e-01
2.884800732135773260e-01
2.887319028377532959e-01
2.890016734600067139e-01
2.900682985782623291e-01
2.903967499732971191e-01
2.904791831970214844e-01
2.863214015960692804e-01
2.863424718379974365e-01
2.863422334194183350e-01
2.862210571765900213e-01
2.864151895046234131e-01
2.863901257514953613e-01
2.834815979003906250e-01
2.834621071815490723e-01
2.832058966159821112e-01
2.832764089107512873e-01
2.807499468326569159e-01
2.804916501045227051e-01
2.802196741104125977e-01
2.808108925819396973e-01
2.805460393428802490e-01
2.806724011898040771e-01
2.821262180805206299e-01
2.821588218212128241e-01
2.823935449123382568e-01
2.823472619056701660e-01
2.837519943714141846e-01
2.839686274528503418e-01
2.838990688323974609e-01
2.828024029731750488e-01
2.831861078739166260e-01
2.832527458667755127e-01
2.834434807300568182e-01
2.835369408130645752e-01
2.838638126850128174e-01
2.841957509517669678e-01
2.874816954135894775e-01
2.880944013595581055e-01
2.886768877506256104e-01
2.898271381855010986e-01
2.904114425182342529e-01
2.911423742771149237e-01
2.918328940868377686e-01
2.925593852996826172e-01
2.931174933910369873e-01
2.937729656696320135e-01
2.921185791492462158e-01
2.925662100315093994e-01
2.929548621177672785e-01
2.921772897243499756e-01
2.923948764801024836e-01
2.924479544162750244e-01
2.930921316146850586e-01
2.930569052696228027e-01
2.930961251258850098e-01
2.942004799842834473e-01
2.942610979080200195e-01
2.943279743194580078e-01
2.943577766418457031e-01
2.978519797325134277e-01
2.980967462062836248e-01
2.982962727546691895e-01
2.998201847076416016e-01
3.001256883144379217e-01
3.005945086479187012e-01
2.983541786670684814e-01
2.985129058361052912e-01
2.987293004989624023e-01
2.990683019161224365e-01
2.973709702491760254e-01
2.973830997943878174e-01
2.974433004856109619e-01
2.991602122783660889e-01
2.993914484977722168e-01
2.995477020740509033e-01
2.999089658260344904e-01
3.001075387001037598e-01
3.004469573497772217e-01
3.017502427101135254e-01
3.019938766956328791e-01
3.022161126136779785e-01
3.025991022586822510e-01
3.019572496414185125e-01
3.021580576896667480e-01
3.024703562259674072e-01
3.021161854267120361e-01
3.021934926509857178e-01
3.023384511470795233e-01
3.024268448352813721e-01
3.024128973484039307e-01
3.026525378227233887e-01
3.026293814182280939e-01
3.028719127178192139e-01
3.028525114059448242e-01
3.027749061584473211e-01
3.009663820266724188e-01
3.007779419422149658e-01
3.006515800952911377e-01
2.977720797061920166e-01
2.974499464035034180e-01
2.971782088279724121e-01
2.969797849655151367e-01
2.946670055389404297e-01
2.941748201847076416e-01
2.939147949218750000e-01
2.948043346405028742e-01
2.944121956825256348e-01
2.943037748336791992e-01
2.946813404560089111e-01
2.946272790431976318e-01
2.944652438163756769e-01
2.943330407142639160e-01
2.913583517074584961e-01
2.912841737270355225e-01
2.909045815467834473e-01
2.898487448692321777e-01
2.896324694156646729e-01
2.893452048301696777e-01
2.884131669998168945e-01
2.883435487747192383e-01
2.880419790744780939e-01
2.877807617187500000e-01
2.877767682075500488e-01
2.878059446811676025e-01
2.877400815486907959e-01
2.865904569625854492e-01
2.865351736545562744e-01
2.868160009384155273e-01
2.869406342506409247e-01
2.870767116546630859e-01
2.871774435043334961e-01
2.868696153163909912e-01
2.871240675449371338e-01
2.873214781284332275e-01
2.874856591224670410e-01
2.890105247497558594e-01
2.893156707286835272e-01
2.895176410675048828e-01
2.891711294651031494e-01
2.896284461021423340e-01
2.899638712406158447e-01
2.895457148551940918e-01
2.900077700614929199e-01
2.903351783752440851e-01
2.906982302665710449e-01
2.899826765060424805e-01
2.902950048446655273e-01
2.905611395835876465e-01
2.908441722393035889e-01
2.910805046558380127e-01
2.916675806045532227e-01
2.897297441959381104e-01
2.898800373077393133e-01
2.901940643787384033e-01
2.908737361431121826e-01
2.911909222602844238e-01
2.913576662540435791e-01
2.916417419910430908e-01
2.910054624080657959e-01
2.911986410617828369e-01
2.912451326847076416e-01
2.928228080272674561e-01
2.931217849254608154e-01
2.933129370212554932e-01
2.940107285976409912e-01
2.943157553672790527e-01
2.945561408996582031e-01
2.949441075325012207e-01
2.967513203620910645e-01
2.970665395259857178e-01
2.973661124706268311e-01
2.968743145465850830e-01
2.969332635402679443e-01
2.972429692745208740e-01
2.980482876300811768e-01
2.982679605484008789e-01
2.985772192478179932e-01
2.965797185897827148e-01
2.965972125530242920e-01
2.966585755348205566e-01
2.966194152832031250e-01
2.961281836032867432e-01
2.960893213748931885e-01
2.961544394493103027e-01
2.964757978916168213e-01
2.965668141841888428e-01
2.966636419296265204e-01
2.957522869110107422e-01
2.957921326160430908e-01
2.957449555397033691e-01
2.956916093826293945e-01
2.951173484325408936e-01
2.949664890766143799e-01
2.950061261653900146e-01
2.952702939510344904e-01
2.953029274940490723e-01
2.955335378646850586e-01
2.953203916549682617e-01
2.953544855117797852e-01
2.955471873283386230e-01
2.955306470394134521e-01
2.976290285587310791e-01
2.977615892887115479e-01
2.980935573577880859e-01
2.992295920848846436e-01
2.995292842388153076e-01
2.997259795665740967e-01
3.016147911548614502e-01
3.020162880420684814e-01
3.025873303413391113e-01
2.996746897697448730e-01
2.999741733074188232e-01
3.000580370426177979e-01
3.003056049346923828e-01
3.004408478736876886e-01
3.007007241249084473e-01
3.009407520294188898e-01
2.986609637737274170e-01
2.987234294414519709e-01
2.988378107547760010e-01
2.984850406646728516e-01
2.985464632511138916e-01
2.984711825847625732e-01
2.983248233795166016e-01
2.993212342262268066e-01
2.992991507053375244e-01
2.992806732654571533e-01
2.963388860225676935e-01
2.961993217468261719e-01
2.960634529590607245e-01
2.972203791141510010e-01
2.971921861171722412e-01
2.971497178077697754e-01
2.970610558986663818e-01
2.982812821865081787e-01
2.982301115989685059e-01
2.981463074684143066e-01
2.971116304397583008e-01
2.972269356250762939e-01
2.971960306167602539e-01
2.974573671817779541e-01
2.974662482738494873e-01
2.976316213607788086e-01
2.976287305355072021e-01
2.955019176006317139e-01
2.954398989677429199e-01
2.954173386096954346e-01
2.940236032009124756e-01
2.938974499702453613e-01
2.938606441020965576e-01
2.913149297237396240e-01
2.910766005516052246e-01
2.909948825836181641e-01
2.915453314781188965e-01
2.914048433303833008e-01
2.913298308849335272e-01
2.913158833980560303e-01
2.921282351016998291e-01
2.922477126121520996e-01
2.922714948654174805e-01
2.940503954887390137e-01
2.942972481250762939e-01
2.946915328502655029e-01
2.926491200923920233e-01
2.929024994373320978e-01
2.930200695991516113e-01
2.931610047817230225e-01
2.932925522327423096e-01
2.934200465679169256e-01
2.934869825839996338e-01
2.965633571147919256e-01
2.968912124633789062e-01
2.973974347114562988e-01
2.988015115261077881e-01
2.991190850734711248e-01
2.996179461479187012e-01
3.000779747962952215e-01
2.995641231536865234e-01
2.999400794506072998e-01
3.003023862838745117e-01
2.987478673458099365e-01
2.991783916950225830e-01
2.996113598346710205e-01
3.000254929065704346e-01
3.002451360225676935e-01
3.006492555141448975e-01
3.008602261543273926e-01
3.017810583114624023e-01
3.020166456699371338e-01
3.023605644702911377e-01
3.043628334999084473e-01
3.046330213546752930e-01
3.047978878021239679e-01
3.030892908573150635e-01
3.031603991985321045e-01
3.034325242042540949e-01
3.040860295295715332e-01
3.042407035827637274e-01
3.045401573181152344e-01
3.046661615371704102e-01
3.042649924755096436e-01
3.043096363544464111e-01
3.043033778667449951e-01
3.016846477985382080e-01
3.015651702880859375e-01
3.012904226779937744e-01
3.008926510810852051e-01
3.007749915122985840e-01
3.005696237087249756e-01
2.993324995040893555e-01
2.990940511226654053e-01
2.988730072975159247e-01
2.985516786575316828e-01
2.963182032108306885e-01
2.959523200988768976e-01
2.957545518875122070e-01
2.954520285129547119e-01
2.953918278217316229e-01
2.950454652309417725e-01
2.927788794040679932e-01
2.924731075763702393e-01
2.922349870204924982e-01
2.919268608093261719e-01
2.939199805259705145e-01
2.939561307430267334e-01
2.939844429492950439e-01
2.940758764743804932e-01
2.941720783710480291e-01
2.943105399608612061e-01
2.963100671768188477e-01
2.965908944606781006e-01
2.968546748161315918e-01
2.972210645675659180e-01
2.981209754943848211e-01
2.986290156841278076e-01
2.990874946117401123e-01
2.990970015525817871e-01
2.994452416896820068e-01
2.998377680778503418e-01
3.012348413467407227e-01
3.016763031482696533e-01
3.020827472209930420e-01
3.025276660919188898e-01
3.022893071174621582e-01
3.026682436466217041e-01
3.027945160865784247e-01
3.030338585376739502e-01
3.033095896244049072e-01
3.037038445472716730e-01
3.032374382019042969e-01
3.032920360565184992e-01
3.033653199672698975e-01
3.023644685745239258e-01
3.022979199886322021e-01
3.022319376468658447e-01
3.021692931652069092e-01
3.013924956321716309e-01
3.012299835681915283e-01
3.011401891708374023e-01
2.999209463596343994e-01
2.996889948844909668e-01
2.995215058326721191e-01
2.988815307617187500e-01
2.986607551574707031e-01
2.985257208347321112e-01
2.983535230159759521e-01
2.987327575683593750e-01
2.985959947109222412e-01
2.984895408153533936e-01
2.992632091045380194e-01
2.992261052131652832e-01
2.991909086704254150e-01
2.994330525398254395e-01
2.995157241821289062e-01
2.995764315128326416e-01
2.997590601444244385e-01
2.998685538768768311e-01
2.999931573867797852e-01
3.001104891300200861e-01
2.960006296634674072e-01
2.958008348941802979e-01
2.958686351776123047e-01
2.941038310527800959e-01
2.939715683460236151e-01
2.938629686832427979e-01
2.927810549736022949e-01
2.927143275737762451e-01
2.925895154476165771e-01
2.924958765506744385e-01
2.915322780609130859e-01
2.914251983165740967e-01
2.913207113742828369e-01
2.914060950279235840e-01
2.913009524345397949e-01
2.912935316562653143e-01
2.908093035221099854e-01
2.908120751380920410e-01
