9.587684869766236462e-01
9.685987830162048340e-01
1.016823649406432883e+00
9.559098482131958008e-01
9.694972038269044079e-01
1.050227284431457520e+00
1.059653520584106445e+00
1.039551258087158203e+00
9.889168143272399902e-01
1.072521448135375977e+00
1.037707924842834473e+00
1.076863646507263184e+00
1.070786595344543679e+00
1.057805061340332031e+00
1.064460396766662598e+00
1.051582098007201926e+00
1.041395783424377441e+00
1.067661762237548828e+00
1.076709270477295144e+00
1.061956882476806641e+00
1.086784362792968750e+00
1.067047595977783203e+00
1.077914237976074219e+00
1.066704511642455833e+00
1.072503566741943359e+00
1.059216380119323508e+00
1.064765572547912598e+00
1.076902389526367188e+00
1.095192670822143555e+00
1.001703858375549094e+00
1.051024317741394043e+00
1.022556900978088379e+00
1.015029668807983398e+00
9.337987303733825684e-01
1.023473858833312988e+00
1.028732657432556152e+00
1.055230617523193359e+00
9.574128389358520508e-01
1.025702953338622825e+00
9.839217066764831543e-01
9.843929409980773926e-01
9.769350290298461914e-01
9.607205390930175781e-01
1.012679696083068848e+00
9.610803127288818359e-01
9.596152305603028454e-01
1.004255414009094238e+00
9.491163492202759899e-01
8.969874382019042969e-01
9.059266448020936169e-01
9.260292053222656250e-01
9.749071598052979626e-01
9.069200158119201660e-01
9.355992078781127930e-01
9.260069131851196289e-01
8.728213310241699219e-01
9.089149236679076038e-01
9.553640484809875488e-01
9.150742888450623669e-01
8.826218247413635254e-01
8.785259127616882324e-01
9.453027844429016113e-01
9.672666192054748535e-01
9.598627686500548206e-01
9.598882198333740234e-01
9.342976212501525879e-01
9.495739936828612171e-01
9.237180352210999645e-01
9.017098546028136097e-01
8.983088731765747070e-01
8.966919779777526855e-01
9.198018908500672497e-01
9.388311505317687988e-01
9.685199260711669922e-01
9.506784081459044300e-01
9.021627902984620251e-01
8.774090409278870739e-01
9.496840834617615856e-01
9.506742954254150391e-01
9.447989463806152344e-01
9.208410382270811878e-01
9.930270314216613770e-01
1.016268134117126465e+00
9.387915730476380505e-01
9.635188579559326172e-01
9.539355635643004261e-01
9.585486650466920056e-01
1.009584784507751687e+00
1.002763748168945090e+00
1.011280059814453125e+00
9.588276147842408337e-01
1.028614163398742898e+00
9.936154484748840332e-01
1.023633837699889915e+00
1.013381719589233398e+00
1.012658834457397683e+00
1.045813083648681641e+00
1.018620014190673828e+00
9.585683345794677734e-01
9.614233970642090954e-01
1.094032287597656250e+00
9.996944069862365723e-01
1.026885509490966797e+00
1.056934237480163574e+00
9.884385466575623669e-01
1.017363190650939941e+00
1.037559509277343750e+00
1.010318994522094727e+00
9.887666106224058948e-01
1.010795354843139648e+00
1.041167497634887695e+00
1.048205852508545144e+00
1.017458796501159668e+00
9.574277997016907849e-01
1.043597459793090820e+00
9.657058715820312500e-01
9.791034460067747913e-01
1.001074194908142090e+00
9.693219065666199841e-01
1.024184107780456321e+00
1.047384858131408691e+00
9.969724416732788086e-01
9.383617043495178223e-01
1.051147818565368874e+00
9.589570760726927601e-01
1.005215048789978027e+00
1.013926148414611816e+00
9.812607765197753906e-01
9.823407530784608044e-01
9.660130739212036133e-01
1.028510808944701926e+00
9.496219754219056286e-01
1.032539248466491699e+00
9.808328151702879749e-01
9.698802828788756214e-01
9.960127472877502441e-01
1.063436388969421387e+00
9.499194622039796032e-01
9.985662102699279785e-01
9.856809973716735840e-01
9.959291815757751465e-01
9.657019972801208496e-01
1.005928993225097656e+00
1.022914171218872070e+00
9.879975318908692516e-01
9.890952110290528454e-01
1.001537084579467773e+00
1.064610838890075684e+00
9.863675236701964222e-01
1.036433458328247070e+00
9.422437548637390137e-01
9.438167214393615723e-01
9.602425694465636097e-01
9.914207458496093750e-01
1.034216642379760742e+00
9.828430414199827991e-01
9.979179501533508301e-01
9.995869994163512073e-01
9.754959940910340466e-01
9.924422502517700195e-01
1.062212705612182617e+00
1.020406484603881836e+00
9.933071732521056019e-01
1.019326090812682883e+00
1.046583533287048340e+00
1.031172394752502441e+00
9.681141376495360218e-01
1.093515276908874290e+00
1.044714689254760742e+00
9.940711259841920056e-01
1.008028626441955566e+00
9.528128504753111683e-01
9.888966083526612438e-01
9.706246852874755859e-01
9.904239773750304066e-01
9.274173378944395862e-01
9.648092985153198242e-01
9.776198863983154297e-01
9.771664142608643688e-01
1.005442738533020020e+00
9.467042088508605957e-01
9.860032200813292347e-01
9.877319931983947754e-01
9.692278504371644177e-01
1.018558382987975852e+00
9.238835573196412243e-01
1.018245339393615501e+00
9.835142493247985840e-01
1.000057935714721680e+00
9.893580675125122070e-01
1.019912600517272949e+00
9.814192056655883789e-01
1.007484912872314453e+00
1.020645618438720703e+00
9.868740439414978027e-01
1.006657481193542480e+00
1.017818570137024148e+00
9.887240529060363770e-01
1.000526547431945801e+00
9.730246663093568005e-01
1.019096970558166504e+00
9.685577154159545898e-01
1.038585782051086426e+00
1.027951359748840332e+00
9.817557334899902344e-01
1.007382273674011230e+00
9.679578542709351696e-01
1.028542399406432883e+00
1.006110787391662598e+00
9.858644008636475720e-01
1.022106409072875977e+00
9.859411120414733887e-01
1.003290057182312012e+00
9.770810008049012341e-01
1.004264593124389648e+00
1.023643732070922852e+00
1.009622454643249512e+00
1.004984617233276367e+00
1.014464020729064941e+00
1.011012434959411621e+00
1.070965051651000977e+00
1.057870864868164062e+00
9.539466500282287598e-01
9.898589253425598145e-01
1.000257968902588113e+00
9.823297858238220215e-01
1.039920091629028320e+00
9.766955375671387829e-01
1.026116251945495605e+00
9.439898133277891956e-01
9.985236525535583496e-01
1.034950017929077148e+00
1.062309861183166504e+00
9.352508187294006348e-01
9.565076231956481934e-01
9.989212751388549805e-01
9.960644841194151722e-01
1.043285012245178223e+00
1.099735021591186301e+00
9.836556315422058105e-01
1.032105445861816406e+00
1.121133327484130859e+00
1.077428936958312988e+00
1.012812137603759766e+00
1.069644927978515625e+00
1.096845388412475586e+00
1.048389554023742898e+00
1.029996752738952637e+00
1.058572053909301758e+00
1.084377050399780495e+00
1.050555467605590820e+00
1.077116489410400391e+00
1.004956483840942383e+00
1.043244481086730957e+00
1.018316626548767090e+00
1.051510810852050781e+00
1.009256124496459961e+00
1.014290094375610352e+00
1.025965332984924316e+00
9.525753855705260120e-01
1.006240963935852051e+00
9.800359010696412243e-01
1.008363366127014160e+00
1.000780105590820312e+00
9.862492084503173828e-01
9.780831933021544300e-01
9.550313949584959827e-01
9.661672115325927734e-01
9.753502011299132191e-01
9.582463502883912243e-01
9.588108062744139515e-01
9.563757181167603649e-01
9.425938129425047718e-01
9.865091443061827503e-01
9.236922860145567737e-01
9.920753836631776013e-01
9.246148467063903809e-01
9.414853453636168323e-01
9.637808799743652344e-01
9.330116510391236462e-01
1.035049676895141602e+00
9.822006225585937500e-01
1.030769944190979004e+00
9.722704291343687855e-01
1.035047411918639915e+00
9.633654356002807617e-01
1.006607770919799805e+00
9.334743618965147816e-01
1.018090009689330833e+00
9.711964726448060192e-01
9.982699155807496227e-01
9.689427614212036133e-01
9.417049884796143688e-01
9.436270594596863903e-01
9.138101339340209961e-01
9.559520483016967773e-01
9.395630359649658203e-01
9.545187950134276234e-01
9.250807762145996094e-01
1.057238101959228294e+00
9.687416553497314453e-01
9.888605475425720215e-01
1.032494425773620605e+00
9.231045842170716442e-01
1.014827966690063699e+00
1.036425471305847168e+00
9.698583483695983887e-01
9.836670160293580212e-01
1.022271156311035156e+00
9.295204281806945801e-01
1.042559385299682617e+00
1.033413648605346902e+00
9.832996726036071777e-01
1.048558235168457031e+00
1.048985242843627930e+00
1.080377101898193359e+00
1.059404730796814187e+00
9.655771851539611816e-01
1.042057037353515625e+00
9.979164004325867809e-01
1.053545117378234863e+00
1.065663933753967285e+00
1.043756484985351562e+00
9.856921434402465820e-01
1.040528535842895508e+00
1.039731502532959206e+00
1.012358307838439941e+00
1.003551721572875977e+00
9.963978528976440430e-01
9.343191981315611683e-01
1.035898447036743164e+00
1.075836658477783203e+00
1.011791706085204856e+00
9.901043772697447620e-01
9.456319808959959827e-01
9.558966159820555530e-01
1.002134203910827637e+00
9.790988564491271973e-01
1.002931237220764160e+00
9.940783381462096058e-01
1.067033171653747559e+00
8.812533020973205566e-01
9.699321985244752087e-01
9.932870864868164062e-01
9.964324831962584339e-01
9.722329974174499512e-01
1.023380994796752930e+00
9.380757808685303845e-01
1.037984013557434082e+00
9.735568165779113770e-01
1.029055833816528320e+00
1.113906621932983398e+00
1.069291234016418457e+00
1.037356019020080566e+00
1.028593420982360840e+00
9.937387108802796520e-01
9.967131018638611950e-01
9.797794818878173828e-01
1.029756426811218484e+00
1.009617805480957031e+00
9.815266132354736328e-01
1.027636170387267844e+00
9.940484166145323597e-01
1.038641571998596191e+00
9.535288810729979359e-01
1.021035194396972878e+00
9.625264406204223633e-01
9.946932196617126465e-01
9.626310467720031738e-01
9.640724062919615589e-01
9.753800034523009144e-01
9.306557774543762207e-01
8.672929406166076660e-01
9.983221888542176403e-01
9.400402903556823730e-01
9.310297966003417969e-01
9.304497838020323597e-01
9.856156110763549805e-01
9.573009610176086426e-01
9.863137006759643555e-01
9.471576213836669922e-01
9.751781225204467773e-01
9.488759636878968395e-01
9.925595521926879883e-01
9.737119674682616077e-01
9.944908618927001953e-01
1.007780909538269043e+00
9.617903828620911755e-01
9.806896448135375977e-01
9.943030476570128284e-01
1.016566634178161621e+00
1.010864138603210449e+00
1.079729557037353516e+00
1.053511023521423118e+00
1.004713296890258789e+00
1.043039202690124290e+00
1.034849166870117188e+00
1.045332312583923118e+00
1.029284477233886719e+00
1.047930836677551270e+00
1.069809794425964355e+00
9.915704727172851562e-01
1.007568359375000000e+00
1.055140852928161621e+00
1.051766872406006081e+00
1.015698075294494629e+00
1.025796055793762207e+00
9.641027450561524548e-01
1.036588907241821289e+00
1.022038459777832031e+00
9.552790522575378418e-01
1.021513819694519043e+00
1.021375298500060813e+00
9.195817112922668457e-01
9.834876656532287598e-01
9.867789745330809437e-01
9.365131855010986328e-01
1.012048602104187012e+00
1.007726669311523438e+00
9.708113670349119984e-01
9.642900824546813965e-01
1.023465871810912864e+00
9.775449633598327637e-01
1.013228297233581543e+00
9.618341326713562012e-01
1.000864386558532715e+00
1.017653822898864746e+00
1.037497282028198242e+00
1.011362314224243164e+00
1.013863444328307883e+00
1.010126471519470215e+00
9.957672953605651855e-01
1.032654762268066406e+00
9.701211452484131970e-01
1.000220417976379395e+00
1.011220335960388184e+00
1.013234734535217285e+00
9.404848217964172363e-01
1.012610316276550293e+00
9.995517730712891735e-01
9.817700386047364391e-01
1.012438774108886719e+00
9.790971875190735974e-01
9.858153462409972034e-01
1.006889224052429199e+00
9.542238712310792126e-01
1.050753355026245117e+00
1.052474737167358398e+00
9.908469915390015759e-01
1.018872618675232156e+00
1.012432336807250977e+00
1.019847512245178223e+00
1.014845848083495872e+00
9.765750765800476074e-01
9.746649265289307751e-01
9.058557748794555664e-01
9.581872224807740368e-01
9.824012517929076038e-01
1.019288659095764160e+00
9.624119997024536133e-01
1.024522542953491211e+00
9.243977665901184082e-01
9.951258897781372070e-01
9.345800876617431641e-01
9.837251305580140270e-01
9.483117461204527698e-01
9.636648297309875488e-01
9.983921647071838379e-01
1.013221025466919167e+00
1.010450124740600586e+00
1.025566339492798074e+00
1.017434954643249512e+00
9.773627519607543945e-01
1.048857450485229492e+00
9.478604793548583984e-01
9.989769458770751953e-01
9.972527027130128063e-01
9.877462387084959827e-01
1.057751774787902832e+00
1.050876259803771973e+00
1.019474029541015625e+00
1.036463618278503418e+00
1.052961826324463113e+00
9.706421494483947754e-01
9.837907552719116211e-01
1.007872939109802246e+00
9.487794637680053711e-01
9.704007506370544434e-01
1.006061315536499023e+00
9.654064774513243519e-01
1.016205191612243652e+00
1.029383659362792969e+00
9.704063534736632191e-01
1.018320918083190918e+00
9.756347537040709339e-01
9.702393412590027966e-01
1.020402669906616211e+00
9.567317366600035511e-01
1.046948194503784180e+00
1.063490748405456321e+00
1.042199492454528809e+00
1.051785945892334206e+00
9.933118820190429688e-01
1.014450907707214355e+00
1.056287288665771706e+00
1.055537581443786621e+00
1.019327521324157493e+00
1.034261941909790039e+00
1.053859710693359375e+00
1.005552411079406738e+00
1.031029701232910156e+00
1.062623858451843262e+00
1.033047437667846902e+00
1.040214896202087402e+00
1.012631535530090332e+00
1.018503546714782715e+00
9.588721394538880505e-01
9.518707990646362305e-01
9.572536349296569824e-01
9.640502333641052246e-01
1.007041215896606445e+00
9.985849261283875622e-01
9.608244299888611950e-01
9.829441308975219727e-01
1.002205610275268555e+00
1.009767651557922363e+00
9.810678958892822266e-01
9.900105595588684082e-01
1.020442724227905273e+00
9.365572929382324219e-01
1.007202506065368874e+00
1.009378433227539062e+00
9.580316543579101562e-01
9.650043845176695667e-01
1.005688905715942383e+00
9.797589778900146484e-01
1.061702847480774148e+00
1.025129795074463113e+00
1.003656268119812012e+00
9.769749641418455921e-01
9.838588833808900036e-01
1.007504701614380105e+00
9.608561992645263672e-01
9.634890556335448109e-01
9.853955507278442383e-01
9.879429340362547718e-01
9.183666110038756214e-01
1.007102489471435547e+00
9.902995228767396130e-01
9.819046854972840466e-01
9.559691548347472034e-01
9.598113894462584339e-01
1.033359646797180176e+00
9.928928613662719727e-01
1.067196369171142578e+00
1.016265630722045898e+00
9.742799401283264160e-01
9.221072196960448109e-01
1.009511709213256836e+00
9.721469879150391735e-01
9.803919792175291859e-01
1.001825571060180886e+00
9.589295983314514160e-01
1.052018404006958008e+00
9.790278077125548206e-01
9.646934270858763538e-01
9.503047466278076172e-01
9.766957759857177734e-01
9.791790246963499866e-01
9.447556138038636364e-01
1.001815676689147949e+00
9.664440155029295765e-01
1.048967123031616211e+00
9.769574403762816273e-01
1.029913187026977539e+00
1.038382768630981445e+00
1.017181396484375000e+00
1.005064725875854492e+00
1.072576642036437988e+00
9.689618349075316273e-01
1.076686978340149148e+00
1.053247451782226562e+00
1.031790852546692117e+00
1.066139698028564453e+00
1.033953785896301270e+00
1.017420411109924316e+00
1.059638977050781250e+00
1.025191068649291992e+00
1.061896443367004395e+00
1.044287085533142090e+00
1.034996151924133301e+00
1.022628545761108398e+00
1.031917214393615501e+00
1.019377589225769043e+00
1.031274795532226562e+00
1.053239226341247559e+00
9.927356839179991566e-01
1.078524351119995117e+00
9.358672499656676136e-01
9.928246736526488148e-01
1.024648308753967285e+00
9.866331219673155628e-01
9.850205183029175915e-01
1.015825867652892844e+00
9.589020013809204102e-01
9.462834596633912243e-01
1.014513850212097168e+00
1.003821134567260742e+00
9.882369637489319958e-01
1.030731558799743652e+00
9.796372652053831898e-01
1.017686963081360085e+00
9.717501401901244007e-01
9.708845615386964001e-01
9.455431103706359863e-01
9.858916401863098145e-01
9.431516528129577637e-01
9.455237984657287598e-01
9.577819705009459339e-01
1.018795609474181907e+00
1.001485466957092507e+00
9.878146648406982422e-01
9.831932187080384411e-01
9.283127784729003906e-01
9.719363451004028320e-01
1.009105682373046875e+00
1.005472779273986816e+00
1.012112259864807129e+00
9.916088581085203968e-01
1.008162140846252441e+00
1.053488492965698242e+00
1.005362272262573242e+00
9.860950112342834473e-01
9.269070625305175781e-01
9.736888408660887562e-01
1.099368453025818093e+00
1.048541069030761497e+00
9.942624568939207874e-01
1.039846777915954590e+00
1.034622073173522949e+00
1.000928878784179688e+00
9.970207214355467640e-01
9.496783018112183727e-01
9.656095504760742188e-01
1.039135336875915527e+00
9.850082993507384144e-01
9.628500938415528454e-01
1.000211596488952637e+00
9.527502655982972302e-01
9.921792745590209961e-01
1.025267839431762695e+00
9.102143049240112305e-01
9.143817424774169922e-01
9.775810837745667614e-01
9.242804050445555530e-01
9.411374926567077637e-01
9.464119672775268555e-01
9.764595627784727894e-01
9.906311631202697754e-01
9.830300807952879749e-01
9.955766797065735974e-01
9.935502409934997559e-01
1.043257594108581543e+00
1.036573290824889915e+00
1.043590784072875977e+00
1.003110647201537864e+00
1.000290989875793679e+00
9.443502426147459827e-01
1.006100177764892578e+00
1.065772175788879395e+00
9.748724699020385742e-01
9.521983265876770020e-01
1.005502104759216309e+00
9.731546640396118164e-01
1.007856845855713113e+00
9.937196969985961914e-01
9.840849041938781738e-01
1.040648221969604492e+00
1.069959521293639915e+00
1.101827383041381836e+00
9.679156541824339710e-01
9.746442437171936035e-01
9.692982435226440430e-01
1.011948466300964355e+00
1.064954161643982156e+00
1.045001029968261497e+00
9.635211229324339710e-01
1.059556365013122559e+00
1.019880652427673118e+00
9.618335366249084473e-01
1.031385302543639915e+00
1.064589619636535645e+00
1.026360750198364480e+00
1.056715607643127441e+00
1.009006857872009277e+00
1.042704463005065918e+00
1.049177527427673118e+00
1.019230723381042480e+00
1.046730279922485352e+00
1.032348871231079102e+00
1.045880198478698730e+00
9.661662578582763672e-01
1.028658390045165794e+00
1.034535408020019531e+00
1.025040507316589355e+00
1.005876064300536887e+00
9.708518385887145996e-01
9.904463887214659534e-01
1.010103344917297363e+00
1.019733667373657227e+00
1.012651085853576882e+00
9.911468029022215687e-01
9.839974045753480114e-01
1.004786491394042969e+00
9.822018146514891468e-01
1.021354675292968750e+00
9.837533831596375622e-01
9.951165318489075817e-01
1.030344724655151367e+00
9.895786046981811523e-01
1.012134909629821777e+00
9.340237975120544434e-01
9.683558344841004528e-01
9.783267974853515625e-01
9.602087140083311878e-01
9.886111021041870117e-01
9.998146891593931995e-01
1.003828644752502441e+00
9.855604171752929688e-01
9.933906793594359241e-01
1.005858421325683594e+00
1.026128172874450906e+00
9.546445608139038086e-01
9.121803641319276013e-01
1.004414677619934082e+00
9.739372134208680309e-01
9.775112271308900036e-01
9.739926457405090332e-01
9.670614600181579590e-01
9.868758916854858398e-01
9.748853445053099476e-01
9.910891652107239880e-01
9.910773634910583496e-01
1.004901051521301270e+00
8.878461122512817383e-01
9.372829794883728027e-01
9.857860207557678223e-01
9.636819362640379749e-01
9.555162191390992321e-01
9.795026779174803577e-01
1.005199551582336426e+00
1.009521961212158203e+00
1.029973149299621582e+00
9.007723331451416016e-01
1.034683585166931152e+00
1.014677762985229492e+00
1.051995277404785156e+00
1.041471362113952637e+00
1.012594342231750488e+00
1.067782044410705566e+00
1.039048433303833008e+00
1.065460801124572754e+00
1.011305570602416992e+00
1.006763458251953125e+00
9.674214124679564319e-01
9.796999692916870117e-01
9.998609423637390137e-01
1.058905601501464844e+00
1.009428024291992188e+00
1.004748582839965820e+00
1.022868514060973899e+00
1.028982996940612793e+00
1.021506905555724876e+00
9.794251918792723499e-01
9.616137146949768066e-01
9.964052438735961914e-01
9.553220868110655628e-01
9.590066671371459961e-01
9.162835478782653809e-01
9.854757189750672497e-01
9.459300637245178223e-01
1.016451954841613770e+00
1.042498469352722168e+00
9.994800686836243786e-01
9.990022182464599609e-01
1.034722328186035156e+00
9.629844427108763538e-01
9.835458397865296520e-01
9.852755069732666016e-01
9.924542903900146484e-01
1.003527402877807617e+00
9.657487273216247559e-01
9.978164434432984509e-01
9.586097598075867809e-01
9.809561371803283691e-01
9.712974429130554199e-01
9.789509177207947888e-01
9.968272447586059570e-01
1.001089811325073242e+00
9.594669342041015625e-01
9.465265274047851562e-01
9.462768435478209339e-01
1.000420808792114480e+00
9.289492368698120117e-01
9.805667996406556286e-01
9.446552991867064319e-01
9.976862668991087757e-01
9.439710378646851696e-01
9.879689812660216175e-01
9.862177371978759766e-01
1.016075849533080833e+00
9.891686439514159046e-01
9.497587084770203747e-01
1.007293224334716797e+00
1.006306052207946777e+00
1.000928163528442383e+00
1.023276448249817117e+00
1.046356201171875000e+00
1.023831486701965110e+00
1.047696709632873535e+00
1.081622719764709695e+00
1.040138959884643555e+00
1.003770589828491211e+00
9.676361083984376110e-01
1.015269517898559570e+00
1.076248049736022949e+00
1.062923192977905273e+00
1.021715164184570312e+00
9.969501495361328125e-01
1.025523543357849121e+00
1.027480125427245872e+00
1.086770653724670410e+00
1.022494792938232422e+00
1.025459766387939675e+00
1.063586473464965820e+00
1.001682281494140625e+00
1.071017026901245117e+00
1.047155499458312988e+00
1.042298197746276855e+00
1.044311285018920898e+00
1.087156295776367188e+00
1.026071429252624290e+00
1.034237980842590332e+00
9.713586568832396351e-01
1.044685721397400124e+00
9.654863476753235974e-01
9.954580068588255726e-01
1.014283895492553711e+00
9.665393233299256481e-01
1.051553606986999512e+00
9.800592064857484020e-01
9.885123968124390759e-01
1.043662190437317117e+00
9.947629570960999645e-01
9.678742885589599609e-01
9.284577965736388050e-01
1.011660456657409668e+00
9.893476366996764026e-01
9.703425765037535511e-01
9.302098155021667480e-01
9.994850754737854004e-01
1.092091560363769531e+00
1.012253522872924805e+00
8.724578022956848145e-01
9.264977574348449707e-01
1.037095665931701660e+00
9.898117780685423694e-01
9.564551115036011852e-01
9.690356254577635609e-01
1.036523342132568359e+00
1.040631055831909180e+00
1.021335601806640625e+00
1.054233551025390625e+00
1.060270905494689941e+00
1.070707440376281516e+00
1.033215999603271706e+00
1.012755751609802246e+00
1.034240484237670898e+00
1.006129384040832297e+00
9.963771104812622070e-01
1.004137754440307617e+00
1.020829319953918457e+00
1.041724324226379395e+00
1.091016173362732156e+00
1.029459118843078613e+00
9.949881434440611683e-01
1.031147718429565430e+00
1.048046946525573508e+00
1.076020479202270508e+00
1.034951329231262207e+00
9.948474764823913574e-01
1.026085257530212402e+00
1.041452407836914062e+00
1.012618064880370872e+00
1.000874638557434082e+00
1.006339907646179199e+00
9.850497841835021973e-01
9.656425118446350098e-01
1.001105308532714844e+00
1.005425095558166504e+00
9.850576519966124378e-01
1.054227113723754883e+00
9.718379378318787731e-01
9.992883205413818359e-01
1.025469422340392844e+00
9.826735258102415882e-01
9.892230629920959473e-01
9.817678928375244141e-01
1.007766604423522949e+00
9.728626012802124023e-01
1.003477573394775391e+00
9.913920760154724121e-01
1.020773649215698242e+00
1.005980014801025391e+00
9.710337519645692028e-01
9.933993816375732422e-01
9.591808319091795765e-01
9.907510876655579724e-01
1.001628875732422097e+00
1.036765575408935547e+00
1.017940998077392578e+00
1.010232567787170410e+00
9.969119429588317871e-01
1.053087472915649414e+00
9.730747938156127930e-01
9.440762400627136230e-01
9.917892813682556152e-01
9.977286458015441895e-01
9.888238906860351562e-01
9.996039271354676403e-01
1.026036500930785911e+00
9.705116748809814453e-01
1.052717328071594238e+00
9.880192875862121582e-01
1.011941075325012207e+00
1.016688108444214089e+00
1.006932497024535911e+00
9.865683913230895996e-01
9.622606039047240101e-01
9.768599271774291992e-01
9.720571637153624378e-01
1.000214576721191406e+00
9.742080569267271839e-01
9.742978811264038086e-01
1.007124900817870872e+00
9.697557091712951660e-01
9.619127511978148304e-01
1.063724040985107422e+00
9.658329486846923828e-01
9.753077030181883655e-01
9.607853293418884277e-01
9.644374847412108265e-01
9.956787824630736194e-01
9.746194481849670410e-01
9.975913166999815784e-01
9.682000875473022461e-01
9.887754917144776501e-01
9.750503897666932263e-01
9.655342102050780140e-01
9.726832509040832520e-01
9.749001264572143555e-01
9.651584625244139515e-01
9.843413233757020153e-01
9.968765974044799805e-01
9.577253460884094238e-01
1.019899010658264160e+00
9.964050650596619763e-01
1.009521842002868874e+00
9.684528708457947888e-01
1.007000923156738503e+00
9.984502792358398438e-01
1.004345417022704856e+00
1.014439225196838379e+00
9.729853868484495960e-01
1.044878482818603516e+00
1.005144715309142844e+00
9.819557666778564453e-01
1.007060170173645020e+00
9.909101128578186035e-01
1.064907073974609375e+00
1.045268535614013672e+00
1.010878801345825195e+00
1.017583966255187988e+00
1.082571744918823242e+00
1.014932274818420410e+00
9.874822497367859997e-01
1.035969853401184082e+00
1.016000747680664062e+00
1.025256872177124023e+00
1.037557005882263184e+00
1.083439588546752930e+00
1.015713810920715110e+00
1.028986573219299094e+00
1.036641359329223633e+00
1.001318097114562988e+00
1.002810835838318093e+00
9.437361359596252441e-01
1.006401062011718750e+00
1.052505731582641602e+00
9.913240671157835804e-01
9.656594395637512207e-01
1.042616844177245872e+00
1.006692767143249512e+00
1.069149851799011230e+00
1.057130813598632812e+00
1.003091931343078613e+00
1.045334339141845703e+00
1.062290787696838379e+00
1.017332196235656738e+00
9.967996478080749512e-01
1.045912027359008789e+00
1.012304544448852317e+00
9.949612617492675781e-01
1.018119812011718750e+00
9.968523979187011719e-01
1.032765865325927512e+00
1.055814862251281516e+00
1.008272171020507812e+00
1.035616874694824219e+00
1.014769315719604492e+00
1.005646109580993652e+00
1.023059606552124023e+00
1.001463651657104492e+00
1.107532978057861106e+00
1.030557751655578613e+00
9.799749255180359997e-01
1.002399444580077903e+00
9.808682799339294434e-01
9.470827579498292126e-01
1.024447441101074219e+00
9.539259076118468128e-01
9.878641963005065918e-01
9.571471810340880237e-01
9.860033988952635609e-01
1.015387177467346191e+00
1.072067499160766602e+00
1.009890913963318093e+00
9.396204948425291859e-01
9.953455328941344105e-01
1.009154558181762695e+00
9.631491899490356445e-01
9.908757209777832031e-01
9.393855333328248181e-01
9.802408218383787952e-01
9.528602957725523792e-01
9.326187968254088245e-01
9.410022497177124023e-01
9.432686567306519665e-01
9.569784998893737793e-01
9.295340776443480335e-01
9.465284943580628552e-01
1.004256248474120872e+00
1.007888197898864746e+00
1.002745628356933594e+00
9.727770090103148304e-01
9.851873517036437988e-01
1.010826349258422852e+00
1.010191798210144043e+00
9.487801194190980114e-01
9.273945093154908337e-01
9.586888551712036133e-01
9.867036342620849609e-01
9.950802922248840332e-01
1.064427256584167703e+00
1.015085816383361816e+00
1.043576359748840332e+00
1.061458826065063699e+00
1.036782979965209961e+00
1.081587314605713113e+00
1.050094485282897949e+00
9.683142304420472302e-01
9.166399240493774414e-01
9.693732857704163708e-01
1.016365885734557883e+00
1.036487460136413574e+00
1.037217974662780762e+00
9.582840800285340466e-01
9.862790703773499645e-01
1.030137538909911887e+00
1.008399963378906250e+00
1.006166815757751687e+00
1.021328806877136230e+00
9.951502680778504528e-01
9.175221920013427734e-01
9.794037342071532093e-01
1.037183284759521706e+00
9.650508165359495960e-01
9.748941659927368164e-01
9.726432561874390759e-01
9.551634192466735840e-01
9.802579283714294434e-01
9.511591196060179554e-01
1.002904176712035911e+00
1.033923029899597168e+00
1.027827262878417969e+00
9.777183532714843750e-01
9.790553450584411621e-01
9.079925417900084339e-01
8.492887020111083984e-01
9.350861907005308948e-01
9.551829695701600231e-01
9.491855502128599964e-01
9.823474884033204235e-01
9.751183986663818359e-01
9.787764549255372204e-01
9.887416958808900036e-01
9.933722615242004395e-01
1.009265184402465820e+00
1.061910510063171387e+00
1.007795691490173118e+00
9.269619584083556019e-01
9.936189651489257812e-01
1.014038443565368874e+00
9.884157180786131702e-01
9.802384376525880016e-01
1.022930860519409180e+00
9.842075109481811523e-01
1.019579768180847168e+00
9.665120244026184082e-01
1.000416636466979980e+00
1.004321813583374023e+00
9.875120520591735840e-01
1.036470890045165794e+00
1.014463067054748313e+00
1.019252061843872070e+00
9.985535144805908203e-01
1.007535457611084206e+00
1.025924682617187500e+00
1.068449497222900391e+00
1.066908955574035645e+00
9.659739732742309570e-01
1.005561947822570801e+00
9.721004366874695934e-01
9.953835010528564453e-01
9.563385844230651855e-01
1.011136531829834206e+00
9.740631580352784313e-01
9.664824604988098145e-01
1.002959370613097922e+00
9.442570805549621582e-01
9.722030758857728161e-01
9.525661468505860485e-01
9.847748279571532093e-01
9.536928534507751465e-01
9.789298176765441895e-01
1.004258513450622559e+00
1.001119017601013184e+00
9.274858832359313965e-01
9.304644465446472168e-01
9.947028160095215954e-01
1.033202528953552246e+00
1.010103106498718484e+00
9.690672755241394043e-01
1.018317699432372825e+00
1.024790048599243164e+00
1.005312919616699219e+00
1.026422977447509766e+00
1.039876580238342507e+00
1.067740082740783691e+00
1.084545135498046875e+00
1.030161261558532715e+00
1.091226458549499512e+00
1.038359642028808594e+00
9.574297666549683727e-01
9.700091481208800159e-01
1.067567944526672363e+00
1.188110828399658203e+00
1.185938239097595215e+00
1.009607315063476562e+00
9.437961578369139515e-01
9.729156494140623890e-01
9.780693650245667614e-01
9.972763061523437500e-01
1.060388803482055664e+00
1.018893241882324219e+00
9.582985639572143555e-01
9.812784194946287952e-01
1.005119562149048074e+00
9.678516983985899769e-01
9.686676263809204102e-01
9.254432320594787598e-01
9.845654368400573730e-01
9.736585617065429688e-01
9.795125126838684082e-01
9.669405221939088024e-01
9.805251955986024059e-01
1.002077698707580566e+00
9.717198014259338379e-01
1.014342546463012695e+00
1.031341910362243652e+00
9.758874177932740368e-01
1.045699238777160645e+00
1.048660397529602051e+00
1.046341776847839355e+00
1.081612229347229004e+00
1.082432508468627930e+00
1.067633986473083496e+00
1.035324335098266602e+00
1.049365043640136719e+00
1.034378290176391602e+00
1.006161928176880105e+00
1.126053333282470703e+00
1.148859858512878418e+00
1.084371447563171387e+00
1.049860835075378418e+00
9.787464141845704235e-01
1.058593153953552246e+00
1.063102960586548074e+00
9.413030743598937988e-01
9.804784059524536133e-01
1.012628555297851562e+00
1.015273332595825195e+00
1.010342359542846902e+00
1.033596158027649148e+00
1.009858250617980957e+00
9.711975455284119763e-01
9.773852825164796032e-01
9.831560850143431507e-01
9.736407995224000134e-01
1.069516062736511230e+00
1.067180991172790305e+00
1.034709692001342773e+00
9.957469701766967773e-01
9.771089553833007812e-01
9.785850048065185547e-01
1.049343943595886230e+00
1.054608702659607156e+00
1.032313466072082297e+00
9.909577965736388050e-01
9.863186478614808239e-01
1.014785528182983398e+00
1.022747159004211426e+00
9.985498189926147461e-01
1.023556470870971680e+00
1.047324299812317117e+00
1.018860459327697754e+00
1.029666423797607422e+00
9.939455389976500355e-01
9.505237340927124023e-01
9.870909452438354492e-01
1.059686064720153809e+00
1.093252778053283691e+00
1.080860733985900879e+00
1.041772246360778809e+00
9.883755445480347790e-01
9.624592065811156116e-01
9.932402968406676136e-01
1.035038709640502930e+00
1.052282929420471191e+00
1.047846317291259766e+00
1.012008190155029297e+00
9.875484704971312366e-01
9.764119982719420276e-01
1.019988775253295898e+00
1.005560517311096191e+00
1.028769373893737793e+00
1.067121267318725586e+00
1.065182328224181907e+00
1.002936720848083496e+00
1.023859500885009766e+00
1.026662349700927512e+00
1.009665846824645996e+00
1.034331560134887695e+00
1.021784543991088867e+00
1.013211011886596902e+00
9.893600344657897949e-01
9.805125594139100231e-01
9.025239348411558948e-01
9.278117418289183460e-01
1.011740326881408691e+00
1.014710783958435059e+00
1.031049728393554910e+00
1.001152276992798074e+00
1.016036510467529297e+00
1.025294184684753418e+00
1.060385227203369141e+00
1.109704852104187012e+00
1.063746213912964089e+00
9.996027946472167969e-01
9.808928966522215687e-01
9.813872575759887695e-01
9.882312417030334473e-01
9.964018464088441052e-01
9.849829673767090954e-01
1.044555187225341797e+00
1.067507982254028320e+00
1.054508090019225852e+00
1.032571911811828613e+00
1.012899518013000488e+00
1.008011221885681152e+00
1.026625752449035645e+00
1.017359972000122070e+00
9.974738955497741699e-01
9.666837453842164196e-01
1.015242695808410645e+00
9.929497241973875843e-01
9.625487327575683594e-01
9.837473630905152477e-01
9.081689119338988148e-01
9.506382942199708141e-01
9.174455404281616211e-01
9.684790968894958496e-01
9.999219775199890137e-01
9.728661179542541504e-01
1.021482467651367188e+00
1.001215219497680886e+00
9.774750471115112305e-01
9.940016269683837891e-01
9.739769697189332165e-01
9.799359440803527832e-01
9.397031068801879883e-01
9.780828356742859997e-01
1.070059418678283691e+00
1.013856291770935059e+00
1.000212907791137695e+00
1.029934525489807129e+00
1.024944543838500977e+00
1.016631007194519043e+00
1.000664472579955833e+00
9.990997910499571644e-01
1.004797339439392090e+00
1.005885601043701172e+00
1.001471996307372825e+00
1.037591099739074707e+00
1.035136818885803223e+00
9.814170002937315784e-01
9.750001430511475720e-01
1.061378836631775124e+00
1.025398969650268555e+00
1.010242581367492898e+00
1.052724361419677512e+00
1.022308230400085449e+00
1.058585047721862793e+00
1.035282254219055176e+00
1.035438776016235352e+00
9.988492131233216442e-01
1.065309286117553711e+00
1.022766351699829102e+00
1.032721757888794167e+00
1.034550905227661133e+00
1.001090407371520996e+00
1.032487869262695090e+00
1.031446099281310813e+00
1.014029145240783691e+00
1.067253708839416504e+00
1.005602478981017844e+00
9.921767711639404297e-01
1.008146286010742188e+00
9.885801672935485840e-01
9.722080826759338379e-01
9.973589777946472168e-01
1.013937354087829590e+00
9.672377705574035645e-01
9.954078197479248047e-01
9.964024424552916370e-01
9.450169205665588379e-01
9.864691495895385742e-01
9.817188382148743786e-01
9.398705959320068359e-01
9.472749829292296253e-01
9.981104135513305664e-01
9.860998988151550293e-01
9.735013842582703747e-01
1.002605438232422097e+00
9.748619794845579944e-01
9.362966418266296387e-01
9.529150724411011852e-01
1.006762266159057617e+00
9.884198307991027832e-01
9.884894490242004395e-01
9.884517788887023926e-01
9.494387507438659668e-01
9.806120991706848145e-01
1.026733279228210449e+00
9.754242300987243652e-01
9.390475153923035778e-01
9.992733001708984375e-01
9.957432150840760388e-01
9.214357733726500355e-01
9.023669958114624023e-01
9.640904068946838379e-01
9.606316685676575817e-01
9.287867546081544079e-01
9.663742780685423694e-01
9.590374231338499866e-01
9.366817474365234375e-01
9.197109341621400036e-01
9.136639237403870739e-01
9.123541116714477539e-01
9.140858054161071777e-01
8.887798786163330078e-01
9.383894801139831543e-01
9.703941941261291504e-01
9.782478213310241699e-01
9.733803868293762207e-01
9.375935792922973633e-01
9.584652781486512341e-01
9.728449583053587757e-01
9.626314640045166016e-01
9.814339876174927868e-01
1.011020302772521973e+00
1.000464200973510742e+00
9.788444638252258301e-01
1.005996346473693848e+00
9.945673942565917969e-01
9.700772166252136230e-01
9.703633189201356091e-01
9.590716958045959473e-01
9.629748463630676270e-01
9.682490229606628418e-01
9.808818101882935681e-01
9.691478610038756214e-01
9.590057134628295898e-01
9.372076392173768200e-01
9.290571808815002441e-01
9.482017755508423962e-01
9.827706813812255859e-01
9.769418239593505859e-01
9.577741026878355823e-01
9.347396492958067737e-01
9.513683915138243519e-01
9.658209085464477539e-01
9.979744553565980114e-01
1.009486079216003418e+00
9.742963314056396484e-01
1.028219699859619141e+00
1.018278002738952637e+00
1.009139776229858398e+00
1.023063302040099876e+00
1.006532907485962136e+00
1.029455065727234109e+00
9.925628900527954102e-01
1.017590880393982156e+00
1.029262423515319824e+00
1.020764231681823508e+00
1.018810033798217773e+00
1.040930032730102317e+00
1.020293474197387695e+00
1.020997405052185059e+00
1.030333876609802246e+00
1.024017691612243652e+00
9.919041991233825684e-01
1.037046313285827637e+00
9.896469712257384144e-01
1.036298274993896484e+00
9.935965538024902344e-01
1.037252545356750488e+00
1.001240491867065430e+00
1.033819675445556641e+00
1.026721119880676492e+00
1.002333402633666992e+00
1.046069860458374023e+00
1.002632856369018555e+00
1.075659394264221191e+00
9.594770669937133789e-01
9.897058606147766113e-01
9.970024228096008301e-01
1.065873146057129128e+00
1.007408976554870605e+00
1.077687501907348633e+00
1.018584251403808594e+00
1.027940273284911887e+00
1.040450572967529297e+00
1.015477895736694336e+00
1.020673394203185813e+00
1.021530032157897949e+00
1.046330809593200906e+00
1.005077958106994629e+00
1.001838088035583496e+00
1.015662312507629395e+00
9.950548410415648304e-01
1.002112030982971191e+00
9.676409959793091931e-01
1.047955513000488503e+00
1.007958173751830833e+00
1.029737114906310813e+00
1.011626362800597922e+00
9.844770431518555798e-01
1.030072212219238503e+00
9.680412411689758301e-01
1.034163832664489524e+00
9.822960495948791504e-01
1.001700282096862793e+00
1.018505692481994629e+00
1.025172948837280495e+00
9.755574464797973633e-01
1.021430492401122825e+00
9.433678388595579944e-01
9.504555463790893555e-01
1.002668380737304910e+00
9.655340909957885742e-01
9.784322977066040039e-01
1.005854249000549094e+00
1.025929808616638184e+00
9.416733980178831898e-01
1.021927118301391602e+00
9.745725393295288086e-01
1.013295292854309082e+00
1.026421308517455833e+00
1.012790083885192871e+00
1.004923224449157493e+00
1.028037428855895996e+00
1.006065130233764648e+00
1.020982861518860085e+00
1.001447916030883789e+00
1.000183343887329102e+00
1.007466435432434082e+00
9.924932122230529785e-01
1.021314740180969238e+00
9.649732708930968128e-01
1.014016032218932883e+00
9.856103658676147461e-01
9.960951209068298340e-01
1.026288509368896484e+00
9.700866937637327991e-01
1.019879341125488503e+00
1.004755258560180886e+00
1.009953022003173828e+00
9.700016379356384277e-01
1.018455028533935547e+00
9.337290525436400257e-01
9.924586415290832520e-01
9.822790622711181641e-01
9.571072459220886230e-01
9.532095193862916149e-01
9.968644976615905762e-01
9.973761439323424183e-01
9.975198507308959961e-01
1.056638717651367188e+00
9.999343156814576306e-01
1.021318435668945090e+00
1.007875204086303711e+00
9.492894411087036133e-01
1.035535335540771706e+00
9.626344442367553711e-01
1.001922965049743652e+00
1.012850165367126465e+00
9.533421993255616345e-01
1.045742154121399148e+00
9.825155138969420276e-01
9.858722090721129261e-01
1.034074187278747559e+00
9.707956314086914062e-01
1.016382336616515891e+00
9.811990857124327503e-01
9.782192111015319824e-01
1.023678541183471680e+00
9.918774962425231934e-01
9.850800633430479847e-01
1.030371665954589844e+00
9.934234023094176136e-01
9.834393858909608044e-01
1.005497097969055176e+00
9.813216328620911755e-01
1.056340575218200906e+00
9.984078407287597656e-01
9.709588289260864258e-01
1.010039806365966797e+00
9.677307009696959339e-01
1.001538157463073508e+00
9.986809492111206055e-01
9.992959499359131970e-01
1.014868974685669167e+00
1.016289353370666504e+00
9.790534377098083496e-01
1.034023761749267578e+00
9.976921677589416504e-01
1.019367933273315430e+00
1.049906015396118164e+00
9.605012536048888050e-01
1.040624976158142090e+00
9.914515614509583630e-01
1.046627640724181907e+00
1.044143676757812500e+00
1.051180362701415794e+00
1.019554734230041504e+00
1.006513714790344238e+00
9.475308060646056019e-01
1.026367425918579102e+00
1.054750204086303711e+00
1.003204941749572754e+00
1.034929037094116211e+00
1.043740034103393555e+00
9.719455242156982422e-01
1.049119591712951660e+00
1.042294859886169434e+00
1.031394600868224876e+00
1.027416706085204856e+00
1.036048173904419167e+00
1.033283114433288574e+00
1.031868577003479004e+00
1.081401467323303223e+00
1.042304992675781250e+00
1.011343479156493919e+00
9.920296669006347656e-01
1.041978240013122559e+00
1.046091198921203613e+00
1.032114982604980469e+00
1.036749720573425293e+00
1.047271251678466797e+00
1.015740990638732910e+00
1.007672190666198730e+00
1.047449231147765891e+00
1.021580338478088379e+00
9.875547289848327637e-01
9.954464435577391468e-01
1.023941278457641602e+00
1.000061273574829102e+00
1.018338322639465110e+00
1.022773623466491699e+00
1.035578250885009766e+00
9.914784431457520641e-01
9.697257280349731445e-01
1.014450430870056152e+00
9.999780058860779919e-01
9.707645177841187634e-01
9.526939392089843750e-01
9.864668846130372204e-01
1.003105759620666504e+00
9.496924877166748047e-01
9.550443887710572399e-01
9.397932887077331543e-01
1.005020856857299805e+00
9.887103438377379261e-01
9.602469205856324352e-01
1.002089142799377441e+00
9.623726606369019665e-01
1.015385270118713379e+00
9.977555871009827770e-01
9.813705086708067737e-01
1.015790104866027832e+00
1.002280354499817117e+00
9.738474488258361816e-01
1.008819937705993652e+00
1.007181048393249512e+00
1.025567770004272461e+00
9.531266093254088245e-01
9.481021761894226074e-01
1.023860454559326172e+00
9.856302738189696155e-01
1.033476948738097922e+00
9.588097333908079944e-01
9.788566231727600098e-01
9.950641989707947888e-01
1.016429781913757102e+00
9.968635439872741699e-01
9.811279177665709339e-01
1.019507884979247825e+00
9.488837122917176403e-01
9.788415431976318359e-01
1.003874301910400391e+00
9.928926229476927601e-01
1.006708145141601562e+00
9.956666231155395508e-01
9.914066791534423828e-01
9.738137125968931995e-01
9.999032616615296520e-01
1.013495087623596191e+00
9.804392457008361816e-01
1.001836895942687988e+00
1.001930713653564453e+00
9.512466788291932263e-01
9.194551110267640270e-01
9.276955723762512207e-01
9.661545157432556152e-01
9.963820576667785645e-01
9.859040379524232067e-01
9.427913427352904163e-01
9.801403880119323730e-01
9.966037869453430176e-01
9.535734653472900391e-01
9.655698537826538086e-01
9.711318612098693848e-01
1.000124573707580566e+00
9.964550733566284180e-01
9.837357401847840466e-01
9.843857884407043457e-01
9.650821685791015625e-01
9.839770793914796032e-01
9.812377691268919788e-01
9.679300189018249512e-01
9.815396070480347790e-01
1.015302777290344238e+00
9.829157590866087757e-01
1.037527322769165039e+00
9.907813072204590954e-01
1.018168926239013672e+00
9.875498414039611816e-01
1.019225239753723145e+00
9.992578029632568359e-01
1.012860059738159180e+00
1.005980134010314941e+00
1.029224991798400879e+00
1.009472608566284180e+00
1.014749169349670410e+00
1.034664750099181907e+00
1.000404715538025124e+00
1.017784953117370605e+00
9.839554429054259144e-01
1.039621114730834961e+00
1.010420918464660645e+00
1.004550218582153098e+00
1.029461741447448730e+00
1.033915400505065918e+00
9.855775237083436169e-01
1.050187706947326882e+00
9.485059380531312145e-01
1.001068115234375000e+00
9.729601740837096058e-01
9.870188832283020020e-01
9.980620145797729492e-01
1.023215770721435547e+00
1.004774808883666992e+00
1.045041799545287864e+00
1.011156439781189187e+00
1.039018392562866211e+00
1.012279868125915527e+00
1.020451664924621582e+00
1.015818357467651367e+00
9.745128154754639782e-01
1.030480980873107910e+00
9.416593313217164196e-01
1.003239274024963379e+00
9.645308852195740856e-01
9.623365998268128552e-01
9.611057639122008167e-01
9.860962629318236194e-01
9.863256812095642090e-01
1.024320483207702637e+00
9.771777391433715820e-01
9.886084794998167835e-01
1.019917726516723633e+00
9.697955846786500134e-01
9.926367402076720081e-01
9.491364359855651855e-01
1.027413725852966309e+00
9.948744177818298340e-01
1.024162769317627175e+00
1.024714946746826172e+00
9.880295395851136364e-01
9.936022758483887829e-01
9.539499282836914062e-01
9.800430536270141602e-01
1.019094824790954590e+00
1.006804585456847922e+00
1.018875479698181152e+00
1.011077880859375000e+00
1.048730015754699707e+00
1.041087865829467773e+00
1.044520974159240723e+00
1.002080559730529785e+00
1.012206196784973145e+00
1.061838030815124290e+00
1.013936281204223633e+00
9.783990383148192249e-01
9.952664375305175781e-01
9.787648916244507946e-01
9.514503479003906250e-01
1.004265427589416504e+00
1.013716459274291992e+00
9.575010538101196289e-01
9.701746702194213867e-01
9.992057681083680309e-01
9.744838476181030273e-01
9.464156031608581543e-01
9.671676754951475941e-01
9.770234227180479847e-01
9.690922498703004040e-01
9.962747097015379749e-01
9.757959842681883655e-01
9.448952078819276013e-01
1.023585438728332297e+00
9.923184514045716442e-01
9.967677593231200062e-01
1.041863799095153809e+00
9.997768998146056019e-01
1.011107325553894043e+00
1.024641275405883789e+00
1.015247464179992898e+00
1.012027502059936301e+00
1.038317918777465820e+00
1.029260516166687012e+00
1.048515915870666504e+00
1.037473559379577637e+00
1.028036236763000488e+00
1.021155357360839844e+00
1.000962615013122559e+00
1.038300275802612305e+00
1.004851937294006348e+00
1.047103285789489524e+00
9.857527613639831543e-01
1.048119306564330833e+00
9.937447905540466309e-01
1.034788608551025391e+00
1.002102971076965110e+00
9.875143170356750488e-01
9.952973127365112305e-01
9.654968380928040661e-01
9.974763989448548474e-01
9.776084423065185547e-01
1.004701495170593262e+00
9.949620366096495472e-01
9.928310513496400036e-01
9.541722536087036133e-01
9.930332899093627930e-01
1.014924049377441406e+00
9.457117915153504528e-01
1.018801093101501687e+00
9.727112650871275745e-01
9.678195118904113770e-01
1.009058356285095215e+00
9.921316504478455700e-01
1.012562274932861106e+00
1.005676031112670898e+00
9.844688773155212402e-01
1.005751252174377441e+00
1.006276249885559082e+00
1.027568697929382324e+00
9.665764570236206055e-01
9.921647906303405762e-01
9.727702736854552112e-01
9.954312443733216442e-01
9.630127549171447754e-01
1.013291239738464355e+00
9.929798841476440430e-01
9.855044484138487659e-01
1.007634162902832031e+00
9.980158209800720215e-01
9.994373917579651989e-01
9.582732319831848145e-01
1.002665638923645020e+00
1.049072980880737305e+00
9.860813617706299938e-01
9.880220293998718262e-01
1.000262856483459695e+00
9.667503833770751953e-01
9.541231989860535778e-01
9.655207395553587757e-01
9.445388317108154297e-01
9.690941572189332165e-01
9.581505060195923962e-01
9.657954573631287731e-01
1.018102049827575684e+00
1.075922727584838867e+00
1.051688671112060325e+00
9.938069581985473633e-01
1.013247728347778320e+00
9.565172791481018066e-01
1.034931540489196777e+00
1.062814712524414062e+00
9.827191233634947620e-01
9.405694007873536266e-01
9.835918545722960316e-01
1.048587203025818093e+00
1.028532981872558594e+00
1.065631151199340820e+00
9.384350180625915527e-01
1.038733482360839844e+00
1.011717796325683594e+00
1.036004781723022461e+00
1.005214333534240723e+00
9.881661534309388317e-01
1.027243852615356445e+00
9.837191700935363770e-01
1.037393212318420410e+00
1.003865838050842507e+00
9.875654578208924450e-01
1.001564979553222878e+00
1.012101173400879128e+00
1.004707932472229004e+00
9.988235235214232288e-01
1.009937167167663574e+00
1.021898031234741211e+00
1.016403555870056152e+00
1.018226981163025124e+00
1.020763158798217773e+00
1.044190883636474609e+00
1.037518858909607156e+00
1.017781138420104980e+00
9.926909804344176136e-01
1.023966670036315918e+00
9.871035814285278320e-01
1.003335475921630859e+00
9.732378721237183727e-01
9.958771467208862305e-01
9.856259822845460095e-01
9.609196186065673828e-01
9.386547803878784180e-01
9.972517490386964001e-01
1.004629015922546387e+00
1.006915807723999023e+00
1.039339303970337136e+00
1.015424251556396484e+00
9.741593599319458008e-01
1.034697294235229492e+00
9.656987786293029785e-01
9.834733605384827770e-01
9.907298088073729359e-01
9.847739338874815784e-01
1.010236740112304910e+00
9.908950924873352051e-01
1.015095829963684082e+00
1.001972198486327903e+00
1.031642675399780495e+00
9.932484626770020641e-01
1.000401139259338379e+00
1.032580614089965820e+00
1.005661010742187500e+00
1.024223089218139648e+00
9.968233108520507812e-01
1.020024418830871582e+00
1.023620009422302246e+00
1.043757796287536621e+00
1.018429160118103027e+00
9.919908642768859863e-01
1.003184437751770020e+00
9.814185500144958496e-01
1.008247137069701926e+00
1.047948598861694336e+00
9.880073666572571911e-01
9.791445732116700329e-01
9.417411088943480335e-01
1.018019556999206321e+00
9.396804571151732288e-01
9.564490318298340954e-01
9.655362367630003773e-01
9.790346026420592151e-01
9.716774225234984241e-01
1.014279603958130105e+00
9.781302809715272106e-01
1.040364027023315430e+00
9.605700969696043812e-01
9.888128042221068226e-01
9.838550686836243786e-01
1.002905845642089844e+00
9.878588318824768066e-01
1.036076068878173828e+00
1.014590501785278320e+00
9.966781735420228161e-01
1.010187268257141113e+00
1.009576916694641113e+00
1.021872162818908691e+00
9.525268673896790661e-01
1.030740618705749512e+00
1.041257739067077637e+00
9.624211788177490234e-01
1.035413146018982156e+00
9.674198031425476074e-01
1.029605865478515625e+00
9.900408387184144177e-01
9.701881408691406250e-01
9.904564023017884411e-01
1.003505349159240723e+00
1.004734277725219505e+00
9.966184496879577637e-01
9.984424114227296032e-01
1.008550882339477539e+00
1.021483421325683594e+00
1.031431674957275391e+00
9.998987913131713867e-01
1.039410114288329856e+00
1.007921695709228294e+00
1.023709297180175781e+00
1.014225482940673828e+00
1.027838587760925293e+00
1.015515089035034180e+00
1.052268385887145996e+00
9.877827763557434082e-01
9.729492068290709339e-01
1.038400292396545410e+00
1.067262172698974609e+00
9.798083901405334473e-01
9.962332248687744141e-01
9.874724745750428356e-01
9.643539190292358398e-01
1.008768796920776367e+00
9.906467795372008167e-01
1.009640097618103027e+00
9.881204962730407715e-01
1.025012135505676492e+00
9.672479629516601562e-01
1.005541682243347168e+00
1.008908271789550781e+00
1.034274697303771973e+00
1.007401466369629128e+00
9.909602403640748181e-01
9.972890019416807972e-01
9.917377829551695667e-01
1.015545487403869629e+00
1.045186758041381836e+00
1.031421661376953125e+00
1.006452083587646484e+00
1.008838057518005371e+00
1.036197423934936301e+00
1.001692652702331543e+00
1.068667888641357422e+00
1.009340405464172363e+00
1.051516175270080566e+00
1.070835828781127930e+00
1.025239706039428711e+00
1.040286779403686301e+00
1.032958269119262695e+00
1.069927334785461426e+00
9.764035940170288086e-01
1.021618962287902832e+00
1.032431483268737793e+00
1.036755442619323508e+00
1.024897098541259766e+00
9.997016191482543945e-01
1.030478358268737793e+00
1.048006415367126465e+00
9.778410196304320179e-01
9.590990543365479626e-01
1.004696846008300781e+00
1.035247445106506348e+00
9.909350275993348278e-01
9.502662420272828259e-01
9.817882776260375977e-01
9.857433438301086426e-01
9.730387330055235706e-01
9.667351245880128063e-01
9.656164050102233887e-01
9.214828014373780407e-01
9.558715224266052246e-01
9.214575290679931641e-01
9.713591337203979492e-01
9.497481584548950195e-01
8.928957581520080566e-01
9.428561329841613770e-01
9.354155659675598145e-01
9.490369558334351696e-01
9.263272881507873535e-01
9.006100893020629883e-01
1.006133079528808594e+00
9.880675673484802246e-01
9.154314994812011719e-01
9.141324162483216442e-01
9.649001359939576306e-01
9.833701252937315784e-01
9.116107821464539684e-01
9.732980728149414062e-01
9.449026584625244141e-01
9.918063282966613770e-01
9.781033396720886230e-01
1.001676917076110840e+00
9.721492528915404163e-01
9.801654219627379261e-01
9.914175271987916149e-01
9.737919569015504040e-01
1.013141870498657227e+00
9.787702560424803577e-01
1.042628288269042969e+00
1.047993421554565430e+00
1.027582049369812012e+00
9.956289529800416149e-01
9.973451495170592151e-01
1.125899076461791992e+00
1.085906267166137695e+00
1.061409473419189675e+00
1.048034548759460449e+00
1.057915449142455833e+00
1.078835248947143555e+00
1.105847716331481934e+00
9.999846816062928356e-01
1.022904872894286887e+00
9.917970895767211914e-01
9.737579822540284313e-01
1.009535431861877441e+00
9.855403900146484375e-01
1.006854772567749023e+00
9.267316460609436035e-01
8.080312013626098633e-01
1.015072822570800781e+00
1.124596238136291504e+00
1.040074586868285911e+00
9.851596951484680176e-01
1.008290648460388184e+00
9.830542802810667835e-01
1.021284818649291992e+00
9.857166409492491566e-01
1.000968694686889648e+00
9.088201522827148438e-01
8.654688596725463867e-01
9.469460248947143555e-01
1.003309011459350586e+00
1.120457649230957031e+00
1.039330720901489258e+00
7.971257567405700684e-01
9.603929519653320312e-01
1.030351638793945090e+00
1.013670086860656738e+00
1.111554622650146484e+00
1.097627758979797363e+00
1.025287628173827903e+00
1.073778867721557617e+00
1.061613559722900391e+00
1.026807308197021706e+00
1.077029109001159668e+00
1.037287592887878418e+00
1.004927873611450195e+00
1.012368321418762207e+00
1.025545120239257812e+00
1.028453826904296875e+00
9.971202611923217773e-01
9.986132383346557617e-01
1.086218833923339844e+00
1.075818777084350586e+00
9.912777543067932129e-01
1.000299692153930886e+00
9.402840733528136097e-01
8.945629596710205078e-01
9.316625595092772327e-01
1.001549124717712402e+00
1.032148480415344238e+00
9.816100001335144043e-01
1.029399633407592773e+00
1.031657457351684570e+00
1.014703989028930886e+00
1.041988730430603027e+00
9.917917251586914062e-01
1.008198738098144309e+00
1.033003091812133789e+00
1.026700854301452637e+00
1.023467659950256348e+00
1.085878372192382812e+00
1.069111227989196777e+00
1.049734711647033691e+00
1.047850131988525391e+00
1.039979815483093262e+00
1.020282268524170144e+00
1.012012124061584473e+00
1.061579585075378418e+00
9.213278889656068005e-01
1.011300325393676758e+00
1.016822099685669167e+00
9.908036589622497559e-01
1.040632247924804910e+00
1.037941336631775124e+00
1.014358162879943848e+00
1.054044723510742188e+00
1.036498546600341797e+00
1.004308104515075684e+00
9.427590966224670410e-01
9.949357509613035999e-01
9.945798516273499645e-01
9.196262955665588379e-01
9.164302349090576172e-01
1.041613936424255371e+00
1.007103681564330833e+00
9.833021163940429688e-01
1.029439687728881836e+00
9.967392683029175915e-01
9.720667004585266113e-01
1.041305184364318848e+00
9.146366119384765625e-01
1.006423950195312500e+00
1.026975989341735840e+00
1.016768574714660645e+00
1.038721323013305664e+00
1.029897212982177512e+00
1.038902759552002175e+00
1.031705141067504883e+00
1.008790731430053711e+00
9.781847000122070312e-01
1.024609088897704856e+00
9.973555803298950195e-01
9.868568181991576038e-01
1.012146472930908203e+00
1.003014206886291504e+00
9.840214252471923828e-01
9.645182490348815918e-01
1.010090589523315430e+00
1.026155471801757812e+00
9.930564761161804199e-01
1.018654942512512207e+00
1.012653589248657227e+00
9.937587976455688477e-01
9.298885464668273926e-01
9.949316382408142090e-01
9.911804795265197754e-01
1.008993983268737793e+00
1.005302309989929199e+00
1.044878005981445090e+00
1.017359972000122070e+00
1.001449227333068848e+00
9.629256129264831543e-01
1.039152860641479492e+00
1.042690753936767578e+00
1.007927417755127175e+00
9.850236177444458008e-01
1.008703708648681641e+00
1.026425004005431907e+00
1.007107138633728027e+00
1.033991336822509766e+00
1.019828677177429199e+00
9.605436921119691052e-01
1.001426219940185547e+00
9.781373143196105957e-01
9.897272586822509766e-01
1.033766865730285645e+00
1.046616673469543679e+00
9.937838912010191761e-01
1.022167325019836426e+00
9.801105856895447888e-01
9.656652808189392090e-01
9.124458432197571911e-01
9.349716901779175915e-01
1.019100308418274148e+00
1.023319244384765625e+00
1.017420530319214089e+00
9.829345345497132458e-01
1.000857591629028320e+00
1.084480285644531250e+00
1.057041406631469505e+00
1.006558537483215110e+00
1.051485419273376465e+00
1.018390417098999023e+00
9.709281921386719860e-01
1.049093604087829590e+00
1.047953963279723899e+00
9.592412114143371582e-01
9.673045277595520020e-01
1.029303073883056641e+00
1.038150787353515625e+00
1.043199300765991211e+00
1.044763326644897683e+00
1.044044733047485352e+00
9.990795254707336426e-01
9.789781570434570312e-01
9.869183301925660290e-01
1.039193272590637207e+00
1.051358699798584206e+00
1.022343277931213379e+00
1.013228058815002441e+00
9.605262875556945801e-01
1.015664696693420410e+00
1.020567417144775391e+00
9.550662636756895862e-01
9.790749549865723766e-01
9.785777330398559570e-01
9.744150638580322266e-01
9.974666237831115723e-01
1.017238378524780495e+00
9.622167944908142090e-01
9.306417107582092285e-01
9.813341498374940075e-01
9.437018632888793945e-01
9.785152673721312366e-01
9.417004585266112171e-01
9.653589129447935901e-01
9.915100932121275745e-01
9.696460366249084473e-01
9.369422793388367809e-01
9.124404788017271839e-01
9.962307214736938477e-01
1.023737907409667969e+00
9.670966863632202148e-01
9.852530956268309437e-01
9.995403885841370739e-01
9.925169348716735840e-01
9.293136000633240856e-01
9.940758347511291504e-01
9.837156534194946289e-01
9.594926834106444202e-01
9.431482553482055664e-01
1.009757876396179199e+00
9.666261076927183948e-01
9.409979581832885742e-01
9.941824078559875488e-01
1.002856731414795144e+00
1.012889146804809570e+00
1.034357666969299094e+00
9.921137690544128418e-01
1.003450155258178711e+00
1.004150748252868874e+00
1.019507646560669167e+00
1.037987232208252175e+00
1.025158166885375977e+00
1.042224764823913574e+00
9.810832738876343884e-01
1.038134217262267844e+00
1.053160309791564941e+00
1.048053741455077903e+00
1.027896761894225852e+00
1.109321832656860352e+00
1.057886838912964089e+00
1.057410001754760742e+00
1.099044680595397949e+00
1.043732047080993652e+00
1.067067980766296387e+00
1.036188125610351562e+00
1.034350275993347168e+00
1.061549067497253418e+00
1.009752988815307617e+00
1.002361536026000977e+00
1.007289171218872070e+00
1.010991930961608887e+00
1.000797033309936301e+00
1.035383224487304910e+00
9.492129087448120117e-01
9.858438968658448376e-01
9.946741461753844105e-01
1.017649173736572488e+00
9.808036088943480335e-01
1.010030627250671387e+00
9.729409813880920410e-01
9.900445938110351562e-01
9.859843850135804333e-01
9.866785407066344105e-01
9.694553017616271973e-01
9.597160220146180309e-01
9.679174423217772327e-01
9.910262823104858398e-01
9.761785864830015980e-01
9.413199424743652344e-01
9.759147167205809437e-01
9.593778848648072399e-01
9.534792304039000355e-01
9.784838557243348278e-01
9.991263747215272106e-01
9.776082038879395641e-01
1.003530263900756836e+00
9.849451780319213867e-01
9.440148472785949707e-01
9.249979853630065918e-01
9.693744182586669922e-01
9.780679941177368164e-01
9.333811402320861816e-01
9.336031079292296253e-01
9.702019095420836292e-01
9.798501729965209961e-01
9.771745800971983753e-01
9.756953120231628418e-01
9.631531238555908203e-01
9.962190985679626465e-01
1.005408167839050293e+00
9.864826202392578125e-01
1.025898337364196777e+00
9.966860413551331677e-01
9.694894552230836071e-01
9.952714443206788220e-01
9.946558475494383655e-01
9.826239347457885742e-01
9.765409231185911976e-01
1.000599503517150879e+00
9.713264107704163708e-01
1.000687599182129128e+00
9.795263409614564099e-01
9.896693229675291859e-01
9.848189353942872204e-01
1.011308550834655762e+00
9.774265289306639515e-01
9.830260276794433594e-01
9.889812469482421875e-01
9.876611828804016113e-01
9.680981040000915527e-01
9.530767798423768200e-01
9.858599305152891956e-01
9.535630941390992321e-01
9.599415659904479980e-01
1.004269719123840332e+00
9.678757786750792347e-01
1.004618406295776367e+00
9.908868670463562012e-01
1.012625455856323242e+00
9.785931706428527832e-01
9.569591879844665527e-01
1.032676219940185547e+00
9.794280529022215687e-01
1.031264066696166992e+00
9.833143949508668102e-01
1.014038443565368874e+00
9.668054580688475452e-01
9.959425330162048340e-01
1.012566089630127175e+00
9.875453114509583630e-01
1.016757965087890625e+00
9.706230163574219860e-01
1.006217002868652344e+00
9.940583705902099609e-01
1.008156776428222878e+00
1.036665081977844238e+00
1.006040453910827637e+00
1.006729722023010476e+00
1.018448829650879128e+00
1.048010349273681641e+00
1.031098723411560059e+00
1.034242630004882812e+00
1.006989955902099609e+00
1.062171578407287598e+00
1.016814827919006348e+00
1.034317970275879128e+00
9.856595396995544434e-01
1.027541041374206321e+00
1.032377839088439941e+00
1.012375712394714355e+00
1.031746268272400124e+00
1.005269050598144309e+00
1.035889148712158203e+00
9.699370861053467907e-01
9.746090173721312366e-01
9.897835254669190563e-01
9.745102524757384144e-01
9.716350436210632324e-01
9.775783419609069824e-01
9.838187098503111683e-01
9.660253524780272327e-01
9.676717519760131836e-01
1.016464710235595703e+00
9.708006381988524280e-01
9.190348386764526367e-01
9.740591049194335938e-01
9.695492386817932129e-01
9.442130923271180309e-01
9.506091475486756481e-01
9.803601503372192383e-01
1.009806275367736816e+00
9.859257340431212269e-01
9.862912297248840332e-01
9.929853677749633789e-01
1.000197768211364746e+00
1.035408973693847656e+00
9.877699017524720349e-01
1.015020608901977539e+00
1.027985453605652078e+00
1.048802375793457031e+00
1.050374865531921387e+00
9.777935743331908069e-01
9.744170904159545898e-01
1.031227469444275124e+00
9.954365491867064319e-01
1.010123252868652344e+00
9.780635833740234375e-01
1.062840342521667703e+00
1.023885130882263184e+00
1.072589278221130371e+00
1.054124712944030762e+00
9.909526705741882324e-01
1.006103992462158203e+00
9.864806532859802246e-01
1.011341452598571777e+00
9.616456031799316406e-01
9.980195760726927601e-01
1.042332410812377930e+00
9.591573476791381836e-01
9.867586493492126465e-01
1.033307909965515137e+00
9.702002406120300293e-01
9.769360423088073730e-01
1.004202842712402344e+00
9.821949005126952015e-01
1.021526098251342773e+00
9.772745370864868164e-01
9.887725114822387695e-01
1.011968016624450906e+00
1.028637051582336426e+00
9.948638677597045898e-01
1.040034413337707520e+00
9.926843643188475452e-01
1.020648241043090820e+00
1.049237847328185813e+00
1.091942429542541504e+00
1.055250406265258789e+00
1.031999349594116211e+00
9.694049358367919922e-01
9.701241850852966309e-01
1.029875516891479492e+00
1.060908436775207520e+00
1.017259478569030762e+00
1.014472365379333496e+00
9.592737555503844105e-01
1.072227120399474876e+00
1.020094156265258789e+00
1.018115401268005371e+00
9.861571192741394043e-01
1.000705718994140625e+00
1.022910237312317117e+00
1.031978964805603027e+00
1.034811496734619141e+00
9.843954443931579590e-01
1.046879410743713379e+00
9.578633308410644531e-01
9.785328507423399769e-01
9.760096073150635876e-01
9.939913153648376465e-01
1.032704949378967285e+00
1.036930322647094727e+00
9.895382523536682129e-01
9.819843173027039684e-01
9.801600575447083630e-01
9.952473640441895641e-01
9.284423589706419788e-01
9.751288890838624157e-01
1.001728057861327903e+00
1.055776119232177512e+00
9.966065287590027966e-01
1.016440987586974876e+00
1.035098552703857422e+00
1.029439926147460938e+00
1.036032795906067117e+00
1.064055204391479492e+00
1.067051887512207031e+00
1.058704137802124023e+00
1.007484078407287598e+00
1.044923305511474609e+00
1.044812917709350586e+00
1.071123123168945090e+00
1.022758007049560325e+00
1.041806340217590332e+00
1.017149925231933594e+00
1.000512719154357910e+00
9.604842066764831543e-01
9.896937012672424316e-01
1.015861749649048074e+00
1.011540651321411133e+00
9.895647168159483753e-01
9.531638622283935547e-01
9.722131490707396351e-01
9.622430801391601562e-01
1.004973888397216797e+00
9.434904456138611950e-01
9.665319919586181641e-01
9.758804440498352051e-01
1.000275731086730957e+00
9.411742091178894043e-01
9.772894382476807751e-01
9.856652021408079944e-01
9.719655513763427734e-01
9.606338143348693848e-01
9.914298057556152344e-01
9.492129683494567871e-01
9.244120717048643909e-01
1.017739176750182883e+00
9.711235761642456055e-01
9.815942645072935901e-01
1.006430387496948242e+00
1.003254532814026101e+00
9.667215943336487927e-01
9.578252434730529785e-01
9.904314279556274414e-01
9.824506044387816273e-01
9.759607911109924316e-01
9.574429988861083984e-01
1.024713635444641113e+00
1.033968806266784890e+00
9.871625900268555798e-01
9.703012704849244274e-01
9.692057371139526367e-01
9.887812137603759766e-01
1.041709780693054199e+00
1.010028123855590820e+00
1.044908761978149414e+00
9.861151576042176403e-01
1.048702001571655273e+00
1.001977443695068359e+00
1.001051783561706321e+00
1.000492095947265625e+00
1.068327307701110840e+00
1.049812316894531250e+00
9.875930547714232288e-01
9.663253426551819958e-01
1.057504773139953613e+00
1.071078419685363770e+00
1.023220896720886230e+00
1.005453348159790039e+00
9.968544840812684216e-01
1.052833199501037598e+00
1.062685847282409668e+00
1.025575995445251687e+00
9.938028454780579724e-01
1.037660837173462136e+00
1.070872426033020020e+00
1.035755276679992898e+00
1.025568962097167969e+00
9.739237427711487927e-01
1.050386309623718484e+00
1.038282990455627441e+00
9.496800303459167480e-01
9.841209053993223987e-01
9.383615851402283825e-01
9.551656842231750488e-01
1.008192181587219238e+00
1.028190970420837402e+00
9.534311890602111816e-01
9.709357619285583496e-01
9.442286491394044079e-01
9.939456582069395862e-01
1.040202856063842773e+00
9.794542789459228516e-01
1.009599804878234863e+00
9.844641685485840954e-01
1.041850209236145020e+00
1.042500972747802734e+00
1.043050885200500488e+00
1.053408861160278320e+00
1.074519515037536621e+00
1.066717982292175293e+00
1.054353237152099609e+00
1.057580471038818359e+00
1.083324551582336426e+00
1.073220968246459961e+00
1.051573991775512695e+00
1.045993447303771973e+00
1.056970953941345215e+00
1.031557798385619895e+00
1.042590975761413574e+00
1.031931877136230469e+00
9.920500516891479492e-01
9.932166934013367809e-01
9.967576265335084118e-01
1.009308457374572754e+00
1.014204859733581543e+00
1.012081742286681907e+00
1.059478282928466797e+00
1.034123659133911133e+00
1.016388297080993652e+00
1.019762754440307617e+00
9.935336112976074219e-01
9.660379290580749512e-01
1.033172369003295898e+00
9.361820220947265625e-01
9.482549428939820446e-01
1.003529787063598633e+00
9.670464992523192249e-01
1.010513901710510476e+00
9.999243021011352539e-01
9.608644247055053711e-01
9.573964476585388184e-01
9.976072311401368298e-01
9.426037669181823730e-01
9.813281297683715820e-01
1.009158611297607422e+00
1.039714932441711426e+00
1.036212682723999023e+00
9.834358692169190563e-01
1.003966689109802246e+00
9.734150171279908337e-01
9.879613518714903675e-01
9.696192145347596325e-01
9.640645980834959827e-01
9.896166920661926270e-01
1.005327701568603516e+00
9.644170999526977539e-01
1.020789265632629395e+00
9.946725964546203613e-01
9.891398549079896130e-01
9.764904379844665527e-01
1.009975910186767578e+00
1.035902976989745872e+00
9.908711910247803845e-01
9.954649209976196289e-01
9.826447963714599609e-01
9.742128252983092151e-01
1.044692754745483398e+00
9.600637555122375488e-01
9.624307751655579724e-01
9.708245992660522461e-01
1.016107678413391113e+00
1.015874743461608887e+00
1.035281419754028320e+00
1.012777686119079590e+00
9.946788549423217773e-01
1.038637638092040794e+00
1.007705330848693848e+00
1.021009922027588113e+00
1.018251657485962136e+00
1.063403487205505371e+00
1.021101951599120872e+00
1.000001192092895508e+00
1.037526249885559082e+00
1.043735504150390625e+00
1.005200982093810813e+00
1.036064743995666504e+00
1.001555323600769043e+00
1.006136536598205566e+00
1.033605098724365234e+00
9.889074563980103649e-01
1.050702333450317383e+00
9.526295065879821777e-01
9.005820751190185547e-01
9.843001961708067737e-01
9.768637418746948242e-01
1.017857193946838379e+00
1.039653301239013672e+00
1.025400876998901367e+00
9.390542507171631970e-01
9.247201681137083851e-01
9.393944144248962402e-01
9.721431136131287731e-01
9.580032229423524059e-01
9.881301522254943848e-01
9.361956715583800159e-01
8.940457701683044434e-01
8.980090618133544922e-01
9.998853206634520374e-01
1.019835233688354492e+00
1.031747102737426758e+00
9.846225976943969727e-01
9.851785302162170410e-01
9.451159238815307617e-01
1.029524445533752441e+00
1.071783065795898438e+00
1.046811938285827637e+00
1.006309390068054199e+00
9.628247022628784180e-01
1.041483759880065918e+00
1.009172797203064187e+00
1.024776101112365501e+00
1.040416240692138894e+00
9.618449807167052112e-01
1.045500993728637695e+00
9.986846446990967907e-01
1.051501870155334473e+00
1.012462496757507102e+00
9.547035694122314453e-01
1.024403929710388184e+00
9.406964778900146484e-01
1.068203210830688477e+00
1.005667448043823242e+00
9.860516190528870739e-01
1.055012941360473633e+00
9.753627181053161621e-01
1.075728893280029297e+00
1.073089241981506348e+00
1.030137300491333008e+00
1.029819250106811523e+00
1.058853030204772949e+00
1.076654672622680886e+00
1.016433358192443848e+00
1.015701055526733398e+00
1.059553265571594238e+00
1.065416693687439187e+00
9.874578118324279785e-01
1.019058823585510476e+00
1.047322750091552734e+00
1.056526541709900124e+00
1.052259683609008789e+00
9.756557941436767578e-01
1.012729525566100852e+00
1.117887139320373535e+00
1.046032667160034180e+00
9.680311083793640137e-01
1.042015790939330833e+00
9.646166563034057617e-01
1.050546288490295410e+00
9.955650568008423962e-01
9.844233989715576172e-01
9.837261438369752087e-01
1.015470743179321289e+00
9.689680337905883789e-01
9.406758546829223633e-01
9.749443531036375843e-01
9.985790848731995739e-01
1.026752352714538574e+00
9.891422986984251819e-01
1.006507754325866699e+00
9.819576740264891468e-01
9.969116449356080212e-01
1.005581974983215110e+00
1.044595599174499512e+00
1.014869809150695801e+00
1.007406115531921387e+00
1.009016156196594238e+00
1.017388463020324707e+00
1.058008193969726562e+00
9.852921962738035999e-01
9.879554510116576038e-01
1.015081644058227539e+00
9.880891442298888050e-01
1.031164288520812988e+00
1.012882709503173828e+00
1.021381258964538574e+00
1.028128147125243919e+00
1.017470836639404297e+00
9.717286825180053711e-01
9.708091616630554199e-01
9.757012128829956055e-01
1.038877367973327637e+00
9.881065487861632191e-01
9.941276311874390759e-01
9.921771883964539684e-01
1.044099807739257812e+00
9.744744300842284046e-01
1.015647768974304199e+00
9.986320137977600098e-01
9.984369277954101562e-01
9.944750070571900524e-01
1.052987217903137207e+00
9.843068122863770641e-01
9.815177917480467640e-01
9.420096278190611683e-01
9.923533797264100231e-01
1.045250177383422852e+00
1.012860059738159180e+00
1.054331183433532715e+00
1.024080276489257812e+00
9.779562950134276234e-01
1.003764986991882324e+00
9.963047504425047718e-01
1.020648002624511497e+00
9.868703484535216175e-01
1.025103211402892844e+00
1.030037045478820801e+00
9.878942370414733887e-01
1.003540039062500000e+00
1.010820388793945090e+00
9.474738836288452148e-01
9.945700168609620251e-01
1.005110383033752441e+00
9.516108036041259766e-01
9.607961773872375488e-01
9.724407792091370739e-01
9.389331936836243786e-01
9.547951817512512207e-01
1.004028677940368874e+00
1.007003307342529297e+00
1.023814797401428223e+00
9.586146473884583630e-01
9.324113726615905762e-01
9.468011260032653809e-01
9.953451156616212048e-01
1.035185813903808594e+00
9.824330806732177734e-01
9.902115464210509144e-01
9.580981731414796032e-01
9.617689251899720349e-01
1.011536002159118874e+00
9.685630202293395996e-01
9.835121035575867809e-01
9.977508783340454102e-01
1.009503245353698730e+00
1.010547399520874023e+00
1.028384327888488770e+00
1.013906002044677512e+00
9.911627173423768200e-01
1.004755973815917969e+00
9.858993887901306152e-01
9.956757426261901855e-01
9.795145392417907715e-01
9.992735385894776501e-01
9.998075366020203747e-01
1.045560479164123535e+00
9.695477485656738281e-01
1.038152575492858887e+00
1.010140895843506081e+00
1.012751579284667969e+00
1.035447716712951660e+00
1.020113468170165794e+00
1.026771068572997825e+00
9.777979850769044079e-01
9.573770165443420410e-01
9.958550333976745605e-01
1.049496769905090332e+00
9.633177518844604492e-01
9.882926940917967640e-01
9.771667122840880237e-01
1.014268040657043679e+00
1.049352765083312988e+00
9.767377376556396484e-01
1.013300538063049094e+00
9.789378046989439808e-01
1.020610809326172097e+00
9.833704233169555664e-01
1.012304663658142090e+00
9.913550019264220081e-01
9.961861371994019665e-01
1.065220355987548828e+00
1.056230664253234863e+00
1.060685396194458008e+00
1.031583309173584206e+00
1.004643917083740234e+00
1.039475798606872559e+00
1.033070206642150879e+00
1.007015943527221680e+00
1.062102198600769043e+00
1.020212650299072488e+00
1.030374407768249512e+00
1.017612934112548828e+00
9.970363378524780273e-01
1.022439718246459961e+00
9.929965138435363770e-01
9.696537852287292480e-01
9.608507752418518066e-01
9.299343228340147816e-01
1.013480782508849876e+00
1.026123404502868874e+00
1.005844473838806152e+00
9.841797947883605957e-01
1.012439131736755371e+00
9.699293971061707653e-01
9.868301153182984509e-01
1.001863956451415794e+00
1.004269003868103027e+00
1.005438685417175293e+00
9.913272857666015625e-01
1.027836918830871582e+00
9.995617270469665527e-01
9.854359626770020641e-01
9.771779179573060192e-01
1.028064012527465820e+00
9.783198833465576172e-01
1.031781315803527832e+00
9.994115829467772327e-01
9.862537384033204235e-01
9.448184967041015625e-01
9.779491424560547985e-01
9.852229356765748181e-01
1.001805424690246582e+00
1.039106607437133789e+00
1.001702070236205833e+00
9.945074915885924183e-01
9.290722608566284180e-01
1.045280218124389648e+00
1.052202582359314187e+00
1.076110005378723145e+00
1.048042297363281250e+00
1.005329489707946777e+00
9.450667500495911755e-01
1.034363746643066406e+00
1.091836452484130859e+00
1.055302381515502930e+00
1.030135035514831543e+00
1.021522760391235352e+00
9.676043987274169922e-01
9.377448558807371937e-01
1.015835642814636230e+00
1.041108250617980957e+00
1.015217065811157227e+00
9.916005730628968395e-01
1.006964325904846191e+00
1.054151892662048340e+00
1.068598508834838867e+00
9.957543611526488148e-01
9.744380712509156384e-01
9.756823778152465820e-01
1.053223609924316406e+00
1.066542267799377441e+00
1.014968991279602051e+00
9.922057986259459339e-01
9.971041679382324219e-01
1.012747883796692117e+00
1.003329992294311523e+00
1.007838606834411621e+00
9.848755598068236194e-01
1.014640808105468750e+00
9.911718368530272327e-01
9.974536895751952015e-01
1.020194292068481445e+00
1.012853264808654785e+00
1.020262956619262695e+00
1.040992736816406250e+00
1.034288287162780762e+00
1.022396445274353027e+00
1.011950731277465820e+00
1.040278315544128418e+00
1.072428107261657493e+00
1.053150177001953125e+00
1.037400603294372559e+00
1.015061259269714355e+00
1.077727675437927246e+00
1.032478213310241699e+00
1.060189366340637207e+00
1.047825694084167703e+00
1.031773090362548828e+00
1.013911962509155273e+00
1.021835446357727051e+00
1.015908241271972878e+00
1.001598000526428223e+00
9.775977730751037598e-01
1.019300103187560813e+00
1.046034455299377441e+00
1.023505449295044167e+00
9.807258248329163708e-01
1.037322521209716797e+00
9.892932772636413574e-01
9.834288358688354492e-01
1.003558278083801270e+00
9.155761599540709339e-01
9.498042464256287731e-01
1.004381299018860085e+00
9.829852581024169922e-01
1.010543823242187500e+00
1.010689735412597656e+00
9.678232073783875622e-01
1.004284858703613281e+00
9.656230211257935681e-01
9.559000134468079724e-01
1.040758132934570312e+00
1.013599991798400879e+00
9.650155305862427868e-01
1.029925227165222168e+00
1.045820355415344238e+00
1.011436581611633301e+00
1.024285912513732910e+00
9.465315937995911755e-01
9.661893248558044434e-01
9.830156564712524414e-01
9.903409481048583984e-01
9.872061610221863903e-01
1.041079521179199219e+00
1.044397354125976562e+00
