3.899370133876801092e-01
1.146093964576721191e+00
1.265102148056030495e+00
7.021299004554748535e-01
3.149062097072600763e-01
7.157980799674987793e-01
7.118040323257446289e-01
7.454276680946350098e-01
2.681728303432465155e-01
4.345225393772125244e-01
7.143005728721618652e-01
5.775994658470153809e-01
1.225489139556884766e+00
1.719587445259094238e+00
1.434473156929015891e+00
2.325384855270385742e+00
2.530329465866088867e+00
2.921402692794799805e+00
3.115559577941894531e+00
3.602675914764404297e+00
3.323977470397948775e+00
3.079783439636230469e+00
3.050656318664551225e+00
2.918668508529663086e+00
2.645343542098999023e+00
2.628192424774169922e+00
2.436081647872924805e+00
2.363217830657958984e+00
1.684539914131164551e+00
1.911382436752319558e+00
2.002691984176636186e+00
1.389442801475524902e+00
7.675889134407043457e-01
8.829762339591979980e-01
4.136931896209716797e-01
4.792816340923308771e-01
2.424774020910263062e-01
-6.810640096664428711e-01
-6.646786332130432129e-01
-8.182039856910705566e-01
-7.701233029365540661e-01
-1.340910077095031516e+00
-1.614452362060546875e+00
-2.278305530548096147e+00
-3.204717397689819780e+00
-2.584646701812744141e+00
-2.930544376373291016e+00
-3.160260677337646484e+00
-3.638222932815552202e+00
-3.716976642608642578e+00
-2.897525310516357422e+00
-3.432715892791748047e+00
-3.516867399215698242e+00
-2.742802858352661133e+00
-3.581076145172118697e+00
-3.399191856384277344e+00
-4.187125205993651456e+00
-5.055344104766846591e+00
-4.966451644897460938e+00
-5.257956027984619141e+00
-4.951924800872802734e+00
-4.949907302856445312e+00
-5.391350746154785156e+00
-4.703634738922119141e+00
-4.832843303680419922e+00
-4.811991691589356357e+00
-4.060359477996826172e+00
-4.710094928741455078e+00
-4.468938827514648438e+00
-4.609358310699462891e+00
-4.663743019104003906e+00
-4.451713562011718750e+00
-4.302291870117188388e+00
-4.446272373199462891e+00
-4.513000011444091797e+00
-4.483263969421386719e+00
-4.163547039031981534e+00
-3.985634326934815341e+00
-4.150009632110596591e+00
-4.443316936492919922e+00
-4.332863807678223544e+00
-4.138090610504149502e+00
-3.412266016006469727e+00
-4.042830944061278409e+00
-4.403995990753173828e+00
-3.696181058883666992e+00
-2.763407468795776367e+00
-2.135637760162353072e+00
-2.006288051605224609e+00
-1.777213692665100098e+00
-6.291878223419189453e-01
-2.219405323266983032e-01
3.492849320173263550e-02
9.741063117980955921e-01
1.545620083808899148e+00
2.144271612167358398e+00
1.530949234962463379e+00
1.525322318077087402e+00
1.856885075569152832e+00
2.416977405548096147e+00
3.629769802093506303e+00
4.143373966217041016e+00
4.812901496887207031e+00
4.988916873931884766e+00
5.184407234191895419e+00
4.804641246795653409e+00
5.321273326873778409e+00
5.220545768737792969e+00
4.302466392517089844e+00
5.065209388732910156e+00
4.741793155670166016e+00
4.305927753448486328e+00
3.845962524414063388e+00
4.031332492828368252e+00
3.816154956817626953e+00
3.683188199996947798e+00
4.343342781066895419e+00
5.278317928314208984e+00
6.457137584686278409e+00
7.232665538787842685e+00
7.237452983856201172e+00
7.470199108123778409e+00
6.848818302154541016e+00
4.544367790222167969e+00
1.897687196731567605e+00
1.332931280136108398e+00
-2.601437084376811981e-02
-7.441526055335998535e-01
-1.058546423912048340e+00
-1.805123090744018333e+00
-2.035310745239258257e+00
-1.491049170494079590e+00
-1.348527431488037109e+00
-2.387241274118423462e-01
-3.997683059424161911e-03
-3.549083173274993896e-01
-8.521986603736877441e-01
-1.236318349838256836e+00
-1.549881815910339355e+00
-7.040755748748779297e-01
-4.680045545101165771e-01
-5.955583453178405762e-01
-2.222857773303985596e-01
-1.014618799090385437e-01
2.014632970094680786e-01
-6.126865744590759277e-01
2.612665668129920959e-02
-8.372450470924377441e-01
1.131800770759582297e+00
7.589049935340881348e-01
1.207544445991515891e+00
2.216418027877808061e+00
3.091377258300780806e+00
3.562604904174804688e+00
3.243115425109863725e+00
2.755315065383911133e+00
1.425782084465026855e+00
1.352293968200683594e+00
7.339959144592285156e-01
6.946913003921508789e-01
9.497861266136168323e-01
-1.072039604187011580e-01
-7.940534353256225586e-01
-1.521946668624878152e+00
-1.827448010444640891e+00
-2.748460054397583008e+00
-2.527646064758300781e+00
-3.456243276596069336e+00
-2.549258232116699219e+00
-1.959208846092223899e+00
-2.900899648666381836e+00
-2.478445053100585938e+00
-3.891109943389892578e+00
-2.799917697906494141e+00
-2.427390575408935547e+00
-2.403487682342529297e+00
-3.961698055267333984e+00
-2.518893957138061079e+00
-3.691808462142943892e+00
-3.567373275756836382e+00
-3.889137268066406250e+00
-4.065815448760986328e+00
-3.350101232528686523e+00
-2.893550872802734375e+00
-3.205967426300048828e+00
-2.758609056472778320e+00
-2.702509403228760210e+00
-2.496783494949340820e+00
-2.489027976989746094e+00
-2.390280961990356445e+00
-2.410496234893798828e+00
-2.239275693893432617e+00
-2.671030521392822266e+00
-1.005089163780212402e+00
-1.957144260406493919e+00
-2.134185791015625000e+00
-2.084042072296142578e+00
-2.195412397384643999e+00
-1.642479181289672852e+00
-1.734190821647644043e+00
-1.650709629058838113e+00
-1.792788982391357422e+00
-1.508745431900024414e+00
-1.080386757850646973e+00
-1.147506713867187500e+00
-1.641368746757507102e+00
-2.260521411895751953e+00
-2.821311950683593750e+00
-3.121903896331787109e+00
-2.680752754211425781e+00
-3.211433649063110352e+00
-3.543632030487060547e+00
-3.816676139831542969e+00
-3.279533863067626953e+00
-3.391114234924316406e+00
-2.792419195175170898e+00
-3.684338808059692827e+00
-4.494348526000976562e+00
-5.433103561401367188e+00
-6.029663085937500000e+00
-5.371158123016356534e+00
-5.737888336181641513e+00
-5.577767848968505859e+00
-5.308048725128173828e+00
-5.258996963500976562e+00
-5.282047748565673828e+00
-5.111549854278564453e+00
-3.814076662063599077e+00
-3.438924312591552734e+00
-3.121320486068725586e+00
-2.139105796813965288e+00
-1.239818811416625977e+00
-7.068642973899841309e-01
3.436706364154816229e-01
8.996688127517700195e-01
9.864591956138611950e-01
1.441111922264099121e+00
2.980157852172852007e+00
2.390324592590332031e+00
3.448071241378783736e+00
4.331701755523681641e+00
4.248712062835693359e+00
3.943496465682983843e+00
4.146412849426269531e+00
4.648762702941895419e+00
4.398141860961914062e+00
4.446372032165527344e+00
4.855668067932128906e+00
5.616543292999268466e+00
5.270019531250000000e+00
6.044841766357422763e+00
6.431628704071044922e+00
6.748998165130615234e+00
8.314751625061035156e+00
8.002243041992187500e+00
8.022667884826660156e+00
7.730048179626464844e+00
8.221255302429200995e+00
7.365062236785888672e+00
6.986972808837891513e+00
7.324104785919188565e+00
6.332951068878173828e+00
5.648110389709472656e+00
4.292676448822021484e+00
3.851846456527709961e+00
3.107412576675415039e+00
2.834184408187866211e+00
2.253379106521606445e+00
2.337324619293212891e+00
2.487943887710571733e+00
3.266173601150512695e+00
3.442838907241821289e+00
3.782549858093261719e+00
2.879336833953857422e+00
4.017473220825194424e+00
4.310289382934569424e+00
4.250881195068358487e+00
3.952433109283447266e+00
4.595154285430908203e+00
4.663383483886718750e+00
5.374768733978272373e+00
6.089792728424072266e+00
4.746094226837158203e+00
4.864582538604736328e+00
3.919836282730102983e+00
3.702453613281250000e+00
4.411735534667968750e+00
4.105967044830321377e+00
4.608685970306396484e+00
4.082992076873778409e+00
4.374565124511718750e+00
4.579351902008056641e+00
4.974669456481933594e+00
4.715048789978027344e+00
4.412868976593018466e+00
5.463208198547363281e+00
6.141846656799316406e+00
6.129301548004150391e+00
6.865846157073974609e+00
5.707775592803955078e+00
3.447432041168212891e+00
2.890271902084350586e+00
1.846432447433471902e+00
1.175558805465698242e+00
1.160253882408142090e+00
1.955380290746688843e-01
5.771916508674621582e-01
1.192922115325927512e+00
6.386985778808593750e-01
4.379567801952362061e-01
-6.610581278800964355e-01
-1.072739958763122559e+00
-1.856427073478698730e+00
-9.682134985923768200e-01
-7.795786261558532715e-01
-7.172325849533081055e-01
-8.934522271156311035e-01
2.904436886310576837e-01
4.999507963657378457e-02
5.012499690055847168e-01
1.434232592582702637e+00
1.613324642181396484e+00
1.404932498931884766e+00
8.415473103523254395e-01
1.204766750335693359e+00
1.224657416343688965e+00
1.199205517768860085e+00
-5.819774419069290161e-02
-3.652743995189666748e-01
1.287374854087829590e+00
1.391849279403686301e+00
1.761377453804015891e+00
2.491400241851806197e+00
3.379730463027953657e+00
3.438692569732666016e+00
4.135379791259766513e+00
5.418828010559082031e+00
6.509047985076903409e+00
7.610720157623291016e+00
7.628003597259521484e+00
6.054952621459960938e+00
6.128839015960692471e+00
4.892402648925781250e+00
4.880748748779296875e+00
4.738091945648193359e+00
3.131878852844238281e+00
3.079940319061279741e+00
1.139315724372863770e+00
-1.224758505821228027e+00
-1.435632705688476562e+00
-3.586487293243408203e+00
-5.397180080413818359e+00
-6.350376605987548828e+00
-7.480629920959472656e+00
-8.519025802612304688e+00
-9.535672187805175781e+00
-1.036901283264160156e+01
-1.120663356781006037e+01
-1.224628543853759766e+01
-1.299542903900146484e+01
-1.303149700164794922e+01
-1.187105178833007812e+01
-1.010749721527099609e+01
-8.687685966491700995e+00
-7.513867855072020596e+00
-6.552668571472167969e+00
-5.779711723327637607e+00
-4.884918689727783203e+00
-5.025457859039306641e+00
-4.275518894195556641e+00
-5.515264034271240234e+00
-6.088168621063232422e+00
-5.765526771545410156e+00
-7.131211280822753906e+00
-9.081772804260253906e+00
-9.054809570312500000e+00
-1.098938751220703303e+01
-1.137831974029541016e+01
-1.178719425201416016e+01
-1.223868846893310547e+01
-1.221671104431152521e+01
-1.154081535339355469e+01
-1.128032684326172053e+01
-1.180867481231689453e+01
-1.146450328826904475e+01
-1.125248432159423828e+01
-1.127538681030273438e+01
-1.181893062591552734e+01
-1.222183609008789062e+01
-1.186272239685058594e+01
-1.134031677246093750e+01
-1.164664745330810547e+01
-1.000640869140625000e+01
-9.618911743164062500e+00
-9.737157821655273438e+00
-8.072627067565917969e+00
-7.690934181213378906e+00
-7.768075942993164062e+00
-7.554775714874267578e+00
-6.745835781097412109e+00
-7.613327026367187500e+00
-8.162970542907714844e+00
-8.169556617736816406e+00
-7.521754264831542969e+00
-6.209272384643554688e+00
-5.263574600219726562e+00
-4.696205139160156250e+00
-2.948240995407104492e+00
-3.358739852905272993e+00
-3.943252086639403853e+00
-4.117844581604003906e+00
-5.215926170349121094e+00
-6.459303855895996094e+00
-8.019117355346679688e+00
-8.632240295410156250e+00
-8.786630630493164062e+00
-9.598109245300292969e+00
-1.000553226470947266e+01
-9.346646308898925781e+00
-9.814054489135742188e+00
-9.087839126586914062e+00
-9.024967193603515625e+00
-8.951507568359375000e+00
-9.540483474731443536e+00
-1.025439357757568359e+01
-1.006604957580566406e+01
-8.451099395751951349e+00
-6.579103469848632812e+00
-4.513505935668945312e+00
-2.728190898895264116e+00
-1.355939269065856934e+00
3.456471860408782959e-01
1.756412386894225852e+00
3.015820264816283736e+00
3.775909662246703657e+00
4.312005043029785156e+00
4.663315773010253906e+00
4.137011528015136719e+00
2.937286615371703657e+00
2.335726022720336914e+00
7.680321931838989258e-01
1.189120650291442871e+00
5.931186676025390625e-01
-6.818917393684387207e-01
6.086997389793395996e-01
1.217520833015442117e+00
8.079820871353149414e-01
6.976572871208190918e-01
-3.393758237361907959e-01
-1.892738223075866699e+00
-3.779835700988769531e+00
-3.375147819519042969e+00
-2.765536546707153320e+00
-2.805649280548096147e+00
-4.143685817718506748e+00
-3.973838567733764648e+00
-3.403047561645508257e+00
-3.429641008377075195e+00
-3.742677927017211914e+00
-1.723205208778381126e+00
-1.130753636360168457e+00
1.670162320137024148e+00
1.348904967308044434e+00
2.422748327255249023e+00
3.012825250625610352e+00
3.990165948867798296e+00
3.944777011871337891e+00
4.409264564514160156e+00
6.171191215515137607e+00
8.534960746765138495e+00
1.166433048248291016e+01
1.389071655273437500e+01
1.584004306793212713e+01
1.554365730285644531e+01
1.658689880371093750e+01
1.786487960815429688e+01
1.874720191955566406e+01
2.027189064025878906e+01
2.065722846984863637e+01
2.242339324951171875e+01
2.383628273010253906e+01
2.469016838073730469e+01
2.526315879821776988e+01
2.424563980102539062e+01
2.356665992736816406e+01
2.224328041076660156e+01
2.150483512878417969e+01
2.022840499877929688e+01
1.913471412658691406e+01
1.779369163513183594e+01
1.692063903808593750e+01
1.700290298461914062e+01
1.655686569213867188e+01
1.552298641204833984e+01
1.475539875030517578e+01
1.282579135894775568e+01
1.099306583404541016e+01
6.337314605712891513e+00
3.463745117187500000e+00
-1.764984011650085449e+00
-4.310753345489501953e+00
-4.978435516357421875e+00
-5.506198883056641513e+00
-3.454583406448364258e+00
-3.082380056381225586e+00
-2.641647338867187500e+00
-7.052530050277709961e-01
5.078504085540771484e-01
2.158971309661864790e+00
3.204823255538940430e+00
3.183412790298461914e+00
3.603206157684326172e+00
1.271530747413635254e+00
-2.881787419319152832e-01
-1.530346035957336426e+00
-3.039199829101562500e+00
-5.570594310760498047e+00
-7.137569904327392578e+00
-7.998985767364502841e+00
-7.429914474487304688e+00
-7.613330364227294922e+00
-6.920547008514403409e+00
-5.980952262878417969e+00
-3.584406137466430664e+00
-3.579573869705200195e+00
-3.957725286483764648e+00
-3.358044147491455078e+00
-3.748924732208251953e+00
-3.637171983718872070e+00
-2.501661777496337891e+00
-1.177139401435852051e+00
-3.093125820159912109e-01
6.624464690685272217e-02
3.915769755840301514e-01
1.852028369903564453e-01
-7.605979442596435547e-01
-8.617710471153259277e-01
-7.346902489662170410e-01
4.414172172546386719e-01
1.631479144096374290e+00
2.015828371047973633e+00
1.985715627670288086e+00
2.661757946014404297e+00
1.610478878021240234e+00
2.089874982833862305e+00
1.153830289840698242e+00
-1.580836176872253418e-01
-8.663561940193176270e-01
-1.593548059463500977e+00
-1.689292073249816895e+00
-2.583054304122924805e+00
-2.763095378875732422e+00
-2.352489233016968218e+00
-2.501680850982666016e+00
-2.629036426544189009e+00
-3.396697759628296343e+00
-4.915053367614746094e+00
-5.173308849334716797e+00
-4.620103359222412109e+00
-4.692934036254882812e+00
-3.757827758789063388e+00
-3.388035535812377930e+00
-3.619900226593017578e+00
-4.325415611267089844e+00
-4.613895893096923828e+00
-4.501040935516356534e+00
-4.522037029266356534e+00
-4.968136310577393466e+00
-4.693551063537597656e+00
-4.601122856140136719e+00
-4.712041854858398438e+00
-4.779489040374755859e+00
-6.199173927307128906e+00
-6.204265117645263672e+00
-6.246901512145996094e+00
-6.550252914428710938e+00
-7.817508697509766513e+00
-8.093166351318361151e+00
-8.477970123291017401e+00
-9.012707710266113281e+00
-7.707983016967772549e+00
-6.135550498962402344e+00
-4.115159034729003906e+00
-4.658260822296143466e+00
-4.736497402191162109e+00
-5.025002479553222656e+00
-4.649527549743652344e+00
-3.650524139404296875e+00
-2.541201353073120117e+00
2.936150692403316151e-02
1.592657923698425293e+00
3.503449916839600053e+00
3.978418350219727007e+00
5.350055694580078125e+00
6.528607845306396484e+00
7.953847408294677734e+00
1.028676033020019531e+01
1.248153114318847479e+01
1.314290618896484553e+01
1.448552417755126953e+01
1.861309242248535156e+01
1.943737220764160156e+01
1.926768684387207031e+01
1.810113143920898438e+01
1.718023300170898438e+01
1.631805419921875000e+01
1.500179862976074219e+01
1.438406658172607422e+01
1.439375686645507812e+01
1.572356891632080078e+01
1.487786388397216797e+01
1.406448459625243963e+01
1.226475620269775568e+01
1.010061359405517578e+01
8.664745330810548651e+00
7.052414417266846591e+00
5.691874980926513672e+00
7.967132568359375000e+00
1.001750564575195312e+01
1.246988773345947266e+01
1.351211738586425781e+01
1.696751022338867188e+01
1.838803672790527344e+01
1.742573356628417969e+01
1.553224754333496094e+01
1.482688903808593750e+01
1.468054199218750000e+01
1.569760608673095525e+01
1.618699836730957031e+01
1.553887081146240234e+01
1.416932964324951172e+01
1.287837314605712713e+01
1.159558010101318537e+01
1.094252300262451172e+01
1.103975296020507812e+01
9.961955070495603692e+00
9.497349739074707031e+00
7.650473117828369141e+00
5.901570796966552734e+00
4.694834709167480469e+00
3.017416954040527788e+00
1.373428225517272949e+00
-8.180730938911437988e-01
-2.949292421340942383e+00
-5.330167770385742188e+00
-7.082555294036865234e+00
-8.255859375000000000e+00
-7.832238674163817471e+00
-6.775107383728027344e+00
-4.890345096588134766e+00
-3.402629375457764116e+00
-2.229494810104370117e+00
-2.511740922927856445e+00
-2.294011354446411133e+00
-1.342256903648376465e+00
-3.926191926002502441e-01
-3.937703073024749756e-01
-1.619796633720398171e+00
-4.761679768562316895e-01
-4.213081300258637030e-01
-2.453975975513458530e-01
-1.173446297645568848e+00
-2.085500955581665039e+00
-2.569522142410278320e+00
-3.118109464645385742e+00
-4.674712181091308594e+00
-5.737513065338134766e+00
-5.648273944854736328e+00
-5.458463191986083984e+00
-3.358246803283691406e+00
-1.642956614494323508e+00
1.884041309356689231e+00
3.164726257324218750e+00
4.756035804748535156e+00
5.465342521667480469e+00
6.423346996307372159e+00
7.888433933258057529e+00
8.474301338195799005e+00
7.604212284088134766e+00
4.971622467041016513e+00
2.525581121444701704e+00
-2.446179836988449097e-02
-3.018973350524902344e+00
-3.983759164810180664e+00
-5.517554283142089844e+00
-5.651101112365722656e+00
-5.511533737182617188e+00
-6.854897975921630859e+00
-1.038290214538574219e+01
-1.159421634674072443e+01
-1.124222755432128729e+01
-1.208004379272460938e+01
-1.158473491668701172e+01
-1.086720848083496094e+01
-1.165437793731689453e+01
-1.307418060302734553e+01
-1.514850521087646484e+01
-1.621831512451172230e+01
-1.716203689575195312e+01
-1.637682151794433594e+01
-1.625190162658691406e+01
-1.506688308715820490e+01
-1.470317077636718750e+01
-1.398742294311523438e+01
-1.180158805847167969e+01
-1.022686004638672053e+01
-7.676702976226807529e+00
-6.301317691802978516e+00
-5.049266338348388672e+00
-3.763284444808959961e+00
-2.643120050430298296e+00
-2.269284963607788086e+00
-2.655125617980957031e+00
-3.435051441192626953e+00
-3.588430404663086382e+00
-3.550113677978516069e+00
-2.477496147155761719e+00
-2.222790002822875977e+00
-1.509757876396179199e+00
-2.114429712295531782e+00
-3.629097938537597656e+00
-4.566684246063231534e+00
-5.252315044403076172e+00
-5.440834522247314453e+00
-5.709763526916503906e+00
-5.006099700927733487e+00
-4.125998020172118252e+00
-3.372586011886596680e+00
-2.143337249755859819e+00
-1.853486657142639160e+00
-9.839126467704771839e-01
1.572251081466674805e+00
3.774693012237548828e+00
5.654302120208740234e+00
6.586994171142577237e+00
8.378220558166503906e+00
1.198359394073486506e+01
1.585752582550048828e+01
1.963076210021972656e+01
2.148685836791992188e+01
2.378766822814941051e+01
2.653861045837402344e+01
2.879628753662109020e+01
2.947792053222655895e+01
2.798671913146973012e+01
2.506386947631835938e+01
2.288488388061523438e+01
1.977750205993652344e+01
1.847206497192382812e+01
1.787222099304199219e+01
1.674027824401855469e+01
1.639129638671875000e+01
1.668547058105468750e+01
1.564768600463867188e+01
1.419043064117431463e+01
1.145973014831542969e+01
9.276804924011230469e+00
6.365731716156005859e+00
4.676283836364746094e+00
3.795542716979980913e+00
3.182239532470703125e+00
1.306336760520935059e+00
-3.303742706775664728e-01
-1.895351886749268022e+00
-3.915698766708373579e+00
-5.791180610656737393e+00
-8.480262756347656250e+00
-9.514090538024902344e+00
-7.535634517669677734e+00
-5.561809539794921875e+00
-5.487519741058349609e+00
-4.701933383941650391e+00
-3.988463878631591797e+00
-3.169261932373046875e+00
-2.791386127471923828e+00
-1.427106261253356934e+00
5.495600104331970215e-01
2.753065824508666992e+00
3.741663932800292969e+00
3.693978309631348100e+00
3.647935628890991211e+00
2.592688560485839844e+00
1.207092761993408203e+00
6.142567396163940430e-01
6.954844594001770020e-01
7.002937197685241699e-01
-3.305124863982200623e-02
-1.445697665214538574e+00
-4.302217006683350498e+00
-6.531234264373778409e+00
-7.547379016876221591e+00
-7.945257663726807529e+00
-8.277446746826173651e+00
-9.086906433105466974e+00
-9.291848182678224433e+00
-9.571311950683593750e+00
-9.806542396545410156e+00
-8.660037040710450995e+00
-7.977124691009521484e+00
-7.047255039215087891e+00
-6.125544071197509766e+00
-4.584657669067382812e+00
-2.828070402145385742e+00
-1.150606155395507812e+00
-3.107636570930480957e-01
5.578051209449768066e-01
2.975069172680377960e-02
-1.600114107131958008e+00
-1.249307513236999512e+00
-1.268238186836242898e+00
-2.422297954559326172e+00
-2.976250171661376953e+00
-3.075069427490234375e+00
-1.974669218063354492e+00
-2.086627006530761719e+00
-1.922186017036438210e+00
-2.438696146011352539e+00
-2.224141359329224077e+00
-1.481998562812805176e+00
-1.844977617263793945e+00
-2.175984382629394531e+00
-2.626071453094482422e+00
-2.005992174148560014e+00
-1.726534605026245117e+00
-2.647425413131713867e+00
-2.443312168121337891e+00
-3.060620069503783736e+00
-2.326929807662963867e+00
-2.254198551177978516e+00
-2.684765338897705078e+00
-3.915438890457152876e+00
-4.476821899414063388e+00
-4.942574024200440341e+00
-4.068434715270996094e+00
-3.955833435058593750e+00
-3.694924354553223100e+00
-2.805575609207153320e+00
-9.278768301010131836e-01
1.365342855453491211e+00
3.513111352920531782e+00
6.209636688232422763e+00
7.101740360260009766e+00
8.165122032165527344e+00
8.345667839050292969e+00
8.599585533142089844e+00
9.007465362548828125e+00
9.247857093811036933e+00
9.321695327758787286e+00
1.014202880859375000e+01
1.025566864013672053e+01
8.860026359558105469e+00
8.359169006347656250e+00
6.970504760742188388e+00
5.654691219329833984e+00
5.614618301391601562e+00
6.549821853637695312e+00
6.563650131225585938e+00
6.234577178955077237e+00
5.411953926086425781e+00
3.058472633361816406e+00
1.293910861015319824e+00
-3.033032715320587158e-01
-1.439269661903381126e+00
-2.936826944351196289e+00
-5.098784923553466797e+00
-6.285211086273192471e+00
-7.654641628265380859e+00
-7.455649375915527344e+00
-7.487215518951416016e+00
-5.939511775970458984e+00
-4.821321010589599609e+00
-3.562703847885131836e+00
-2.747413396835326704e+00
-2.078231573104858398e+00
-1.905067443847656028e+00
-4.154787063598633701e+00
-5.986839771270752841e+00
-6.605822563171387607e+00
-7.888551712036132812e+00
-8.738241195678710938e+00
-8.978972434997558594e+00
-9.314837455749511719e+00
-1.071525001525878729e+01
-1.135645198822021484e+01
-1.283386039733886719e+01
-1.426436138153076172e+01
-1.392580890655517578e+01
-1.423659801483154475e+01
-1.464978218078613281e+01
-1.525342941284179510e+01
-1.538464355468750000e+01
-1.563726139068603516e+01
-1.573806667327880682e+01
-1.631650352478027344e+01
-1.597692203521728516e+01
-1.627947998046875000e+01
-1.574714183807373047e+01
-1.475515365600585938e+01
-1.393199157714843750e+01
-1.367482566833496094e+01
-1.354542160034179510e+01
-1.287061119079589844e+01
-1.323735141754150568e+01
-1.300419807434082031e+01
-1.411588191986083984e+01
-1.338560199737548828e+01
-1.383627605438232422e+01
-1.322272109985351562e+01
-1.251578903198242188e+01
-1.244791603088378729e+01
-1.304064083099365234e+01
-1.220859050750732422e+01
-1.183552742004394531e+01
-1.001725959777832031e+01
-8.884249687194824219e+00
-8.150786399841308594e+00
-7.273028850555419922e+00
-7.127666950225830078e+00
-6.473704814910888672e+00
-6.262896060943604404e+00
-5.587199687957763672e+00
-4.082695007324218750e+00
-3.331822872161864790e+00
-3.074346542358398438e+00
-2.895786762237548828e+00
-1.616960406303405762e+00
-4.448575377464294434e-01
1.049578905105590820e+00
2.045370340347290039e+00
3.157673835754394531e+00
2.743084669113159180e+00
3.094214677810668945e+00
3.049537658691406250e+00
1.977492451667785645e+00
1.830087184906005637e+00
2.641240596771239790e+00
2.456467151641845703e+00
1.916591048240661621e+00
2.747095346450805664e+00
2.132659196853637695e+00
2.346899032592772993e+00
1.529384374618530495e+00
1.509682178497314453e+00
1.160013914108276367e+00
1.448937296867370605e+00
1.554298281669616699e+00
1.573612928390503152e+00
8.608140349388122559e-01
1.010106444358825684e+00
1.486383080482482910e-01
1.914184540510177612e-01
1.207115173339843750e+00
9.372263550758361816e-01
1.169600963592529297e+00
1.617760300636291504e+00
1.192810177803039551e+00
1.048505067825317383e+00
1.126099824905395508e+00
1.788508057594299094e+00
2.703469276428222656e+00
3.179266691207885742e+00
3.784280300140381303e+00
4.531836986541748047e+00
5.193715095520020419e+00
4.734001159667968750e+00
5.806216716766357422e+00
7.535727977752684659e+00
8.058920860290527344e+00
8.645381927490232599e+00
8.591351509094236505e+00
8.398432731628417969e+00
8.947975158691406250e+00
7.965576171875000000e+00
7.851623058319092685e+00
9.003854751586914062e+00
9.085198402404783380e+00
9.521352767944335938e+00
1.019402408599853693e+01
9.547762870788574219e+00
9.219268798828123224e+00
9.419901847839355469e+00
9.785703659057617188e+00
1.008232307434082031e+01
9.840423583984376776e+00
8.930295944213867188e+00
8.236010551452638495e+00
6.511557102203369141e+00
6.314529895782471591e+00
5.571343898773193359e+00
4.692667484283447266e+00
4.788609981536865234e+00
4.616802692413330078e+00
3.258192539215087891e+00
3.158779144287109375e+00
3.481008112430572510e-02
-2.267306298017501553e-01
1.504826903343200906e+00
1.426837444305419922e+00
1.835401654243468794e+00
2.205871582031250000e+00
2.522345066070556641e+00
3.562582015991211382e+00
2.620976686477661133e+00
7.291250228881835938e-01
1.924901843070984109e+00
2.162563085556030273e+00
3.030964612960815430e+00
3.574052810668945312e+00
4.138551712036133701e+00
2.745645999908447710e+00
1.100341796875000000e+00
1.137659430503845215e+00
1.225047469139099121e+00
1.822699069976806419e+00
1.860379695892333984e+00
2.755691051483154297e+00
3.685175895690917969e+00
3.472363948822021040e+00
4.054466724395751953e+00
4.160211563110352451e+00
3.801107406616211382e+00
4.057859420776366299e+00
5.082498073577880859e+00
3.645673990249633789e+00
3.646365880966186523e+00
4.025462627410888672e+00
3.750796794891356978e+00
3.438365936279296875e+00
2.708657741546630859e+00
3.253350973129272461e+00
3.056408405303955078e+00
3.729457616806030273e+00
3.150663137435913086e+00
3.483219623565673828e+00
4.146216392517089844e+00
4.865970611572266513e+00
4.326113700866698331e+00
3.806638717651366743e+00
3.513870000839233398e+00
3.627295970916748047e+00
3.413186550140381303e+00
3.132463216781616211e+00
3.102138280868530273e+00
3.342129945755004883e+00
3.399341106414794922e+00
3.692317485809326172e+00
3.720383405685424805e+00
4.602952957153320312e+00
3.145528793334961382e+00
2.546013355255126953e+00
3.189871788024902344e+00
2.805967330932616743e+00
1.474638581275939941e+00
4.057769775390625000e-01
1.256359577178955078e+00
3.837213516235352118e-01
2.064310014247894565e-01
-9.799890220165252686e-02
1.131301596760749817e-01
1.364797472953796387e+00
1.298851728439331055e+00
2.252629995346069336e+00
2.494453907012939453e+00
1.170026421546936035e+00
-8.307913541793823242e-01
-1.964236021041869895e+00
-4.077639579772948331e+00
-2.992529869079589844e+00
-2.022679805755615234e+00
-1.475951910018920898e+00
-1.590864419937133789e+00
-2.757562637329101562e+00
-3.158600330352783203e+00
-1.287822484970092773e+00
-1.114482998847961426e+00
-3.848597705364226740e-01
-8.021222949028015137e-01
-2.747838497161864790e+00
-3.070269823074341264e+00
-3.662856340408325195e+00
-4.347029209136962891e+00
-5.104575157165527344e+00
-4.936141490936278409e+00
-5.225476741790772373e+00
-5.006059169769287109e+00
-5.819369792938232422e+00
-7.145258903503417969e+00
-5.893506050109862393e+00
-4.467327117919921875e+00
-5.316063880920410156e+00
-7.849803447723388672e+00
-9.224987983703613281e+00
-8.732766151428222656e+00
-8.842135429382324219e+00
-7.579084396362304688e+00
-6.803936958312987393e+00
-8.267390251159667969e+00
-1.054756832122802734e+01
-1.061316585540771662e+01
-9.150263786315917969e+00
-8.169284820556638849e+00
-8.967844009399414062e+00
-1.073465538024902344e+01
-1.267260646820068537e+01
-1.471603393554687500e+01
-1.344623470306396484e+01
-1.158833789825439453e+01
-1.071431064605712713e+01
-9.766630172729492188e+00
-8.501131057739257812e+00
-6.358159542083740234e+00
-5.532767295837402344e+00
-8.192666053771972656e+00
-7.977264404296875000e+00
-5.196773529052733487e+00
-6.095736980438232422e+00
-8.322736740112304688e+00
-9.193260192871093750e+00
-9.580932617187500000e+00
-9.534239768981933594e+00
-9.693402290344238281e+00
-9.550420761108398438e+00
-9.562155723571775567e+00
-1.126568508148193537e+01
-1.299798679351806463e+01
-1.248021793365478516e+01
-1.227777290344238459e+01
-1.327155113220214844e+01
-1.362934017181396484e+01
-1.512092399597167969e+01
-1.404304122924804688e+01
-1.358023262023925781e+01
-1.220572090148925781e+01
-1.129234409332275568e+01
-1.137195587158203303e+01
-1.240388870239257812e+01
-1.342172813415527344e+01
-1.316031265258789062e+01
-1.354543209075927557e+01
-1.158057212829589844e+01
-1.213235092163085938e+01
-1.160711479187011541e+01
-1.029737472534179688e+01
-1.041303443908691406e+01
-8.451289176940917969e+00
-7.360506534576416016e+00
-6.334544658660888672e+00
-5.525744915008544922e+00
-3.405663251876831055e+00
-4.420861721038818359e+00
-4.582318782806396484e+00
-1.715935945510864480e+00
1.408024579286575317e-01
-5.548758506774902344e-01
-2.836278676986694336e+00
-2.887001514434814453e+00
-2.690376758575439453e+00
-3.682437658309936968e+00
-2.869725942611694336e+00
-2.342163085937500000e+00
-2.571978092193603516e+00
-1.825023174285888894e+00
-2.427616119384765625e+00
2.066046930849552155e-03
-7.641175389289855957e-01
-1.056201815605163574e+00
-1.850553750991821289e-01
1.449272274971008301e+00
2.104979276657104492e+00
8.824517130851745605e-01
1.043464183807372825e+00
5.289586186408996582e-01
-3.431354463100432794e-01
1.621841490268707275e-01
2.389484167098999023e+00
3.766634225845336914e+00
2.843544960021972656e+00
2.734893798828125000e+00
2.611252307891845703e+00
6.455061912536621094e+00
7.615738391876221591e+00
5.457967758178710938e+00
3.577737808227538618e+00
3.326821804046631303e+00
3.633603155612945557e-01
3.005706787109375000e+00
2.023773431777954102e+00
2.534885168075561079e+00
3.310735702514648438e+00
3.858150482177734375e+00
1.741145253181457520e+00
1.261743068695068359e+00
9.234132766723631702e-01
-8.426240682601928711e-01
3.444824516773223877e-01
2.333189725875854492e+00
4.852745056152343750e+00
5.348291873931884766e+00
5.697544097900391513e+00
5.492473602294921875e+00
4.806469917297363281e+00
4.940954208374023438e+00
5.674815773963928223e-01
-1.694699764251708984e+00
-7.396573424339294434e-01
-1.366302490234375000e+00
3.426953852176666260e-01
-1.439607977867126465e+00
-2.125480175018310547e-01
1.216070175170898438e+00
2.103496074676513672e+00
5.496874809265136719e+00
7.596853733062744141e+00
6.769962310791016513e+00
5.962648868560791016e+00
5.726953506469727451e+00
1.864445567131042480e+00
-2.898440659046173096e-01
-3.184639453887939453e+00
-4.619805812835693359e+00
-6.443084716796875000e+00
-2.022976160049438477e+00
-8.198038488626480103e-02
-2.259692549705505094e-01
1.685501098632812500e+00
1.793010354042053223e+00
1.638361930847168191e+00
6.540281176567077637e-01
-1.191233396530151367e+00
-1.186799049377441406e+00
1.047766804695129395e+00
2.448533296585083008e+00
2.105823755264282227e+00
2.413591623306274414e+00
3.869514703750609463e+00
5.136139869689941406e+00
4.663783550262451172e+00
3.496478796005248579e+00
1.339935421943664551e+00
-3.421600461006165106e-01
-5.890924334526062012e-01
-1.424700260162353516e+00
-8.333539366722106934e-01
1.157981276512145996e+00
8.531087636947631836e-01
8.258236050605773926e-01
2.299443483352661133e+00
2.504100799560546875e+00
4.182709693908691406e+00
2.442299127578735796e+00
1.849782705307006836e+00
2.039731740951538086e+00
1.876248419284820834e-01
1.509026765823364480e+00
3.253654003143310547e+00
2.568129777908325195e+00
3.317249774932861328e+00
2.037114143371581587e+00
2.407804489135741743e+00
3.204585552215576172e+00
2.635016679763793945e+00
3.811107397079468218e+00
3.619948387145996094e+00
7.311619281768798828e+00
7.600207328796387607e+00
5.868761062622070312e+00
3.047730445861816406e+00
1.609114289283752441e+00
1.200019478797912598e+00
2.928939163684844971e-01
6.220187544822692871e-01
2.227884292602539062e+00
8.456209301948547363e-01
-6.491894721984863281e-01
-4.633482694625855047e-01
3.071704864501953125e+00
6.862891674041747159e+00
7.794182777404785156e+00
7.421186923980712891e+00
7.361566066741942471e+00
6.700587272644042969e+00
9.599822998046876776e+00
1.107487487792968750e+01
9.476031303405761719e+00
6.953848361968994141e+00
7.236384868621826172e+00
7.736540794372558594e+00
6.548057079315185547e+00
1.097422981262207031e+01
1.060221481323242188e+01
7.141372680664063388e+00
5.423159599304199219e+00
6.832233428955077237e+00
6.134108066558837891e+00
5.701728343963622159e+00
6.521652698516846591e+00
6.690019607543945312e+00
6.933073997497558594e+00
5.867402076721191406e+00
3.052656173706054688e+00
2.817383050918578657e+00
3.076755762100220171e+00
1.548145294189453125e+00
2.024911880493164062e+00
1.227851986885070801e+00
1.969404220581054688e-01
4.600234627723693848e-01
1.689230799674987793e+00
8.361300230026245117e-01
-6.205193996429443359e-01
-8.591598272323608398e-01
-9.321240186691284180e-01
-1.290624976158142090e+00
-1.741475105285644309e+00
-6.569324731826782227e-01
-7.796440720558166504e-01
-7.106966972351074219e-01
-1.307600259780883789e+00
-7.873490452766418457e-01
-2.185700416564941406e+00
-1.101269721984863281e+00
-1.190446257591247559e+00
-3.723552823066711981e-01
6.785030942410231504e-03
4.311551153659821112e-01
-1.048319220542907493e+00
-3.021679222583770752e-01
4.258165061473846436e-01
-9.699522256851196289e-01
-2.564131259918212891e+00
-2.937796354293823242e+00
-4.329483032226562500e+00
-5.270783424377441406e+00
-4.397335529327393466e+00
-4.966199874877929688e+00
-5.232800483703613281e+00
-5.296195507049560547e+00
-5.325492382049560547e+00
-4.525850772857666016e+00
-3.835691690444945401e+00
-3.233581781387328657e+00
-3.274691104888916016e+00
-3.405689716339111772e+00
-3.477650165557861328e+00
-3.407168149948120117e+00
-3.004207611083984375e+00
-2.472845554351806197e+00
-2.950239658355712891e+00
-1.971543788909911887e+00
-1.285392642021179199e+00
-1.110104203224181907e+00
-7.263795137405395508e-01
-4.379808902740479071e-01
3.083124160766601562e-01
8.629233925603330135e-04
5.155184268951416016e-01
1.056006550788879395e+00
5.567482113838195801e-01
1.222185134887695090e+00
3.150857686996459961e-01
5.292633771896362305e-01
-2.450105994939804077e-01
7.386438250541687012e-01
1.045903086662292480e+00
1.629206061363220215e+00
2.684256553649902344e+00
2.997832536697388139e+00
3.418509960174560547e+00
2.848147869110107422e+00
3.138544797897338867e+00
3.544107198715209961e+00
2.687217950820923296e+00
3.328360795974731445e+00
3.647965192794799805e+00
3.735387802124023882e+00
4.096543312072753906e+00
3.179518222808837891e+00
2.896219730377197266e+00
1.852321028709412065e+00
1.730492115020751953e+00
1.832645535469055176e+00
2.446577310562134233e+00
1.088654041290283203e+00
1.007005095481872559e+00
1.573560953140258789e+00
1.619018673896789551e+00
1.745998620986938477e+00
1.972222566604614480e+00
1.964984178543090820e+00
1.786735773086548074e+00
1.731386899948119895e+00
1.892787694931030495e+00
2.201609373092651811e+00
1.889415502548217551e+00
2.220752716064453125e+00
1.618831515312194824e+00
1.947739124298095925e+00
1.925646662712096724e+00
5.007900595664978027e-01
-4.804375395178794861e-02
3.284095525741577148e-01
6.838308572769165039e-01
6.447727084159851074e-01
9.093306660652159534e-01
1.266710877418518066e+00
1.534958600997924805e+00
1.283418297767639160e+00
2.014763832092284712e+00
2.883739233016968218e+00
3.337443828582764116e+00
2.705839157104491743e+00
2.853857755661010742e+00
3.024482250213623047e+00
3.223271369934082031e+00
2.441652536392211914e+00
1.857116222381592019e+00
1.947368621826172097e+00
2.032607078552245650e+00
2.388866901397705078e+00
1.743039965629577637e+00
1.859269857406615989e+00
1.593020915985107422e+00
1.787403941154479980e+00
1.674748182296753152e+00
1.538606166839599609e+00
2.000050544738769087e+00
1.808421611785888894e+00
1.228020668029785156e+00
1.194277286529541016e+00
9.497861862182616077e-01
5.314901471137999378e-01
2.446868866682052890e-01
1.923606693744659424e-01
1.855932474136352539e-01
6.043204069137573242e-01
1.066553592681884766e+00
1.490244507789611816e+00
1.652708292007446289e+00
2.460504770278930664e+00
2.127276897430419922e+00
2.064392805099487749e+00
1.632155179977416992e+00
1.550675272941589355e+00
1.131917476654052734e+00
1.056313395500182883e+00
1.560581684112548828e+00
9.575221538543700062e-01
1.323649287223815918e+00
2.071516990661620650e+00
1.845958471298217551e+00
2.340147256851196289e+00
2.317736387252808061e+00
1.805606842041016069e+00
1.343226552009582297e+00
1.501736402511596902e+00
2.551873922348022461e+00
3.735228538513184038e+00
4.457520484924316406e+00
4.614650249481201172e+00
4.568006038665772373e+00
4.444706916809082031e+00
3.809198141098023349e+00
3.667222023010253906e+00
3.284298896789551225e+00
3.563020229339600053e+00
3.558199405670166016e+00
3.013627767562866211e+00
3.576625823974609375e+00
3.480446815490722656e+00
3.719305992126464844e+00
2.764265298843384233e+00
3.788844108581542969e+00
3.966110706329345703e+00
4.836072444915772373e+00
4.212519645690917969e+00
4.305030822753906250e+00
4.885876178741455078e+00
5.021088600158691406e+00
4.972315788269042969e+00
5.009008407592773438e+00
4.479064464569091797e+00
4.351468086242676669e+00
4.393926143646240234e+00
4.934989929199218750e+00
4.566562652587891513e+00
4.855929851531981534e+00
4.813886642456054688e+00
4.261270523071288174e+00
4.934924602508544922e+00
5.038467884063721591e+00
5.052744865417480469e+00
4.335062026977538174e+00
4.548656463623046875e+00
5.136601448059082031e+00
4.766901969909667969e+00
4.723000049591064453e+00
3.730090618133544922e+00
3.423678398132323775e+00
3.378117799758911133e+00
3.380889892578125000e+00
3.575906753540038618e+00
3.333517789840698242e+00
2.946029901504516602e+00
2.944666385650634766e+00
4.360866069793701172e+00
4.122878074645996094e+00
4.468517303466796875e+00
4.513223171234130859e+00
4.915053367614746094e+00
3.347062349319458008e+00
3.966104269027709961e+00
4.512825965881347656e+00
4.582334518432617188e+00
4.161876201629638672e+00
3.832349777221680132e+00
4.149883747100830078e+00
4.313078403472899502e+00
3.229742050170898438e+00
4.022284507751464844e+00
3.801551342010498047e+00
4.347834110260009766e+00
4.404932498931884766e+00
3.991703271865844727e+00
3.565416574478149414e+00
3.460756063461304155e+00
3.137778282165527788e+00
3.593232870101928711e+00
4.233979701995850498e+00
4.258295059204102451e+00
3.614622354507446289e+00
2.979197025299072266e+00
3.699833869934082031e+00
3.989040374755859375e+00
3.907604932785033736e+00
3.602547168731689009e+00
3.458410978317260742e+00
3.964301109313964844e+00
3.866302967071533203e+00
2.929153919219970703e+00
2.265942573547363725e+00
2.233570814132690430e+00
1.770413041114807129e+00
1.620617389678955078e+00
1.485830545425415039e+00
1.782299757003784180e+00
2.337963134050368985e-01
1.132986024022102495e-01
-5.028190016746520996e-01
-7.003480195999145508e-01
-1.223740577697754128e+00
-8.828964829444885254e-01
-6.065706908702850342e-02
-2.783423364162445068e-01
-1.267322897911071777e+00
-1.032181382179260476e+00
-7.467879056930541992e-01
-2.982362210750579834e-01
-1.938651949167251864e-01
-4.505650103092194159e-01
-5.164778828620910645e-01
-1.383600234985351562e-01
1.838466376066207886e-01
-8.291053771972656250e-02
3.019252717494965155e-01
-5.852473527193070152e-02
9.691160917282104492e-01
1.278201103210449219e+00
1.760484576225280762e+00
1.179801344871520996e+00
1.866143584251404031e+00
1.744204282760619895e+00
1.787738561630249023e+00
1.065382957458495872e+00
1.225065827369689941e+00
1.951877474784850852e+00
1.343545913696289062e+00
3.604538738727569580e-01
1.051938414573669434e+00
1.163606286048889160e+00
1.390396595001220703e+00
1.459872245788574219e+00
1.336833000183105691e+00
6.111803650856018066e-01
1.528520941734313965e+00
1.727172851562500000e+00
1.358314871788024902e+00
1.401822090148925781e+00
9.553477764129639782e-01
1.132170200347900391e+00
2.223518371582031250e+00
1.988068461418152078e+00
2.293401718139648438e+00
2.512977361679076704e+00
3.010965824127197266e+00
3.033374786376953125e+00
2.098276853561401367e+00
1.125727891921997070e+00
1.256962895393371582e+00
1.574176311492919922e+00
1.279219031333923118e+00
1.256510853767395020e+00
2.164936780929564986e+00
1.258700370788574219e+00
1.429295301437378152e+00
3.334197402000427246e-01
1.030143618583679199e+00
5.448459386825561523e-01
5.969015359878540039e-01
6.860760450363159180e-01
3.474641442298889160e-01
2.282555997371673584e-01
-1.146374270319938833e-02
4.021572470664978027e-01
1.960585117340087891e-01
2.128586322069168091e-01
6.808810830116271973e-01
4.086276888847351074e-01
-9.483057856559752308e-01
-6.821725964546203613e-01
-1.493007689714431763e-01
-3.123826086521149237e-01
2.868213057518004816e-01
6.849156022071838379e-01
3.637460172176361084e-01
1.240340396761894226e-01
-4.535951018333435059e-01
-4.564981162548065186e-02
-2.517169807106256485e-03
-5.665903687477111816e-01
-2.735471725463867188e-01
4.298663437366485596e-01
4.909005165100098211e-01
-1.287907510995864868e-01
1.524906396865844727e+00
1.910406708717346413e+00
1.100709080696105957e+00
1.450166463851928711e+00
2.215714454650878906e+00
1.729984045028686301e+00
2.232109546661376953e+00
2.110050201416016069e+00
3.284705638885498047e+00
3.584735870361328125e+00
3.203731536865234375e+00
3.236466646194458008e+00
2.624254941940308061e+00
3.682316541671752930e+00
2.867033958435058594e+00
2.474915981292724609e+00
2.775533676147460938e+00
3.347147464752197266e+00
2.896279096603393555e+00
2.371299266815185103e+00
2.001818180084228516e+00
1.819089412689208984e+00
1.679037570953369141e+00
2.560048341751098189e+00
2.564695835113525391e+00
2.183677196502685103e+00
1.653067827224731445e+00
1.183293700218200906e+00
2.102008104324340820e+00
2.264044761657714844e+00
2.987508535385131836e+00
1.461673498153686301e+00
1.807929277420043945e+00
2.181306838989258257e+00
2.015503406524658203e+00
1.258614778518676758e+00
9.389808773994445801e-01
7.133377790451049805e-01
1.107692480087280495e+00
1.097859144210815430e+00
1.527535200119018555e+00
1.266877651214599609e+00
7.857201695442199707e-01
8.646453619003295898e-01
1.377387762069701926e+00
1.173372864723205566e+00
9.503964185714721680e-01
1.319456934928894043e+00
1.204336762428283691e+00
1.377771258354187012e+00
1.864784598350524902e+00
1.882647514343261497e+00
1.883221864700317161e+00
2.205822229385375977e+00
2.523434638977050781e+00
3.200649976730346680e+00
3.858041048049927202e+00
3.542135000228881836e+00
3.833635091781616211e+00
3.990671634674071822e+00
3.136086463928222656e+00
2.685633420944213867e+00
2.710160255432128906e+00
2.965186834335326704e+00
3.386719942092895508e+00
3.721260547637939897e+00
3.722723245620727983e+00
4.415245056152343750e+00
4.172637939453125000e+00
3.975666522979735884e+00
3.865867614746093750e+00
3.894735574722290039e+00
3.753950119018554243e+00
3.764764785766601562e+00
3.725711345672607866e+00
4.506184577941895419e+00
4.459510326385498047e+00
4.571739196777343750e+00
4.585187435150146484e+00
4.228615760803223544e+00
4.035087585449218750e+00
3.966528654098511186e+00
3.855498790740966797e+00
3.349334716796875000e+00
3.606456756591796875e+00
4.281518936157227451e+00
3.673359155654907227e+00
3.653479337692260742e+00
3.683037996292113814e+00
3.980569601058959961e+00
4.717342376708983487e+00
4.214454174041748047e+00
5.374781608581542969e+00
5.456326484680175781e+00
4.988746643066406250e+00
4.455929279327393466e+00
2.018156290054321289e+00
2.174988985061645064e+00
2.249268531799316406e+00
2.261830091476440430e+00
2.194356203079224077e+00
1.932709097862244096e+00
1.304936766624450906e+00
1.098969221115112305e+00
1.099478363990783691e+00
-1.505453884601593018e-01
-1.403353095054626465e+00
-1.838309288024902344e+00
-1.876835823059081809e+00
-2.011514425277709961e+00
-1.805572271347045898e+00
-1.352792501449584961e+00
-1.565314531326293945e+00
-1.581106543540954590e+00
-1.754823565483093262e+00
-1.415297865867614746e+00
-9.293484687805175781e-01
-6.763216257095336914e-01
9.452173113822935624e-02
1.057801961898803711e+00
1.643581151962280495e+00
1.705763936042785645e+00
1.357638835906982422e+00
7.922235131263732910e-01
7.646716833114624023e-01
1.221918106079101562e+00
4.722242057323455811e-01
8.938223719596862793e-01
1.541648268699645996e+00
1.853620529174804910e+00
1.495224237442016602e+00
1.933421611785888894e+00
2.093345165252685103e+00
2.726126670837402344e+00
3.140895128250122070e+00
1.918270230293274148e+00
2.708908081054687500e+00
3.237173318862915039e+00
3.350090980529785156e+00
3.012050151824951172e+00
3.168673038482666016e+00
3.823024034500122070e+00
3.550227880477905273e+00
3.062010288238525391e+00
3.383543491363525391e+00
3.937170028686522993e+00
3.880566120147705078e+00
4.708241462707520419e+00
4.194275379180908203e+00
5.696843624114990234e+00
5.866659641265869141e+00
5.566315650939941406e+00
5.438079357147216797e+00
5.542108058929443359e+00
6.055583953857422763e+00
6.186241626739502841e+00
6.287721633911132812e+00
5.785897254943847656e+00
5.094133377075195312e+00
4.927823543548583984e+00
4.258836746215819424e+00
3.988406181335448775e+00
3.975697278976439986e+00
3.758600711822509766e+00
3.386165142059326172e+00
2.963882684707641602e+00
2.925829410552978516e+00
2.965533494949341264e+00
3.047739505767822266e+00
3.154404401779174805e+00
2.409414768218994141e+00
2.571258544921875000e+00
2.545004367828369141e+00
1.944927930831908736e+00
2.329473733901977095e+00
2.151653766632080078e+00
2.534758329391479492e+00
2.704855203628540039e+00
3.205240726470947710e+00
3.308671474456787109e+00
3.082946538925171343e+00
2.912567138671875000e+00
2.871171951293945312e+00
2.648179292678833008e+00
2.334489583969115767e+00
1.986109614372253196e+00
2.279652118682861328e+00
2.379287719726562500e+00
2.937778711318969727e+00
3.085867404937743697e+00
2.346898794174194336e+00
2.415919780731201172e+00
2.529508113861083984e+00
3.285718441009521040e+00
3.433140754699707031e+00
3.330140113830566406e+00
3.874828100204468218e+00
3.836278915405273438e+00
4.465395450592041016e+00
4.091440200805663174e+00
3.304749250411987749e+00
4.360848426818848544e+00
3.911491632461548296e+00
3.394735813140868697e+00
4.939866065979003906e+00
4.791579246520996094e+00
5.406306266784667969e+00
4.993924140930175781e+00
5.432235240936278409e+00
5.786471843719482422e+00
6.360311031341552734e+00
6.864171981811522549e+00
6.580959320068358487e+00
6.662675380706787109e+00
5.866488933563232422e+00
5.854913711547852451e+00
6.148513317108153409e+00
6.283697605133057529e+00
7.238993644714355469e+00
7.233008861541747159e+00
7.459336757659912109e+00
6.986426353454589844e+00
6.539435386657714844e+00
6.359430313110352451e+00
5.533264636993408203e+00
5.559442043304443359e+00
4.936140060424804688e+00
4.498694419860839844e+00
4.177528858184815341e+00
4.439670085906981534e+00
3.939806461334228960e+00
3.434922456741333008e+00
3.285921096801758257e+00
3.293337106704711914e+00
2.542393445968627930e+00
2.288514137268066406e+00
2.711373329162597656e+00
2.141592741012572798e+00
7.555423378944396973e-01
9.978539347648619495e-01
9.531276822090147816e-01
6.695315837860107422e-01
2.670661807060241699e-01
-1.966223567724227905e-01
-2.747137546539306641e-01
-5.560559034347534180e-01
-9.376257658004759632e-01
-9.455057382583618164e-01
-1.312100052833557129e+00
-1.624246239662170410e+00
-1.112389802932739258e+00
-1.309183835983276367e+00
-1.465287208557129128e+00
-5.785548090934753418e-01
-4.186984598636627197e-01
4.692155420780181885e-01
5.634129047393798828e-01
2.103462666273117065e-01
1.749376207590103149e-01
2.472710050642490387e-02
5.119067430496215820e-01
4.345155656337738037e-01
7.388271093368530273e-01
7.539304494857788086e-01
3.286231160163879395e-01
-4.923122003674507141e-02
6.337217688560485840e-01
6.753389239311218262e-01
3.767851591110229492e-01
8.566229939460754395e-01
1.432943582534790039e+00
1.575471043586730957e+00
2.756718397140502930e+00
3.141147136688232422e+00
3.119940757751464844e+00
3.394039154052734375e+00
3.484928846359252930e+00
4.290620326995850498e+00
2.855285882949828657e+00
2.207628726959228516e+00
2.429482460021972656e+00
1.935988187789916992e+00
3.011322736740112305e+00
3.524422407150268999e+00
4.046416759490966797e+00
4.269065380096436435e+00
3.279577732086181641e+00
2.537714004516601562e+00
2.080593347549438477e+00
1.570894479751586914e+00
1.820800423622131570e+00
1.085978507995605691e+00
1.101348638534545898e+00
1.228679299354553223e+00
8.688312172889709473e-01
-9.258881211280824142e-02
-3.194721937179564875e-01
-5.976319313049316406e-02
2.154161185026168823e-01
-3.375846520066261292e-02
-3.749003410339356024e-01
-3.803069889545441229e-01
-3.380902409553527832e-01
-5.716934800148010254e-02
2.529200315475463867e-01
4.497178792953491211e-01
6.621868014335632324e-01
1.474565625190734863e+00
1.606701374053955078e+00
1.018430948257446289e+00
1.546440720558166504e+00
1.722362995147705078e+00
9.901653528213499866e-01
1.373124241828918457e+00
1.518056869506835938e+00
2.216877192258834839e-01
7.150104641914367676e-01
4.969516098499298096e-01
4.383637309074401855e-01
2.995102405548096258e-01
-4.119732230901718140e-02
-1.278603076934814453e+00
-1.403335690498352051e+00
-1.231486082077026367e+00
-7.936398983001708984e-01
-5.963519811630249023e-01
-4.972043633460999090e-01
-8.590612411499023438e-01
-1.139425396919250488e+00
-1.122972130775451660e+00
-1.382682085037231445e+00
-1.127445816993713379e+00
-9.534512758255003773e-01
-8.623532652854919434e-01
-6.309555172920227051e-01
-8.582818508148193359e-01
-4.334591031074523926e-01
-9.971768409013748169e-02
-6.069163084030151367e-01
-4.040057957172393799e-01
-4.604408740997313898e-01
-9.201533198356628418e-01
-1.091423153877258301e+00
-1.226215600967407227e+00
-1.411043524742126465e+00
-1.346465587615966797e+00
-3.775508403778076172e-01
-3.228769823908806541e-02
3.295113742351531982e-01
1.250639200210571289e+00
1.433833241462707520e+00
1.918980717658996804e+00
1.895015716552734375e+00
1.673822641372680886e+00
1.775926947593688965e+00
2.354321718215942383e+00
3.469738245010376421e+00
3.898010969161987305e+00
4.406905174255371094e+00
4.850785732269287109e+00
3.470834493637084961e+00
2.533348083496093750e+00
2.941984653472900391e+00
3.097111463546752930e+00
3.760581731796264648e+00
4.116539478302001953e+00
4.266411304473876953e+00
4.080735206604003906e+00
3.482969045639038086e+00
3.358356475830078125e+00
3.160871982574462891e+00
2.509374380111694336e+00
2.195180177688598189e+00
1.926384568214416504e+00
1.945683240890503152e+00
2.462128400802612305e+00
2.340784788131713867e+00
1.369991540908813699e+00
-2.549757361412048340e-01
2.037490457296371460e-01
-1.323374807834625244e-01
4.650088399648665688e-02
9.516906738281250000e-02
-1.387151926755905151e-01
-5.322583913803100586e-01
-8.844259977340698242e-01
-1.630137324333190918e+00
-8.287249803543090820e-01
-1.161078691482543945e+00
-2.654879570007324219e+00
-2.799594402313232422e+00
-2.709936380386352539e+00
-3.248669385910033736e+00
-3.436433076858520508e+00
-3.936839103698730469e+00
-4.262081623077393466e+00
-4.018625259399413174e+00
-5.172183513641356534e+00
-6.050598621368407315e+00
-7.064223766326903409e+00
-7.500200748443603516e+00
-6.728128433227539062e+00
-7.235607624053955078e+00
-7.357719421386718750e+00
-6.769903182983397549e+00
-6.313030719757080078e+00
-5.542958736419677734e+00
-5.664363384246826172e+00
-4.012013435363769531e+00
-3.254258632659912109e+00
-2.822533607482910156e+00
-2.224951744079589844e+00
-2.219852447509765625e+00
-9.648899435997008167e-01
-2.408284991979598999e-01
1.236407279968261497e+00
2.017594575881958008e+00
1.600909352302551270e+00
2.089554309844970703e+00
3.251144647598266602e+00
4.636858463287353516e+00
6.833806037902832031e+00
6.703185081481933594e+00
6.115584373474121094e+00
5.777312278747558594e+00
6.459006309509277344e+00
5.965614795684815341e+00
4.113008499145508701e+00
4.589251995086669922e+00
5.283951282501221591e+00
6.044938087463378906e+00
4.556606769561768466e+00
2.751807451248168945e+00
1.325515627861022949e+00
1.764784336090088113e+00
1.075808644294738770e+00
1.657360672950744629e+00
9.759839177131651722e-01
1.252836585044860840e+00
1.150763869285583496e+00
-3.179744184017180841e-01
1.147054195404052734e+00
-1.239093422889709695e+00
-1.100917100906372070e+00
6.550627946853637695e-01
-8.255785703659057617e-01
-3.302793979644775391e+00
-4.728499889373778409e+00
-4.838708400726318359e+00
-6.145023822784423828e+00
-2.862687587738037109e+00
-6.184644699096679688e+00
-6.509231090545653409e+00
-5.332490921020507812e+00
-7.791691303253173828e+00
-6.852866649627685547e+00
-7.561393260955809659e+00
-7.027565002441406250e+00
-7.842687129974365234e+00
-7.191913604736327237e+00
-7.454294681549072266e+00
-6.052154064178467685e+00
-7.042396068572997159e+00
-7.376999855041503906e+00
-7.857567787170410156e+00
-8.838197708129882812e+00
-1.053699302673339844e+01
-8.336233139038085938e+00
-7.163186073303222656e+00
-8.452962875366210938e+00
-8.613094329833982599e+00
-7.026703357696532315e+00
-7.947226524353027344e+00
-8.759689331054687500e+00
-8.158025741577146661e+00
-6.935617446899414062e+00
-9.086189270019533026e+00
-1.030342483520507812e+01
-1.105970764160156250e+01
-1.186650371551513494e+01
-1.180387115478515447e+01
-1.285371875762939453e+01
-1.087768268585205078e+01
-1.055905342102050781e+01
-1.003868770599365234e+01
-9.015088081359863281e+00
-8.570981979370117188e+00
-6.509171962738037109e+00
-6.402723312377929688e+00
-6.357494831085205078e+00
-7.265805721282958984e+00
-6.749748706817627841e+00
-6.142056941986083984e+00
-8.490904808044433594e+00
-9.880453109741212714e+00
-1.172901058197021484e+01
-1.225142669677734553e+01
-1.109731769561767578e+01
-1.125987911224365234e+01
-1.156180000305175781e+01
-1.169914817810058594e+01
-1.199898052215576172e+01
-1.102630615234375000e+01
-9.557635307312011719e+00
-9.826794624328613281e+00
-1.203133201599121271e+01
-1.287357711791992188e+01
-1.312649822235107422e+01
-1.239632034301757812e+01
-1.261963176727294922e+01
-1.233277225494384766e+01
-1.082443046569824219e+01
-8.931206703186035156e+00
-6.765148639678955078e+00
-5.996450424194335938e+00
-6.464896678924560547e+00
-5.354901313781738281e+00
-6.574281215667724609e+00
-8.472980499267576349e+00
-7.763759136199951172e+00
-8.171947479248048651e+00
-7.843357563018798828e+00
-8.676311492919923651e+00
-8.600789070129394531e+00
-7.592727184295653409e+00
-5.963250160217285156e+00
-3.225127220153808594e+00
-1.682126998901367188e+00
-1.280101537704467773e+00
-7.207863926887512207e-01
-4.344473779201508262e-02
-1.307560950517654419e-01
-9.890339337289331609e-03
1.080105423927307129e+00
9.805376529693603516e-01
5.812717080116271973e-01
1.473730921745300293e+00
2.719462394714355469e+00
3.891581535339355913e+00
2.559774637222290039e+00
5.597636103630065918e-01
2.148614406585693359e+00
3.112355709075928178e+00
1.889799237251281516e+00
9.844700694084167480e-01
3.091603279113769087e+00
3.060368061065673828e+00
2.406461477279663086e+00
2.831022739410400391e+00
2.314123630523681641e+00
4.085399150848388672e+00
4.240633487701416016e+00
3.243865489959716797e+00
3.471092939376831055e+00
2.856179952621459961e+00
2.646655082702636719e+00
3.910078287124633789e+00
4.796934127807617188e+00
4.368801593780518466e+00
3.400732040405272993e+00
2.975896835327148438e+00
3.883282661437987837e+00
4.065200328826903409e+00
2.842001438140868697e+00
2.417323112487792969e+00
4.890891075134277344e+00
5.165006637573242188e+00
4.486497879028320312e+00
6.503453254699707031e+00
6.913360118865967685e+00
5.532148361206054688e+00
6.598091602325440341e+00
7.169015884399414062e+00
7.290951728820800781e+00
6.312460899353027344e+00
5.290677547454833984e+00
5.682755470275878906e+00
4.965960025787353516e+00
5.295186519622802734e+00
7.331015586853027344e+00
7.490935325622558594e+00
6.254389286041259766e+00
6.171253681182861328e+00
7.570622444152832031e+00
6.697989463806152344e+00
6.482272624969482422e+00
5.302961349487304688e+00
5.225742816925048828e+00
5.646751403808593750e+00
5.581722259521483487e+00
4.650583267211914062e+00
5.611236572265625000e+00
7.673370838165282315e+00
7.245745182037353516e+00
8.298398971557617188e+00
7.184006214141846591e+00
7.311018943786621094e+00
7.516360759735107422e+00
8.202881813049316406e+00
8.574124336242675781e+00
9.017040252685546875e+00
9.602775573730466974e+00
1.052191829681396307e+01
9.222051620483398438e+00
9.175381660461425781e+00
8.190326690673826349e+00
9.307905197143556464e+00
8.622050285339355469e+00
8.956336975097656250e+00
8.069589614868164062e+00
8.911006927490234375e+00
1.082980442047119318e+01
1.241443824768066406e+01
1.107093620300292969e+01
1.054203701019287287e+01
9.748400688171386719e+00
1.084769344329833984e+01
9.764305114746093750e+00
9.895961761474609375e+00
9.040945053100585938e+00
9.091982841491699219e+00
9.598224639892578125e+00
9.855233192443847656e+00
1.079767036437988281e+01
8.603386878967285156e+00
9.636300086975097656e+00
9.409402847290039062e+00
8.227444648742675781e+00
7.654881954193115234e+00
7.515909194946289062e+00
6.760781288146972656e+00
5.665601253509521484e+00
7.499023437500000000e+00
7.281019687652587891e+00
7.996342658996582031e+00
7.417032718658447266e+00
4.308854103088378906e+00
4.746132850646972656e+00
4.278250694274901456e+00
1.596326947212219238e+00
2.820979833602905273e+00
4.315679550170897549e+00
4.463097095489501953e+00
3.883248567581176758e+00
2.393664836883544922e+00
6.064564585685729980e-01
1.011813879013061523e+00
4.035163819789887030e-01
-1.629556417465209961e+00
-3.409176826477051225e+00
-4.686861991882324219e+00
-6.326555728912353516e+00
-6.003417968750000000e+00
-5.162928581237792969e+00
-7.872764110565185547e+00
-9.250846862792966974e+00
-8.390151023864746094e+00
-9.079451560974119317e+00
-9.914180755615234375e+00
-1.148502922058105469e+01
-1.142734622955322443e+01
-1.101516437530517578e+01
-1.175448226928710938e+01
-1.166353893280029297e+01
-1.187891387939453303e+01
-1.090441226959228338e+01
-1.141575145721435547e+01
-1.100598621368408203e+01
-1.107473278045654297e+01
-9.883266448974609375e+00
-9.264052391052246094e+00
-9.141741752624511719e+00
-8.596534729003906250e+00
-7.256189346313477451e+00
-7.952028751373291016e+00
-7.025204658508300781e+00
-6.848820209503173828e+00
-6.243691444396972656e+00
-5.888682842254638672e+00
-5.557483673095703125e+00
-5.095811367034912109e+00
-5.653379440307617188e+00
-5.423879146575927734e+00
-5.402257919311523438e+00
-4.736255645751953125e+00
-3.759155750274658203e+00
-3.583577632904052734e+00
-3.031921625137328657e+00
-2.777294874191284180e+00
-3.110476732254028320e+00
-3.225952386856078657e+00
-3.300848722457885742e+00
-2.692305564880371094e+00
-3.407436132431030273e+00
-3.233914852142333984e+00
-1.921355485916137695e+00
-1.579544305801391602e+00
-7.553050518035888672e-01
-7.382178306579590954e-01
-7.110794782638549805e-01
-1.666546225547790305e+00
-1.596129536628723145e+00
-7.107703089714050293e-01
-4.204365015029907227e-01
-5.438274741172789417e-01
-1.575729101896286011e-01
-4.991542100906372070e-01
5.808326974511146545e-02
9.511202573776244007e-01
4.757734835147858221e-01
2.723247706890106201e-01
-8.999130129814147949e-01
-1.113705396652221680e+00
-1.717489004135131836e+00
-7.011764049530029297e-01
-7.635118961334228516e-01
-1.156415700912475586e+00
-1.382338881492614746e+00
-1.819063425064086914e+00
-1.705684781074524148e+00
-1.440730690956115501e+00
-1.727492928504943848e+00
-1.231929302215576172e+00
-1.522145748138427512e+00
-1.642091274261474609e+00
-1.735064625740051270e+00
-1.959048628807068093e+00
-1.277204513549804910e+00
-1.212049961090087891e+00
-1.239341259002685547e+00
-1.399553537368774414e+00
-1.530508041381835938e+00
-1.698709487915039062e+00
-2.129934787750244141e+00
-1.684340357780456321e+00
-1.782164454460144043e+00
-6.087899208068847656e-01
-8.996658325195312500e-01
-6.222938299179077148e-01
-8.180285096168518066e-01
-3.357559442520141602e-01
-3.808060288429260254e-01
-6.873443722724914551e-01
-6.355445981025695801e-01
-4.230774044990540106e-01
-1.114515811204910417e-01
6.628869175910949707e-01
8.877038955688476562e-01
8.453280925750732422e-01
5.651933550834655762e-01
6.812342405319213867e-01
7.166677713394165039e-02
1.550936996936798096e-01
-4.851561188697814941e-01
-6.469628810882568359e-01
-2.767328321933746338e-01
-4.184955060482025146e-01
-2.162278294563293179e-01
-4.006262421607971191e-01
2.435368150472640991e-01
1.729719042778015137e-01
-2.601463198661804199e-01
-7.506611198186874390e-02
5.965219810605048439e-02
-4.356911480426787775e-01
-1.030049443244934082e+00
-1.439752101898193359e+00
-1.377993345260619895e+00
-1.237208127975464089e+00
-1.241267561912536621e+00
-9.062020182609558105e-01
-1.128972768783569114e+00
-1.438824415206909180e+00
-1.719381332397460938e+00
-1.684942960739135520e+00
-1.443506598472595215e+00
-1.212411880493164062e+00
-1.469519257545471191e+00
-7.315150499343872070e-01
-1.005811691284179688e+00
-1.181183218955993652e+00
-1.850031316280364990e-01
-3.407031297683715820e-01
2.145870476961135864e-01
1.250415295362472534e-01
6.586156785488128662e-03
3.465264439582825262e-01
1.003264188766479631e-01
1.905902028083801270e-01
-2.042576521635055542e-01
-4.665539860725402832e-01
-6.454368680715560913e-02
-6.386373192071914673e-02
-8.286353200674057007e-02
7.747946977615356445e-01
8.058316707611083984e-01
1.029025197029113770e+00
9.560250639915466309e-01
6.718770265579223633e-01
9.846130609512327991e-01
7.529584765434265137e-01
9.493225812911988415e-01
9.407277703285216175e-01
9.758141636848449707e-01
1.317681908607482910e+00
1.093070268630981445e+00
1.183305501937866211e+00
1.130800366401672363e+00
1.776936531066894309e+00
9.841583371162415661e-01
1.537682890892028809e+00
5.391756892204284668e-01
1.464814543724060059e+00
1.711962938308715820e+00
2.345110416412353072e+00
1.909027576446532759e+00
2.149173021316528320e+00
2.677453756332397017e+00
2.442722320556640625e+00
2.041419267654418945e+00
2.359192848205566406e+00
2.608181238174438477e+00
2.792181968688964844e+00
2.315571069717407227e+00
2.862984418869018555e+00
2.697916030883789062e+00
2.760984659194946289e+00
3.033478975296020508e+00
2.465231657028198242e+00
3.103423833847046343e+00
1.401150584220886230e+00
1.250073552131652832e+00
2.079366683959960938e+00
2.308294534683227539e+00
2.686866044998168945e+00
2.564171314239501953e+00
3.302830457687377930e+00
3.109399795532226562e+00
3.149570941925048828e+00
3.018237590789794922e+00
3.361604452133178711e+00
3.420902013778686523e+00
4.218307971954346591e+00
3.692452669143676758e+00
2.901784658432006836e+00
2.715505838394165039e+00
3.272499561309814453e+00
2.782800674438477007e+00
2.635574102401733398e+00
3.276540279388428178e+00
3.298971891403198242e+00
2.521440029144287109e+00
2.309844017028808594e+00
2.014597654342651811e+00
2.655858993530272993e+00
3.082585811614990234e+00
3.085989952087402344e+00
2.070353031158447710e+00
3.036076307296752930e+00
2.778271436691284180e+00
3.412979841232299805e+00
2.737881898880004883e+00
3.221702575683593750e+00
4.062924861907958984e+00
4.393525600433350498e+00
4.377225399017333984e+00
3.872691154479980913e+00
4.115127563476562500e+00
3.120817661285400391e+00
3.212294578552246094e+00
3.410802602767944336e+00
2.488487243652344194e+00
2.483536005020141602e+00
2.754619836807250977e+00
2.306328773498535156e+00
1.935667872428894043e+00
2.710230112075805664e+00
1.992602229118347168e+00
1.921075105667114480e+00
1.737299084663391113e+00
1.217633605003356934e+00
9.342533946037292480e-01
1.041034102439880371e+00
1.022324085235595703e+00
1.244916439056396484e+00
1.033703684806823508e+00
6.502630114555358887e-01
1.165851831436157227e+00
1.200016975402832031e+00
1.618843913078308105e+00
1.561154007911681907e+00
1.816799402236938477e+00
1.370376825332641602e+00
1.190354108810424805e+00
1.385181665420532227e+00
1.001631259918213113e+00
8.438073396682739258e-01
1.612779736518860085e+00
1.827179312705993652e+00
1.629599809646606445e+00
1.673182010650634766e+00
1.472067594528198242e+00
1.401075482368469238e+00
9.773885607719420276e-01
8.910423517227172852e-01
1.221550703048706055e+00
6.038782596588134766e-01
4.094750881195068914e-01
3.188554346561431885e-01
1.200895786285400391e+00
1.455143451690673828e+00
5.526577234268188477e-01
1.192801713943481445e+00
8.724637627601623535e-01
1.032548666000366211e+00
1.002304673194885254e+00
9.168583154678343616e-01
1.867105603218078391e+00
1.168728232383728027e+00
1.699137449264526367e+00
2.979812324047089178e-01
8.554702997207641602e-01
5.886666774749755859e-01
-4.507273808121681213e-02
1.413720399141311368e-01
-3.219182193279266357e-01
2.033374756574630737e-01
7.165042757987976074e-01
2.696214318275452215e-01
-5.335157513618469238e-01
3.975680470466613770e-01
3.389883935451508123e-01
-1.023107171058654785e-01
-4.054050147533416748e-01
-7.523269057273864746e-01
-2.798814475536346436e-01
-1.059855937957763672e+00
-5.044969320297241211e-01
-1.465950131416320801e+00
-3.639627397060393732e-01
-8.520342707633972168e-01
-4.085409343242645264e-01
-1.175988316535949707e+00
-1.062875270843506081e+00
-4.088119566440582275e-01
-1.182452082633972168e+00
-1.605612754821777122e+00
-1.745342850685119629e+00
-1.284573793411254883e+00
-9.808493852615356445e-01
-8.062809705734252930e-01
-6.240569353103637695e-01
7.203951478004455566e-02
-5.763782653957604495e-03
2.087023258209228516e-01
5.700499415397644043e-01
5.231050848960876465e-01
3.212782144546508789e-01
6.181759238243103027e-01
1.025350809097290039e+00
4.410825967788695734e-01
6.994936466217041016e-01
-1.213178038597107107e-02
2.449215799570083896e-01
2.453777194023132602e-01
2.350688725709914884e-01
-1.807846277952194491e-01
2.465764582157135010e-01
-1.249339431524276733e-01
-2.199765481054783214e-02
4.963201284408568642e-02
1.001969277858733992e-01
4.356819391250609658e-02
5.002168938517570496e-02
1.679188609123229980e-01
1.338419795036315918e+00
1.302160143852234109e+00
9.715129733085632324e-01
6.082066893577576377e-02
1.310954928398132324e+00
1.867022752761840820e+00
1.007831215858459695e+00
9.991793632507324219e-01
8.079382777214050293e-01
1.022478222846984863e+00
7.988768815994262695e-01
-1.170683354139328003e-01
-2.869904339313507080e-01
4.737066924571990967e-01
3.564146161079406738e-01
1.847068369388580600e-01
-1.603589765727519989e-02
-3.097281455993652344e-01
-1.091410741209983687e-01
8.299534767866134644e-02
-5.937986969947814941e-01
-5.006844997406005859e-01
-1.052451804280281067e-01
1.020312547683715820e+00
-3.999549448490142822e-01
-1.119996666908264160e+00
-1.074075341224670410e+00
-8.519042730331420898e-01
-3.119084835052489679e-01
-7.291431427001953125e-01
-3.801876008510589600e-01
-4.166430234909057617e-01
4.081685841083527166e-01
-6.135697960853576660e-01
1.567270308732986450e-01
4.041732549667358398e-01
4.528991580009461004e-01
-2.555954754352569580e-01
-3.112042546272277832e-01
1.691190898418426514e-01
3.762900531291961670e-01
-2.816567942500114441e-02
-2.503913044929504395e-01
-6.228674054145812988e-01
-3.789585530757904053e-01
1.712488085031509399e-01
-6.495966315269470215e-01
-8.098940253257751465e-01
-8.791679739952087402e-01
-6.646662950515747070e-01
-6.658911108970642090e-01
-7.918562293052673340e-01
-7.417858839035034180e-01
-1.507229655981063843e-01
-6.118146777153015137e-01
-9.467799663543700062e-01
-9.285786747932434082e-01
-3.935513496398925781e-01
-1.139526486396789551e+00
2.993216216564178467e-01
-8.678585290908813477e-01
-8.611955046653747559e-01
-4.148545861244201660e-01
-1.327394694089889526e-01
2.896989583969116211e-01
-4.734958112239838202e-01
-4.294162392616271973e-01
-6.903931498527526855e-01
-2.660017609596252441e-01
-9.712876677513123669e-01
-1.608709692955016868e+00
-1.263961195945739524e+00
-6.806492209434509277e-01
-1.384193539619445801e+00
-1.635537981986999512e+00
-1.852743268013000488e+00
-8.797028660774230957e-01
-1.832636117935180886e+00
-1.963358879089355691e+00
-9.300188422203063965e-01
-7.368993759155273438e-01
-2.256789684295654297e+00
-1.708359599113464355e+00
-2.590687751770019531e+00
-2.042810440063477007e+00
-2.458678245544433594e+00
-2.359467029571533203e+00
-2.459061384201049805e+00
-3.230833530426025391e+00
-3.217205524444580078e+00
-2.641617298126220703e+00
-2.249627590179443803e+00
-2.022195577621459961e+00
-2.146174192428589311e+00
-1.836070060729980469e+00
-1.390765786170959695e+00
-1.971963047981262429e+00
-1.459305047988891602e+00
-1.819057226181030495e+00
-1.989978432655334473e+00
-2.155496120452880859e+00
-1.094963908195495605e+00
-1.012197732925415039e+00
-7.797889113426208496e-01
-7.832658886909484863e-01
-1.262768387794494629e+00
-1.032043576240539551e+00
-1.823058247566223145e+00
-9.617862701416015625e-01
-1.245154619216918945e+00
-1.627330183982849121e+00
-1.436184048652649148e+00
-1.889398574829101562e+00
-8.413117527961730957e-01
-1.171257376670837402e+00
-1.417709827423095703e+00
-1.143536567687988503e+00
-7.842341810464859009e-02
-2.733600139617919922e-01
-4.293030202388762873e-01
-1.025902748107910156e+00
-4.873281717300415039e-01
-3.520919382572174072e-01
-5.780140161514282227e-01
2.324303388595581055e-01
-1.298805177211761475e-01
3.286156356334686279e-01
3.013878166675568182e-01
-5.221531391143798828e-01
5.273585915565490723e-01
-1.130898147821426530e-01
-2.339785695075989047e-01
-5.214931443333626487e-02
3.985338807106018066e-01
-9.845221415162086487e-03
-2.256044372916221619e-02
-9.301216900348663330e-02
-4.428688287734985352e-01
-8.370745778083801270e-01
-8.068677186965942383e-01
-1.409729361534118874e+00
-1.417872667312621848e+00
-9.578341841697691761e-01
-1.612042903900146484e+00
-1.193267703056335449e+00
-1.578729271888733132e+00
-1.077804923057556152e+00
-2.262863874435424805e+00
-8.791062235832214355e-02
-1.231407403945922852e+00
-8.709903359413146973e-01
-1.206254005432129128e+00
-8.094143271446228027e-01
-4.305537045001984198e-01
2.297045588493346890e-01
-4.714674875140190125e-02
-1.530416846275329590e+00
-5.984110236167907715e-01
-1.640197038650512695e-01
-3.253163993358612061e-01
-1.048421025276184082e+00
-1.103377223014831543e+00
-8.468171954154968262e-01
-2.439417541027069092e-01
-1.447794079780578613e+00
-1.845256447792052779e+00
-9.999262094497679554e-01
-1.572961568832397683e+00
-1.261391162872314453e+00
-1.821187615394592507e+00
-2.026245832443237305e+00
-1.502432584762573242e+00
-2.240876674652100053e+00
-1.509755969047546387e+00
-1.961026668548583984e+00
-1.659909486770630105e+00
-1.540421605110168457e+00
-9.309855103492735706e-01
-5.196255445480346680e-01
-1.579448103904723899e+00
-2.168693780899048296e+00
-1.584863543510436790e+00
-1.363598465919494629e+00
-7.740519642829895020e-01
-5.644680261611938477e-01
-7.004744410514831543e-01
-1.146048784255981445e+00
-1.330913186073303223e+00
-1.635066151618957520e+00
-1.721381068229675293e+00
-2.189827442169189009e+00
-1.209802985191345215e+00
-6.520746946334838867e-01
-2.161722928285598755e-01
-2.325335294008255005e-01
-1.011071324348449707e+00
-8.396217226982116699e-01
-7.392893433570861816e-01
-2.353450953960418979e-01
4.520950093865394592e-02
-8.901450037956237793e-01
-5.789526700973510742e-01
-1.341074228286743164e+00
-9.695757031440735974e-01
-6.356977820396423340e-01
4.147274792194367010e-01
-1.098989695310592825e-02
-2.744079828262329102e-01
-6.235682964324951172e-01
-1.185672640800475852e+00
-1.267576098442077637e+00
-5.789325833320617676e-01
-7.755954861640930176e-01
-4.491938352584838867e-01
-3.775181472301483154e-01
-5.465177297592163086e-01
-3.553491830825805664e-01
-1.934768110513687134e-01
2.989276647567749023e-01
1.473210304975509366e-01
-3.113544285297393799e-01
-1.911622881889343539e-01
5.152505636215209961e-01
-3.880913257598876953e-01
-1.063142061233520508e+00
-2.207183092832565308e-01
1.902193129062652865e-01
6.424390673637390137e-01
8.487181663513183594e-01
4.438669085502625067e-01
5.887423753738403320e-01
1.103830218315124290e+00
6.495614051818847656e-01
-2.476229146122932434e-02
-1.695666015148162842e-01
-4.412490129470825195e-01
4.651038646697998047e-01
2.262867540121078491e-01
4.809979498386383057e-01
-2.910075187683104914e-01
-5.611876845359802246e-01
-7.890241146087646484e-01
-1.160146086476743221e-03
8.158380985260009766e-01
-4.667258858680725098e-01
1.413905769586563110e-01
-4.059036672115325928e-01
2.353360652923583984e-01
-1.020888462662696700e-01
4.665014743804932196e-01
7.349744439125061035e-01
1.040865182876587136e+00
8.182951211929321289e-01
6.128833889961242676e-01
9.748978614807127796e-01
9.619700908660887562e-01
1.497887492179870605e+00
1.366479396820068359e+00
-1.236253231763839548e-02
7.955098152160644531e-02
1.073355674743652344e+00
7.575340270996093750e-01
7.614436745643615723e-01
7.055618166923522949e-01
8.789354562759399414e-01
8.055892586708068848e-01
2.235147356986999512e-01
-3.586899638175964355e-01
-2.357280254364013394e-01
3.495064675807952881e-01
8.245188593864440918e-01
9.982774406671524048e-02
-6.059125065803527832e-01
-1.393478274345397949e+00
-8.988345861434936523e-01
-2.324960678815841397e-01
-5.625293254852294922e-01
-4.811616539955139160e-01
-5.016443133354187012e-01
-6.040554046630859375e-01
-5.962198376655578613e-01
-7.476154565811157227e-01
-6.978423595428466797e-01
-4.382996261119842529e-01
-7.397774457931518555e-01
-1.206742525100708008e+00
-1.003182768821716309e+00
-6.334002017974853516e-01
8.994290232658386230e-02
-4.501538276672362726e-01
6.713825464248657227e-01
3.825104236602783203e-01
-1.352324485778808594e-01
-4.235474765300750732e-01
-1.266055852174758911e-01
1.077767759561538696e-01
1.899772733449935913e-01
2.574852406978607178e-01
-3.192984163761138916e-01
6.365340948104857011e-02
-1.987694352865219116e-01
4.012323319911956787e-01
-1.875791549682616632e-01
3.807478547096252997e-01
2.006834596395492831e-01
6.106217391788960371e-03
9.232686161994934082e-01
2.116959542036056519e-01
-5.254134535789489746e-01
-2.206566371023654938e-02
8.216918706893920898e-01
7.844381779432298141e-02
5.623428523540496826e-02
7.120466828346252441e-01
1.886590600013733132e+00
9.719468951225279651e-01
2.310790777206420898e+00
1.219571471214294434e+00
1.421436309814453125e+00
1.732966899871826172e+00
2.234979867935180664e+00
2.230795621871947798e+00
1.972691178321838379e+00
2.879593849182128906e+00
1.819973230361938477e+00
1.766115188598632812e+00
3.152155399322509766e+00
2.812024593353271484e+00
2.818181276321411133e+00
2.837181091308593750e+00
1.708080649375915527e+00
2.818301916122436523e+00
2.496374368667602539e+00
1.877610564231872781e+00
2.358510017395019531e+00
2.360547304153442383e+00
2.081927299499512163e+00
2.415167093276977095e+00
2.187913179397583008e+00
1.901371717453003152e+00
1.834244251251220703e+00
2.263533592224121094e+00
1.425278186798095703e+00
1.599261164665222168e+00
1.568393230438232422e+00
1.640152692794799805e+00
9.746627807617187500e-01
1.520910143852234109e+00
2.440311431884765625e+00
2.115260839462280273e+00
1.731773138046264648e+00
2.365130186080932617e+00
1.853246569633484109e+00
2.128831624984740767e+00
1.809434533119201660e+00
2.202601909637451172e+00
2.608711719512939453e+00
1.549269318580627441e+00
1.516258478164672852e+00
1.314884424209594727e+00
1.195290803909301758e+00
4.853475391864777166e-01
1.367102712392807007e-01
6.678658127784729004e-01
3.506228029727935791e-01
5.151011943817138672e-01
7.575441896915435791e-02
5.801221132278442383e-01
2.742390632629394531e-01
3.318563699722290039e-01
-7.382001727819442749e-02
6.699645519256593185e-02
2.209047228097915927e-01
1.427548378705978394e-01
4.018891751766204834e-01
2.234638631343841553e-01
-2.088337987661361417e-01
3.664140403270722129e-02
-1.018245220184326311e-01
1.082075685262680054e-01
-3.079385757446289062e-01
-6.419003754854202271e-02
-4.652443230152129572e-01
-6.298246979713439941e-02
2.461357042193412781e-02
2.124822735786437988e-01
5.735870599746704102e-01
-4.443366080522536538e-02
-3.987424820661544800e-02
-1.921705454587936401e-01
-8.143099546432495117e-01
-7.349221706390380859e-01
-1.022274136543274148e+00
